 1000 0.00509141 -0.000205152 7.67804e-09 -0.000419409 5.74168e-05 -3.68092e-09 -6.52613e-06 3.27444e-05 -9.10214e-05 -5.17666e-05 0.000236836 1.62448e-09 -1.13009e-05 1.01607e-07 1.73224e-09 -1.7624e-05 1.93363e-07 2.30907e-10 -3.54189e-05 2.18808e-06 7.70412e-10 -1.76208e-05 4.9356e-07 -0.000277143 -0.000621529 8.89874e-05 -5.46029e-05 -0.000510238 0.000219993 -0.000115232 -0.000130928 0.000177051 -0.000194761 -0.000298122 0.000198541 -4.14053e-05 4.49232e-06 6.72021e-07 -0.000418572 9.11381e-05 3.32294e-06 -0.000146606 1.25706e-05 2.0896e-06 -9.40561e-06 -1.87165e-05 5.79031e-06 2.42522e-05 -0.000198784 -0.000249234 0.000189708 -1.74673e-06 3.91153e-05 -3.73409e-05 5.09462e-05 -0.000132281 -9.25957e-05 -0.000114594 0.000114132 -3.91727e-07 7.8615e-09 5.33259e-05 -1.70275e-06 -1.75387e-06 5.5896e-05 9.82015e-07 -3.15471e-07 -6.77712e-08 1.92345e-09 -3.42305e-05 1.2398e-06 -8.30414e-06 -7.9835e-06 2.53139e-05 -3.94097e-05 -9.28107e-06 0.000107545 3.00422e-06 3.74862e-06 -1.35087e-05 -6.77409e-05 0.000256566 -5.6219e-06 -8.11294e-06 5.48504e-07 -5.28299e-06 -1.35957e-06 -4.18054e-07 1.78798e-06 -5.10357e-05 7.45414e-05 -4.04553e-05 -0.000200995 -0.000118248 1.71947e-05 -0.000167554 0.000473458 -0.000130267 -0.00036677 -0.000188636 0.000105971 -1.99618e-05 1.80229e-05 -1.42024e-05 -7.24646e-06 1.001e-05 6.53815e-06 -9.27018e-05 0.000168868 -0.00015439 1.68666e-06 2.22412e-06 -4.15818e-06 -1.80404e-05 -1.27695e-05 -5.79954e-06 -1.7929e-05 6.19057e-05 -5.62055e-05 -2.0385e-05 -3.12869e-05 -2.02116e-05 -1.35667e-05 3.28543e-06 -1.98697e-05 -2.34112e-05 0.000158708 -7.05713e-05 4.20885e-05 -4.08646e-06 1.6391e-05 3.27628e-05 9.61755e-06 4.26812e-05 2.0556e-05 7.53293e-05 4.23642e-05 2.76059e-05 1.40828e-05 2.17889e-06 2.71739e-05 1.00054e-05 1.88723e-06 3.4474e-05 9.79285e-06 4.96999e-05 7.05074e-05 3.38154e-05 3.99685e-05 3.94017e-05 1.26143e-05 3.82753e-05 9.60916e-06 2.06753e-05 2.22043e-05 2.23584e-05 -2.21125e-05 4.08212e-06 8.17986e-06 1.68136e-05 -2.39946e-05 -0.000358005 0.000174877 -3.04483e-05
 0.00509141 598.281 -22.5824 -0.000591197 31.4449 -4.30561 0.000385018 0.872859 -4.42578 6.39797 4.18589 -19.1618 -0.000143352 0.974713 -0.00636578 -0.000157602 1.58058 -0.013621 -5.7105e-05 2.00481 -0.12563 -9.43243e-05 1.68765 -0.0442064 26.2138 43.5399 -6.3253 3.55887 34.1088 -14.7079 11.9098 10.0465 -13.7015 20.4681 21.8495 -14.8001 2.29751 -0.244429 -0.0518027 30.5369 -6.68739 -0.242388 13.2745 -2.41614 -0.0872603 0.922674 1.43491 -0.446478 0.529366 13.9702 13.7986 -11.3404 -1.48638 -0.477879 5.81768 -8.28403 9.43663 8.71009 8.89701 -9.41536 -0.0865886 0.0119025 -4.22365 1.16431 0.108714 -4.52618 -0.183406 0.060878 0.00729109 -0.000175041 2.80652 -0.0992615 0.774932 0.675216 -2.1463 2.78927 0.66957 -7.71764 -0.0357534 -0.00505507 0.0291135 6.22226 -28.9563 0.701844 1.35889 -0.105054 0.188813 0.0927687 0.0146408 -0.108061 4.78596 -4.01052 3.0867 13.0954 6.81416 -3.50579 -3.71922 2.288 -5.54408 21.6418 12.1378 -3.62384 -1.64135 -1.54695 2.15382 7.65124 4.18363 -1.53746 -9.1235 5.38164 0.528573 0.468358 -1.65168 -0.417774 1.9058 2.56145 1.19866 1.70166 -1.45369 1.68443 2.05852 2.05501 1.41396 0.953088 1.19087 1.16864 0.829219 -2.39585 -2.50246 2.07764 -0.116869 -0.679796 -2.02456 -2.76425 -1.71768 -3.53495 -4.1317 -3.09544 -0.741753 -1.44843 -2.15707 -1.62749 -1.20096 -1.25482 -2.91416 -2.89855 -1.59413 -3.48245 -3.9771 -1.66186 -2.37126 -4.11055 -3.97893 -2.90711 -2.24477 -1.91289 -1.76417 2.0539 -0.363135 -0.379725 -0.86368 1.34341 21.9369 -12.9122 1.4969
 -0.000205152 -22.5824 1.7179 2.30916e-05 -1.22574 0.167834 -1.57756e-05 -0.0357482 0.181368 -0.250605 -0.162935 0.745884 6.43853e-06 -0.0446855 0.000248524 6.61064e-06 -0.0685668 0.000558861 2.1959e-06 -0.0836356 0.00522222 3.64989e-06 -0.0699687 0.00181953 -1.02243 -1.69681 0.246512 -0.141261 -1.32922 0.573172 -0.464984 -0.392162 0.534835 -0.798703 -0.852032 0.577153 -0.102469 0.00177402 0.00224148 -1.19366 0.252763 0.00949067 -0.526077 0.0766928 0.00476247 -0.041589 -0.063219 0.019529 -0.0265107 -0.543578 -0.537339 0.441617 0.056291 0.0176004 -0.227713 0.324317 -0.368698 -0.339581 -0.346815 0.367071 0.00339079 -0.000464794 0.164903 -0.0454887 -0.0042512 0.176969 0.00688868 -0.00228644 -0.000192282 7.33907e-06 -0.118997 0.00413648 -0.0324015 -0.0277712 0.0883135 -0.108488 -0.0261394 0.301275 0.000358705 -0.000481541 0.00130265 -0.233448 1.13537 -0.0275304 -0.052997 0.00409726 -0.00743534 -0.00360168 -0.000566206 0.00419316 -0.186595 0.159288 -0.120926 -0.511487 -0.265717 0.142736 0.145148 -0.0925232 0.216451 -0.839274 -0.472415 0.140818 0.0643415 0.0598376 -0.0844621 -0.298589 -0.163504 0.0596193 0.35583 -0.210588 -0.019734 -0.0183009 0.0642761 0.016126 -0.0746078 -0.100196 -0.0465685 -0.065863 0.0562552 -0.0656209 -0.0805776 -0.0802454 -0.0552539 -0.0371989 -0.0465177 -0.0456054 -0.0321851 0.092468 0.0978184 -0.081233 0.00457878 0.0264309 0.0787446 0.107551 0.0665772 0.137471 0.160495 0.12019 0.0285676 0.056307 0.0840723 0.0632648 0.0466879 0.0488623 0.113348 0.112932 0.0619866 0.135328 0.154862 0.0645973 0.0921477 0.160084 0.155006 0.113232 0.0873515 0.074399 0.0686111 -0.0800434 0.0141467 0.0147207 0.0334085 -0.0524464 -0.85264 0.501948 -0.0581665
 7.67804e-09 -0.000591197 2.30916e-05 1000 0.00495549 -0.000688694 -4.02486e-09 -8.08664e-06 4.10623e-05 -0.00010314 -6.52446e-05 0.00029845 -1.1989e-09 1.06215e-05 1.54419e-07 8.0324e-10 -2.88967e-06 2.15054e-07 5.8029e-10 -4.27509e-06 3.83408e-07 4.90993e-10 3.31664e-06 3.2082e-09 -0.000360728 -0.000786965 0.000113114 -7.14921e-05 -0.00068475 0.000295423 -0.000146626 -0.000186754 0.000251801 -0.00023623 -0.000513499 0.000338438 6.16981e-05 3.23949e-05 -1.41743e-07 -0.000467485 0.000144101 4.08419e-06 -0.000137525 0.000122091 -4.80099e-06 2.07904e-05 1.06809e-05 -2.71021e-06 5.39792e-05 -0.000156156 -5.92035e-05 7.37145e-05 -2.28031e-05 6.89859e-05 -3.18329e-05 4.09554e-05 -0.000169279 -0.000145766 -0.000119281 0.000139143 1.31802e-05 -1.2273e-06 8.53055e-05 1.92097e-05 -7.29349e-06 0.00020764 1.15022e-05 -3.91107e-06 -1.62498e-06 3.87601e-11 3.30282e-06 3.33747e-07 -3.86726e-06 -4.95319e-06 1.55159e-05 -4.10419e-05 -1.15479e-05 0.000131872 3.00934e-06 4.69552e-07 -2.11691e-06 -9.18221e-05 0.000294823 -7.05435e-06 -9.17475e-06 6.48427e-07 -1.19029e-05 -2.14385e-06 -5.09204e-07 2.66884e-06 -9.87521e-05 4.87467e-05 -1.76583e-05 -0.000176475 -0.000189368 -0.000175352 0.000144531 3.826e-05 -7.91733e-05 -0.000117364 -1.65933e-05 2.56932e-05 -6.72245e-06 3.92316e-05 -4.49692e-05 7.6323e-05 -4.05401e-05 3.07646e-05 1.12552e-05 -6.62052e-05 5.33927e-06 2.38251e-05 6.31833e-05 -3.85281e-06 3.58411e-06 -6.48507e-05 -5.8047e-06 -3.33742e-05 -1.27061e-05 4.522e-05 -1.66039e-05 5.02763e-05 -2.70575e-05 -0.000110875 -0.000190626 -0.00026583 -7.89629e-05 0.000273728 4.66478e-05 8.29932e-05 -1.73152e-05 1.53064e-05 8.86031e-05 5.36156e-06 5.01256e-05 -1.36406e-05 0.000107291 3.21773e-05 5.53297e-05 -6.18539e-05 -5.8161e-05 -2.61666e-05 -3.37516e-05 9.8416e-05 0.000107064 2.70125e-05 1.01884e-05 7.5397e-05 7.32219e-05 9.86857e-05 6.39688e-05 -5.9957e-05 8.58412e-05 2.09072e-05 2.9851e-05 2.83915e-05 2.77351e-05 -3.22324e-05 7.05586e-06 1.49936e-05 4.963e-06 -6.2103e-05 -0.00050253 0.000132583 -6.17042e-05
 -0.000419409 31.4449 -1.22574 0.00495549 722.114 -98.0035 0.000193005 0.420855 -2.10745 5.53979 3.89021 -17.7998 5.24093e-05 -0.487304 -0.0051651 -5.50392e-05 0.253299 -0.00779373 -4.12441e-05 0.472946 -0.0326912 -3.6057e-05 0.0093693 -0.00347115 21.4135 34.439 -5.01273 2.82115 27.956 -12.0561 12.2242 8.57177 -11.7591 18.8312 18.6678 -12.6969 -3.10323 -1.5346 0.010041 21.6541 -6.70307 -0.169428 9.99769 -7.11086 0.3008 -0.722271 -0.52811 0.137464 -2.26509 8.85537 2.80164 -3.8944 -0.284667 -0.936685 3.7269 -5.27343 8.51135 7.47054 8.21276 -8.46687 -0.105258 0.0128014 -3.80982 -2.483 0.470766 -11.9801 -0.672673 0.224776 0.0833399 -1.46307e-05 -0.012403 -0.0168017 0.208442 0.267113 -0.841022 2.11553 0.573834 -6.59954 -0.0941337 0.0292362 -0.0876032 6.03696 -24.2263 0.591987 1.87089 -0.144644 0.409356 0.0685832 0.0155111 -0.0845944 4.18095 -1.68897 -0.334392 4.08178 8.10211 9.65509 -1.73872 -0.326054 -0.150408 7.1136 1.37705 -2.37381 -0.0590774 1.42483 0.243373 4.63604 0.0267541 -2.20505 0.210488 2.79415 -0.0564839 -0.54801 -1.69429 -1.44867 2.70715 2.65446 0.248171 0.786735 1.89078 -1.02852 -0.0281948 1.49076 2.68802 5.73055 3.60981 -1.02072 -0.84993 -0.284902 -5.13777 3.1631 0.713812 -0.743331 -2.11632 -2.71066 -1.35451 -2.41505 -2.25782 -3.23302 -0.295652 0.0167031 -0.567806 -1.43896 -1.66934 -0.767538 -1.6947 -1.13829 -1.20265 -3.34005 -4.58502 -1.09394 -0.522686 -4.03664 -3.41204 -2.85811 -1.97658 -1.65641 -1.48628 1.62425 -0.304573 -0.497068 -1.0817 1.00381 23.0746 -13.5449 1.58935
 5.74168e-05 -4.30561 0.167834 -0.000688694 -98.0035 14.3141 -2.73948e-05 -0.0597206 0.299316 -0.758848 -0.532531 2.43662 -6.41984e-06 0.0607095 0.000707611 8.02741e-06 -0.0418562 0.00109597 5.58049e-06 -0.0687461 0.00471248 4.83512e-06 -0.00416547 0.000541803 -2.93256 -4.71566 0.686386 -0.389244 -3.82778 1.65074 -1.67422 -1.17408 1.61065 -2.57897 -2.55607 1.73853 0.411801 0.203894 -0.00118421 -2.96818 0.911229 0.0232372 -1.37755 0.955606 -0.0397872 0.0942159 0.0654958 -0.0168499 0.308147 -1.21232 -0.384008 0.533442 0.0367014 0.127286 -0.511227 0.723441 -1.16606 -1.02287 -1.12457 1.15936 0.0143942 -0.00175085 0.521702 0.339649 -0.0644326 1.6399 0.0923755 -0.0308669 -0.0114749 2.4949e-06 -0.00725998 0.00255015 -0.0309387 -0.038137 0.120164 -0.289645 -0.0785972 0.903932 0.011749 -0.00469911 0.0144993 -0.815954 3.32227 -0.081196 -0.256091 0.0197991 -0.0559593 -0.00937956 -0.00212071 0.0115687 -0.57238 0.23387 0.044084 -0.560185 -1.10681 -1.31969 0.236936 0.044754 0.0207092 -0.973899 -0.187707 0.325129 0.00839625 -0.195273 -0.033713 -0.635194 -0.0040319 0.301526 -0.0287926 -0.382219 0.00761704 0.0749549 0.231695 0.198127 -0.370815 -0.363529 -0.0339195 -0.107358 -0.258697 0.140395 0.00350239 -0.20437 -0.368021 -0.784107 -0.493769 0.139987 0.116448 0.0385487 0.703064 -0.433077 -0.0976125 0.101756 0.289553 0.370945 0.185237 0.330498 0.308845 0.44232 0.0402754 -0.00213508 0.0779495 0.197044 0.228535 0.104959 0.231861 0.155905 0.164747 0.457077 0.627525 0.149657 0.0714991 0.552637 0.467053 0.391203 0.270518 0.226705 0.203413 -0.222396 0.0416922 0.0679864 0.147947 -0.137428 -3.15721 1.8535 -0.217431
 -3.68092e-09 0.000385018 -1.57756e-05 -4.02486e-09 0.000193005 -2.73948e-05 1000 -6.30664e-05 0.000194889 0.00018065 0.000106455 -0.000485856 4.60257e-09 -3.48557e-05 -9.92875e-08 3.09013e-09 -4.01136e-05 2.72334e-08 7.66611e-10 -6.65011e-07 -7.13312e-08 9.49352e-10 -2.9238e-05 5.97821e-07 0.000279921 0.000326112 -4.94763e-05 1.28027e-05 0.000269161 -0.000116937 0.000260081 5.58242e-05 -8.31597e-05 0.000496785 -0.000161978 8.38159e-05 -0.000120254 -1.17921e-05 1.9206e-07 -0.000212596 1.84445e-05 6.90058e-07 5.54195e-05 -0.000171431 1.04815e-05 -3.09047e-05 -4.16983e-05 1.15656e-05 2.834e-05 7.68644e-05 -0.000143582 5.63424e-05 -2.39551e-05 -0.000526113 0.000233465 -0.000299343 -0.000226094 6.20679e-05 7.78635e-05 -6.58545e-05 5.02105e-05 -3.84279e-06 -7.72186e-05 1.87809e-05 5.10638e-07 -2.68557e-05 -1.90354e-06 6.54829e-07 3.49389e-07 4.72208e-09 -8.01017e-05 1.62413e-06 -1.40468e-05 -1.14406e-05 3.71063e-05 -8.57276e-05 -1.39244e-05 0.000167575 -2.14946e-05 -1.09297e-05 3.92776e-05 7.06698e-05 -9.7235e-05 4.43084e-06 -3.77677e-05 3.31502e-06 2.98661e-05 2.53923e-06 -1.79348e-07 -2.37539e-06 1.79828e-05 0.000151928 -2.07785e-05 -0.000170616 3.31296e-05 0.000155458 0.000887672 -0.00105037 0.000393657 2.69395e-05 -2.02802e-06 -8.11084e-05 -0.000257872 0.00034349 -0.000195564 0.000307796 -1.18862e-05 -0.000114333 1.61646e-05 3.55158e-05 4.98219e-06 -1.84507e-05 -2.03315e-05 -5.92005e-06 -9.39408e-06 1.7549e-05 0.000290334 -0.000412962 0.000100136 7.06532e-05 2.31549e-05 -5.55461e-05 1.71097e-05 4.7065e-05 -3.99353e-05 -2.81135e-05 -4.18467e-05 0.000230022 9.77856e-05 4.07908e-05 -0.000117937 -1.49128e-05 -2.38713e-05 -3.91106e-05 -5.65243e-05 7.3762e-05 -5.60393e-05 -1.46021e-05 -7.72366e-05 -0.000247933 -0.000102256 4.25527e-05 -0.000210702 0.000157557 9.94783e-05 3.40195e-05 3.82315e-05 0.000119297 -0.000194372 2.54461e-05 -0.000271646 2.4438e-06 0.000264403 -0.000102583 -4.19399e-05 -3.29858e-05 -2.4747e-05 2.63344e-06 -1.59247e-06 -3.24897e-05 -7.67201e-05 -4.73675e-05 0.00170093 -0.000966686 0.000120507
 -6.52613e-06 0.872859 -0.0357482 -8.08664e-06 0.420855 -0.0597206 -6.30664e-05 37.4997 -186.95 0.357467 0.205452 -0.937605 1.08018e-05 -0.081685 -0.000204508 6.55396e-06 -0.0846946 0.000131428 3.06994e-06 0.0278215 -0.001752 3.44593e-06 -0.0814576 0.0018591 0.493927 1.36404 -0.196712 0.0508346 0.786265 -0.340741 0.366476 0.0113217 -0.0279292 0.842011 0.352209 -0.260383 -0.276076 -0.033328 -0.000171856 -0.392549 0.0139435 3.14438e-05 0.0726306 -0.379618 0.0218586 -0.0628592 -0.103266 0.0278732 0.137442 0.176631 -0.577111 0.262623 0.12575 -1.33214 0.187539 -0.182568 -0.507076 0.100071 -0.00691234 -0.016159 0.0637295 -0.00321664 -0.546534 0.309005 0.00252284 -0.366822 -0.00919258 0.00309207 0.000671435 1.17666e-05 -0.193889 0.0042205 -0.0323699 -0.0257969 0.0841888 -0.26482 -0.0435787 0.515006 -0.069225 -0.0390894 0.139933 0.185605 -0.115061 0.00820481 0.0596884 -0.0040159 0.0767907 0.00574838 0.00234735 -0.00814179 0.0287738 0.303826 -0.109199 -0.469957 0.22152 0.635455 3.53732 -3.59529 0.453588 0.607444 0.287797 0.803906 -0.892631 0.43532 -0.897666 0.486008 0.305295 -0.239251 0.0979478 0.0394537 -0.0643138 -0.105205 -0.0904252 -0.00544007 -0.0641291 -0.176817 1.03793 -0.79661 0.0735034 -0.00243214 0.318653 -0.0832688 0.0598567 0.0794613 0.0127728 -0.0493605 -0.290895 0.233059 0.0157649 0.18592 -0.210313 0.02139 -0.10023 0.0791717 -0.201305 0.229213 -0.206639 -0.44658 -0.345051 -0.0967573 0.164316 0.187944 -0.172534 0.112712 -0.176936 -0.235181 -0.202519 0.414567 -0.522298 0.425551 -0.0289384 -0.305984 -0.057338 -0.331478 -0.155433 -0.101589 -0.0657704 -0.011149 -0.00390326 -0.0349991 2.19061e-06 0.0441167 4.18527 -2.31605 0.309718
 3.27444e-05 -4.42578 0.181368 4.10623e-05 -2.10745 0.299316 0.000194889 -186.95 960.45 -1.8251 -1.04755 4.78053 -5.60086e-05 0.424111 0.00104294 -3.37615e-05 0.438811 -0.000697489 -1.5535e-05 -0.141539 0.00891427 -1.74733e-05 0.417123 -0.00952155 -2.50819 -6.94526 1.00162 -0.252909 -3.98829 1.72848 -1.8655 -0.0439643 0.124101 -4.29121 -1.77662 1.3153 1.42906 0.182921 0.000512855 2.04359 -0.0698432 -0.00041883 -0.346666 1.96894 -0.114119 0.331081 0.540229 -0.146102 -0.711974 -0.896351 2.947 -1.34238 -0.639727 6.81374 -0.951303 0.922433 2.61067 -0.50596 0.0411133 0.0760684 -0.326621 0.0164931 2.7812 -1.58196 -0.0122633 1.85748 0.0467378 -0.0157229 -0.00340872 -6.13123e-05 1.00874 -0.0220697 0.170493 0.1362 -0.444215 1.36614 0.224463 -2.65275 0.358427 0.200737 -0.71882 -0.97134 0.541739 -0.0408485 -0.304057 0.0204464 -0.400964 -0.029425 -0.0120022 0.0416629 -0.145048 -1.57062 0.558862 2.41789 -1.13191 -3.27683 -18.0747 18.3774 -2.32077 -3.10303 -1.44059 -4.11544 4.56297 -2.22668 4.59336 -2.48262 -1.55822 1.22371 -0.501648 -0.201108 0.328649 0.537875 0.461322 0.0275381 0.330493 0.905973 -5.3079 4.07289 -0.377003 0.0129683 -1.62711 0.427441 -0.30495 -0.4056 -0.06444 0.253276 1.48689 -1.19364 -0.0821946 -0.95018 1.07572 -0.109911 0.511571 -0.405109 1.02934 -1.17332 1.05591 2.28375 1.76547 0.495376 -0.84125 -0.962299 0.883206 -0.577936 0.903132 1.20119 1.03407 -2.12149 2.67019 -2.17741 0.148985 1.56335 0.289314 1.69426 0.79404 0.518764 0.335501 0.0581482 0.0198088 0.179612 0.00249864 -0.220655 -21.4061 11.8431 -1.58451
 -9.10214e-05 6.39797 -0.250605 -0.00010314 5.53979 -0.758848 0.00018065 0.357467 -1.8251 923.668 -42.3205 187.023 -7.14818e-06 0.057375 -0.000731662 -2.05175e-05 0.248877 -0.00161884 -3.14381e-06 0.140653 -0.00826541 1.98011e-05 -0.329641 0.00839861 5.22382 4.79915 -0.726433 0.545825 3.20401 -1.38242 3.91172 0.766197 -1.15314 6.08806 0.544363 -0.58532 1.18194 0.512315 -0.0236378 5.31752 -0.845016 -0.0446521 3.65411 0.379661 -0.0885658 0.61496 0.755837 -0.224041 2.1709 2.98762 -3.68527 1.14154 -0.545354 -2.8924 3.90315 -5.35391 2.33377 4.54504 -0.408472 -1.5672 0.708699 -0.0499663 -1.3853 2.78345 0.0938569 -5.53483 -0.330758 0.109896 -0.000616336 -5.40254e-05 0.771041 -0.0264018 0.296683 0.239913 -0.762417 0.963905 0.276765 -3.10789 -0.386476 -0.321076 1.15527 1.63176 -11.7451 0.307316 0.322785 -0.0258154 0.69455 -0.0036035 -0.0142794 0.017962 0.657308 0.173708 -2.02307 -3.61502 5.31005 4.38152 -6.92016 -0.332321 2.89033 9.31093 2.62275 -7.16486 1.53013 -1.27803 0.160823 4.41574 9.29003 10.0824 -15.1125 1.3633 2.62966 1.4847 0.189647 -0.176985 0.0697486 2.44802 -3.5664 0.648693 1.869 -2.45518 1.27305 0.749677 -0.715526 0.312836 -0.682209 0.966835 -3.37477 6.0325 -6.81673 5.16523 -1.46437 -0.804742 0.590038 -4.08246 0.170912 -3.07787 -1.30057 1.10875 0.0514362 -0.14983 0.383362 -1.26146 -0.845037 0.605766 -0.551546 -2.38854 0.0536827 0.209616 -1.06499 -0.2197 -2.11497 0.420581 0.235721 -1.41151 -2.9367 -1.11271 -0.8293 0.497425 -0.0572185 0.291698 0.357938 9.68066 7.20834 -8.64815 -0.259811
 -5.17666e-05 4.18589 -0.162935 -6.52446e-05 3.89021 -0.532531 0.000106455 0.205452 -1.04755 -42.3205 24.1982 -105.535 -4.7565e-06 0.0378991 -0.000464548 -1.1325e-05 0.141355 -0.00117209 -5.33416e-08 0.135745 -0.00842044 1.00804e-05 -0.201409 0.00461293 2.70583 4.96491 -0.717525 0.535806 3.82239 -1.64855 1.10165 1.05319 -1.43073 2.12953 2.69986 -1.81307 0.696145 0.199118 -0.0126874 2.94657 -0.537697 -0.0233598 1.54973 0.30823 -0.0516265 0.231054 0.386418 -0.114687 -0.282138 1.12465 0.797856 -0.735455 -0.300748 -0.435174 0.706567 -0.984445 1.01975 0.785879 0.999851 -0.982125 -0.0729148 0.00599671 -0.615416 -0.061961 0.0474685 -1.41942 -0.0892625 0.0299247 -0.00347429 -2.99116e-05 0.469246 -0.0150989 0.141128 0.135133 -0.430435 0.520207 0.108908 -1.27153 0.0134692 0.0115648 -0.0416955 0.184013 -2.3164 0.0557885 0.232856 -0.0183283 0.197008 0.01008 0.00421617 -0.0143773 0.468309 -1.21676 -0.674154 1.46815 4.90955 3.38008 -2.71328 -1.84255 0.624669 0.434063 -0.0872874 0.1019 1.27181 -0.310388 -1.8478 -0.0286909 1.54214 0.971813 -0.574256 0.282657 -0.116288 -0.0754966 -0.228963 -0.184487 0.268906 0.504906 -0.382553 0.0147719 0.415204 -0.181041 0.262344 0.127729 0.111161 0.307475 0.593923 0.000320929 -0.0961313 0.359222 -0.793828 0.216167 -0.0405532 -0.167071 -0.260834 -0.648484 0.0181871 -0.342124 -0.478017 -0.402045 -0.325719 -0.0680449 -0.411804 -0.175903 -0.109299 -0.0810932 -0.254895 -0.371848 -0.128051 -0.338376 -0.483077 -0.122816 -0.0207525 -0.429099 -0.559574 -0.361377 -0.27207 -0.228767 -0.221271 0.18006 -0.0355873 -0.0990763 -0.167421 -0.14877 3.46733 -1.06951 0.392745
 0.000236836 -19.1618 0.745884 0.00029845 -17.7998 2.43662 -0.000485856 -0.937605 4.78053 187.023 -105.535 483.354 2.09662e-05 -0.166785 0.00212588 5.1227e-05 -0.637256 0.00532186 2.68702e-07 -0.613245 0.0380564 -4.58912e-05 0.926716 -0.0212343 -12.395 -22.6901 3.27953 -2.45107 -17.4592 7.52997 -5.07915 -4.80144 6.52458 -9.77861 -12.3091 8.26881 -3.17544 -0.892782 0.057614 -13.5049 2.48259 0.107008 -7.09417 -1.37312 0.233609 -1.04571 -1.75652 0.521281 1.28263 -5.16679 -3.57583 3.33033 1.40492 2.0274 -3.27368 4.55993 -4.68259 -3.63658 -4.54948 4.49366 0.325653 -0.0268583 2.8423 0.25972 -0.218904 6.57028 0.406682 -0.136334 0.0162533 0.00013654 -2.14095 0.0689369 -0.641977 -0.616695 1.96425 -2.42554 -0.505255 5.89897 -0.0683429 -0.0569693 0.205231 -0.845662 10.7313 -0.258628 -1.06722 0.0839955 -0.901897 -0.045878 -0.0190511 0.065298 -2.14169 5.56426 3.09047 -6.67367 -22.4076 -15.4717 12.4499 8.40246 -2.85451 -2.17826 0.407294 -0.376527 -5.815 1.42903 8.42076 0.0813136 -7.13184 -4.54217 2.78546 -1.30532 0.502463 0.327835 1.04502 0.846251 -1.22844 -2.33098 1.78552 -0.0729263 -1.91141 0.852531 -1.21207 -0.590286 -0.499854 -1.40645 -2.69974 -0.0126264 0.476417 -1.70232 3.69298 -1.04095 0.200911 0.770115 1.18365 2.99933 -0.0851614 1.59234 2.19445 1.82205 1.48458 0.312315 1.87318 0.814601 0.506773 0.364357 1.16867 1.72102 0.58413 1.53996 2.21449 0.562838 0.116272 1.95247 2.55095 1.66352 1.27178 1.05523 1.01822 -0.826578 0.162857 0.44771 0.754815 0.561777 -15.8866 4.97113 -1.78764
 1.62448e-09 -0.000143352 6.43853e-06 -1.1989e-09 5.24093e-05 -6.41984e-06 4.60257e-09 1.08018e-05 -5.60086e-05 -7.14818e-06 -4.7565e-06 2.09662e-05 1000 2.51445e-05 -6.1411e-06 -2.17361e-09 2.88155e-05 2.92598e-07 -1.82311e-10 1.95218e-05 -8.45298e-07 -7.99988e-10 2.66863e-05 -2.44552e-07 -0.000220827 -0.000598538 8.69883e-05 -1.32178e-05 -0.000226941 9.87391e-05 -3.95517e-05 4.11456e-05 -5.27806e-05 -8.81389e-05 5.69196e-05 -3.21494e-05 9.45262e-05 9.02837e-06 2.28141e-07 -0.000177279 6.81379e-05 3.23954e-06 2.13296e-05 9.52283e-05 -5.80157e-06 2.40032e-05 2.79595e-05 -7.42744e-06 6.30223e-05 -5.46553e-07 -0.000122826 6.62999e-05 -2.47373e-06 4.46958e-05 4.31657e-05 -6.45842e-05 0.000151705 -4.12484e-05 -2.43856e-05 2.65643e-05 -1.68816e-05 1.19457e-06 -2.3555e-05 -5.45003e-06 2.7003e-06 -7.98572e-05 -1.34135e-06 4.39271e-07 -2.42139e-07 -2.28546e-09 4.15387e-05 -3.45295e-07 8.38626e-06 5.2435e-06 -1.71729e-05 3.1875e-05 7.72436e-06 -9.33026e-05 3.49713e-06 3.02002e-06 -1.14392e-05 -3.70165e-05 4.52949e-05 -2.83686e-06 -1.76306e-05 1.42157e-06 1.89194e-06 -1.10158e-06 8.94078e-08 1.01883e-06 -0.000100533 -0.000164618 -2.44787e-05 9.0679e-05 3.16346e-05 -4.43464e-06 -4.47737e-05 1.49601e-05 -0.000152588 5.4593e-06 2.01287e-05 0.00038845 -2.80308e-05 -0.000315939 2.84869e-05 0.00014942 0.000174097 5.48194e-06 3.69357e-05 -2.99485e-05 -7.31152e-05 4.03784e-05 7.12977e-05 -5.38173e-05 -2.6732e-05 -8.02923e-05 -1.4956e-05 2.73746e-05 1.40709e-06 5.82156e-06 1.49387e-05 -2.19608e-05 -1.96634e-05 -7.70119e-06 -3.54209e-05 -3.91989e-05 -5.42771e-05 -3.71979e-05 -2.99367e-05 -4.16799e-05 -4.10731e-06 2.38541e-05 3.90587e-05 2.54988e-05 3.30218e-05 4.61329e-05 4.40265e-05 1.48333e-05 -2.89377e-05 -4.2439e-05 -4.34481e-06 1.33977e-05 1.77732e-05 -2.82091e-05 -5.51428e-06 -1.03445e-05 -1.20655e-06 1.6374e-05 -1.73407e-05 6.6922e-06 7.2108e-05 7.3422e-05 2.71744e-05 -1.07033e-05 -3.77311e-06 -4.76447e-07 -1.66889e-06 -1.39985e-05 6.76519e-06 1.1976e-05 4.94234e-05 3.85953e-05 -0.000636076 0.000475778 -2.6853e-05
 -1.13009e-05 0.974713 -0.0446855 1.06215e-05 -0.487304 0.0607095 -3.48557e-05 -0.081685 0.424111 0.057375 0.0378991 -0.166785 2.51445e-05 999.806 -0.104014 1.57439e-05 -0.218461 -0.00207195 4.23099e-07 -0.1412 0.00598269 4.44391e-06 -0.191858 0.00149694 1.93526 4.52557 -0.662074 0.0841584 1.62525 -0.707966 0.383555 -0.258518 0.32635 0.904134 -0.216077 0.0954475 -0.798842 -0.0745613 -0.00153256 1.09094 -0.477733 -0.0231193 -0.1189 -0.82636 0.0498262 -0.193571 -0.22541 0.0604478 -0.495475 0.166611 0.969268 -0.568155 -0.0409501 -0.307612 -0.216935 0.330348 -1.23354 0.433937 0.15402 -0.225149 0.106354 -0.00720631 0.198765 0.0162656 -0.0202506 0.628088 0.00703576 -0.00227813 0.00216677 1.66756e-05 -0.310025 0.00229512 -0.0659231 -0.0393857 0.129058 -0.271699 -0.0637475 0.769625 -0.0270394 -0.0191244 0.0735832 0.388457 -0.874206 0.0373143 0.127156 -0.0104171 -0.0262135 0.00902098 -0.000467932 -0.00860868 0.771868 1.63386 0.362434 -0.602176 -0.179082 0.100209 0.402904 -0.0225337 1.10818 -0.0272916 -0.12997 -2.66299 -0.138969 2.26216 0.21208 -1.1513 -1.37162 -0.18388 -0.0293584 0.165746 0.537596 -0.230856 -0.546502 0.303131 0.408861 0.571364 0.262078 -0.25126 -0.0318784 -0.0846343 -0.15263 0.130047 0.176105 0.102336 0.263495 0.285781 0.409454 0.246475 0.224831 0.290831 0.0164154 -0.207046 -0.328298 -0.22543 -0.210853 -0.355797 -0.366929 -0.168116 0.127202 0.237731 -0.00787035 -0.0661713 -0.0721848 0.139398 -0.0101751 -0.0333428 -0.0169318 -0.188224 0.0826321 -0.0958931 -0.574751 -0.688541 -0.360543 0.0124383 -0.0177843 -0.0336031 -0.0216309 0.15589 -0.0533086 -0.0842461 -0.359163 -0.284126 4.33046 -3.27534 0.176785
 1.01607e-07 -0.00636578 0.000248524 1.54419e-07 -0.0051651 0.000707611 -9.92875e-08 -0.000204508 0.00104294 -0.000731662 -0.000464548 0.00212588 -6.1411e-06 -0.104014 0.813932 2.32114e-07 -0.00279254 1.38309e-05 4.6446e-08 -0.00208289 0.000125428 1.1296e-07 -0.00265334 6.36059e-05 -0.00470998 -0.00844476 0.00122311 -0.000841443 -0.00653698 0.00281945 -0.00194892 -0.00184522 0.00250875 -0.00334503 -0.00320817 0.00218684 -0.00184763 -0.00101873 3.84938e-05 -0.007358 0.00051872 6.04081e-05 -0.00297848 -0.00138087 0.00015201 -0.000761043 -0.00154203 0.000444609 -0.000236697 -0.00123285 -0.00153759 0.00117922 -1.35726e-06 -0.000195698 -0.000998356 0.00143888 -0.00122975 -0.00122336 -0.00122047 0.00130076 -5.37866e-05 3.53382e-06 0.000638285 -0.000139727 -1.28926e-05 0.000537082 3.09277e-05 -1.0284e-05 7.74654e-07 1.71134e-07 -0.00291515 8.70447e-05 -0.000364848 -0.000276917 0.000884176 -0.000391702 -0.00012859 0.00147089 -0.000189457 -0.000249143 0.000877377 -0.000921678 0.00849971 -0.000204174 -0.000234742 1.82152e-05 -3.54783e-05 -4.80219e-06 1.62244e-06 3.20392e-06 -0.000907273 0.000953294 -0.000124946 -0.00108986 -0.000300069 4.53817e-05 6.40657e-05 2.26461e-05 -0.000758722 -0.000729537 0.000621049 0.00232254 0.000328069 -0.00189968 -0.000787962 0.000289057 0.000696601 0.000115433 8.24521e-05 -0.000359381 -0.000423744 0.000272459 0.000677344 -0.000172534 -0.000771075 -0.000887959 -0.000116689 0.000478286 0.000102107 -0.000204403 -0.000272082 -0.000378042 -0.000319982 -0.000183777 -0.000310112 -0.000356273 -0.000278218 -5.92207e-05 -7.03924e-05 -0.000361142 9.6129e-06 0.000205611 0.000349835 0.000222593 0.000155622 0.000355061 0.000358569 7.35522e-05 -0.000205399 -9.71193e-05 0.000203042 0.000147789 4.82735e-05 -5.23645e-05 0.000112303 0.000184598 0.000146558 0.000262868 0.000147257 0.00020928 0.000464356 0.000660682 0.000570643 0.000184442 0.00014009 0.000102527 9.42763e-05 -0.000279093 6.09112e-05 3.31096e-05 0.000140266 -0.000195925 -0.00345758 0.0027232 -0.000124354
 1.73224e-09 -0.000157602 6.61064e-06 8.0324e-10 -5.50392e-05 8.02741e-06 3.09013e-09 6.55396e-06 -3.37615e-05 -2.05175e-05 -1.1325e-05 5.1227e-05 -2.17361e-09 1.57439e-05 2.32114e-07 1000 2.49971e-05 -9.26943e-06 -5.35062e-10 1.86984e-05 -8.92384e-07 -9.41183e-10 2.02727e-05 -2.4484e-07 -0.000131067 -0.00018801 2.82005e-05 -1.68698e-05 -0.000206318 8.94496e-05 -5.55753e-05 2.22218e-06 -9.42049e-07 -9.55441e-05 -2.59752e-05 2.07869e-05 3.99734e-05 7.04314e-06 6.80626e-09 -9.40855e-05 3.56221e-05 1.54705e-06 -5.78008e-05 7.51529e-05 -3.48565e-06 1.48896e-05 1.77865e-05 -4.55949e-06 6.42923e-05 -5.16476e-05 -0.000128733 8.32392e-05 -4.11268e-06 6.70664e-05 6.96976e-06 -1.44496e-05 7.81316e-05 -4.90964e-05 -5.24651e-05 5.00542e-05 -1.1306e-05 8.3346e-07 -1.54451e-05 3.77285e-06 9.97935e-07 -3.69822e-05 -2.87097e-06 9.40348e-07 -4.99698e-08 -1.75411e-09 3.01247e-05 -3.0566e-07 5.14727e-06 4.04081e-06 -1.30874e-05 7.24143e-06 2.24694e-06 -2.92091e-05 2.114e-06 4.18276e-06 -1.53573e-05 2.77203e-05 -0.000232467 5.71197e-06 -4.24991e-06 3.43464e-07 -8.32013e-07 -1.13807e-06 1.22357e-07 1.02259e-06 -9.73838e-05 -0.000132884 -1.6526e-05 0.000112671 9.09527e-05 5.66363e-05 -1.82124e-05 -5.47732e-05 -0.000212017 5.56316e-05 5.29893e-05 0.000549434 -0.000238441 -0.000196799 -7.18912e-05 0.000182403 0.000222897 -0.000160582 8.9199e-05 -5.8094e-05 -8.49736e-05 -2.2235e-05 1.33097e-05 1.61309e-05 -5.01345e-05 1.37286e-05 -2.62613e-05 5.78897e-07 -5.32955e-05 -3.16524e-05 -2.16763e-06 -1.55523e-05 -2.10203e-05 -2.87729e-05 -4.50148e-05 -3.55144e-05 -4.61178e-05 -3.49016e-05 -3.31662e-05 -1.82229e-05 -2.87029e-05 1.65976e-05 2.43518e-05 1.59313e-05 1.88354e-05 1.16222e-05 2.6358e-05 6.5121e-06 -2.79591e-06 -2.49341e-05 -1.14704e-05 -1.96989e-05 2.53082e-05 -8.53399e-07 2.41897e-06 2.63914e-06 1.72632e-05 6.84667e-05 -2.14422e-06 1.71663e-05 9.02796e-05 5.21426e-05 2.03152e-05 3.11229e-06 7.14431e-06 8.75825e-06 5.62671e-06 -8.79738e-06 6.37376e-06 1.32231e-05 4.88721e-05 2.18766e-05 -0.00051885 0.000376254 -2.38919e-05
 -1.7624e-05 1.58058 -0.0685668 -2.88967e-06 0.253299 -0.0418562 -4.01136e-05 -0.0846946 0.438811 0.248877 0.141355 -0.637256 2.88155e-05 -0.218461 -0.00279254 2.49971e-05 999.665 -4.07067 3.23099e-06 -0.203832 0.00955924 7.43443e-06 -0.239796 0.00276359 2.32291 2.94824 -0.44783 0.146278 2.24916 -0.977629 1.00424 -0.0689101 0.0539091 1.87223 0.37302 -0.320302 -0.78571 -0.0966538 -0.000208234 0.614208 -0.376886 -0.0180318 0.745434 -1.22294 0.0613501 -0.22169 -0.262511 0.0693211 -0.698764 0.958438 1.40701 -1.01917 -0.0879188 -0.588417 0.0330559 -0.00749173 -1.28123 0.921825 0.573623 -0.680881 0.0727002 -0.00470152 0.325593 0.00933338 -0.0167831 0.543484 0.0247346 -0.00802605 0.00171695 2.0279e-05 -0.365698 0.00332173 -0.0759698 -0.0498957 0.161759 -0.196887 -0.0504037 0.629269 -0.0306581 -0.0431425 0.1598 0.0656713 0.810706 -0.00836037 0.0471928 -0.00429075 -0.0261161 0.0160598 -0.000869336 -0.0152892 1.27657 2.44929 0.554346 -1.18923 -0.838495 -0.38182 0.470241 0.688284 2.15049 -0.435652 -0.508542 -6.42492 2.27191 3.09993 1.64716 -2.01292 -3.55895 1.09824 0.374303 0.258198 1.01718 0.272605 -0.151844 -0.364296 0.577593 0.345969 0.364877 0.0010788 0.485408 0.436334 -0.0155768 0.179054 0.232299 0.333155 0.574219 0.428607 0.543437 0.340398 0.398498 0.1403 0.354807 -0.169177 -0.44148 -0.261229 -0.255847 -0.253039 -0.425582 -0.207227 -0.0933195 0.133359 0.100453 0.212364 -0.255718 -0.255989 -0.0397682 -0.0050536 -0.201017 -0.913623 -0.191253 -0.262686 -1.18925 -1.0215 -0.645216 -0.265641 -0.213254 -0.203698 -0.157157 0.231342 -0.0865819 -0.170331 -0.588229 -0.262309 5.44624 -3.62305 0.301592
 1.93363e-07 -0.013621 0.000558861 2.15054e-07 -0.00779373 0.00109597 2.72334e-08 0.000131428 -0.000697489 -0.00161884 -0.00117209 0.00532186 2.92598e-07 -0.00207195 1.38309e-05 -9.26943e-06 -4.07067 0.835614 1.82498e-08 -0.00141056 9.57879e-05 5.36081e-08 -0.00159701 5.02196e-05 -0.0143109 -0.0191808 0.00287235 -0.00191615 -0.0162651 0.00704638 -0.00658915 -0.00178706 0.00260182 -0.0116796 -0.00538092 0.00393678 0.0012526 -0.000405074 3.42082e-05 -0.00924183 0.00179292 0.000128542 -0.00724173 0.00280108 -2.21815e-05 -0.000336226 -0.00086835 0.000283247 0.00271987 -0.00582194 -0.00772816 0.00576366 0.000296241 0.00244371 -0.00140791 0.00184702 0.00340355 -0.00533509 -0.0040672 0.00456004 -0.000319646 2.04089e-05 -0.000724732 -6.04996e-05 3.96667e-05 -0.00130665 -6.36936e-06 1.15014e-06 5.44908e-07 1.21457e-07 -0.00185873 8.55578e-05 -0.00019227 -9.73331e-05 0.000303001 0.000212561 2.80127e-07 -0.000215198 -0.000238236 -0.000230367 0.000783928 -0.000898049 0.00277452 -0.000111826 -0.000375018 3.17177e-05 -1.48306e-05 -7.61049e-05 4.82747e-06 7.17427e-05 -0.00639002 -0.00982916 -0.00336734 0.00420849 0.00418482 0.00225951 -0.00224295 -0.00328545 -0.0100344 0.000564491 0.00399188 0.0307222 -0.010758 -0.0149349 -0.00837011 0.00902707 0.0167744 -0.00527601 -0.0018466 -0.00139495 -0.00488247 -0.00123688 0.000952305 0.00182936 -0.00317663 -0.00212692 -0.00167916 0.000214555 -0.00223263 -0.00230176 -0.00025891 -0.00110334 -0.00128651 -0.00170733 -0.00285302 -0.00218303 -0.00255622 -0.00148036 -0.00178568 -0.00080414 -0.00164106 0.00085788 0.00221651 0.00132509 0.0012532 0.0013317 0.00212497 0.000940549 0.000322716 -0.000543543 -0.00024276 -0.000853648 0.00123032 0.00126797 0.000303969 0.000182147 0.00108647 0.00442621 0.00113146 0.00138996 0.00566576 0.00501872 0.00337493 0.00145631 0.00114496 0.00105239 0.00083217 -0.00126171 0.00043228 0.000776492 0.00264884 0.00076357 -0.0261268 0.0175276 -0.00142377
 2.30907e-10 -5.7105e-05 2.1959e-06 5.8029e-10 -4.12441e-05 5.58049e-06 7.66611e-10 3.06994e-06 -1.5535e-05 -3.14381e-06 -5.33416e-08 2.68702e-07 -1.82311e-10 4.23099e-07 4.6446e-08 -5.35062e-10 3.23099e-06 1.82498e-08 1000 7.84166e-06 -3.39637e-06 -8.72772e-10 9.64814e-06 -2.46436e-07 8.16192e-05 -7.85908e-05 9.54154e-06 -4.09315e-06 -1.68867e-06 5.67579e-07 4.88313e-05 6.23615e-06 -1.01129e-05 6.98196e-05 -0.000127519 7.88806e-05 -2.97863e-05 2.78998e-06 7.04579e-08 -4.99363e-05 7.31062e-06 1.64698e-07 1.81529e-05 -3.24579e-05 2.07355e-06 -1.59327e-06 -1.04694e-06 4.40757e-07 2.10311e-05 1.10022e-05 -4.97605e-05 2.36953e-05 -2.88073e-05 3.90079e-05 4.4227e-05 -6.56188e-05 -2.28751e-05 4.14403e-05 -6.80717e-06 -1.07303e-05 -3.51428e-06 3.0412e-07 1.0085e-05 1.42774e-05 -9.31006e-07 1.39891e-05 -1.66134e-06 5.60357e-07 1.02558e-07 -5.28143e-10 5.87228e-06 -2.05491e-07 -2.22689e-07 9.16109e-07 -2.94972e-06 -8.31629e-06 -1.2065e-06 1.45029e-05 3.75004e-06 5.37846e-06 -1.90499e-05 4.98389e-05 -0.000256123 7.18475e-06 -6.19569e-06 4.31717e-07 -3.41694e-06 -6.97238e-07 -1.48817e-08 7.16767e-07 1.17813e-05 -8.28365e-05 -2.38837e-05 7.68581e-05 0.000107067 9.91859e-05 4.54693e-05 0.000276916 -0.000182886 -0.000127244 -4.62469e-05 3.45685e-05 -6.96646e-05 6.30177e-05 1.34252e-05 -2.04489e-05 3.57638e-05 1.74433e-05 2.29505e-05 -1.9745e-05 4.91365e-06 -1.24698e-05 -1.58925e-05 -2.14222e-05 -2.26651e-05 6.35258e-06 2.27553e-05 -3.87582e-06 3.70862e-06 1.29759e-05 -8.52556e-07 -5.40249e-06 -2.80201e-05 -1.94882e-05 5.35356e-07 -1.2929e-05 -1.07264e-05 -8.28211e-06 8.72726e-06 -9.34276e-06 3.86203e-06 -2.94506e-06 -3.22548e-06 -1.12675e-05 -7.74687e-06 -2.03415e-05 -1.68172e-05 -6.37137e-06 -1.83438e-05 -3.64356e-05 -1.25605e-05 2.68971e-05 2.23095e-05 4.02165e-06 1.36539e-05 1.71358e-05 -8.55826e-06 1.68668e-05 8.63382e-07 -1.42887e-05 -1.28833e-05 -1.6674e-05 -2.56316e-05 -5.29547e-06 -1.65651e-06 -1.44921e-06 -2.96325e-06 2.08744e-05 -9.8556e-07 4.70296e-06 1.03188e-05 -8.69742e-06 -0.000258085 0.000153739 -1.73016e-05
 -3.54189e-05 2.00481 -0.0836356 -4.27509e-06 0.472946 -0.0687461 -6.65011e-07 0.0278215 -0.141539 0.140653 0.135745 -0.613245 1.95218e-05 -0.1412 -0.00208289 1.86984e-05 -0.203832 -0.00141056 7.84166e-06 995.642 -58.9745 1.33591e-05 -0.373178 0.00839501 -0.253925 4.13631 -0.573254 0.0499035 0.498853 -0.218052 -0.415267 -0.254497 0.351204 0.739972 3.16742 -2.06507 -0.104791 -0.108363 -0.00196081 -0.215269 -0.0369395 -0.00420999 -0.51049 -0.0440081 0.00085898 -0.125119 -0.155674 0.0393537 -0.464374 0.503345 1.21873 -0.795473 0.529217 -1.27755 -0.900884 1.37097 -0.661159 -0.44712 0.200368 0.0624736 0.0102215 0.0019908 -0.454404 -0.468124 0.0152103 0.0538527 0.0195621 -0.00689371 -0.00102751 1.63371e-05 -0.287266 0.0061127 -0.122685 -0.0908261 0.292831 -0.137324 -0.0351616 0.420686 -0.171242 -0.129548 0.466461 -0.734377 3.2297 -0.066493 0.259429 -0.0197113 0.0765869 0.0348244 -0.00315876 -0.0318748 0.301976 4.51495 1.78777 -1.49917 -3.80523 -4.3782 -13.5025 9.71907 0.303631 2.02886 0.671277 -0.982802 -2.11516 2.26151 1.09276 0.161003 0.420779 -2.18571 -0.20921 0.802462 1.06238 0.375439 0.452009 0.800978 0.881705 0.427387 -0.104775 0.0562289 0.71584 -0.0970938 0.148463 0.523229 1.27475 1.40801 -0.391804 0.33601 0.586005 0.493178 0.152776 -0.101263 0.179662 0.0310057 -0.0500285 -0.271503 0.173216 0.38861 0.32501 0.231768 0.256278 0.626495 0.0342782 -0.539573 -0.41341 -0.870534 -0.445225 -0.215927 0.00210011 0.100929 -0.486564 0.223901 -0.0796257 -0.891175 -0.710322 -1.02763 -0.500595 -0.317605 -0.131979 -0.384964 -0.014258 -0.163767 -0.307122 0.0516307 9.23899 -5.54956 0.609862
 2.18808e-06 -0.12563 0.00522222 3.83408e-07 -0.0326912 0.00471248 -7.13312e-08 -0.001752 0.00891427 -0.00826541 -0.00842044 0.0380564 -8.45298e-07 0.00598269 0.000125428 -8.92384e-07 0.00955924 9.57879e-05 -3.39637e-06 -58.9745 4.38886 -8.76237e-07 0.0220027 -0.000494264 0.0129461 -0.251778 0.0349149 -0.00329054 -0.0334974 0.0146184 0.024007 0.0136174 -0.0188535 -0.0465454 -0.193014 0.125886 0.00529213 0.00490806 0.00015906 0.00947175 0.00218744 0.000277906 0.0281831 -1.13966e-05 0.000174751 0.00627639 0.00759913 -0.00185471 0.0271168 -0.0311102 -0.0736602 0.0482812 -0.0311142 0.0766201 0.0533837 -0.081298 0.0382814 0.0261133 -0.0127076 -0.00298298 -0.000580888 -0.000121365 0.0282526 0.0281397 -0.000949649 -0.00211292 -0.0013049 0.000457485 2.22743e-05 -8.81594e-07 0.0158518 -0.000327045 0.00691264 0.00512656 -0.0165362 0.00734052 0.00196046 -0.0234867 0.00916964 0.00718506 -0.0258644 0.0462817 -0.188683 0.00386312 -0.0156707 0.0011905 -0.00423056 -0.00208781 0.000190304 0.00191004 -0.0185373 -0.2665 -0.109817 0.0827276 0.231665 0.2785 0.809227 -0.58807 -0.0159065 -0.123957 -0.0430218 0.0595608 0.127397 -0.136343 -0.0660248 -0.0100586 -0.0257844 0.131179 0.0124055 -0.0483158 -0.063955 -0.0225552 -0.0270748 -0.0481097 -0.0532598 -0.0260247 0.00619214 -0.00334967 -0.0430749 0.00559777 -0.00923949 -0.0316592 -0.0766784 -0.0846533 0.0233151 -0.0203405 -0.0352364 -0.0295877 -0.00924309 0.00590987 -0.0108804 -0.00191138 0.00299623 0.0162622 -0.0104373 -0.0232929 -0.0194813 -0.0140308 -0.0155331 -0.0375622 -0.00196103 0.0323078 0.0246526 0.0521559 0.0266592 0.0129191 -9.49302e-05 -0.00608872 0.0292397 -0.0134082 0.00475044 0.0535185 0.0427801 0.0616731 0.0300094 0.0190182 0.00788608 0.0229587 0.000877045 0.00978474 0.018283 -0.00342315 -0.554465 0.333433 -0.0365393
 7.70412e-10 -9.43243e-05 3.64989e-06 4.90993e-10 -3.6057e-05 4.83512e-06 9.49352e-10 3.44593e-06 -1.74733e-05 1.98011e-05 1.00804e-05 -4.58912e-05 -7.99988e-10 4.44391e-06 1.1296e-07 -9.41183e-10 7.43443e-06 5.36081e-08 -8.72772e-10 1.33591e-05 -8.76237e-07 1000 2.01537e-05 -4.85731e-06 0.000124464 -0.000347128 4.60253e-05 -6.03893e-06 -3.37185e-05 1.42918e-05 0.00011226 0.00012418 -0.000168253 0.000176061 -2.77446e-05 1.05541e-05 -3.26819e-05 9.36101e-07 2.93075e-07 -0.000105728 1.88333e-05 6.89439e-07 8.60158e-05 -7.00733e-05 3.22554e-06 -1.80001e-06 -2.42769e-06 1.01671e-06 1.8029e-05 5.92243e-05 -3.85262e-05 4.31618e-06 -5.40567e-05 6.87861e-05 0.000101764 -0.000149696 -3.06272e-05 9.57459e-05 -7.10533e-06 -3.09957e-05 -9.02452e-06 7.25877e-07 1.90212e-05 9.77603e-06 -5.65355e-07 7.85858e-06 -1.69425e-06 5.62542e-07 1.43234e-07 -7.80881e-10 1.05639e-05 -4.64904e-07 -2.69177e-08 1.25175e-06 -3.90725e-06 -1.17817e-05 -1.33226e-06 1.60181e-05 7.59659e-06 7.32306e-06 -2.6251e-05 5.42999e-05 -0.000233433 7.00709e-06 -1.5361e-05 1.12424e-06 -5.80537e-06 -1.028e-06 -2.20541e-08 1.05712e-06 1.72875e-05 -5.92436e-06 2.80603e-05 0.000132545 0.000114685 8.37791e-05 -6.30821e-06 9.21757e-05 -0.000174289 -0.000120093 -3.19223e-05 0.000232445 -4.09686e-05 -0.000167858 9.78887e-05 4.91203e-05 0.000164407 -5.88082e-05 0.000139786 -4.55437e-05 2.09991e-06 1.51022e-05 1.31859e-05 1.8683e-06 4.07596e-05 8.82528e-05 -2.49972e-06 -2.88587e-05 -4.34656e-05 4.49207e-05 3.44503e-06 1.68712e-05 7.56432e-06 2.06111e-06 1.45359e-06 -5.63271e-06 -8.08688e-06 -1.23689e-05 5.03693e-06 -3.05647e-05 -2.74804e-05 -4.06035e-05 -3.84618e-05 -8.70759e-06 1.45681e-05 -1.29087e-05 -8.67119e-06 -1.82668e-05 -6.17348e-05 -9.66587e-05 -3.64076e-05 3.54628e-05 1.4877e-05 -8.91536e-06 -2.1848e-06 -2.55033e-06 -1.61713e-05 -7.36013e-06 1.49925e-06 -5.35498e-05 -5.18073e-05 -4.81791e-05 -5.91033e-05 -2.36568e-05 -1.97465e-05 -1.7633e-05 -1.75866e-05 4.33366e-05 -1.39177e-06 5.86114e-06 8.11935e-06 -1.27302e-05 -0.000440596 0.000250334 -3.14011e-05
