 1000 0.00606435 -0.000197383 6.246e-09 -0.000504685 5.86473e-05 -3.44724e-09 -7.90957e-06 3.58624e-05 -0.00010832 -7.26017e-05 0.000275818 1.53391e-09 -1.02577e-05 1.21276e-07 1.55531e-09 -1.75696e-05 1.98233e-07 3.13585e-10 -3.44915e-05 1.73935e-06 7.43678e-10 -1.97481e-05 4.89099e-07 -0.000349715 -0.000754594 9.06469e-05 -6.15907e-05 -0.000635775 0.000231587 -0.000146702 -0.000167547 0.000206075 -0.000250107 -0.000373201 0.000219038 -7.75597e-06 1.01389e-06 6.93783e-07 -0.000488616 0.000114769 3.05789e-06 -0.000153312 4.48917e-05 2.28982e-08 -7.03594e-06 -1.4149e-05 3.58719e-06 4.01625e-05 -0.000241067 -0.000276998 0.00018396 2.24196e-06 4.80855e-05 -5.02929e-05 6.23518e-05 -0.000154265 -0.000115737 -0.000145471 0.000114899 3.45579e-06 -2.47558e-07 5.87285e-05 4.44271e-06 -2.36442e-06 5.83324e-05 2.29958e-06 -6.46116e-07 -1.88605e-07 1.11472e-09 -3.54577e-05 1.12652e-06 -8.77742e-06 -1.00994e-05 2.673e-05 -4.53717e-05 -1.28499e-05 0.000125591 1.26365e-06 1.90152e-06 -5.26638e-06 -0.000123343 0.000433476 -6.42886e-06 -1.10907e-05 6.06435e-07 -6.45473e-06 -1.45596e-06 -3.35839e-07 1.8008e-06 -5.21938e-05 0.000109832 -2.96059e-05 -0.000264804 -7.467e-05 6.95194e-05 -0.000293528 0.000535935 -0.00013071 -0.000420908 -0.000210844 0.000122597 -1.89049e-05 5.53366e-06 -2.29136e-05 -3.07974e-05 8.8288e-06 2.07761e-05 -0.000114693 0.000208033 -0.00019254 6.97343e-06 3.84179e-06 -4.91566e-06 -2.30216e-05 -1.1671e-05 -7.02176e-06 -1.50959e-05 7.76357e-05 -6.44628e-05 -2.08745e-05 -3.8072e-05 -2.69047e-05 -1.75623e-05 3.61548e-06 -2.28823e-05 -3.09304e-05 0.000195612 -8.88139e-05 4.85479e-05 -9.16271e-06 1.2538e-05 3.12619e-05 3.21041e-07 4.21723e-05 1.23415e-05 9.17376e-05 5.51994e-05 3.88613e-05 2.38283e-05 1.53608e-05 3.32543e-05 6.89077e-06 -1.97623e-06 4.05558e-05 6.47567e-06 5.53956e-05 8.556e-05 4.06644e-05 4.71432e-05 4.64242e-05 1.2391e-05 4.23558e-05 9.31805e-06 2.30692e-05 2.46633e-05 2.5329e-05 -2.82121e-05 6.83532e-06 1.22361e-05 2.43347e-05 -2.22424e-05 -0.000453722 0.000190418 -4.50831e-05
 0.00606435 626.223 -18.7489 -0.000375383 29.682 -3.44969 0.000296523 0.858543 -3.93734 6.07285 4.64615 -17.6608 -0.000117834 0.788456 -0.00585155 -0.000113798 1.32834 -0.0107382 -5.40601e-05 1.60726 -0.082361 -6.40647e-05 1.51095 -0.0341845 24.5439 40.9089 -4.97376 3.15799 33.0129 -12.0255 11.2497 9.72538 -12.0488 19.4738 21.1938 -12.6135 0.279894 0.0497199 -0.0434251 27.5946 -6.39364 -0.171392 10.938 -3.36099 0.0221412 0.743904 0.87941 -0.224657 -0.303273 13.0895 12.262 -8.66993 -1.38662 -0.613882 5.40908 -6.93954 8.62849 8.62324 8.72324 -7.37154 -0.239813 0.0205453 -3.74975 0.854766 0.125529 -3.87752 -0.2137 0.0610472 0.0108867 -8.0547e-05 2.36437 -0.0719468 0.693149 0.694564 -1.84234 2.44303 0.70925 -6.90171 0.0638522 0.19381 -0.510633 8.09664 -30.8917 0.51767 1.32808 -0.0841021 0.20027 0.0879074 0.00328498 -0.091664 4.32491 -4.28 1.68147 13.5299 3.93198 -6.59593 -0.439071 2.88071 -5.91664 17.462 10.2336 -2.59066 -1.54375 -0.997782 2.25348 7.55884 4.03974 -1.82241 -8.80415 5.17912 0.459527 0.744505 -1.4178 -0.132834 2.12179 2.4693 1.01797 1.71231 -1.33213 1.68346 2.13385 2.22724 1.64523 1.25481 1.19232 1.15998 0.960681 -2.46333 -2.39196 2.08959 0.0161619 -0.450371 -1.68369 -2.24398 -1.20941 -3.07888 -3.91617 -2.98674 -0.709829 -1.40565 -2.05406 -1.46058 -0.963522 -1.06815 -2.74727 -2.57138 -1.26433 -3.25552 -3.65413 -1.25564 -2.04601 -3.7785 -3.56666 -2.61101 -2.00275 -1.68262 -1.54335 2.1751 -0.524765 -0.465848 -1.00173 1.06146 22.2695 -11.6309 1.82226
 -0.000197383 -18.7489 1.4159 1.17085e-05 -0.923423 0.10732 -9.8848e-06 -0.0286098 0.131313 -0.190016 -0.144298 0.548509 4.42809e-06 -0.0307073 0.000182183 3.8913e-06 -0.0476001 0.000353884 1.65954e-06 -0.0550481 0.00280131 1.96947e-06 -0.0507419 0.00113607 -0.764017 -1.2721 0.154669 -0.101024 -1.0265 0.373921 -0.350668 -0.302952 0.375335 -0.606555 -0.659511 0.392524 -0.0213175 -0.00803414 0.0015087 -0.861303 0.191769 0.0053596 -0.348332 0.0885495 0.00038186 -0.028963 -0.0335555 0.00837246 0.0037975 -0.406427 -0.381273 0.269539 0.0417874 0.0181249 -0.169108 0.217008 -0.269533 -0.268342 -0.271499 0.229438 0.00746095 -0.000638805 0.116959 -0.0267031 -0.00392315 0.12119 0.00639865 -0.00182768 -0.000273455 2.75084e-06 -0.0822148 0.00243236 -0.0237432 -0.023242 0.0616734 -0.0758009 -0.0221116 0.215159 -0.0029034 -0.00667565 0.0176363 -0.242415 0.968699 -0.0162353 -0.0413395 0.00261799 -0.00617824 -0.00271966 -9.89371e-05 0.00283317 -0.134498 0.135554 -0.053472 -0.4196 -0.124962 0.208931 0.0147829 -0.0922161 0.184334 -0.539712 -0.318315 0.0803956 0.0484826 0.0307411 -0.0706133 -0.235397 -0.126017 0.0564054 0.274121 -0.161809 -0.0133754 -0.0231674 0.0440271 0.00401971 -0.0662741 -0.0770962 -0.0314304 -0.0527319 0.0410983 -0.052295 -0.0666562 -0.0693658 -0.0512518 -0.039016 -0.0371262 -0.0360764 -0.0296971 0.0758053 0.0747146 -0.0651803 -0.000426225 0.0140097 0.0522717 0.0696751 0.0373192 0.0955424 0.121344 0.0925084 0.0217844 0.0435893 0.0638761 0.0452984 0.0298991 0.0332287 0.0852697 0.0799965 0.0392424 0.100912 0.113564 0.0389378 0.0633987 0.11744 0.110916 0.0811901 0.0622079 0.0522331 0.0479091 -0.0676667 0.0163094 0.014403 0.0308918 -0.0331233 -0.690341 0.360615 -0.0564763
 6.246e-09 -0.000375383 1.17085e-05 1000 0.00275383 -0.000326932 -1.37338e-09 -3.24064e-06 1.47458e-05 -6.64042e-05 -4.94965e-05 0.000187975 -1.04565e-09 9.37787e-06 9.7524e-08 1.72135e-10 1.98001e-06 1.19494e-07 3.99887e-10 3.29146e-07 6.91773e-08 2.63298e-10 3.20503e-06 -9.27229e-09 -0.000222795 -0.000496636 5.97688e-05 -4.05572e-05 -0.00044369 0.00016175 -9.36007e-05 -0.000125211 0.000153481 -0.000156165 -0.000336752 0.000195648 7.08047e-05 1.34385e-05 1.26207e-08 -0.000285401 9.29497e-05 2.03276e-06 -6.73915e-05 9.28206e-05 -3.77253e-06 1.8701e-05 9.99383e-06 -1.94961e-06 3.42852e-05 -9.46158e-05 -2.91929e-05 3.37084e-05 -1.46886e-05 5.75515e-05 -2.10651e-05 2.40364e-05 -0.000101252 -9.05e-05 -7.57256e-05 6.92965e-05 1.18936e-05 -9.00158e-07 5.17386e-05 2.04543e-05 -5.37522e-06 0.000126175 6.73282e-06 -1.98906e-06 -7.84364e-07 -1.11099e-10 6.68154e-06 1.11254e-07 -7.49544e-07 -2.24033e-06 5.82847e-06 -2.27414e-05 -7.83627e-06 7.55962e-05 2.06077e-06 -6.77162e-07 1.60099e-06 -8.02413e-05 0.000198324 -3.14099e-06 -5.88371e-06 3.34514e-07 -8.12851e-06 -1.3656e-06 -1.57466e-07 1.53039e-06 -5.26044e-05 6.20801e-06 5.73716e-07 -0.000108684 -9.3696e-05 -0.000117121 8.21929e-05 1.18269e-05 -5.01239e-05 -5.09365e-05 2.88677e-06 7.17951e-06 -9.49992e-06 1.50792e-05 -3.3465e-05 5.79749e-05 -2.93281e-05 3.26807e-05 1.50935e-05 -4.76193e-05 1.58811e-06 8.38456e-06 3.79615e-05 -6.73269e-06 -7.50583e-06 -2.94721e-05 4.60964e-06 -1.08946e-05 -1.38112e-05 2.14458e-05 -2.98815e-06 4.99827e-05 -5.84213e-06 -6.66251e-05 -0.000125114 -0.000183915 -5.84911e-05 0.000178811 3.47216e-05 5.96792e-05 -1.28532e-05 4.82296e-06 5.2028e-05 -6.40878e-06 2.56222e-05 -1.6179e-05 6.66865e-05 2.0521e-05 3.9349e-05 -3.52409e-05 -3.6014e-05 -2.20976e-05 -2.60633e-05 6.32827e-05 7.12615e-05 1.43298e-05 1.44001e-06 5.03485e-05 5.08258e-05 6.25354e-05 3.59577e-05 -4.44428e-05 5.40518e-05 1.10004e-05 1.73374e-05 1.66066e-05 1.66515e-05 -2.17502e-05 6.19834e-06 1.19728e-05 5.75477e-06 -3.76208e-05 -0.000345793 6.00453e-05 -4.8626e-05
 -0.000504685 29.682 -0.923423 0.00275383 768.771 -88.4856 0.000103824 0.274977 -1.23086 5.25136 4.37921 -16.6385 6.66695e-05 -0.624298 -0.0047211 -2.61244e-05 -0.00605068 -0.00609963 -3.69788e-05 0.140406 -0.0108641 -2.54998e-05 -0.0926868 -0.00103502 19.6641 31.7668 -3.86955 2.31752 26.6088 -9.69391 11.412 8.08292 -10.0716 17.643 17.7997 -10.6347 -5.25231 -0.835512 0.000480159 18.8487 -6.18519 -0.11643 7.92457 -7.69951 0.32978 -0.97247 -0.751683 0.150707 -2.24829 7.97321 2.42331 -2.83173 -0.136734 -1.18124 3.09244 -3.9318 7.59003 7.34266 8.11839 -6.65148 -0.232392 0.0193928 -3.18776 -2.91776 0.520742 -11.3893 -0.590595 0.17041 0.0580665 3.0702e-07 -0.29481 -0.00873579 0.0881874 0.201479 -0.528601 1.80394 0.582788 -5.66048 -0.0887565 0.108868 -0.27927 7.37011 -22.4197 0.383713 1.79896 -0.114206 0.439413 0.0685849 0.00792005 -0.0768912 3.76025 -0.639552 -0.960451 4.98643 3.63108 8.40827 -0.903277 0.270353 -0.433174 6.60064 0.800044 -1.90212 0.120685 1.78312 0.337129 4.31014 -0.255495 -2.32192 0.180892 2.67896 0.0163684 -0.337942 -1.37809 -1.12101 2.67863 2.37145 0.0726112 0.777622 2.18094 -0.828134 -0.333612 1.28828 2.54149 5.87135 3.71739 -1.10324 -0.702491 -0.209829 -5.12901 2.94464 0.824098 -0.598321 -1.85945 -2.43445 -1.0614 -2.13461 -2.09941 -3.28544 -0.366439 -0.00480015 -0.509272 -1.39314 -1.56559 -0.657419 -1.57638 -0.931877 -0.975576 -3.2267 -4.44811 -0.811431 -0.281731 -3.89738 -3.09695 -2.65132 -1.83119 -1.52589 -1.36798 1.70216 -0.443548 -0.593935 -1.26576 0.665509 23.4991 -12.298 1.93152
 5.86473e-05 -3.44969 0.10732 -0.000326932 -88.4856 11.1653 -1.29127e-05 -0.0343025 0.153932 -0.610533 -0.508804 1.93317 -7.07115e-06 0.0669935 0.000548867 3.41432e-06 -0.0059201 0.000729865 4.24245e-06 -0.0200496 0.00143939 2.89121e-06 0.008242 0.000169564 -2.28593 -3.69207 0.449736 -0.272565 -3.0924 1.1266 -1.32678 -0.939743 1.17095 -2.05101 -2.06866 1.23597 0.597185 0.0921937 7.58391e-05 -2.1936 0.712999 0.0135577 -0.929175 0.878237 -0.0372192 0.108117 0.08153 -0.0162258 0.259556 -0.92652 -0.281971 0.329261 0.0138939 0.136295 -0.360318 0.458181 -0.883167 -0.853401 -0.94371 0.77317 0.026981 -0.00225151 0.370623 0.338729 -0.0604953 1.32329 0.0690061 -0.0199099 -0.00680667 2.01928e-07 0.0260664 0.00119919 -0.0126776 -0.0252362 0.066289 -0.209632 -0.0677737 0.658272 0.00919253 -0.0134715 0.0346719 -0.846216 2.61272 -0.044717 -0.209008 0.0132687 -0.0509231 -0.00795796 -0.000917902 0.00892067 -0.436901 0.0774704 0.109069 -0.57958 -0.421235 -0.975338 0.104253 -0.031219 0.0504402 -0.766811 -0.092245 0.221211 -0.0136308 -0.207312 -0.0396478 -0.501368 0.0293059 0.269492 -0.0209739 -0.310985 -0.00195354 0.0392392 0.159916 0.130095 -0.311469 -0.275714 -0.00833179 -0.0899524 -0.253206 0.0958555 0.0383687 -0.150009 -0.295367 -0.68182 -0.43151 0.12845 0.0817499 0.0239879 0.595674 -0.342199 -0.0956334 0.0695423 0.215919 0.282727 0.123138 0.247931 0.243724 0.381477 0.0423728 0.000679152 0.0593467 0.161913 0.181906 0.0762818 0.183039 0.108364 0.113472 0.374744 0.516683 0.0941963 0.0326722 0.452864 0.359823 0.308015 0.212711 0.177251 0.1589 -0.19784 0.0515302 0.0689387 0.146906 -0.077377 -2.72871 1.42823 -0.224254
 -3.44724e-09 0.000296523 -9.8848e-06 -1.37338e-09 0.000103824 -1.29127e-05 1000 -4.98257e-05 0.00013124 0.000184185 0.000111445 -0.000422831 2.73573e-09 -2.02542e-05 -8.40303e-08 1.84306e-09 -2.57982e-05 -3.33707e-08 1.02714e-09 -1.98763e-06 4.37588e-09 7.8489e-10 -2.14645e-05 3.61591e-07 0.00023767 0.000248137 -3.19224e-05 9.26432e-06 0.000176439 -6.5042e-05 0.000211474 2.74541e-05 -3.95781e-05 0.000380094 -0.000154257 7.45802e-05 -2.63103e-05 -1.2774e-05 -1.63089e-07 -0.000164409 2.63832e-05 2.0335e-07 7.44514e-05 -8.46896e-05 3.68272e-06 -1.78815e-05 -1.9155e-05 3.83062e-06 1.54865e-05 5.89111e-05 -9.84654e-05 3.41615e-05 -1.31327e-05 -0.000399296 0.000181855 -0.000213628 -0.000231614 5.74713e-05 4.76095e-05 -3.7016e-05 3.73396e-05 -2.33964e-06 -4.94119e-05 9.08303e-06 8.40907e-07 -2.27256e-05 1.23069e-06 -3.36344e-07 1.18687e-07 1.77225e-09 -5.3745e-05 6.95505e-07 -8.91525e-06 -9.13032e-06 2.45987e-05 -6.6534e-05 -1.29757e-05 0.000130944 -1.64572e-05 -1.12555e-05 3.02496e-05 -2.46986e-05 0.000197226 -1.02272e-06 -3.77018e-05 2.70661e-06 2.13382e-05 2.89577e-06 -3.73839e-07 -2.53607e-06 1.4301e-05 0.00019857 3.23061e-05 -0.000171063 2.54696e-05 0.00015909 0.000748243 -0.000835611 0.000365611 -1.52277e-05 -1.81117e-05 -3.97076e-05 -0.000192542 0.000289876 -0.000210436 0.000255695 -1.11219e-05 -0.000101851 1.17394e-05 2.73487e-05 9.12186e-06 -8.96356e-06 -1.57006e-05 -1.52519e-06 -1.98324e-05 1.16771e-05 0.000254803 -0.000344262 9.47539e-05 4.56707e-05 1.66687e-05 -4.85122e-05 1.27892e-05 4.09894e-05 -3.36298e-05 -2.51643e-05 -4.16487e-05 0.000188131 8.88281e-05 2.56904e-05 -9.83713e-05 -1.00772e-05 -2.04843e-05 -3.70924e-05 -5.43116e-05 6.83018e-05 -5.10093e-05 -2.63663e-05 -6.26105e-05 -0.000196066 -8.40642e-05 2.26788e-05 -0.000181568 0.00012465 7.43463e-05 1.9638e-05 2.63726e-05 9.58738e-05 -0.000173622 1.58231e-05 -0.000244489 -8.86624e-06 0.000208718 -9.21983e-05 -4.01973e-05 -3.21204e-05 -2.52163e-05 4.71747e-06 -2.49252e-06 -3.12012e-05 -6.98304e-05 -4.56737e-05 0.00144801 -0.000735692 0.000120716
 -7.90957e-06 0.858543 -0.0286098 -3.24064e-06 0.274977 -0.0343025 -4.98257e-05 45.3163 -205.202 0.476618 0.277494 -1.05259 8.12532e-06 -0.0600042 -0.000221093 5.08352e-06 -0.0693988 -1.20201e-05 4.68343e-06 0.00789872 -0.000516171 3.30351e-06 -0.0801473 0.00151366 0.518671 1.33094 -0.161846 0.049904 0.698162 -0.256343 0.363624 -0.017039 0.0094591 0.825462 0.285682 -0.190159 -0.0660394 -0.0440375 -0.00102164 -0.41086 0.0564995 -0.000616349 0.150075 -0.218299 0.00784172 -0.0425135 -0.0622559 0.0117704 0.115366 0.170598 -0.510917 0.206315 0.140123 -1.33083 0.185072 -0.170083 -0.681954 0.1083 -0.0632649 0.0170296 0.0543558 -0.00161585 -0.529819 0.299217 0.00615555 -0.355566 -0.00123717 0.00038402 0.000263119 5.56865e-06 -0.16471 0.00243642 -0.0259703 -0.0264757 0.0717035 -0.260671 -0.051195 0.509032 -0.0678936 -0.050737 0.136334 -0.0925725 0.741031 -0.0049982 0.0398066 -0.00194835 0.0699033 0.00779974 0.00212119 -0.00996898 0.0425276 0.486398 0.0637842 -0.550216 0.0233562 0.690433 3.79668 -3.47934 0.472632 0.642119 0.267229 0.783811 -0.947161 0.507322 -0.972986 0.501375 0.301846 -0.253693 0.110643 0.0422009 -0.0492408 -0.0899407 -0.0786429 0.00353192 -0.0845597 -0.221692 1.14199 -0.820466 0.111306 -0.0340129 0.328651 -0.102542 0.0566061 0.0870977 0.023086 -0.0445 -0.301949 0.239702 0.0295398 0.175794 -0.234615 0.0223819 -0.110054 0.0760565 -0.237095 0.246827 -0.228781 -0.492269 -0.379056 -0.136158 0.133338 0.15976 -0.204296 0.1075 -0.200545 -0.262236 -0.228966 0.435493 -0.597399 0.440445 -0.0581378 -0.340359 -0.0673242 -0.362448 -0.176528 -0.120644 -0.0841653 -0.0174072 -0.00863802 -0.0495335 -0.0188942 0.0134612 4.48516 -2.22485 0.386504
 3.58624e-05 -3.93734 0.131313 1.47458e-05 -1.23086 0.153932 0.00013124 -205.202 953.306 -2.20412 -1.28061 4.85755 -3.82273e-05 0.282841 0.00102056 -2.3718e-05 0.325988 3.79818e-05 -2.15875e-05 -0.0348085 0.00230427 -1.52327e-05 0.371858 -0.00702468 -2.38397 -6.13076 0.74556 -0.224439 -3.19963 1.17492 -1.67395 0.0915197 -0.0592923 -3.8048 -1.29914 0.866582 0.31592 0.213929 0.00448878 1.93006 -0.260986 0.00269698 -0.675556 1.02879 -0.0376682 0.204771 0.296687 -0.0564002 -0.540252 -0.784333 2.35883 -0.95312 -0.645802 6.15773 -0.849468 0.778114 3.17181 -0.495615 0.298747 -0.0839839 -0.252112 0.00750753 2.43879 -1.38548 -0.0278247 1.62851 0.00547868 -0.00170719 -0.00121258 -2.62637e-05 0.776244 -0.0115968 0.124516 0.126848 -0.343343 1.21522 0.238397 -2.37041 0.317741 0.235773 -0.633665 0.417467 -3.48321 0.0239779 -0.182961 0.00893904 -0.32996 -0.0361263 -0.00981073 0.0461595 -0.1951 -2.26651 -0.296609 2.56058 -0.107531 -3.22621 -17.5475 16.0905 -2.18669 -2.97442 -1.21109 -3.62896 4.37935 -2.34703 4.50472 -2.31643 -1.39354 1.17355 -0.512564 -0.194488 0.227513 0.416052 0.362993 -0.0162753 0.393962 1.02733 -5.28311 3.79436 -0.515818 0.158146 -1.51775 0.476139 -0.260629 -0.40211 -0.105914 0.206686 1.39628 -1.11038 -0.137915 -0.812441 1.08566 -0.103843 0.508462 -0.351578 1.09719 -1.14253 1.05778 2.27737 1.75447 0.630544 -0.617349 -0.739625 0.946258 -0.498282 0.926481 1.21206 1.05809 -2.01551 2.76313 -2.03816 0.270307 1.57356 0.308264 1.67607 0.816091 0.557712 0.388875 0.0816046 0.0397861 0.229704 0.0896508 -0.0581788 -20.7511 10.2914 -1.78853
 -0.00010832 6.07285 -0.190016 -6.64042e-05 5.25136 -0.610533 0.000184185 0.476618 -2.20412 917.651 -52.2737 193.002 -2.14741e-05 0.164631 -0.000603679 -2.31689e-05 0.359955 -0.00167083 -4.10874e-08 0.0800989 -0.00378405 1.54065e-05 -0.289997 0.00648181 4.47958 4.26306 -0.537386 0.594087 2.77057 -1.0099 3.72084 0.426788 -0.625627 5.54503 0.194557 -0.286344 1.53171 0.579574 -0.0217967 4.74942 -0.603251 -0.0322828 3.43828 0.79859 -0.0953661 0.749326 0.751957 -0.17105 1.96766 3.44941 -3.25155 0.789967 -0.502769 -3.1434 4.05534 -5.02836 2.10922 4.70019 -0.625054 -1.09471 0.714038 -0.0407304 -0.949429 2.69459 0.146074 -5.58737 -0.288591 0.0824574 -0.00286717 -3.13517e-05 0.907501 -0.0247951 0.336968 0.300817 -0.797871 1.13609 0.357771 -3.42262 -0.373876 -0.389597 1.05178 1.15484 -8.55999 0.172383 0.229692 -0.0154884 0.681291 0.00592791 -0.0163735 0.0104696 0.580932 1.1396 -1.15735 -3.48114 4.13646 3.18929 -7.57798 1.01572 0.22662 13.6266 3.58711 -7.09049 1.70173 -1.28152 -0.140165 3.82274 8.80567 9.89584 -14.1955 0.459198 2.79674 1.67451 0.236037 -0.255223 -0.0888713 2.23305 -3.50912 0.736789 1.90088 -2.52811 1.12732 0.6703 -0.790233 0.328383 -0.729095 1.09747 -3.41598 5.94049 -6.82123 5.02703 -1.48881 -0.837714 0.597796 -4.05427 0.0634321 -3.09731 -1.32474 1.07925 0.041436 -0.0761304 0.560163 -1.41926 -0.964764 0.501699 -0.630738 -2.44433 0.00289081 0.152732 -1.08092 -0.277247 -2.21991 0.349502 0.229283 -1.41898 -3.05236 -1.19565 -0.88191 0.557438 -0.0917302 0.27959 0.296335 10.5103 6.95637 -8.31873 -0.237481
 -7.26017e-05 4.64615 -0.144298 -4.94965e-05 4.37921 -0.508804 0.000111445 0.277494 -1.28061 -52.2737 33.7669 -123.706 -1.05047e-05 0.0771385 -0.000507934 -1.34648e-05 0.201375 -0.00129915 9.10425e-07 0.125672 -0.00636343 8.20885e-06 -0.206847 0.00397761 3.02377 5.50588 -0.666455 0.615044 4.34835 -1.58438 1.25451 1.21344 -1.49843 2.42266 3.11357 -1.83893 0.734567 0.275494 -0.0130235 3.12838 -0.546593 -0.0194494 1.62572 0.36757 -0.0488612 0.303971 0.415817 -0.0951064 -0.336643 1.20756 0.868403 -0.669234 -0.377005 -0.452934 0.801575 -1.01217 1.13744 0.921299 1.18031 -0.924298 -0.11265 0.00757254 -0.638686 -0.125945 0.0650579 -1.61982 -0.0877657 0.0254019 -0.0057718 -1.8936e-05 0.573485 -0.0150492 0.181816 0.189676 -0.503972 0.619264 0.148389 -1.46105 0.0499075 0.0638688 -0.171133 0.21873 -2.79032 0.0460323 0.259671 -0.0168489 0.228442 0.0104268 0.00376081 -0.0142549 0.4986 -0.878056 -0.629972 0.97943 4.68085 3.29839 -2.54128 -1.98863 0.719088 0.346798 -0.28838 0.172325 1.37107 -0.166977 -1.95235 -0.0126741 1.68037 0.989944 -0.590307 0.329317 -0.11274 -0.0396891 -0.20645 -0.16364 0.326301 0.549834 -0.415418 0.0174888 0.49249 -0.183558 0.323834 0.175725 0.160719 0.374244 0.717817 0.00337888 -0.0699336 0.39268 -0.898738 0.25438 -0.0355978 -0.160334 -0.268568 -0.674235 0.0702142 -0.338842 -0.53047 -0.463418 -0.361924 -0.0852249 -0.520477 -0.181656 -0.092822 -0.073276 -0.283861 -0.397416 -0.115672 -0.372148 -0.532598 -0.106571 0.0157132 -0.471347 -0.598375 -0.389662 -0.280622 -0.236348 -0.232039 0.22059 -0.060025 -0.132361 -0.215229 -0.271827 4.05351 -0.925571 0.522102
 0.000275818 -17.6608 0.548509 0.000187975 -16.6385 1.93317 -0.000422831 -1.05259 4.85755 193.002 -123.706 470.414 3.93969e-05 -0.288528 0.00192983 5.08313e-05 -0.758592 0.00491288 -3.51223e-06 -0.471648 0.0238965 -3.11104e-05 0.790706 -0.0152144 -11.4972 -20.897 2.52967 -2.3363 -16.494 6.00983 -4.79771 -4.5923 5.67227 -9.23094 -11.7897 6.96505 -2.78679 -1.03395 0.0492345 -11.9065 2.09362 0.0739899 -6.18151 -1.37079 0.184098 -1.1458 -1.57287 0.359704 1.27199 -4.60956 -3.2397 2.51883 1.45641 1.75421 -3.08291 3.89183 -4.33598 -3.537 -4.46118 3.51045 0.420859 -0.0283477 2.4471 0.45859 -0.249339 6.22396 0.331908 -0.0960611 0.0222484 7.18826e-05 -2.17604 0.0571302 -0.688106 -0.719506 1.9117 -2.39599 -0.57134 5.62547 -0.196048 -0.247698 0.663735 -0.833031 10.7057 -0.176793 -0.987684 0.0640825 -0.868745 -0.0394957 -0.0140737 0.0538239 -1.89381 3.33263 2.39615 -3.69291 -17.742 -12.5449 9.70477 7.52003 -2.7093 -1.49735 1.10515 -0.582309 -5.20841 0.643958 7.39274 0.0101144 -6.44689 -3.84278 2.36939 -1.25319 0.401527 0.134128 0.782036 0.624186 -1.23766 -2.10592 1.60817 -0.0715892 -1.88156 0.718224 -1.23982 -0.672371 -0.602677 -1.422 -2.71193 -0.0239558 0.297587 -1.54188 3.46668 -1.01013 0.148336 0.614391 1.01204 2.58929 -0.267658 1.31076 2.02189 1.74571 1.36999 0.323419 1.96556 0.699624 0.35919 0.273335 1.08098 1.52724 0.438406 1.40719 2.02725 0.406165 -0.0407327 1.7821 2.26599 1.4892 1.09028 0.905869 0.886876 -0.840945 0.228168 0.497975 0.80826 0.922342 -15.4172 3.58349 -1.97517
 1.53391e-09 -0.000117834 4.42809e-06 -1.04565e-09 6.66695e-05 -7.07115e-06 2.73573e-09 8.12532e-06 -3.82273e-05 -2.14741e-05 -1.05047e-05 3.93969e-05 1000 1.79471e-05 -5.94641e-06 -1.44588e-09 2.14722e-05 2.98669e-07 -3.22967e-10 1.40351e-05 -3.82988e-07 -6.28897e-10 2.1535e-05 -9.11029e-08 -0.000195584 -0.00053573 6.54407e-05 -1.15992e-05 -0.000188858 6.96541e-05 -2.40182e-05 4.17898e-05 -4.93768e-05 -5.64668e-05 7.40222e-05 -3.92904e-05 4.06045e-05 9.28433e-06 3.90503e-07 -0.00018419 6.0137e-05 2.69128e-06 6.50796e-06 4.77732e-05 -1.98837e-06 1.78449e-05 1.49801e-05 -2.72107e-06 6.81293e-05 -2.40042e-05 -0.000125758 6.50605e-05 -7.66665e-06 4.84086e-05 4.2619e-05 -5.73744e-05 0.00015053 -2.89006e-05 -1.44183e-05 1.31916e-05 -1.28482e-05 7.14218e-07 -2.1977e-05 1.55376e-05 2.37588e-06 -7.49542e-05 -2.374e-06 6.70416e-07 -1.06419e-07 -9.24257e-10 3.0114e-05 1.92377e-08 6.03577e-06 4.31906e-06 -1.17403e-05 2.54334e-05 7.45024e-06 -7.55198e-05 5.40253e-06 6.42573e-06 -1.76362e-05 1.216e-05 -0.000122278 2.45609e-07 -1.73043e-05 1.15362e-06 2.59122e-06 -1.20355e-06 2.66639e-07 9.42488e-07 -8.03535e-05 -0.00019637 -4.81332e-05 9.24311e-05 -2.6716e-05 -3.18084e-05 -2.57749e-06 4.02999e-05 -0.00014634 -6.27862e-05 -5.96733e-06 0.000325273 -1.28143e-05 -0.000282029 6.16343e-05 0.000180082 0.000194391 1.01561e-05 4.14505e-05 -1.88641e-05 -7.77414e-05 4.32968e-05 8.51907e-05 -3.58342e-05 -7.32595e-06 -7.53983e-05 -2.86032e-05 2.59374e-05 2.67316e-06 3.31095e-05 4.32654e-05 -4.41573e-06 -1.74412e-05 -8.93283e-06 -3.04837e-05 -3.63927e-05 -5.21524e-05 -3.69433e-05 -3.0413e-05 -4.11905e-05 -9.22174e-06 1.78393e-05 3.26267e-05 2.07423e-05 2.2805e-05 3.6126e-05 3.92036e-05 1.48534e-05 -2.45436e-05 -3.7932e-05 -5.10216e-07 1.45984e-05 1.66218e-05 -2.52242e-05 -5.76458e-06 -1.23901e-05 -2.94816e-06 1.33644e-05 -1.71027e-05 1.56143e-06 6.27618e-05 6.59137e-05 2.18478e-05 -1.45155e-05 -6.56267e-06 -2.5066e-06 -2.71062e-06 -1.1306e-05 9.06405e-06 1.2571e-05 4.72613e-05 3.4162e-05 -0.000601133 0.000419036 -3.21706e-05
 -1.02577e-05 0.788456 -0.0307073 9.37787e-06 -0.624298 0.0669935 -2.02542e-05 -0.0600042 0.282841 0.164631 0.0771385 -0.288528 1.79471e-05 999.862 -0.0745916 1.0617e-05 -0.162785 -0.00220522 1.72281e-06 -0.0994594 0.00251174 4.08272e-06 -0.15781 0.000407435 1.72943 4.12403 -0.507087 0.0740221 1.32495 -0.489795 0.236168 -0.297441 0.349007 0.6364 -0.392597 0.194579 -0.34341 -0.075932 -0.00310738 1.17631 -0.414056 -0.0199573 0.0133 -0.428157 0.0174791 -0.142789 -0.121655 0.0223168 -0.544949 0.31296 1.01111 -0.549185 0.0110246 -0.363491 -0.229164 0.31388 -1.27838 0.345093 0.0882522 -0.12281 0.0841014 -0.00438196 0.194285 -0.102252 -0.0197582 0.604235 0.0181065 -0.00510528 0.000833379 6.77734e-06 -0.224352 -0.000578767 -0.0472489 -0.0323306 0.0879415 -0.230607 -0.0649392 0.657149 -0.0426657 -0.0458219 0.126077 -0.034217 0.704399 0.00659102 0.120467 -0.00819617 -0.0298107 0.010496 -0.00169541 -0.00884974 0.722519 1.7572 0.421684 -0.805232 0.321897 0.378075 0.0881615 -0.150756 1.01637 0.506768 0.0735224 -2.25917 -0.194055 2.03297 -0.0211396 -1.43468 -1.64415 -0.247434 -0.0486145 0.179487 0.560865 -0.260797 -0.667327 0.186813 0.287872 0.518535 0.308256 -0.177709 0.0225903 -0.146061 -0.281305 0.0381895 0.164996 0.116477 0.246671 0.27551 0.409056 0.262665 0.225556 0.302186 0.0563194 -0.161045 -0.286772 -0.204258 -0.182139 -0.313919 -0.342424 -0.18617 0.0831952 0.196357 -0.0316164 -0.087436 -0.0832243 0.130392 -0.00654147 -0.0136468 0.00219583 -0.173295 0.086066 -0.0594297 -0.521315 -0.644634 -0.311558 0.0277967 -0.00767906 -0.0301315 -0.021113 0.143249 -0.0823043 -0.0933731 -0.361223 -0.270793 4.30243 -3.03362 0.224474
 1.21276e-07 -0.00585155 0.000182183 9.7524e-08 -0.0047211 0.000548867 -8.40303e-08 -0.000221093 0.00102056 -0.000603679 -0.000507934 0.00192983 -5.94641e-06 -0.0745916 0.81389 1.81226e-07 -0.00259526 1.05022e-05 4.95737e-08 -0.00193464 9.34596e-05 7.60937e-08 -0.00243201 4.94605e-05 -0.00421505 -0.00753536 0.000913627 -0.00080528 -0.00604193 0.0022014 -0.00175206 -0.00167676 0.00207222 -0.00296449 -0.00286316 0.00171495 -0.00148291 -0.000909644 2.83579e-05 -0.00649336 0.00050023 4.11344e-05 -0.00247634 -0.00109495 0.000104451 -0.000780987 -0.00135649 0.000297911 -0.000296404 -0.00127626 -0.00156894 0.00102899 1.04338e-05 -0.000139103 -0.000872206 0.00113092 -0.00111902 -0.00113657 -0.00116081 0.000977503 -2.96394e-05 1.28174e-06 0.000567168 -5.66272e-05 -1.54954e-05 0.000442268 4.36145e-05 -1.24953e-05 -1.55441e-06 8.23956e-08 -0.00259471 6.31294e-05 -0.00034525 -0.000302963 0.000806112 -0.00034455 -0.000132416 0.0012824 -0.000193628 -0.000317274 0.000844222 -0.00124915 0.00878409 -0.000143995 -0.000223767 1.42198e-05 -2.50581e-05 -3.44844e-06 2.71927e-06 7.37964e-07 -0.000779952 0.000983772 -0.000116394 -0.00117808 9.34449e-05 0.000338253 2.51901e-05 6.51985e-05 -0.00058303 -0.000935281 0.000458928 0.00191385 0.000431067 -0.00165936 -0.000709074 0.000444148 0.000849631 0.000170641 9.42563e-05 -0.00032847 -0.000414731 0.000258102 0.000696854 -0.000137399 -0.000705042 -0.00079916 -9.74003e-05 0.000446968 5.54074e-05 -0.000177458 -0.000195686 -0.000328486 -0.000314727 -0.000196136 -0.000277882 -0.000327339 -0.000270187 -6.02394e-05 -7.92559e-05 -0.000365366 -2.54658e-05 0.000153724 0.000278288 0.000142131 6.88432e-05 0.000271526 0.000306797 7.40694e-05 -0.000181657 -9.44278e-05 0.000164008 0.000108529 1.02154e-05 -7.77648e-05 7.87077e-05 0.000130133 9.27469e-05 0.00021021 0.000103374 0.000134599 0.000355335 0.000560971 0.000478924 0.0001396 0.000102005 6.57191e-05 6.10044e-05 -0.000272661 8.4406e-05 3.98177e-05 0.000141753 -0.000156568 -0.00325913 0.00238841 -0.000156246
 1.55531e-09 -0.000113798 3.8913e-06 1.72135e-10 -2.61244e-05 3.41432e-06 1.84306e-09 5.08352e-06 -2.3718e-05 -2.31689e-05 -1.34648e-05 5.08313e-05 -1.44588e-09 1.0617e-05 1.81226e-07 1000 1.73573e-05 -7.71838e-06 -4.58936e-10 1.31251e-05 -4.61894e-07 -4.97057e-10 1.41167e-05 -1.11946e-07 -0.00010016 -0.000137875 1.74012e-05 -1.20485e-05 -0.000156546 5.74242e-05 -4.42265e-05 -1.17115e-07 1.50239e-06 -7.11171e-05 -1.97679e-05 1.37797e-05 1.80171e-05 6.38157e-06 6.19417e-08 -8.96806e-05 3.01544e-05 1.11659e-06 -4.99096e-05 4.93907e-05 -1.73679e-06 1.10441e-05 9.7612e-06 -1.71111e-06 5.12304e-05 -4.95224e-05 -9.4895e-05 5.56656e-05 -3.19856e-06 4.92957e-05 2.71371e-06 -6.13194e-06 7.10664e-05 -3.82774e-05 -3.60171e-05 2.89766e-05 -7.24287e-06 4.27611e-07 -1.08152e-05 7.52204e-06 7.80069e-07 -2.73324e-05 -2.28397e-06 6.42918e-07 -3.64421e-08 -6.25213e-10 2.00382e-05 -5.95059e-08 3.4741e-06 3.21912e-06 -8.64404e-06 4.95876e-06 1.82186e-06 -1.96231e-05 2.15199e-06 5.07568e-06 -1.38055e-05 3.58405e-05 -0.000182138 3.16904e-06 -3.72949e-06 2.43919e-07 -4.12431e-07 -9.5646e-07 2.73675e-07 6.8706e-07 -6.46168e-05 -0.000110964 -4.18288e-05 5.4472e-05 6.87549e-05 5.20943e-05 -4.03415e-06 -2.3636e-05 -0.000153149 1.1588e-05 2.80615e-05 0.000397127 -0.000182338 -0.000151268 -5.1317e-05 0.00016646 0.00020603 -0.000121672 7.16564e-05 -3.74944e-05 -6.39625e-05 -1.68681e-05 4.03145e-06 1.17717e-05 -4.23959e-05 1.60585e-05 -2.09701e-05 2.68375e-06 -4.20309e-05 -1.70897e-05 2.93817e-06 -8.89188e-06 -1.76249e-05 -2.08395e-05 -3.41153e-05 -2.46293e-05 -3.31626e-05 -2.9361e-05 -2.53414e-05 -1.54964e-05 -2.57796e-05 9.45786e-06 1.59484e-05 8.43596e-06 9.63381e-06 7.52761e-06 1.8182e-05 5.05139e-06 -1.29403e-06 -1.60497e-05 -6.71516e-06 -1.44326e-05 2.15433e-05 1.85997e-06 2.34331e-06 2.67873e-06 1.52837e-05 5.64506e-05 -7.88159e-07 1.20923e-05 7.03097e-05 3.93617e-05 1.38155e-05 1.02475e-06 4.49942e-06 6.24544e-06 4.66315e-06 -6.56641e-06 6.93532e-06 1.12033e-05 3.95564e-05 1.77387e-05 -0.000411988 0.000282761 -2.2863e-05
 -1.75696e-05 1.32834 -0.0476001 1.98001e-06 -0.00605068 -0.0059201 -2.57982e-05 -0.0693988 0.325988 0.359955 0.201375 -0.758592 2.14722e-05 -0.162785 -0.00259526 1.73573e-05 999.735 -3.22198 4.63223e-06 -0.169032 0.00580282 5.75194e-06 -0.20179 0.00152162 2.08533 2.66615 -0.339962 0.13134 1.98361 -0.730203 0.873916 -0.0937252 0.0849331 1.62981 0.246253 -0.199114 -0.367438 -0.101339 -0.00179126 0.817343 -0.348625 -0.0162362 0.838173 -0.863242 0.0309649 -0.17972 -0.156117 0.028374 -0.686126 1.01806 1.25421 -0.814719 -0.0479737 -0.609103 0.0626259 -0.0482814 -1.39332 0.860946 0.467898 -0.473558 0.0499678 -0.00235327 0.305454 -0.0474631 -0.0167355 0.496256 0.0318986 -0.00895514 0.000790245 8.52305e-06 -0.278171 0.00017222 -0.0575565 -0.0449583 0.120795 -0.164403 -0.0498023 0.51882 -0.0464049 -0.0770202 0.209765 -0.346842 1.97484 -0.0212962 0.0419013 -0.00321625 -0.0277039 0.0170118 -0.00345386 -0.013635 1.18523 2.29009 0.776725 -0.947028 -0.614418 -0.378324 0.12754 0.483569 1.93436 0.223554 -0.242967 -5.62545 2.08041 2.84593 1.44703 -2.14552 -3.86059 0.996484 0.414077 0.25745 0.920658 0.204291 -0.17723 -0.359265 0.520689 0.303989 0.298721 -0.00657447 0.496159 0.407282 -0.0135182 0.178952 0.247872 0.348988 0.545371 0.392545 0.497191 0.332633 0.383948 0.141561 0.382274 -0.117983 -0.385042 -0.232499 -0.211408 -0.208589 -0.378872 -0.195281 -0.120294 0.0889938 0.0569596 0.189084 -0.266872 -0.267854 -0.0521984 -0.0119259 -0.205368 -0.916449 -0.214019 -0.266224 -1.17245 -0.994714 -0.593802 -0.246658 -0.204003 -0.204511 -0.161611 0.235832 -0.131133 -0.176708 -0.584683 -0.253082 5.3726 -3.3754 0.345812
 1.98233e-07 -0.0107382 0.000353884 1.19494e-07 -0.00609963 0.000729865 -3.33707e-08 -1.20201e-05 3.79818e-05 -0.00167083 -0.00129915 0.00491288 2.98669e-07 -0.00220522 1.05022e-05 -7.71838e-06 -3.22198 0.828326 1.64623e-08 -0.00140911 7.5585e-05 3.34396e-08 -0.0015786 4.03235e-05 -0.0109655 -0.0148769 0.0018641 -0.00167239 -0.0129387 0.00473868 -0.00505702 -0.00156543 0.00204195 -0.00887979 -0.00428987 0.00273529 -0.000363095 -0.000370933 2.9758e-05 -0.00843021 0.00136339 8.91359e-05 -0.00625257 0.000977116 6.18101e-05 -0.000685537 -0.00113268 0.000274472 0.00212012 -0.00513772 -0.00591173 0.00391829 0.000107293 0.00205315 -0.00131995 0.00159175 0.00284158 -0.00428567 -0.00317921 0.00289665 -0.000166463 7.3971e-06 -0.000483972 0.000170874 2.41411e-05 -0.000838619 -1.62928e-05 3.94644e-06 3.71534e-06 6.91966e-08 -0.00205362 7.0641e-05 -0.000288904 -0.000182367 0.00048308 1.89535e-05 -4.31405e-05 0.000301596 -0.000208648 -0.000255085 0.000666021 0.000306766 -0.00070539 -2.44761e-05 -0.00030257 2.10629e-05 -7.80007e-06 -6.5035e-05 1.43122e-05 5.10138e-05 -0.00487382 -0.00710353 -0.00363536 0.00217759 0.00297438 0.00214827 -0.000734192 -0.0019308 -0.0072875 -0.00214271 0.00253518 0.0220149 -0.00801512 -0.0112735 -0.00619303 0.007851 0.014928 -0.00393458 -0.00168163 -0.00113953 -0.0036285 -0.000762345 0.000860644 0.00144075 -0.00244589 -0.00160416 -0.00108752 0.000240527 -0.00188033 -0.00180283 -0.000258255 -0.000941943 -0.00114236 -0.00148425 -0.00223745 -0.00165668 -0.00192067 -0.00116513 -0.00140464 -0.000677768 -0.00145145 0.000501528 0.00158809 0.000942731 0.000820798 0.000904934 0.00155974 0.000718179 0.000351776 -0.000282344 -3.63616e-05 -0.000621571 0.0010272 0.0010685 0.000291084 0.00016612 0.000893316 0.00362485 0.0010116 0.00113341 0.00454271 0.00399607 0.00256614 0.00111813 0.000897778 0.000853733 0.000687552 -0.00107978 0.000536566 0.000660819 0.00215193 0.000585657 -0.021163 0.0134124 -0.00134424
 3.13585e-10 -5.40601e-05 1.65954e-06 3.99887e-10 -3.69788e-05 4.24245e-06 1.02714e-09 4.68343e-06 -2.15875e-05 -4.10874e-08 9.10425e-07 -3.51223e-06 -3.22967e-10 1.72281e-06 4.95737e-08 -4.58936e-10 4.63223e-06 1.64623e-08 1000 1.37729e-05 -3.67725e-06 -6.02486e-10 1.12805e-05 -2.42255e-07 7.76905e-05 -8.32628e-05 8.62288e-06 -3.1981e-06 -7.17032e-06 2.45383e-06 4.6029e-05 1.23512e-06 -3.00056e-06 5.61369e-05 -0.000134103 7.39904e-05 -1.37152e-05 2.41101e-06 1.62864e-09 -4.056e-05 8.23142e-06 4.29629e-08 2.52461e-05 -2.05001e-05 1.03009e-06 2.36057e-07 6.92146e-07 -3.50234e-08 1.85732e-05 4.61987e-06 -4.34019e-05 1.95992e-05 -2.57305e-05 3.52113e-05 4.41403e-05 -5.8684e-05 -2.14634e-05 4.40231e-05 -6.27071e-06 -9.12918e-06 -2.41435e-06 1.8327e-07 8.83241e-06 1.55481e-05 -9.09248e-07 1.19702e-05 -1.14555e-06 3.34077e-07 5.03287e-08 -2.76428e-10 6.96233e-06 -1.98974e-07 6.93486e-08 1.35196e-06 -3.62181e-06 -8.23194e-06 -1.36561e-06 1.37364e-05 1.96213e-06 5.29779e-06 -1.41121e-05 5.0737e-05 -0.000177984 4.18477e-06 -7.37428e-06 4.23974e-07 -2.87866e-06 -6.00681e-07 7.35949e-08 5.29805e-07 1.75317e-05 -1.41169e-05 -7.28076e-05 -5.5136e-05 0.000268301 0.000221954 -3.85815e-05 0.000275795 -0.000145827 -0.000156485 -5.0838e-05 3.90391e-05 -7.33887e-05 5.40415e-05 8.64649e-06 -2.88668e-05 3.18212e-05 2.14373e-05 2.14645e-05 -1.59172e-05 4.29726e-06 -2.06837e-05 -1.66021e-05 -2.48807e-05 -2.05666e-05 -4.99217e-06 2.2488e-05 3.96783e-06 -2.74053e-06 1.02285e-05 1.92474e-06 -3.67121e-06 -2.80537e-05 -1.87926e-05 -3.48272e-07 -1.46165e-05 -1.13983e-05 -1.21757e-05 8.1255e-06 -7.4193e-06 1.78547e-06 -6.53492e-06 -7.8551e-06 -1.79201e-05 -1.42833e-05 -2.40169e-05 -1.97634e-05 -7.5061e-06 -2.15514e-05 -3.49674e-05 -8.86971e-06 2.3314e-05 1.8092e-05 1.86256e-06 1.29072e-05 1.6632e-05 -1.29177e-05 1.49859e-05 4.13424e-07 -1.47866e-05 -1.28364e-05 -1.6859e-05 -2.57026e-05 -6.41593e-06 -2.81164e-06 -2.48769e-06 -3.96482e-06 2.74372e-05 -2.46004e-06 5.20478e-06 1.09715e-05 -6.06226e-06 -0.000254296 0.000136955 -2.01465e-05
 -3.44915e-05 1.60726 -0.0550481 3.29146e-07 0.140406 -0.0200496 -1.98763e-06 0.00789872 -0.0348085 0.0800989 0.125672 -0.471648 1.40351e-05 -0.0994594 -0.00193464 1.31251e-05 -0.169032 -0.00140911 1.37729e-05 996.953 -47.243 1.13278e-05 -0.362724 0.00690456 -0.416746 3.55358 -0.412656 0.0340375 0.266648 -0.100002 -0.518705 -0.195987 0.251122 0.603928 2.87615 -1.65285 0.0790657 -0.0949873 -0.00217559 -0.363446 0.0482661 -0.00261738 -0.537418 0.181001 -0.0127986 -0.0934238 -0.0827382 0.0133814 -0.433062 0.553762 1.06635 -0.626762 0.500523 -1.20449 -0.873586 1.18976 -0.741184 -0.512087 0.044976 0.140062 -0.0203528 0.00382729 -0.338004 -0.534392 0.0121931 0.112019 0.0252623 -0.00755682 -0.00166458 7.04062e-06 -0.22273 0.00345801 -0.0938241 -0.0845973 0.226565 -0.107318 -0.0359605 0.360951 -0.131488 -0.140921 0.379237 -1.1831 3.94502 -0.0545406 0.237679 -0.0148664 0.0556592 0.0348936 -0.00627642 -0.028778 0.307813 2.07043 2.63676 2.01866 -6.53396 -7.26611 -10.7867 8.68703 -0.555995 2.72228 0.859964 -0.895725 -1.55383 2.17874 0.958907 0.166311 0.301368 -2.00453 -0.0503074 0.764364 1.02441 0.370366 0.474364 0.820896 0.852247 0.471998 -0.0681549 0.0824747 0.756942 -0.0438259 0.138672 0.493036 1.24374 1.39994 -0.309719 0.359991 0.615605 0.519448 0.185835 -0.0485406 0.222569 0.0990112 0.042655 -0.140228 0.275305 0.458757 0.409415 0.314972 0.296466 0.551819 -0.0438012 -0.500286 -0.363653 -0.816567 -0.408339 -0.197231 0.0320216 0.0828228 -0.483242 0.218863 -0.149801 -0.924702 -0.641153 -0.903623 -0.418385 -0.268924 -0.100019 -0.512803 -0.0186624 -0.187052 -0.348054 -0.0367948 8.87613 -4.76756 0.702135
 1.73935e-06 -0.082361 0.00280131 6.91773e-08 -0.0108641 0.00143939 4.37588e-09 -0.000516171 0.00230427 -0.00378405 -0.00636343 0.0238965 -3.82988e-07 0.00251174 9.34596e-05 -4.61894e-07 0.00580282 7.5585e-05 -3.67725e-06 -47.243 3.11728 -5.8906e-07 0.0171307 -0.000325559 0.0180062 -0.174293 0.0202541 -0.00187959 -0.0161984 0.00603631 0.0241367 0.00781866 -0.0101155 -0.0311425 -0.141381 0.0812844 -0.00428198 0.00318294 0.000133879 0.0146133 -0.0022529 0.000141791 0.0239031 -0.0107895 0.000768482 0.00334061 0.0025948 -0.000336015 0.0202254 -0.0274732 -0.0518196 0.0305852 -0.0234408 0.057968 0.0414703 -0.0565197 0.0344141 0.0239708 -0.00281772 -0.00616654 0.00101467 -0.000185957 0.0171783 0.0257803 -0.000627576 -0.00435306 -0.00131532 0.000392401 4.80895e-05 -2.9564e-07 0.00958494 -0.000139978 0.00410875 0.00373641 -0.0100113 0.00439639 0.00157655 -0.0158472 0.00537904 0.0061209 -0.0164613 0.0582487 -0.184366 0.00253352 -0.0115483 0.000722116 -0.0023796 -0.00167673 0.000302699 0.00138175 -0.0151513 -0.096567 -0.127592 -0.101306 0.312707 0.362576 0.518211 -0.421698 0.0284438 -0.131859 -0.043688 0.0435366 0.0752992 -0.10541 -0.0465873 -0.00835058 -0.0149659 0.0965994 0.00232428 -0.0369162 -0.0494682 -0.0178236 -0.0227631 -0.0395488 -0.0413449 -0.0230375 0.00325518 -0.00388283 -0.0365205 0.00192483 -0.00695722 -0.0239584 -0.0600249 -0.0675249 0.0147745 -0.0174522 -0.0296662 -0.0249639 -0.00897964 0.00221572 -0.0107718 -0.00477788 -0.00202886 0.00674385 -0.0132778 -0.0220371 -0.0196518 -0.0152337 -0.0143804 -0.026519 0.00221147 0.0240413 0.0173821 0.039262 0.019634 0.00948118 -0.00149202 -0.00400029 0.0233255 -0.0104983 0.00719254 0.044576 0.0310375 0.0435451 0.0201474 0.012936 0.00480989 0.0245235 0.000928415 0.0089667 0.0166218 0.00148159 -0.427415 0.229929 -0.0337546
 7.43678e-10 -6.40647e-05 1.96947e-06 2.63298e-10 -2.54998e-05 2.89121e-06 7.8489e-10 3.30351e-06 -1.52327e-05 1.54065e-05 8.20885e-06 -3.11104e-05 -6.28897e-10 4.08272e-06 7.60937e-08 -4.97057e-10 5.75194e-06 3.34396e-08 -6.02486e-10 1.13278e-05 -5.8906e-07 1000 1.32728e-05 -3.25206e-06 7.97215e-05 -0.000230058 2.56518e-05 -3.8403e-06 -3.30876e-05 1.18771e-05 7.3066e-05 7.14927e-05 -8.84407e-05 0.00011222 -3.06661e-05 1.35053e-05 -7.87909e-06 6.80495e-07 9.90942e-08 -6.39499e-05 1.42079e-05 2.711e-07 6.92965e-05 -3.83515e-05 1.2254e-06 4.70188e-07 2.31968e-07 1.33136e-07 1.14157e-05 2.72197e-05 -2.34868e-05 5.22537e-06 -3.38531e-05 4.50636e-05 6.77931e-05 -8.97169e-05 -2.6058e-05 7.23684e-05 9.47035e-07 -2.11422e-05 -4.56442e-06 3.00685e-07 1.51935e-05 1.02266e-05 -5.15385e-07 5.98114e-06 -5.69768e-07 1.61092e-07 2.90229e-08 -2.67327e-10 7.68664e-06 -2.88204e-07 4.65991e-07 1.29147e-06 -3.41102e-06 -8.24476e-06 -1.23255e-06 1.24509e-05 4.12644e-06 5.39813e-06 -1.45295e-05 2.91941e-05 -8.53171e-05 2.65584e-06 -1.10131e-05 6.53605e-07 -3.79935e-06 -6.41761e-07 9.50837e-08 5.49872e-07 3.11835e-05 1.34114e-05 -1.44082e-05 1.05158e-05 0.000139004 0.00010657 -2.27988e-05 5.45262e-05 -8.93718e-05 -0.000114961 -3.06769e-05 0.00014113 -2.19535e-05 -0.000115991 6.26778e-05 2.95108e-05 0.000109669 -3.04787e-05 9.16959e-05 -1.86709e-05 1.3708e-06 1.3224e-05 4.82171e-06 1.09955e-06 2.13388e-05 6.53227e-05 5.04746e-06 -8.03941e-06 -2.21809e-05 3.92019e-05 1.20633e-05 2.12896e-05 9.65061e-06 5.8652e-06 5.90368e-06 1.94353e-07 -1.52016e-06 -3.5796e-06 1.73507e-06 -2.03407e-05 -2.05375e-05 -3.17064e-05 -3.34106e-05 -1.46204e-05 -7.20894e-07 -1.41364e-05 -7.61817e-06 -1.44721e-05 -4.0896e-05 -6.19628e-05 -1.92128e-05 1.98004e-05 3.83726e-06 -8.63714e-06 -2.37134e-06 -2.24517e-06 -1.24346e-05 -6.73575e-06 3.50577e-07 -3.89718e-05 -3.96742e-05 -3.59471e-05 -4.1474e-05 -1.69473e-05 -1.51621e-05 -1.38229e-05 -1.3753e-05 3.82109e-05 -3.60788e-06 4.37686e-06 4.90442e-06 -6.20925e-06 -0.000290718 0.000146396 -2.45744e-05
