 1000 0.00268683 -0.000557778 -1.14399e-09 -0.000133438 0.000109356 -4.70533e-06 -9.21577e-07 1.56967e-05 -8.07825e-05 -4.6964e-06 0.000107865 5.30503e-10 -1.91475e-05 2.09504e-07 -1.78858e-10 -9.45543e-06 6.03276e-07 -9.59447e-10 -2.60243e-05 1.13803e-05 -5.85987e-10 1.46157e-06 -1.88063e-07 1.34019e-05 -0.000334321 8.3949e-05 -5.94514e-05 -0.000215669 0.000243567 -3.2557e-07 -4.45754e-06 1.66716e-05 9.30328e-05 -9.96051e-05 0.000156912 -6.6606e-05 -5.52249e-06 8.97303e-07 -0.000141387 1.85787e-05 1.28417e-06 -1.96036e-05 -7.56021e-05 1.04702e-05 -6.63391e-06 -1.36644e-05 1.99752e-05 7.89282e-05 -6.60568e-05 -0.000273536 0.000220915 -6.44052e-05 8.25775e-05 0.000105343 -0.000131041 -4.58686e-05 1.41143e-05 -5.31216e-05 5.13761e-05 -3.17468e-06 2.51307e-07 2.52999e-05 4.8884e-06 -1.64006e-07 1.35056e-06 -3.98558e-06 1.0801e-06 4.30936e-07 -3.91277e-11 -1.57159e-05 5.51951e-06 4.2429e-07 -2.30435e-08 -6.31507e-07 8.87754e-06 8.12956e-07 -1.97205e-05 3.10478e-06 2.28459e-06 -1.77513e-05 -1.29492e-05 -0.000330702 2.42166e-05 9.28541e-06 -1.01845e-06 -8.29835e-06 -1.55216e-06 -6.71539e-07 2.24172e-06 8.62731e-06 -4.78651e-05 -0.000133699 -0.000242482 -0.000119326 -1.63978e-06 0.000139369 0.000464749 -0.000222591 -0.000165444 -0.000101411 6.28437e-05 -6.58338e-05 -1.88858e-06 8.96478e-05 0.000129444 5.30147e-05 -6.79851e-05 -0.000165546 0.00023536 -0.000143611 2.61186e-05 -2.1593e-05 -1.41962e-05 1.20369e-05 3.63067e-05 2.05807e-05 -1.76911e-05 5.04218e-05 -4.35409e-05 1.28398e-05 -8.34725e-06 -1.02182e-05 1.31679e-05 8.30194e-06 -9.56189e-06 -1.92433e-05 0.000169126 -0.000129761 8.68258e-05 -5.45634e-06 1.34725e-05 2.68037e-05 5.33947e-06 3.07698e-05 -3.06237e-05 2.75792e-05 1.84852e-05 3.11465e-05 -2.23493e-05 -7.77234e-05 4.88317e-05 2.00037e-05 1.52014e-06 4.9708e-06 -3.29598e-05 4.24766e-05 3.85724e-05 3.34165e-06 3.70706e-05 1.77634e-05 -4.34317e-05 -4.03455e-06 -2.80841e-05 2.80947e-06 3.14544e-06 5.26571e-06 8.65603e-07 -1.45376e-07 1.89566e-05 3.27521e-05 3.55946e-05 -0.00056985 6.03134e-08 -5.73185e-05
 0.00268683 494.984 -101.61 0.000171728 25.8925 -21.2182 0.969404 0.314576 -5.62983 14.8455 1.08117 -25.1042 -0.000135872 3.46577 -0.0257447 -7.42033e-05 2.98989 -0.153393 2.09071e-05 2.69666 -1.1802 1.06165e-05 1.4703 -0.332819 18.8721 36.3917 -9.48391 6.46593 23.2202 -26.2461 11.8852 2.74581 -11.8015 10.0958 14.4955 -24.5808 6.37748 1.23199 -0.135806 21.7277 -3.2068 -0.192811 11.1933 5.96263 -1.04192 1.85632 3.24377 -4.778 1.29763 9.12615 13.6649 -13.1064 0.836493 -2.82751 2.48751 -2.66604 6.12301 3.78497 7.78042 -10.7608 0.348227 -0.0260424 -1.80405 2.11349 0.00220426 -2.20412 0.28421 -0.0752061 -0.0535868 -3.80185e-05 3.37687 -1.17278 0.917661 0.0463709 -1.22269 -1.04126 -0.0524267 1.49929 0.0684506 -0.0918866 0.695457 -0.823875 -0.0935295 0.0135657 1.36768 -0.136604 0.218241 0.122042 0.0294474 -0.152781 2.2075 -4.25113 7.48291 17.7266 11.1604 1.29206 -31.0301 19.2594 -9.1679 17.956 11.2946 -0.936139 -1.41212 -1.96979 -4.64565 3.56688 3.83251 1.75422 -8.53782 3.8051 -1.26034 0.495304 -1.54927 -0.956568 -0.447123 -0.431733 0.170701 1.92427 0.517495 -0.692947 0.35283 0.237836 0.159016 -0.913604 0.595665 0.00570792 -0.922094 2.86816 -5.91138 2.77562 -0.569161 -0.485092 -1.06498 -3.83888 -1.34659 -2.42978 -1.68814 -1.86091 -0.0388957 -0.422157 -1.27598 -1.74225 -1.83297 -0.628017 -0.520538 -2.29333 -0.0772876 -1.71581 -3.68621 -0.791377 -0.218031 -2.29912 -0.897431 -1.31363 -1.22407 -1.03759 -1.08484 0.589509 -0.260461 -1.95738 -4.17574 -4.65029 74.0235 -22.7739 4.7145
 -0.000557778 -101.61 21.9877 -3.5661e-05 -5.37034 4.40085 -0.204141 -0.0661031 1.18399 -3.07708 -0.224256 5.20719 2.88634e-05 -0.734291 0.00537728 1.56261e-05 -0.630736 0.0323091 -4.3941e-06 -0.570755 0.249735 -2.21682e-06 -0.314484 0.0711099 -3.90823 -7.53876 1.96462 -1.34279 -4.81095 5.43791 -2.45908 -0.571688 2.45595 -2.09142 -3.00419 5.09429 -1.32832 -0.264868 0.0285966 -4.5004 0.654273 0.0400079 -2.32374 -1.25001 0.217824 -0.38916 -0.677915 0.99861 -0.271454 -1.88869 -2.82754 2.71215 -0.175363 0.583816 -0.515862 0.553116 -1.26877 -0.7842 -1.61148 2.22894 -0.0726718 0.00544155 0.374628 -0.43748 -0.000522594 0.45884 -0.0587206 0.0155368 0.0111965 8.03752e-06 -0.716706 0.248736 -0.194514 -0.00980763 0.259019 0.213942 0.0105307 -0.302996 -0.0151823 0.0186907 -0.141427 0.174179 0.019882 -0.00286206 -0.284322 0.0283951 -0.0465014 -0.0252656 -0.00609078 0.0316238 -0.457077 0.879881 -1.54721 -3.66867 -2.31215 -0.263585 6.4243 -3.9914 1.89891 -3.71506 -2.33601 0.193644 0.292589 0.407503 0.961024 -0.73941 -0.794012 -0.362816 1.76875 -0.789296 0.261425 -0.102843 0.32098 0.198232 0.0923939 0.0891782 -0.0357336 -0.398225 -0.107477 0.143472 -0.0730563 -0.0493145 -0.0326214 0.188694 -0.123238 -0.00116528 0.191064 -0.595228 1.22476 -0.575237 0.11772 0.100304 0.22053 0.794741 0.278734 0.502752 0.348918 0.384851 0.00767473 0.087093 0.264785 0.360692 0.379704 0.129654 0.107722 0.474869 0.0155193 0.355719 0.762638 0.163567 0.0451239 0.476357 0.185349 0.271919 0.253064 0.214847 0.224607 -0.122071 0.0539173 0.405098 0.865534 0.962038 -15.3511 4.76068 -0.973187
 -1.14399e-09 0.000171728 -3.5661e-05 1000 -0.00106595 0.000876154 -9.2636e-07 1.41165e-08 3.59625e-06 6.47701e-05 5.17638e-06 -0.000117711 3.68791e-10 -5.774e-06 5.13449e-09 -1.31395e-11 -3.03671e-07 1.44505e-08 2.39142e-11 -6.93549e-06 2.95872e-06 1.31554e-10 -9.15971e-06 1.9397e-06 7.5413e-05 4.45622e-05 -1.2307e-05 7.91945e-07 -1.0196e-06 9.35803e-07 0.000154768 1.85825e-05 -8.69814e-05 0.00020862 -1.36556e-05 7.2116e-06 1.48557e-05 -3.8773e-06 1.23396e-07 1.98832e-05 -4.41941e-06 2.26584e-07 8.28666e-05 -1.09432e-05 2.23385e-07 2.60742e-06 4.08642e-06 -6.1491e-06 9.81929e-06 2.86343e-05 -3.64648e-05 1.69018e-05 -3.20593e-05 -2.74511e-05 0.000104893 -0.000120033 2.84949e-05 -1.09114e-05 4.64679e-05 -4.48226e-05 -1.454e-06 -4.06707e-08 3.02277e-05 -5.79028e-05 4.45777e-06 -0.000101952 -5.82478e-06 1.49246e-06 8.91205e-07 9.71272e-11 -1.5346e-05 5.00364e-06 -2.63359e-06 -1.00276e-07 3.06006e-06 -1.39629e-05 -1.40865e-06 3.31681e-05 1.45952e-06 9.10352e-08 -1.02506e-06 -8.29499e-06 -0.000131078 9.36249e-06 2.32929e-05 -2.28457e-06 -1.37145e-06 -3.42518e-07 -2.09766e-07 5.56556e-07 -3.03473e-05 -3.94282e-05 -1.8994e-05 -2.66562e-05 -1.04903e-05 4.15904e-06 6.92824e-05 -2.07709e-05 -4.1324e-05 4.28904e-05 1.62447e-05 -2.49711e-05 7.70438e-06 5.33571e-05 -3.33187e-05 0.000106553 -3.66173e-05 -3.89678e-06 -1.65944e-05 9.78906e-07 5.7113e-06 4.28206e-06 1.52e-05 -4.21466e-06 2.86221e-05 -2.24444e-05 2.4427e-06 -2.7742e-06 3.14714e-05 -4.09213e-05 -2.48394e-05 4.07857e-05 4.36056e-05 4.34449e-05 -8.28098e-05 -0.000208498 -7.66512e-05 0.000131657 -3.17695e-05 0.000134041 -8.2045e-06 4.55223e-06 3.00839e-05 2.07263e-05 1.20574e-05 -3.32219e-06 2.65115e-05 -9.3813e-06 5.89181e-05 -4.93905e-05 -0.000114901 -5.33978e-06 -6.16246e-05 6.6669e-05 6.57458e-05 1.96277e-06 -5.61186e-06 -6.02024e-06 -2.34036e-05 6.62841e-05 4.65201e-05 -0.000109314 4.94177e-05 -2.99614e-05 -4.12277e-06 -1.33228e-06 -1.65662e-06 -4.54388e-06 2.75979e-06 -1.58453e-05 -4.63686e-05 -6.34453e-05 0.000471914 -2.68391e-06 4.6875e-05
 -0.000133438 25.8925 -5.37034 -0.00106595 407.248 -332.277 0.249018 0.0819547 -1.27513 9.82633 0.728004 -16.853 6.06215e-05 -0.944902 -0.00854888 -9.89073e-07 0.170105 -0.0178979 2.84326e-05 -1.84637 0.793107 3.87952e-05 -2.11268 0.45523 12.2628 22.0224 -5.7539 4.38023 14.4252 -16.3109 12.4202 1.10847 -5.3527 9.13971 9.17936 -15.7587 1.77881 -0.884588 0.00200949 11.6765 -3.44513 -0.0910988 7.16683 0.648105 -0.264037 0.188259 0.597376 -0.875498 -1.572 3.30496 -1.26152 -0.145678 1.02577 -3.11939 1.42419 -1.39082 4.35398 2.3137 5.37157 -7.26752 0.0522208 4.32288e-05 -1.83484 -1.64221 0.255267 -8.09614 -0.692635 0.185973 0.101821 1.6558e-05 -1.84379 0.596501 -0.0802832 -0.00089922 0.0932749 -1.6712 -0.131059 3.2927 0.0780684 -0.0340374 0.264041 -2.37371 -2.83849 0.217125 1.73617 -0.171576 0.183532 0.058746 0.01441 -0.0737787 1.29461 -1.50008 1.5132 2.88362 1.50309 2.26038 1.99878 -1.26151 -1.46945 7.04559 2.2792 -1.82095 -0.846395 0.648754 -1.80157 3.20131 -0.261577 -0.690834 -0.809778 1.33947 -0.00446388 -0.596669 -1.0518 -1.75826 0.466429 0.590162 -0.139775 0.132231 2.38252 -1.15971 -1.56376 -0.426809 -0.251799 2.78774 2.92974 -1.72049 -1.39215 3.69561 -7.62286 3.20809 0.303804 -0.0329414 -0.620608 -1.15646 -0.73314 -0.326368 -0.380854 -1.54388 0.466433 0.468028 0.083838 -0.758012 -1.38125 -0.121253 -0.13167 -0.482111 0.485713 -0.724065 -3.47796 -0.274199 1.39979 -2.12962 -0.15436 -0.986155 -0.730497 -0.536816 -0.534308 0.264952 -0.137554 -1.67668 -3.29528 -4.06537 58.3023 -11.9156 4.43319
 0.000109356 -21.2182 4.40085 0.000876154 -332.277 273.596 -0.205336 -0.0675496 1.05233 -8.05234 -0.596663 13.8126 -4.94727e-05 0.769596 0.00701723 8.80763e-07 -0.14288 0.0148292 -2.33186e-05 1.50978 -0.648515 -3.17947e-05 1.72812 -0.372357 -10.0464 -18.044 4.71442 -3.59083 -11.8194 13.3645 -10.1759 -0.909217 4.38964 -7.48889 -7.52116 12.912 -1.45893 0.722169 -0.00152469 -9.56528 2.82006 0.074644 -5.87268 -0.534755 0.216822 -0.155712 -0.491162 0.719871 1.2887 -2.70772 1.03382 0.119131 -0.841123 2.55561 -1.16704 1.13974 -3.56703 -1.89553 -4.4011 5.95441 -0.0430695 -9.79031e-06 1.50332 1.34615 -0.209203 6.63487 0.567672 -0.152419 -0.0835128 -1.35164e-05 1.50485 -0.486768 0.0641452 0.000664519 -0.0743702 1.36849 0.10725 -2.69481 -0.0642992 0.0277874 -0.215562 1.94641 2.32483 -0.177845 -1.42296 0.140622 -0.150584 -0.0481294 -0.0118038 0.0604433 -1.06033 1.22902 -1.23945 -2.36212 -1.23136 -1.85169 -1.63792 1.03391 1.20417 -5.77333 -1.86711 1.49219 0.693306 -0.531824 1.4762 -2.62331 0.214466 0.565948 0.663667 -1.09726 0.00344938 0.488765 0.861617 1.44053 -0.382215 -0.48319 0.114477 -0.108364 -1.95206 0.950243 1.28143 0.349502 0.206256 -2.28425 -2.39969 1.41065 1.14098 -3.02854 6.24544 -2.62894 -0.248881 0.0269619 0.508362 0.947343 0.600626 0.267219 0.311756 1.26481 -0.382424 -0.383405 -0.068132 0.621114 1.13206 0.0988693 0.107566 0.394932 -0.398031 0.593566 2.84922 0.224276 -1.14699 1.74527 0.125957 0.80797 0.59834 0.439834 0.437776 -0.217037 0.112666 1.3737 2.70053 3.33069 -47.7806 9.78321 -3.63098
 -4.70533e-06 0.969404 -0.204141 -9.2636e-07 0.249018 -0.205336 999.843 -0.0900043 0.903655 0.299959 0.00482836 -0.064566 1.40806e-05 -0.295702 4.40044e-05 8.06194e-06 -0.258388 0.0114506 -1.12168e-06 -0.322129 0.138701 1.95756e-06 -0.332811 0.0718577 0.101213 0.708714 -0.182012 0.0711038 0.832235 -0.941277 1.07795 -0.132772 0.449451 0.962205 0.184722 -0.37208 -0.0663297 -0.141652 0.00536424 -0.409646 -0.00560136 0.00320111 -0.13915 -0.372005 0.0481554 -0.140727 -0.178131 0.26184 0.172585 -0.340451 -0.443584 0.436255 -0.0456735 -1.75626 0.675493 -0.623984 -0.336222 -0.387441 0.167985 0.0541463 -0.0533301 0.00481289 -0.0899421 0.0358732 -0.00418632 0.130033 0.00118984 -0.000269711 -0.00461304 4.36066e-06 -0.508234 0.168592 -0.172467 -0.00769965 0.233356 -0.11985 -0.0206519 0.478068 0.00937518 -0.00142879 0.00814066 0.138397 -0.492859 0.0353326 -0.219074 0.021 0.0365964 0.00255939 1.03622e-06 -0.00258408 -0.306165 -0.212319 -0.238449 -0.390237 -0.193825 -0.0344624 0.641849 0.766053 -1.10282 0.103917 0.12508 0.273003 0.42604 -0.113051 -0.178089 0.130322 0.213778 -0.22068 -0.0385347 -0.0135687 -0.0207648 -0.029344 -0.0521039 -0.0314754 -0.0733684 -0.127879 0.345295 -0.517139 0.125412 -0.0229073 0.018884 -0.0502273 0.0671582 -0.0293376 -0.0419758 -0.0632478 -0.143977 0.121837 0.280735 -0.219394 0.0480431 0.0626814 0.116674 -0.594989 0.217551 -0.179598 0.0782683 0.184041 -0.39257 -0.10999 -0.0368189 0.318329 -0.15385 0.180035 0.207051 -0.0296371 0.0630492 0.0227979 0.0826212 0.0422264 0.357273 0.421222 0.059611 -0.112851 -0.0853282 0.0280228 0.0313085 -0.0799606 0.0292274 -0.36331 -0.568346 -0.93492 7.90815 4.56148 1.33883
 -9.21577e-07 0.314576 -0.0661031 1.41165e-08 0.0819547 -0.0675496 -0.0900043 3.64363 -52.2927 0.0865605 0.000971131 -0.00886665 4.05178e-06 -0.0830539 -1.01725e-06 2.47962e-06 -0.0734596 0.00325471 1.54747e-07 -0.0777472 0.0334672 8.64872e-07 -0.100822 0.0218532 -0.00926531 0.35562 -0.0900218 0.0281286 0.260141 -0.29407 0.266265 -0.0495484 0.177731 0.1888 0.137516 -0.239331 -0.0081189 -0.0401584 0.00124014 -0.105431 -0.0022462 0.000628125 -0.0668326 -0.0862077 0.0112455 -0.0377066 -0.05098 0.0749459 0.0538314 -0.116512 -0.186727 0.174943 0.0412023 -0.577653 0.105496 -0.0687141 -0.100196 -0.124827 0.0311831 0.0413035 -0.0169553 0.00193274 -0.10689 0.0716908 -0.00151289 -0.015051 0.00063893 -0.000141142 -0.00168115 1.36481e-06 -0.148158 0.0491761 -0.0497493 -0.00221091 0.0670115 -0.0464098 -0.00729298 0.166053 -0.00225395 -0.00142414 0.00983117 0.0548327 0.0157717 -0.000897462 -0.0467832 0.00447741 0.0162599 0.00127757 0.000515726 -0.00180786 -0.0903429 -0.0890993 -0.0536846 -0.0616252 -0.0217535 -0.00136689 0.44119 -0.0877078 -0.339643 0.0758874 0.0754414 0.294636 0.117728 -0.0408769 -0.228614 -0.0689947 0.126088 -0.0570898 0.00836962 -0.0122807 -0.020385 -0.0243925 -0.0348923 -0.0154876 -0.0309331 -0.0949886 0.192294 -0.148589 0.0183842 -0.026273 0.0505135 -0.0276472 0.0281447 -0.0168645 0.00743376 -0.00850893 -0.0918082 0.0167854 0.0210893 -0.0499161 0.0266957 0.0371196 0.0351259 -0.123054 0.0250091 -0.0132813 0.00635617 -0.0384064 -0.109297 0.0405359 0.0791161 0.0878835 -0.0115307 0.0350542 0.0085026 -0.0567783 -0.0639102 0.126816 -0.0300944 0.102217 0.172689 0.0452637 -0.061942 -0.0415252 -0.0264873 0.00562968 0.0117064 -0.0244747 0.00854239 -0.112468 -0.133514 -0.257155 2.46521 1.40337 0.415363
 1.56967e-05 -5.62983 1.18399 3.59625e-06 -1.27513 1.05233 0.903655 -52.2927 991.73 -1.52512 -0.00569161 -0.126271 -7.97918e-05 1.64404 -0.000270359 -4.75681e-05 1.44281 -0.0641427 -1.27523e-06 1.52173 -0.655248 -1.63807e-05 1.95189 -0.423228 0.188521 -6.53449 1.65416 -0.464728 -4.76198 5.38295 -5.00563 0.986061 -3.55792 -3.5435 -2.47096 4.31068 0.165018 0.835815 -0.0270684 1.987 0.0934754 -0.012315 1.29435 1.76947 -0.231373 0.769024 1.01881 -1.49929 -1.06227 2.19158 3.49894 -3.2796 -0.717983 10.809 -1.99167 1.30624 1.89981 2.34209 -0.565276 -0.797181 0.324888 -0.0368378 1.97636 -1.33296 0.0287975 0.253969 -0.01633 0.00379912 0.0329637 -2.74224e-05 2.93008 -0.973472 0.994836 0.0444845 -1.34187 0.872618 0.137268 -3.12408 0.0411097 0.0240747 -0.164656 -1.15728 -0.246771 0.0139974 0.890987 -0.0852785 -0.312857 -0.0237414 -0.00962159 0.033634 1.6881 1.66183 0.995185 1.15775 0.438046 0.0418789 -8.24562 1.58893 6.33342 -1.29583 -1.31647 -5.53503 -2.20836 0.762315 4.26349 1.28621 -2.35385 1.07479 -0.168099 0.222611 0.383887 0.456327 0.652648 0.289605 0.572932 1.76594 -3.59785 2.78079 -0.344497 0.485727 -0.948201 0.515454 -0.533425 0.314411 -0.141813 0.155983 1.71104 -0.308203 -0.413607 0.936544 -0.50285 -0.697892 -0.663342 2.3036 -0.476839 0.251635 -0.118472 0.716275 2.05158 -0.753066 -1.48595 -1.6585 0.208888 -0.656957 -0.164741 1.05892 1.19457 -2.38301 0.560887 -1.91353 -3.23698 -0.856581 1.16302 0.77795 0.497253 -0.110159 -0.223624 0.459594 -0.159923 2.10508 2.48323 4.81617 -45.7305 -26.8899 -7.8075
 -8.07825e-05 14.8455 -3.07708 6.47701e-05 9.82633 -8.05234 0.299959 0.0865605 -1.52512 892.811 -7.11597 149.112 6.56964e-05 -1.48931 2.6491e-05 3.11998e-05 -1.07749 0.048 1.91443e-05 -1.43422 0.619245 9.43474e-06 -1.65527 0.36079 6.87036 6.9252 -1.85521 1.86378 5.15551 -5.83336 5.36067 1.07591 -4.70213 6.02685 3.42222 -6.06819 0.997945 -0.176891 -0.00907939 6.05908 -1.89481 -0.0414766 3.47333 0.0858899 -0.0915763 0.348677 0.493909 -0.730287 1.25124 1.48264 -5.02643 3.14715 -0.54298 -2.73972 3.0042 -3.25861 2.8014 2.60682 1.05342 -2.73174 0.476641 -0.0317327 -2.97023 4.36637 0.00878004 -4.80545 -0.130906 0.0351439 -0.0120552 -4.27675e-06 -0.52985 0.164376 0.160867 0.0125858 -0.30597 -0.768334 -0.0657179 1.8351 -0.37538 -0.242845 1.85035 -0.402005 -6.6399 0.484132 -0.0541966 0.00200817 0.567279 0.00330123 -0.00925871 0.00597546 -0.145703 -6.49349 -0.858686 4.31142 6.45804 7.9494 -8.50407 -3.40276 1.20452 17.5432 6.04978 -10.5165 2.89963 -1.70278 -3.32564 3.10977 8.80397 13.7631 -16.6931 1.83113 2.04887 0.824856 -0.470492 -0.860109 -0.826496 2.88745 -5.15306 0.311767 3.33292 -3.424 0.981135 0.0713995 -1.63781 0.0667639 -0.259864 1.28372 -5.14112 9.25159 -10.5031 7.08873 -2.05567 -0.932729 1.38436 -5.53545 0.391867 -3.53354 -1.40049 1.13204 -0.265529 -0.538108 -0.993191 -1.11863 -1.24347 1.10507 -0.0548943 -2.76527 0.121227 1.08779 -1.47664 0.0872779 -2.00096 1.13804 1.64974 -1.52055 -2.89017 -0.985411 -0.925012 0.192077 -0.0244199 -0.906042 -1.05831 2.36294 33.7519 -9.3993 2.2578
 -4.6964e-06 1.08117 -0.224256 5.17638e-06 0.728004 -0.596663 0.00482836 0.000971131 -0.00569161 -7.11597 2.32909 -33.8193 5.17147e-06 -0.11274 -1.50733e-05 2.68317e-06 -0.0846749 0.00370059 1.57991e-06 -0.132486 0.0570967 9.92738e-07 -0.143704 0.0311948 0.28141 0.801718 -0.206868 0.162168 0.547277 -0.618797 0.335828 0.0272029 -0.13215 0.17538 0.394264 -0.661191 0.0586347 -0.0271798 -0.000123504 0.189278 -0.0817538 -0.00154103 0.0539 0.0279772 -0.00609737 -0.00152831 0.00506725 -0.00750922 -0.0915027 0.0724229 0.0166623 -0.0339803 0.0545046 -0.301748 -0.0119813 0.0420985 0.111429 -0.00840981 0.16299 -0.175469 0.00321514 -0.000238959 -0.0728167 0.0994033 0.000940377 -0.139685 -0.00422267 0.0011739 -0.000573896 2.12148e-07 -0.0656546 0.0211187 -0.011501 -0.000241372 0.0110269 -0.00364172 0.000526606 -0.00643373 -0.0107632 -0.00747212 0.0560565 -0.0735439 0.195883 -0.0136451 0.0269907 -0.00286521 0.0240376 0.00273821 0.000933925 -0.00370253 -0.0255471 -0.496383 0.124724 0.686381 0.634414 0.646873 -0.446803 -0.132708 -0.197819 0.504342 0.140588 -0.172965 0.376724 0.0256265 -0.464338 -0.25455 0.138799 0.427948 -0.209471 -0.00921252 -0.0384217 -0.019936 -0.0509992 -0.0593553 -0.0676324 0.0766982 -0.150951 -0.0470503 0.112976 -0.0984253 -0.00148777 -0.0258332 -0.0527235 -0.00463455 0.0601602 -0.0103937 -0.139051 0.303803 -0.295165 0.0348635 -0.00706699 -0.0469813 0.0366824 -0.246118 0.0265984 -0.070383 -0.0368183 -0.0317428 -0.0827894 0.0244744 -0.00689197 -0.0653832 -0.0552977 -0.00891358 0.0218905 -0.0802717 0.00963766 0.00863528 -0.106 0.0041912 0.0578009 2.27932e-05 -0.0349145 -0.0365354 -0.0464639 -0.0254144 -0.0251781 -0.000477736 0.000238816 -0.0933328 -0.157279 -0.234646 2.78277 0.0528118 0.285843
 0.000107865 -25.1042 5.20719 -0.000117711 -16.853 13.8126 -0.064566 -0.00886665 -0.126271 149.112 -33.8193 785.989 -0.000125179 2.73514 3.85876e-05 -6.42965e-05 2.07361 -0.0909838 -3.56869e-05 3.21535 -1.38602 -2.19884e-05 3.44851 -0.748799 -6.62976 -18.4529 4.76393 -3.73895 -12.5978 14.2443 -7.96912 -0.576836 2.86487 -4.22472 -9.02422 15.1487 -1.35983 0.750209 -0.0024694 -4.47623 2.00821 0.035512 -1.26565 -0.461234 0.117537 0.101675 -0.0517211 0.0756568 2.10324 -1.73432 -0.144543 0.630044 -1.14095 6.99031 0.166616 -0.845543 -2.65696 0.100934 -3.74133 4.08424 -0.0887537 0.0064435 1.82646 -2.41309 -0.0232865 3.40798 0.0847066 -0.0237166 0.017376 -6.15309e-06 1.66263 -0.536813 0.325799 0.00822701 -0.330662 0.014219 -0.0188874 0.296844 0.240393 0.170202 -1.27732 1.79998 -4.27381 0.296767 -0.619021 0.0657672 -0.538715 -0.0625163 -0.0210117 0.0842204 0.599489 11.5526 -2.94972 -15.8704 -14.4299 -14.8011 10.4019 3.19994 4.60215 -12.7039 -3.47267 4.39492 -8.71294 -0.521068 10.7357 5.71544 -3.47451 -10.2745 5.38458 0.146351 0.808996 0.424877 1.18521 1.39544 1.57874 -1.85469 3.64247 1.06204 -2.69416 2.37286 0.00450353 0.592485 1.26748 0.100737 -1.36057 0.198139 3.36053 -7.26905 7.11318 -1.03843 0.232668 1.10554 -0.885864 5.81429 -0.623521 1.7284 0.892631 0.692363 1.90911 -0.540131 0.185206 1.52706 1.30758 0.169899 -0.496016 1.92835 -0.222811 -0.2339 2.47194 -0.0979055 -1.25238 -0.0385269 0.742548 0.887136 1.15982 0.617236 0.60932 0.00458264 -0.00525518 2.16012 3.61732 5.25823 -64.7517 -0.711749 -6.58911
 5.30503e-10 -0.000135872 2.88634e-05 3.68791e-10 6.06215e-05 -4.94727e-05 1.40806e-05 4.05178e-06 -7.97918e-05 6.56964e-05 5.17147e-06 -0.000125179 1000 8.09224e-05 -6.17279e-06 -9.75421e-10 4.78798e-05 -1.78107e-06 2.73708e-10 3.57217e-05 -1.52761e-05 -1.5348e-11 4.46261e-05 -9.45396e-06 -0.000271558 -0.000568612 0.000148947 -3.11624e-05 -0.000187593 0.000211998 -9.29963e-05 2.9054e-05 -0.00010793 -0.000136104 3.99724e-05 -5.61504e-05 0.00011666 3.0825e-05 -1.01431e-06 -0.000319268 0.000133849 3.38727e-06 -2.15634e-05 0.000170116 -1.99894e-05 2.9201e-05 4.00625e-05 -5.92535e-05 9.28173e-05 -8.70721e-06 -0.000204526 0.000150826 2.68741e-05 5.89315e-05 -9.26098e-07 -4.08243e-06 0.000136275 -3.60121e-05 -3.7679e-05 5.41085e-05 -2.50502e-06 2.66091e-07 -2.75965e-05 -1.34765e-06 1.25055e-06 -4.84983e-05 -1.15118e-06 3.07338e-07 -5.01895e-07 -5.96665e-10 7.3213e-05 -2.3973e-05 1.50808e-05 6.33073e-07 -1.86095e-05 2.42873e-05 3.74246e-06 -9.15426e-05 1.52809e-06 1.51526e-06 -1.26032e-05 -4.91694e-05 0.000224977 -1.56705e-05 8.47877e-06 -7.17685e-07 1.13417e-05 -9.76777e-07 -1.70571e-07 1.15712e-06 -6.06956e-05 -6.07703e-05 3.35541e-05 9.50518e-05 4.77779e-05 1.78446e-05 -1.09416e-05 6.73318e-07 -0.000109222 -4.30455e-06 2.13149e-06 0.000236786 0.000141535 -0.0001262 -8.40354e-05 4.48649e-05 3.21937e-05 6.55568e-05 4.74662e-05 -1.25335e-05 -0.000103126 -2.0101e-05 5.94609e-05 2.95735e-05 -4.91558e-05 -2.87217e-05 -7.38316e-05 4.06364e-05 3.04857e-05 1.98448e-05 -4.33332e-06 -1.14652e-05 -3.05556e-05 1.40027e-06 -1.88182e-05 -2.81308e-05 -3.24718e-05 -3.01561e-05 -2.74098e-05 -3.57265e-05 -8.92953e-06 8.20948e-06 1.89997e-05 3.60793e-05 2.82891e-05 2.29289e-05 1.03821e-05 -9.85205e-07 -4.26709e-05 -4.4752e-05 -1.95965e-05 9.03038e-06 2.72283e-05 -2.655e-06 -3.73337e-05 -1.4293e-06 -6.74346e-06 1.98171e-06 -4.4031e-06 -5.38589e-06 2.18393e-06 2.57515e-05 3.64276e-05 -1.64967e-05 -2.95636e-06 -1.05251e-05 -6.81973e-06 -3.39451e-06 5.33258e-06 3.27557e-05 6.06978e-05 8.45112e-05 -0.000762067 -0.000336967 -0.0001167
 -1.91475e-05 3.46577 -0.734291 -5.774e-06 -0.944902 0.769596 -0.295702 -0.0830539 1.64404 -1.48931 -0.11274 2.73514 8.09224e-05 997.987 -2.66698 1.64978e-05 -1.09394 0.0414277 -1.04892e-05 -0.705161 0.300838 -6.02359e-06 -0.877196 0.184562 8.14753 13.8539 -3.65768 0.810697 4.69648 -5.30876 3.04458 -0.62903 2.2581 4.62525 -0.177208 -0.0388209 -3.4556 -0.798595 0.0295864 6.54845 -3.11019 -0.0739982 0.805761 -4.83211 0.566637 -0.712184 -0.989031 1.46147 -1.9972 1.21508 4.24124 -3.47849 -1.20381 -0.732037 0.929298 -1.03154 -3.7937 1.59197 0.805247 -1.57476 0.0404762 -0.00342653 0.66261 0.150987 -0.0265497 0.928722 0.010776 -0.00275546 0.0167958 1.17254e-05 -1.59636 0.521136 -0.285674 -0.0114042 0.338489 -0.627284 -0.0897108 2.19806 -0.0134897 -0.0265708 0.227442 1.36212 -8.41004 0.599687 -0.14524 0.0112422 -0.309134 0.0207161 0.00365923 -0.0245858 1.91271 2.06425 -0.448813 -1.95977 -0.938063 -0.204766 0.812866 0.3433 2.19489 -0.105753 -0.107284 -4.67222 -3.89144 2.14409 3.26474 -0.835159 -0.79726 -1.67433 -0.367508 0.540867 1.98478 0.326096 -1.41199 -1.2654 1.53531 1.14152 2.00913 -0.846445 -0.641812 -0.200775 0.133005 0.217065 0.66144 0.0889162 0.516902 0.664626 0.768766 0.612446 0.645631 0.781089 0.196073 -0.299939 -0.652812 -0.957821 -0.617343 -0.555055 -0.419714 -0.125283 0.484867 0.520424 0.0951589 -0.0595106 -0.233487 0.1713 0.689362 -0.0857338 -0.00667434 -0.294498 -0.0204828 0.0130867 -0.238538 -1.02678 -1.4274 -0.10694 -0.110995 0.0695734 0.00416994 0.228356 -0.173032 -0.595936 -1.2068 -1.60681 14.1193 5.74796 2.1029
 2.09504e-07 -0.0257447 0.00537728 5.13449e-09 -0.00854888 0.00701723 4.40044e-05 -1.01725e-06 -0.000270359 2.6491e-05 -1.50733e-05 3.85876e-05 -6.17279e-06 -2.66698 0.824405 2.33337e-07 -0.00605924 0.000318762 2.30896e-08 -0.00267321 0.00117407 6.06518e-08 -0.00406767 0.000914352 -0.033549 -0.0579864 0.015251 -0.00590132 -0.024634 0.0278456 -0.013301 -6.35723e-05 0.00129263 -0.0185607 -0.00548984 0.0103624 0.00176351 -0.00168696 0.000157397 -0.03545 0.00803031 0.000370399 -0.0111613 0.00615858 -0.000446159 5.47762e-05 -0.000568389 0.000820329 0.00342395 -0.00593129 -0.0170155 0.0144063 0.00203669 0.000305012 -0.00544108 0.0063908 0.0070357 -0.00659543 -0.00550887 0.00926883 -0.000440862 3.65987e-05 -0.000840888 -0.000771772 4.31974e-05 -0.00104603 9.54353e-05 -2.61587e-05 -4.37349e-05 6.52172e-08 -0.00431657 0.00151707 -0.000401384 -1.70927e-05 0.000438657 0.00102228 9.12269e-05 -0.00258881 -0.000263572 -0.000204011 0.00142664 -0.00435048 0.0307565 -0.00218421 -0.00022239 3.1218e-05 0.000216218 -8.23426e-05 -1.39844e-05 9.71626e-05 -0.0070039 -0.00458449 -8.66565e-08 0.00352942 0.00210888 0.000862457 -0.00161005 -0.00138219 -0.00697663 -0.00212291 0.000246495 0.016372 0.0129957 -0.00712212 -0.0111011 0.00230909 0.00231014 0.00548157 0.00134061 -0.00231636 -0.00675269 -0.000766095 0.00541005 0.0047301 -0.00543588 -0.00424853 -0.00691953 0.0029998 0.00210076 0.000363785 -0.000543195 -0.000864562 -0.00205128 -0.000428862 -0.00188874 -0.00231094 -0.00244125 -0.00228132 -0.00164212 -0.00288602 -0.00057501 0.00122368 0.00262703 0.00359669 0.00236377 0.00194065 0.00133277 0.000185302 -0.0018066 -0.00165766 0.000378008 0.000729933 0.00117139 -0.000591441 -0.0021176 0.000529565 0.000100479 0.00162731 0.000260171 0.000256864 0.00108717 0.00379346 0.00482395 0.000553593 0.000451056 4.03978e-06 0.000233421 -0.000930321 0.00064039 0.00200329 0.00463962 0.00504922 -0.0638969 0.00554568 -0.00574868
 -1.78858e-10 -7.42033e-05 1.56261e-05 -1.31395e-11 -9.89073e-07 8.80763e-07 8.06194e-06 2.47962e-06 -4.75681e-05 3.11998e-05 2.68317e-06 -6.42965e-05 -9.75421e-10 1.64978e-05 2.33337e-07 1000 2.4245e-05 -3.51114e-06 -3.71266e-10 2.38734e-05 -1.01996e-05 -5.7105e-10 2.89856e-05 -6.13669e-06 2.9362e-05 -1.58846e-06 -1.41387e-07 -1.07461e-05 -6.03098e-05 6.81189e-05 1.67694e-05 1.31565e-05 -5.40738e-05 6.81156e-05 -1.17632e-06 -3.2675e-06 -2.21809e-05 6.58965e-06 -9.82912e-08 -9.67736e-05 2.58648e-05 7.95407e-07 -1.89092e-05 7.27928e-06 -1.8629e-07 8.19098e-06 1.29313e-05 -1.90829e-05 7.10288e-05 -4.28136e-06 -0.000187764 0.000137381 -2.42499e-05 8.24443e-05 3.30682e-05 -4.66441e-05 1.51794e-05 2.83913e-05 -3.55417e-05 2.14966e-05 6.48806e-06 -4.97662e-07 -6.44985e-06 1.62419e-05 -7.48044e-08 -1.46184e-05 -2.40826e-06 6.2416e-07 4.76596e-07 -4.24444e-10 3.50705e-05 -1.15121e-05 1.01472e-05 4.71739e-07 -1.38262e-05 2.33239e-06 1.04451e-06 -2.63555e-05 2.30687e-06 2.08497e-06 -1.67961e-05 -4.39521e-06 -0.000341429 2.5333e-05 1.55693e-05 -1.48494e-06 1.0917e-06 -9.33319e-07 -2.03565e-07 1.1467e-06 -1.73529e-05 -4.0876e-05 5.03375e-05 9.97824e-05 6.09574e-05 4.89722e-05 3.87733e-05 -5.96741e-06 -0.000161391 -6.45544e-05 -1.95271e-05 0.000235864 -1.56283e-05 0.000136778 -5.03329e-05 7.03655e-06 7.26846e-05 -2.72764e-05 4.33562e-05 -1.94419e-05 -3.96343e-05 -2.72477e-05 -1.72682e-05 5.36741e-06 1.85738e-05 4.59595e-05 -2.09191e-05 -4.94143e-06 -3.92216e-05 6.75538e-06 1.26487e-05 1.12946e-05 -6.26913e-06 -4.7625e-06 -1.74378e-05 -7.08144e-06 -1.28354e-05 -3.0901e-05 -2.96092e-05 -8.67459e-06 -8.58705e-06 -1.09348e-06 -1.53516e-06 1.16971e-05 6.13259e-06 -9.98083e-06 -1.33303e-05 -1.29611e-05 -1.45314e-05 -3.19645e-05 -3.97971e-05 -8.33276e-07 6.24566e-06 -6.67016e-06 3.64983e-06 6.94126e-06 -1.48876e-05 2.36155e-05 4.95156e-07 -1.94687e-05 -1.48092e-05 -1.81323e-05 -1.06455e-05 -1.99811e-05 -5.17176e-06 -1.07191e-05 -9.68418e-06 7.2387e-06 1.37183e-06 2.40708e-05 4.48727e-05 5.88078e-05 -0.00051782 -0.000310256 -8.90427e-05
 -9.45543e-06 2.98989 -0.630736 -3.03671e-07 0.170105 -0.14288 -0.258388 -0.0734596 1.44281 -1.07749 -0.0846749 2.07361 4.78798e-05 -1.09394 -0.00605924 2.4245e-05 996.908 -46.6802 -3.01119e-07 -0.681574 0.291226 3.5369e-06 -0.81608 0.172885 3.45179 4.06323 -1.09472 0.460198 2.82983 -3.19977 1.77298 -0.383183 1.3879 2.31538 0.351472 -0.741058 -1.15905 -0.44991 0.0163951 2.82733 -1.35059 -0.0313654 1.23199 -2.48456 0.271709 -0.422259 -0.614244 0.905579 -1.39159 1.75307 3.4078 -3.06051 -0.367387 -1.23074 0.407981 -0.365503 -2.09869 0.841007 1.09493 -1.54647 -0.192321 0.0186975 -0.0323852 0.101901 -0.0114188 0.380213 0.0344313 -0.0087151 -0.00203161 1.15373e-05 -1.17357 0.384729 -0.298971 -0.013193 0.391386 -0.376923 -0.0628976 1.55786 -0.0930549 -0.0607783 0.491217 0.593538 1.22536 -0.0963704 -0.320702 0.0288983 -0.108099 0.0280685 0.00483683 -0.0331905 1.56579 2.11813 -1.05603 -2.84 -1.62525 -1.02182 -0.413812 0.830727 3.56179 1.37801 0.374428 -6.77183 -2.46058 -0.267591 3.79072 1.23932 -3.35501 -3.15128 2.53898 -0.101059 1.15655 0.639 0.231239 -0.298428 -0.558014 0.665442 0.654509 0.185502 0.60962 0.417177 0.0203178 -0.0196304 0.312727 0.208398 0.781531 0.532477 0.635518 0.664925 0.874577 0.536384 0.410321 0.242123 -0.205375 -1.35219 -0.364596 -0.0454529 0.107622 0.098689 0.225497 0.271916 0.487479 0.169718 0.230243 -0.309629 -0.0352484 0.0386863 0.28533 -0.599709 -0.855373 0.282757 0.170414 -0.321911 -0.701782 -0.552206 -0.275005 -0.014236 0.0319309 0.040228 -0.140225 -0.622045 -1.07015 -1.51283 13.8806 7.30822 2.2664
 6.03276e-07 -0.153393 0.0323091 1.44505e-08 -0.0178979 0.0148292 0.0114506 0.00325471 -0.0641427 0.048 0.00370059 -0.0909838 -1.78107e-06 0.0414277 0.000318762 -3.51114e-06 -46.6802 3.06355 3.36655e-08 0.027563 -0.0117482 -1.02081e-07 0.0329379 -0.00693699 -0.167332 -0.200712 0.0539886 -0.0246442 -0.140444 0.158806 -0.0860735 0.0166493 -0.0596212 -0.111737 -0.0208421 0.042154 0.0511635 0.0190898 -0.000649923 -0.140417 0.0624695 0.00155308 -0.0632236 0.11113 -0.0119289 0.0180203 0.0260115 -0.0383461 0.0640117 -0.0846267 -0.164223 0.147597 0.0162412 0.0577583 -0.020147 0.0183309 0.0957506 -0.040631 -0.054093 0.0762643 0.00884161 -0.000863247 0.0024933 -0.00500092 0.000509594 -0.0166155 -0.00140956 0.000353366 0.000109564 -4.3695e-07 0.048831 -0.0159383 0.013002 0.000572975 -0.0170745 0.0173339 0.0028222 -0.0702566 0.00371547 0.00248383 -0.0202947 -0.0290454 -0.0581677 0.00457634 0.0146316 -0.00131397 0.00452147 -0.00134524 -0.000231211 0.00159012 -0.0746234 -0.101169 0.0478712 0.135517 0.0789303 0.0496145 0.019809 -0.0396684 -0.168073 -0.0706633 -0.0198555 0.323142 0.117264 0.0123612 -0.180399 -0.0592039 0.159643 0.150282 -0.120911 0.00475045 -0.0551743 -0.0302059 -0.0106063 0.0144682 0.0265946 -0.0318639 -0.0311717 -0.00877848 -0.0289834 -0.0199209 -0.00087943 0.000918994 -0.014658 -0.00996809 -0.0371724 -0.0253153 -0.0300839 -0.0318242 -0.0411394 -0.0256558 -0.0194379 -0.0113631 0.0100897 0.0646214 0.0176074 0.00221172 -0.00515602 -0.00480293 -0.0108495 -0.0129764 -0.0227337 -0.00766262 -0.0105866 0.0146826 0.00174508 -0.00172345 -0.0135639 0.0289987 0.0407222 -0.0132718 -0.00790399 0.0156059 0.0333388 0.0263915 0.0131084 0.000864548 -0.00132444 -0.00200502 0.00669181 0.0296208 0.0515731 0.0718007 -0.676922 -0.323846 -0.106638
 -9.59447e-10 2.09071e-05 -4.3941e-06 2.39142e-11 2.84326e-05 -2.33186e-05 -1.12168e-06 1.54747e-07 -1.27523e-06 1.91443e-05 1.57991e-06 -3.56869e-05 2.73708e-10 -1.04892e-05 2.30896e-08 -3.71266e-10 -3.01119e-07 3.36655e-08 1000 -3.68416e-06 2.32001e-06 -4.90129e-10 5.85334e-06 -1.31001e-06 7.06143e-05 -5.45506e-06 -4.60373e-08 7.03688e-06 4.86248e-05 -5.50198e-05 7.08379e-05 5.99438e-06 -2.94336e-05 0.000145916 -4.30247e-05 6.00231e-05 -3.74132e-05 -3.29028e-06 3.35499e-07 -4.24564e-05 4.01824e-07 1.75634e-07 -3.8449e-06 -3.81964e-05 4.92962e-06 -2.83502e-06 -2.42146e-06 3.53864e-06 3.5858e-05 1.69141e-05 -7.38107e-05 4.75374e-05 -3.50321e-05 2.07656e-05 6.69711e-05 -8.02928e-05 -2.82098e-05 2.55902e-05 -6.0686e-06 -6.47321e-06 -1.14801e-07 1.88103e-07 -1.88688e-05 8.94344e-06 -1.39431e-07 -3.09446e-06 -1.6285e-06 4.20657e-07 3.39074e-07 -1.23211e-10 -2.34671e-06 7.25267e-07 -1.07322e-07 3.21615e-08 -1.18718e-06 9.9564e-07 3.0457e-07 -6.03253e-06 1.14438e-06 7.49958e-07 -5.61074e-06 4.00062e-06 -0.00034087 2.48912e-05 7.51819e-06 -7.44741e-07 8.35446e-07 -6.0209e-07 -2.09371e-07 8.18223e-07 6.06326e-06 -3.13917e-05 -4.68037e-05 -7.59325e-05 -2.33511e-05 1.62598e-05 7.44662e-05 0.000379421 -0.000174135 -6.28013e-05 -3.48027e-05 -5.80319e-05 -7.44099e-05 0.000122012 3.3615e-05 7.084e-06 7.0223e-05 -1.30506e-07 -3.29195e-05 8.44154e-06 2.72525e-05 -1.25858e-05 -9.772e-06 -7.08813e-06 3.04138e-07 1.0768e-05 8.94607e-06 -1.27276e-05 2.95985e-06 3.113e-06 1.20899e-05 1.36205e-05 5.43252e-06 5.24327e-06 -1.1384e-05 -4.14818e-06 -3.20883e-08 -5.10193e-06 6.03482e-06 -8.77855e-06 9.97936e-06 -6.67879e-07 -3.51366e-06 -6.39448e-06 -7.77837e-07 -9.81368e-06 1.09096e-06 1.59614e-05 -4.90023e-06 -4.88839e-05 -4.80457e-05 2.34994e-05 1.54192e-05 -9.13564e-06 7.57875e-06 1.64848e-05 -6.72133e-06 3.45272e-05 -9.37323e-06 -8.20876e-07 -1.04411e-05 -2.56776e-05 -2.48615e-05 -2.33555e-05 -7.49916e-06 -6.31606e-06 -4.53295e-06 3.56223e-06 -6.08167e-07 2.81762e-06 9.67557e-06 3.30551e-06 -5.14204e-05 -4.88665e-05 -1.10076e-05
 -2.60243e-05 2.69666 -0.570755 -6.93549e-06 -1.84637 1.50978 -0.322129 -0.0777472 1.52173 -1.43422 -0.132486 3.21535 3.57217e-05 -0.705161 -0.00267321 2.38734e-05 -0.681574 0.027563 -3.68416e-06 838.787 -362.581 1.22882e-05 -1.76701 0.384366 -1.01885 4.82576 -1.20425 -0.174314 0.0410368 -0.0457682 -0.00782632 -0.716246 2.85777 -0.32907 2.68286 -4.38423 0.212293 -0.318766 0.00596156 0.714818 -0.359195 -0.00601615 -0.512578 -0.363677 0.0454303 -0.330112 -0.416823 0.615376 -0.585506 -0.903652 1.89588 -1.06734 1.06219 -3.35445 -1.46884 2.04121 -0.581518 -1.64301 0.656382 0.239258 -0.173856 0.0179095 -0.644108 -0.945468 0.0322647 -0.175742 -0.0201662 0.00567429 -0.00883719 1.02249e-05 -1.26367 0.422632 -0.54375 -0.026931 0.797245 -0.428608 -0.067558 1.54466 -0.143331 -0.0589731 0.457829 -1.50739 3.6256 -0.246595 -0.391443 0.0386478 0.12649 0.0400453 -0.00324444 -0.0371543 -0.483883 2.77454 1.95913 1.34137 -0.922146 -0.473917 -33.2608 14.9642 0.912679 3.0906 1.22497 3.80553 -6.44749 1.07428 2.24183 -1.04926 0.177595 -1.13964 -0.250984 -0.0818374 1.29818 0.297174 0.199627 0.60569 0.971488 0.147018 -0.203744 -0.515444 0.980562 -0.31045 -0.140967 -0.0383193 0.704714 1.46665 -0.350473 -0.00885566 0.341544 0.223193 0.760154 -0.830744 0.126854 0.0981539 0.418531 -0.443037 0.16279 0.613994 0.683769 0.428086 0.258757 1.15216 0.865939 -0.400981 -0.23432 -0.881195 -0.0891017 0.101012 -0.0168882 1.65863 -0.351876 0.469432 1.03641 0.433359 0.147974 -0.966439 -0.439271 -0.0328949 0.157548 -0.381644 0.0606188 -0.840414 -0.854496 -1.78782 18.9603 9.63844 3.05526
 1.13803e-05 -1.1802 0.249735 2.95872e-06 0.793107 -0.648515 0.138701 0.0334672 -0.655248 0.619245 0.0570967 -1.38602 -1.52761e-05 0.300838 0.00117407 -1.01996e-05 0.291226 -0.0117482 2.32001e-06 -362.581 158.294 -5.34984e-06 0.7636 -0.166096 0.440869 -2.09645 0.523183 0.074421 -0.0217591 0.0243273 0.00246498 0.309206 -1.23366 0.14191 -1.16634 1.90609 -0.0926813 0.135801 -0.00247273 -0.310127 0.15439 0.00262203 0.221216 0.153467 -0.0191354 0.141454 0.178817 -0.263972 0.253434 0.391824 -0.822201 0.462914 -0.460575 1.45447 0.637188 -0.885415 0.250939 0.712097 -0.285365 -0.102697 0.0750454 -0.0077366 0.280085 0.409992 -0.0140267 0.0776211 0.00887522 -0.0024948 0.0037597 -4.37495e-06 0.545097 -0.182293 0.234565 0.0116116 -0.343848 0.185514 0.0292457 -0.668727 0.060924 0.0253139 -0.1965 0.656425 -1.57103 0.106838 0.169166 -0.0167038 -0.0540456 -0.0173658 0.00140956 0.0161095 0.209831 -1.19956 -0.85115 -0.586541 0.398313 0.212678 14.4277 -6.49684 -0.39304 -1.3398 -0.533376 -1.64928 2.79604 -0.466607 -0.972029 0.454841 -0.0775886 0.49396 0.109244 0.0355063 -0.563261 -0.128762 -0.0864582 -0.26257 -0.421107 -0.0636575 0.0882657 0.223509 -0.42527 0.134589 0.0611653 0.0165143 -0.305401 -0.63601 0.152059 0.00391443 -0.147977 -0.0970448 -0.329323 0.36009 -0.0551096 -0.0425875 -0.181375 0.192131 -0.0705085 -0.266366 -0.296651 -0.185825 -0.112357 -0.499575 -0.375109 0.173922 0.10171 0.381843 0.0385346 -0.0439207 0.00716357 -0.718844 0.152401 -0.2036 -0.449309 -0.187772 -0.0644326 0.418947 0.190267 0.0142977 -0.0682725 0.165441 -0.0262873 0.364394 0.371214 0.775089 -8.23816 -4.15306 -1.32334
 -5.85987e-10 1.06165e-05 -2.21682e-06 1.31554e-10 3.87952e-05 -3.17947e-05 1.95756e-06 8.64872e-07 -1.63807e-05 9.43474e-06 9.92738e-07 -2.19884e-05 -1.5348e-11 -6.02359e-06 6.06518e-08 -5.7105e-10 3.5369e-06 -1.02081e-07 -4.90129e-10 1.22882e-05 -5.34984e-06 1000 1.73994e-05 -3.84276e-06 0.000110751 -0.000124639 2.92803e-05 1.27494e-05 5.97485e-05 -6.76359e-05 8.91128e-05 1.0682e-05 -4.77122e-05 0.000169983 1.59682e-05 -3.87095e-05 -4.72439e-05 -3.01023e-06 4.99022e-07 -7.519e-05 6.74201e-06 4.40035e-07 8.44279e-06 -4.89014e-05 5.78368e-06 -1.47343e-06 -2.00164e-06 2.82567e-06 2.1076e-05 6.28887e-05 -4.61651e-05 1.19479e-05 -5.55241e-05 3.22711e-05 0.00011388 -0.000136462 -3.11704e-05 4.65151e-05 -1.33057e-05 -1.0193e-05 -2.7196e-07 1.78233e-07 -1.2263e-05 8.16909e-06 -8.20427e-09 -7.00795e-06 -1.85276e-06 4.95323e-07 4.57948e-07 -2.15255e-10 1.0874e-05 -3.7773e-06 3.50758e-06 2.01589e-07 -5.66831e-06 -7.24251e-07 3.5289e-07 -7.00124e-06 2.05843e-06 1.19298e-06 -9.08198e-06 1.06278e-05 -0.00033449 2.45244e-05 3.61301e-06 -3.89702e-07 -1.74302e-07 -6.83981e-07 -2.36941e-07 9.28461e-07 1.36888e-05 1.15484e-05 1.27909e-05 1.16875e-05 1.50693e-05 2.44619e-05 7.56412e-05 8.60921e-05 -0.000104612 -6.83029e-05 -3.08474e-05 -2.14156e-05 -1.68585e-05 9.7279e-05 8.3195e-05 -2.89251e-05 2.91507e-05 -5.00088e-05 0.000112611 -3.46265e-05 -1.6602e-06 -1.51659e-06 -5.22897e-07 -4.10291e-06 7.89573e-06 3.75413e-05 9.01888e-06 -1.38604e-06 -1.72203e-05 2.81494e-05 1.48792e-06 7.0013e-06 -2.13844e-07 9.46558e-06 5.28188e-06 8.10549e-06 5.22123e-06 -1.33709e-05 1.33396e-05 -8.5403e-06 2.09118e-06 -8.58986e-06 -1.60657e-05 -3.8982e-06 7.19202e-06 -3.45613e-06 1.13106e-05 7.00872e-06 -2.74181e-05 -9.74343e-05 -6.58119e-05 3.25883e-05 1.38635e-05 -1.15108e-08 2.63385e-06 1.08621e-05 -8.75815e-06 -1.76783e-06 7.9724e-06 -1.38556e-05 -1.80209e-05 -3.25176e-05 -4.00538e-05 -2.64208e-05 -1.12702e-05 -1.09013e-05 -1.0714e-05 8.36698e-06 -1.44133e-06 1.07782e-05 1.1855e-05 1.98192e-05 -0.000229731 -0.000144224 -4.03147e-05
 1.46157e-06 1.4703 -0.314484 -9.15971e-06 -2.11268 1.72812 -0.332811 -0.100822 1.95189 -1.65527 -0.143704 3.44851 4.46261e-05 -0.877196 -0.00406767 2.89856e-05 -0.81608 0.0329379 5.85334e-06 -1.76701 0.7636 1.73994e-05 952.815 -207.95 -0.922627 12.238 -3.07533 0.0631369 0.895306 -1.00861 -3.29652 -1.05938 4.45066 -3.16569 1.26137 -1.8398 0.381185 -0.379864 0.00110969 2.38611 -0.825414 -0.021152 -2.10304 0.444139 -0.0210928 -0.329093 -0.415501 0.617433 -0.727019 -2.26904 1.41672 -0.252251 1.74053 -4.70637 -2.88217 3.82697 -0.191212 -2.6237 0.546626 0.887837 -0.129952 0.0104806 0.028935 -0.335284 -0.0147764 0.912115 0.033565 -0.00901007 -0.0147228 1.42528e-05 -1.34196 0.45139 -0.458119 -0.0227087 0.659918 -0.393577 -0.0708741 1.61318 -0.153587 -0.0746085 0.582654 -0.482968 2.79208 -0.201795 -0.274148 0.0281476 0.0348532 0.0362948 0.00134451 -0.0379825 -0.754365 0.972056 -0.643003 -1.90582 -1.51128 -0.974766 -9.02477 3.58277 1.91686 2.99552 1.31673 1.38463 -6.87966 -0.773415 4.3556 -0.108842 -2.16526 -6.8223 1.61205 0.774259 -0.719613 -0.481296 -0.298209 0.305264 -0.277762 -1.0134 -0.984969 0.538286 1.39795 -0.740459 -0.149973 -0.119573 0.246197 -0.190026 0.193888 0.0370587 0.108803 0.496055 0.19942 0.175478 0.278326 0.638012 1.03677 0.55488 0.218809 0.217437 0.118123 0.150685 0.341604 2.33284 1.68665 -0.486159 -0.308889 -0.114719 0.359457 0.301081 0.372347 0.992096 0.0987589 0.571724 2.18454 1.49342 0.66882 -0.470222 -0.0196403 0.296274 0.421205 -0.546016 0.079038 -0.935305 -1.0927 -2.00081 20.9923 10.858 3.40528
