 1000 0.00502609 -0.000223048 7.67032e-09 -0.000410574 6.03465e-05 -3.491e-09 -5.8795e-06 3.06831e-05 -8.82887e-05 -4.70117e-05 0.000233737 1.68932e-09 -1.18584e-05 9.95553e-08 1.7835e-09 -1.85009e-05 2.05689e-07 2.17177e-10 -3.73593e-05 2.53724e-06 8.02358e-10 -1.76948e-05 5.27047e-07 -0.000276114 -0.00060288 9.30844e-05 -5.43891e-05 -0.000492927 0.000228105 -0.000113258 -0.000125549 0.000176388 -0.000192328 -0.000284013 0.000199652 -4.56664e-05 3.58299e-06 7.40354e-07 -0.000420405 8.92088e-05 3.71164e-06 -0.000154896 6.44099e-06 2.85556e-06 -1.00809e-05 -2.1338e-05 7.38477e-06 1.90832e-05 -0.000198238 -0.000255223 0.000206962 -8.0778e-07 2.99694e-05 -3.69892e-05 5.31345e-05 -0.000128433 -8.90643e-05 -0.000111226 0.000122271 -1.71616e-06 1.41257e-07 4.96162e-05 -1.85203e-06 -1.60523e-06 5.57903e-05 6.09811e-07 -2.08068e-07 -1.71951e-08 1.98544e-09 -3.53808e-05 1.36757e-06 -8.44436e-06 -7.53323e-06 2.59855e-05 -3.96127e-05 -8.54753e-06 0.000106837 4.28169e-06 4.374e-06 -1.79737e-05 -5.6519e-05 0.000210074 -5.38541e-06 -7.64015e-06 5.70717e-07 -4.90347e-06 -1.37653e-06 -4.99792e-07 1.88768e-06 -4.99324e-05 5.78916e-05 -6.00959e-05 -0.000224036 -0.00011887 1.54333e-05 -0.000136562 0.00047716 -0.000157421 -0.000360824 -0.000191232 0.000104531 -1.22373e-05 1.52411e-05 -1.90951e-05 -6.22444e-06 1.78197e-05 9.62773e-06 -9.3846e-05 0.000159741 -0.000144757 7.49117e-06 7.05559e-06 1.33596e-06 -3.81337e-06 -1.913e-05 -1.51382e-05 -1.91154e-05 6.0094e-05 -5.83202e-05 -1.57365e-05 -2.66662e-05 -1.78639e-05 -1.07693e-05 1.23156e-06 -2.05284e-05 -2.39947e-05 0.000153534 -7.0136e-05 3.24417e-05 -6.75959e-06 1.19956e-05 2.85564e-05 9.17571e-06 4.30306e-05 1.85867e-05 7.25598e-05 4.26299e-05 3.16219e-05 1.71828e-05 6.9423e-06 3.62859e-05 1.68776e-05 6.47376e-06 3.6493e-05 1.46834e-05 5.41747e-05 7.17858e-05 3.42746e-05 4.28802e-05 3.84036e-05 1.22674e-05 3.83403e-05 9.88304e-06 2.13459e-05 2.28178e-05 2.29313e-05 -2.00396e-05 4.71034e-06 7.53778e-06 1.59582e-05 -2.49727e-05 -0.000342011 0.000176756 -2.71769e-05
 0.00502609 585.446 -24.5015 -0.000619337 32.2045 -4.73393 0.000386886 0.850664 -4.49078 6.44116 3.97384 -19.7671 -0.000153212 1.04452 -0.00654889 -0.000168317 1.70552 -0.0151785 -5.87283e-05 2.17977 -0.149857 -0.00010142 1.75792 -0.0490767 26.8947 44.6932 -6.99592 3.71279 34.524 -15.9779 12.1812 10.1527 -14.3863 20.8519 22.0595 -15.765 2.70802 -0.210692 -0.0581273 31.9343 -6.82797 -0.281841 14.3264 -2.0301 -0.146162 0.990593 1.73235 -0.600603 1.08588 14.2896 14.523 -12.7334 -1.51809 -0.466329 5.98219 -8.87925 9.69757 8.64043 8.89541 -10.4099 -0.0100598 0.00595313 -4.46917 1.3285 0.0976849 -4.82257 -0.174389 0.0621502 0.00438169 -0.000187253 3.0174 -0.114022 0.803372 0.657224 -2.27246 2.95166 0.649889 -8.09128 -0.121772 -0.0954866 0.400346 5.55793 -27.9174 0.791525 1.37401 -0.116424 0.188052 0.0979922 0.0199054 -0.118652 5.00957 -4.2646 3.82967 14.173 6.96323 -2.93618 -4.75464 1.79329 -5.22751 23.6242 13.3021 -4.13461 -1.72366 -1.8195 2.09034 7.66817 4.2265 -1.42329 -9.279 5.43817 0.576244 0.39474 -1.77259 -0.591131 1.7721 2.57654 1.28876 1.70065 -1.51082 1.68337 2.00197 1.93277 1.25352 0.752859 1.1511 1.16082 0.757193 -2.32693 -2.53371 2.06565 -0.176544 -0.7821 -2.17936 -2.99908 -1.9459 -3.72873 -4.20414 -3.11888 -0.731787 -1.43753 -2.16953 -1.67835 -1.2873 -1.30778 -2.94998 -3.00912 -1.70183 -3.54094 -4.08545 -1.80576 -2.47304 -4.22055 -4.12596 -3.01719 -2.33203 -1.9987 -1.84941 1.96447 -0.443034 -0.337339 -0.793944 1.48664 21.8428 -13.6066 1.34594
 -0.000223048 -24.5015 1.89676 2.67591e-05 -1.38863 0.204122 -1.74389e-05 -0.0383518 0.202579 -0.279011 -0.171134 0.85129 7.48523e-06 -0.0519064 0.000282873 7.74728e-06 -0.0807756 0.000686656 2.50699e-06 -0.0997122 0.00683621 4.36375e-06 -0.080163 0.00222416 -1.16032 -1.92676 0.301608 -0.162502 -1.48831 0.688807 -0.525972 -0.438366 0.621166 -0.899989 -0.951555 0.680057 -0.130137 0.000826102 0.00276185 -1.38045 0.286106 0.0122028 -0.626627 0.0692899 0.00781444 -0.0481545 -0.0825106 0.0284817 -0.0527093 -0.615073 -0.625499 0.548456 0.0636801 0.0190639 -0.25892 0.384386 -0.4189 -0.372615 -0.383519 0.44889 0.00045694 -0.000258292 0.192935 -0.0573769 -0.00422382 0.208463 0.00725436 -0.00258535 -8.08507e-05 8.61406e-06 -0.140107 0.00522122 -0.0368224 -0.0297052 0.102755 -0.127019 -0.0280575 0.349306 0.00413183 0.00342242 -0.014419 -0.230867 1.20975 -0.0343155 -0.0592704 0.00502233 -0.00823771 -0.00421118 -0.000853235 0.00509684 -0.216059 0.186655 -0.165524 -0.612194 -0.300182 0.132789 0.205216 -0.081026 0.225813 -1.01398 -0.572417 0.177733 0.0746366 0.0779258 -0.0905989 -0.330992 -0.182677 0.0610636 0.400281 -0.235346 -0.0239838 -0.017069 0.0763263 0.0253241 -0.0767336 -0.111458 -0.0554442 -0.0728878 0.0647102 -0.0725466 -0.0866655 -0.0834897 -0.0542023 -0.0325287 -0.0497513 -0.0501195 -0.032522 0.099381 0.109522 -0.0893332 0.00762507 0.0336388 0.0937801 0.1291 0.0835089 0.160434 0.180698 0.133997 0.031202 0.0618419 0.0935611 0.0721928 0.0553754 0.0563315 0.126944 0.129683 0.0732124 0.152251 0.175983 0.0776673 0.106352 0.181838 0.177803 0.130002 0.100395 0.086006 0.0795785 -0.084681 0.0190936 0.0144693 0.0339851 -0.0641692 -0.93935 0.585238 -0.0578668
 7.67032e-09 -0.000619337 2.67591e-05 1000 0.00541299 -0.000805919 -4.5773e-09 -8.95347e-06 4.74279e-05 -0.000106433 -6.28136e-05 0.000312255 -1.03095e-09 9.10536e-06 1.61698e-07 1.0445e-09 -5.80506e-06 2.41092e-07 5.15035e-10 -5.28938e-06 4.8309e-07 4.23804e-10 2.91178e-06 1.20839e-08 -0.00038727 -0.000815944 0.000126499 -7.73916e-05 -0.000706107 0.000326941 -0.000158524 -0.000191081 0.00026779 -0.000248614 -0.000526102 0.000365595 5.40528e-05 3.48577e-05 -1.66371e-07 -0.000503493 0.000151106 4.82639e-06 -0.000162004 0.000119463 -4.43249e-06 1.79238e-05 8.64611e-06 -2.43501e-06 5.68714e-05 -0.000169125 -7.1254e-05 9.10685e-05 -2.2504e-05 5.7417e-05 -3.36302e-05 4.60341e-05 -0.000176486 -0.000156 -0.000123638 0.000162319 1.02489e-05 -1.05907e-06 8.86851e-05 1.01768e-05 -6.89694e-06 0.000220671 1.22916e-05 -4.46925e-06 -1.92339e-06 2.11983e-10 3.49073e-07 4.50754e-07 -5.18219e-06 -5.48969e-06 1.87314e-05 -4.53869e-05 -1.16755e-05 0.000143901 3.39084e-06 1.13865e-06 -5.15583e-06 -7.61041e-05 0.0002767 -7.73231e-06 -1.1334e-05 9.03432e-07 -1.13517e-05 -2.22368e-06 -6.24217e-07 2.86592e-06 -0.000113252 6.81346e-05 -3.54103e-05 -0.00021772 -0.000176212 -0.0001578 0.000143227 5.33974e-05 -8.47602e-05 -0.000134225 -2.70819e-05 2.98292e-05 -9.29814e-06 4.76067e-05 -3.92312e-05 7.34922e-05 -4.5572e-05 3.26407e-05 1.3755e-05 -7.13556e-05 8.82518e-06 2.56251e-05 6.48679e-05 1.69824e-06 6.9448e-06 -7.31747e-05 -1.10031e-05 -2.97205e-05 -1.43259e-05 5.15447e-05 -2.62143e-05 4.07914e-05 -3.58098e-05 -0.000112534 -0.000189988 -0.000263685 -7.21995e-05 0.000271353 4.93462e-05 8.07678e-05 -2.01548e-05 1.85088e-05 9.33426e-05 1.00564e-05 5.64611e-05 -8.64221e-06 0.000108516 3.0583e-05 5.59221e-05 -6.68068e-05 -6.23846e-05 -2.01101e-05 -3.4111e-05 9.87734e-05 0.000107674 2.79772e-05 1.36102e-05 7.76923e-05 7.49796e-05 0.000106747 6.80194e-05 -5.86607e-05 8.93318e-05 2.05289e-05 3.06013e-05 2.96282e-05 2.86429e-05 -3.2927e-05 9.29237e-06 1.374e-05 3.88096e-06 -6.79252e-05 -0.000502464 0.000154038 -5.76347e-05
 -0.000410574 32.2045 -1.38863 0.00541299 701.006 -102.167 0.000214693 0.453836 -2.37053 5.56221 3.6496 -18.1456 4.3956e-05 -0.409916 -0.00533607 -6.60563e-05 0.390248 -0.00880619 -3.87285e-05 0.523087 -0.0391727 -3.34305e-05 0.027587 -0.00412336 22.1124 35.5675 -5.57835 3.02624 28.4337 -13.1608 12.5614 8.74348 -12.4641 19.2995 18.9629 -13.6098 -2.69045 -1.63766 0.0122722 22.8908 -6.90727 -0.198874 10.9495 -6.8129 0.276136 -0.596702 -0.378975 0.109316 -2.18964 9.20005 2.94818 -4.44061 -0.340296 -0.873636 3.97607 -5.86875 8.73383 7.43385 8.14567 -9.32055 -0.0400189 0.00803686 -4.09607 -2.23733 0.44535 -12.2097 -0.710817 0.25458 0.0982279 -2.35451e-05 0.140899 -0.0222323 0.262689 0.284937 -0.976284 2.22376 0.560451 -6.95868 -0.0926651 0.00689162 -0.00951379 5.17486 -24.6077 0.702527 1.9031 -0.161147 0.391114 0.0707179 0.019029 -0.0903115 4.41931 -3.05151 0.344581 6.00528 7.25919 8.46669 -1.28286 -0.583818 0.0325686 7.19533 1.63126 -2.53354 -0.136363 1.25432 0.216115 4.78224 0.17157 -2.11578 0.261452 2.83879 -0.0610433 -0.600522 -1.80733 -1.57932 2.70518 2.78439 0.383147 0.839188 1.7856 -1.105 0.144676 1.59748 2.75707 5.64148 3.54248 -0.97306 -0.903675 -0.252859 -5.08116 3.28433 0.697634 -0.771029 -2.1962 -2.80151 -1.4567 -2.49703 -2.27647 -3.15904 -0.216935 0.079363 -0.537029 -1.40723 -1.66764 -0.762188 -1.68808 -1.1713 -1.24101 -3.32552 -4.58222 -1.16001 -0.569339 -4.03318 -3.48505 -2.8962 -1.98921 -1.66864 -1.49482 1.54888 -0.370596 -0.451128 -0.997602 1.15746 22.9491 -14.2198 1.43388
 6.03465e-05 -4.73393 0.204122 -0.000805919 -102.167 15.9196 -3.2505e-05 -0.0687261 0.359227 -0.818025 -0.536368 2.6668 -5.68233e-06 0.0540868 0.00078485 1.02195e-05 -0.0647644 0.0013274 5.63272e-06 -0.08109 0.00603294 4.82205e-06 -0.00710032 0.000681638 -3.25094 -5.2284 0.820016 -0.447673 -4.17954 1.93454 -1.84687 -1.28568 1.83276 -2.83745 -2.78746 2.0006 0.382071 0.234015 -0.00158358 -3.36816 1.00841 0.0292787 -1.61835 0.982744 -0.0390448 0.083213 0.0484402 -0.0136818 0.319802 -1.35215 -0.433786 0.652974 0.047631 0.127466 -0.585402 0.86414 -1.28438 -1.09269 -1.19738 1.37008 0.00586978 -0.00117971 0.602112 0.328568 -0.065438 1.79427 0.104709 -0.0375013 -0.0145055 3.97251e-06 -0.0299816 0.0035507 -0.0409777 -0.0433332 0.148566 -0.32689 -0.082406 1.02318 0.0124785 -0.00165329 0.00402642 -0.750294 3.62144 -0.103409 -0.27966 0.0236805 -0.0574208 -0.0103849 -0.00279379 0.0132616 -0.649497 0.450319 -0.0517367 -0.883031 -1.06582 -1.2433 0.18787 0.085964 -0.00464133 -1.0577 -0.238932 0.372531 0.0203369 -0.184582 -0.0320896 -0.703319 -0.0255473 0.310625 -0.0383844 -0.416902 0.00885525 0.0881981 0.265384 0.231932 -0.397757 -0.409315 -0.0562515 -0.122987 -0.262284 0.161995 -0.0215723 -0.235021 -0.405194 -0.828695 -0.520212 0.143278 0.132916 0.0367088 0.746507 -0.482726 -0.102402 0.113328 0.32262 0.411621 0.213921 0.366887 0.334337 0.464028 0.0317119 -0.0114705 0.0791948 0.206906 0.245128 0.111923 0.247972 0.172241 0.182516 0.488605 0.673314 0.170402 0.0836501 0.592817 0.512161 0.425606 0.292302 0.245208 0.21966 -0.227672 0.0544625 0.0662452 0.146492 -0.170108 -3.37117 2.08904 -0.2106
 -3.491e-09 0.000386886 -1.74389e-05 -4.5773e-09 0.000214693 -3.2505e-05 1000 -6.36455e-05 0.000208445 0.000162656 9.50729e-05 -0.000471245 4.99866e-09 -3.74939e-05 -9.67151e-08 3.30622e-09 -4.29092e-05 6.0817e-08 7.82386e-10 -1.83992e-06 6.94066e-09 9.62827e-10 -3.16794e-05 7.04939e-07 0.000265337 0.000326108 -5.30518e-05 1.49486e-05 0.000287892 -0.000134088 0.000255228 6.33287e-05 -9.66787e-05 0.000506153 -0.000156054 8.32242e-05 -0.000133866 -1.43759e-05 4.09707e-07 -0.000230597 1.81966e-05 1.0128e-06 4.16337e-05 -0.000188734 1.26413e-05 -3.2021e-05 -4.83482e-05 1.53771e-05 3.26792e-05 8.09506e-05 -0.000156601 6.43792e-05 -2.49923e-05 -0.000551014 0.000236425 -0.0003126 -0.000209504 4.87196e-05 8.03629e-05 -6.82181e-05 5.17541e-05 -4.34394e-06 -8.13379e-05 2.26075e-05 1.98765e-07 -2.48298e-05 -2.81897e-06 1.02742e-06 4.27923e-07 4.97214e-09 -8.55551e-05 2.00774e-06 -1.47036e-05 -1.1116e-05 3.92915e-05 -9.05654e-05 -1.37187e-05 0.000178716 -2.19283e-05 -1.00563e-05 4.12854e-05 8.50211e-05 -0.000188962 7.2233e-06 -3.50755e-05 3.37666e-06 3.1651e-05 2.317e-06 -1.55065e-07 -2.17706e-06 1.18778e-05 0.000122463 -2.01333e-05 -0.000148292 3.33472e-06 0.000107625 0.000877477 -0.00107581 0.000389199 3.38498e-05 2.91755e-06 -8.936e-05 -0.000270832 0.000342703 -0.000167782 0.000312257 -1.40905e-05 -0.00012088 1.31069e-05 2.92891e-05 5.14785e-06 -1.88684e-05 -1.36736e-05 -1.03633e-06 -1.06103e-05 2.63922e-05 0.000279825 -0.000412064 9.47845e-05 6.59484e-05 2.57865e-05 -4.87818e-05 2.09674e-05 4.91329e-05 -3.82755e-05 -2.71396e-05 -3.85732e-05 0.000230168 9.64659e-05 4.25306e-05 -0.000111633 -9.53283e-06 -1.78575e-05 -3.43883e-05 -4.78058e-05 7.23015e-05 -5.53619e-05 -4.05508e-06 -8.02238e-05 -0.000255981 -0.000101158 5.54925e-05 -0.000202366 0.000162079 0.000104833 3.77126e-05 3.99584e-05 0.000117073 -0.000187082 2.66424e-05 -0.000267647 7.25659e-06 0.000273196 -9.83424e-05 -3.84241e-05 -3.02986e-05 -2.14577e-05 -7.52977e-08 -1.24561e-06 -3.08537e-05 -7.55008e-05 -4.43974e-05 0.00169122 -0.00101644 0.000109289
 -5.8795e-06 0.850664 -0.0383518 -8.95347e-06 0.453836 -0.0687261 -6.36455e-05 34.7193 -179.935 0.310069 0.175789 -0.871264 1.14399e-05 -0.0858159 -0.000194368 6.82369e-06 -0.0879896 0.00019416 2.98598e-06 0.0311822 -0.00213106 3.34619e-06 -0.0837966 0.00207141 0.462472 1.36035 -0.21062 0.0532192 0.798664 -0.37121 0.356018 0.013543 -0.0320288 0.834283 0.36354 -0.282341 -0.305701 -0.038122 0.0002882 -0.418854 0.0112253 0.000587469 0.0423827 -0.415154 0.0265167 -0.0642305 -0.116164 0.0361472 0.143716 0.167884 -0.615007 0.298596 0.124129 -1.34677 0.182401 -0.176688 -0.456647 0.0862595 0.00702384 -0.0226344 0.0690901 -0.00418321 -0.552531 0.314537 0.000587463 -0.365177 -0.0109806 0.00395653 0.000771418 1.21109e-05 -0.203032 0.00504654 -0.0330668 -0.0243418 0.0866873 -0.279606 -0.0427342 0.546121 -0.0648769 -0.031443 0.128499 0.22469 -0.323494 0.0140173 0.067895 -0.00513677 0.079322 0.00519682 0.0023835 -0.00762593 0.0239945 0.195876 -0.102479 -0.348174 0.163403 0.488976 3.46204 -3.64564 0.485165 0.450174 0.239335 0.845506 -0.849215 0.406631 -0.868663 0.477305 0.307745 -0.226613 0.0988209 0.0390199 -0.0653214 -0.107629 -0.090088 -0.00513915 -0.0573867 -0.157268 1.00488 -0.782582 0.0636531 0.0115384 0.316132 -0.0738599 0.0645467 0.0800834 0.0111942 -0.0488048 -0.283266 0.238108 0.0138885 0.193738 -0.196401 0.0260396 -0.0913356 0.0841088 -0.184628 0.227178 -0.192146 -0.42485 -0.329494 -0.0758448 0.183287 0.205055 -0.157399 0.119753 -0.162375 -0.21953 -0.187865 0.411831 -0.487329 0.426313 -0.0129674 -0.287215 -0.0454473 -0.31408 -0.141707 -0.0893529 -0.0534135 -0.0115555 -0.00346856 -0.0290657 0.00648319 0.0543799 4.09712 -2.39048 0.278869
 3.06831e-05 -4.49078 0.202579 4.74279e-05 -2.37053 0.359227 0.000208445 -179.935 962.946 -1.64738 -0.933115 4.62469 -6.17495e-05 0.463816 0.00103201 -3.6573e-05 0.47456 -0.00106323 -1.57136e-05 -0.165791 0.0113298 -1.7662e-05 0.446527 -0.0110396 -2.44427 -7.21305 1.11678 -0.276227 -4.21989 1.96145 -1.8873 -0.0575204 0.150209 -4.42827 -1.91061 1.48588 1.64747 0.216916 -0.00197454 2.27087 -0.0580495 -0.00345235 -0.19809 2.24262 -0.144063 0.352229 0.632535 -0.197129 -0.775755 -0.885889 3.27178 -1.59042 -0.657356 7.17451 -0.963144 0.928483 2.45008 -0.453405 -0.0317906 0.113216 -0.368732 0.0223306 2.92834 -1.67723 -0.00249377 1.92552 0.0581345 -0.0209492 -0.00406568 -6.57253e-05 1.09984 -0.027449 0.181264 0.133814 -0.476223 1.50269 0.229267 -2.93005 0.350145 0.168086 -0.687204 -1.22299 1.67893 -0.0734048 -0.360426 0.0272591 -0.431614 -0.0277017 -0.0126918 0.0406366 -0.125574 -1.05999 0.545274 1.86718 -0.865237 -2.62542 -18.4265 19.406 -2.58657 -2.38612 -1.23868 -4.50912 4.52129 -2.16671 4.62895 -2.53964 -1.6361 1.20717 -0.527256 -0.207338 0.347512 0.572952 0.478383 0.0267308 0.307987 0.839286 -5.3523 4.16725 -0.340409 -0.061157 -1.68153 0.394793 -0.342837 -0.425979 -0.0589047 0.260689 1.50778 -1.27029 -0.0758202 -1.0315 1.04609 -0.13946 0.485172 -0.448582 0.982905 -1.2115 1.02234 2.26266 1.75577 0.404383 -0.9775 -1.09376 0.838982 -0.639739 0.862816 1.16743 0.998684 -2.19529 2.59457 -2.27221 0.0697792 1.528 0.237661 1.67172 0.753658 0.474862 0.283345 0.0627259 0.0182683 0.155479 -0.0318694 -0.284166 -21.8255 12.7313 -1.48601
 -8.82887e-05 6.44116 -0.279011 -0.000106433 5.56221 -0.818025 0.000162656 0.310069 -1.64738 926.737 -38.3677 183.688 -1.36373e-06 0.0132577 -0.000769767 -1.6028e-05 0.195036 -0.00150787 -4.30664e-06 0.147646 -0.00956164 1.85748e-05 -0.357503 0.00965387 5.49489 4.94857 -0.809515 0.524703 3.30895 -1.53236 3.95948 0.87887 -1.35831 6.27298 0.65087 -0.704119 1.04733 0.484894 -0.0242767 5.47079 -0.918091 -0.0507246 3.73646 0.251395 -0.0881602 0.565417 0.777587 -0.260756 2.1948 2.69996 -3.94842 1.39096 -0.567626 -2.79305 3.83648 -5.47825 2.33804 4.42351 -0.358253 -1.76829 0.707832 -0.0549822 -1.55784 2.82776 0.0694322 -5.46747 -0.347992 0.124118 0.000511516 -4.96401e-05 0.696071 -0.0263364 0.281833 0.216822 -0.749378 0.827898 0.23877 -2.87565 -0.341127 -0.248814 1.02399 1.58322 -12.6061 0.378387 0.361451 -0.0314619 0.692465 -0.00696929 -0.0141923 0.0212686 0.73123 -0.773817 -2.14306 -2.77031 4.83018 4.09074 -6.08147 -1.01083 4.37677 6.03179 1.55146 -6.9432 1.45858 -1.24336 0.302631 4.71756 9.50481 10.1669 -15.4514 1.79591 2.59997 1.48629 0.231145 -0.128064 0.145472 2.56949 -3.53738 0.665769 1.90017 -2.39663 1.36377 0.807228 -0.650568 0.336672 -0.626869 0.940951 -3.31704 6.11922 -6.7586 5.2444 -1.4059 -0.745776 0.632476 -4.05906 0.258267 -3.02722 -1.2447 1.1665 0.0899206 -0.153084 0.327967 -1.14713 -0.750966 0.697753 -0.468301 -2.31732 0.123309 0.278023 -1.01228 -0.146387 -2.02381 0.501422 0.293513 -1.35809 -2.83864 -1.03493 -0.76399 0.451451 -0.0671386 0.294982 0.375597 9.28837 7.37701 -8.85222 -0.269426
 -4.70117e-05 3.97384 -0.171134 -6.28136e-05 3.6496 -0.536368 9.50729e-05 0.175789 -0.933115 -38.3677 20.8236 -98.0512 -2.67515e-06 0.0204983 -0.000438606 -9.56079e-06 0.115302 -0.00108805 -3.26097e-07 0.115266 -0.00792022 9.60676e-06 -0.209716 0.00517645 2.54945 4.70789 -0.732834 0.498312 3.57235 -1.6536 1.02379 0.974168 -1.37451 1.9894 2.50772 -1.77591 0.621008 0.183718 -0.0125258 2.82687 -0.525256 -0.0249514 1.49531 0.273614 -0.0516651 0.201736 0.371932 -0.12493 -0.245301 1.07736 0.771004 -0.765291 -0.268484 -0.430788 0.655476 -0.948691 0.940318 0.716999 0.915324 -0.99371 -0.0567933 0.00513922 -0.597994 -0.0344524 0.040396 -1.32529 -0.0918154 0.0329922 -0.00237862 -2.73706e-05 0.424081 -0.014875 0.124791 0.114564 -0.396965 0.471544 0.0924239 -1.16614 0.000212784 -0.0033563 0.0126745 0.146041 -2.07147 0.0586138 0.220706 -0.0189995 0.183036 0.0101605 0.00446557 -0.0147145 0.458373 -1.56425 -0.49977 2.15762 4.44093 3.0306 -2.60986 -1.77168 0.583029 0.468912 0.00199271 0.0797127 1.22299 -0.364403 -1.78797 -0.0357083 1.47937 0.957454 -0.556677 0.262264 -0.11936 -0.0812387 -0.227059 -0.187279 0.245041 0.483005 -0.36246 0.0201761 0.388732 -0.176646 0.2384 0.107518 0.09133 0.279158 0.544023 -0.00109611 -0.10286 0.350917 -0.741894 0.201322 -0.0380466 -0.16426 -0.251953 -0.630128 0.00293055 -0.335397 -0.449044 -0.372247 -0.306389 -0.0538774 -0.359886 -0.165737 -0.109164 -0.0771857 -0.234973 -0.352008 -0.124376 -0.316621 -0.453605 -0.11999 -0.0260247 -0.402871 -0.533324 -0.341491 -0.259883 -0.218351 -0.209976 0.159664 -0.0403387 -0.0861521 -0.1497 -0.109548 3.23728 -1.12989 0.34233
 0.000233737 -19.7671 0.85129 0.000312255 -18.1456 2.6668 -0.000471245 -0.871264 4.62469 183.688 -98.0512 488.067 1.24127e-05 -0.0943021 0.0021812 4.68619e-05 -0.562158 0.00535723 1.63975e-06 -0.563807 0.0387641 -4.74535e-05 1.04803 -0.0258781 -12.6934 -23.3783 3.63956 -2.47725 -17.7302 8.20712 -5.13226 -4.82659 6.81229 -9.93046 -12.4225 8.80053 -3.07481 -0.892207 0.0617244 -14.0787 2.63667 0.124197 -7.43717 -1.31742 0.253661 -0.990706 -1.83515 0.61638 1.21111 -5.37646 -3.75042 3.76358 1.36646 2.17947 -3.30155 4.7772 -4.69258 -3.60732 -4.52455 4.9413 0.274064 -0.0248882 3.00271 0.145646 -0.202324 6.66758 0.454624 -0.163358 0.012211 0.000135666 -2.10067 0.0737423 -0.616222 -0.567823 1.96741 -2.39033 -0.466169 5.88173 -0.00807522 0.0128692 -0.047509 -0.729067 10.4431 -0.295664 -1.09953 0.0946466 -0.910334 -0.0502117 -0.021941 0.072589 -2.278 7.77608 2.49135 -10.6771 -22.0113 -15.0656 12.999 8.78702 -2.90931 -2.51771 0.00152785 -0.300318 -6.07474 1.8199 8.8517 0.121075 -7.43784 -4.86283 2.94093 -1.32182 0.562213 0.385104 1.12574 0.933089 -1.21658 -2.42454 1.83947 -0.106133 -1.9454 0.903872 -1.19846 -0.541261 -0.44532 -1.38766 -2.68639 -0.00592378 0.549831 -1.80803 3.75336 -1.057 0.205214 0.822216 1.24186 3.16713 -0.0174528 1.69593 2.24005 1.83179 1.51709 0.269448 1.77895 0.83353 0.549116 0.375898 1.17027 1.77058 0.615907 1.5649 2.25942 0.596913 0.151426 1.9908 2.641 1.70818 1.32001 1.0941 1.04972 -0.796371 0.200576 0.422448 0.732343 0.422544 -16.1214 5.70091 -1.6924
 1.68932e-09 -0.000153212 7.48523e-06 -1.03095e-09 4.3956e-05 -5.68233e-06 4.99866e-09 1.14399e-05 -6.17495e-05 -1.36373e-06 -2.67515e-06 1.24127e-05 1000 2.7731e-05 -6.09974e-06 -2.41135e-09 3.18973e-05 2.79598e-07 -1.80056e-10 2.24396e-05 -1.14619e-06 -8.6561e-10 2.93627e-05 -3.43065e-07 -0.000225689 -0.000619093 9.67412e-05 -1.49227e-05 -0.000243313 0.000113482 -4.4264e-05 3.93092e-05 -5.20375e-05 -9.87282e-05 5.23874e-05 -3.02394e-05 0.000107113 1.15283e-05 9.94269e-08 -0.000172145 7.02092e-05 3.47714e-06 3.39597e-05 0.000109359 -7.4106e-06 2.54234e-05 3.3177e-05 -1.02577e-05 5.87176e-05 1.84451e-05 -0.000115235 5.97532e-05 -5.69941e-07 4.26753e-05 4.33851e-05 -6.77188e-05 0.000147716 -4.13693e-05 -2.8491e-05 3.1888e-05 -1.90153e-05 1.50149e-06 -2.52864e-05 -7.31028e-06 2.70384e-06 -8.40888e-05 -1.09337e-06 3.83288e-07 -3.20909e-07 -2.54146e-09 4.64081e-05 -5.63561e-07 9.22133e-06 5.41638e-06 -1.93475e-05 3.38879e-05 7.62896e-06 -9.98963e-05 2.25405e-06 1.7858e-06 -8.07644e-06 -4.85131e-05 0.000111456 -4.82417e-06 -1.77707e-05 1.56346e-06 1.5043e-06 -1.07608e-06 4.48736e-08 1.03841e-06 -0.000103818 -0.000183712 -2.54966e-05 0.000112111 5.73459e-05 1.30669e-05 -5.4909e-05 1.17877e-05 -0.000153311 3.60611e-05 3.3744e-05 0.000421081 -3.9221e-05 -0.000334352 2.0173e-05 0.000131569 0.000152734 -4.5569e-06 3.53059e-05 -1.96205e-05 -7.95837e-05 3.31496e-05 5.91056e-05 -5.88093e-05 -3.33313e-05 -7.83508e-05 -9.47804e-06 4.17626e-05 2.32306e-06 1.09532e-05 1.43956e-05 -2.38745e-05 -1.89638e-05 -9.0047e-06 -3.70425e-05 -3.94528e-05 -5.83129e-05 -3.58952e-05 -3.5027e-05 -4.16305e-05 -2.72912e-06 2.48486e-05 3.95604e-05 2.54008e-05 3.29415e-05 4.85203e-05 4.38824e-05 9.2524e-06 -3.56499e-05 -4.68707e-05 -3.62595e-06 1.40111e-05 1.88521e-05 -2.95543e-05 -7.09827e-06 -8.5151e-06 3.75647e-06 1.97276e-05 -1.70122e-05 7.16444e-06 7.33172e-05 7.36941e-05 2.75802e-05 -1.25152e-05 -4.47863e-06 -1.14624e-06 -2.27548e-06 -1.3594e-05 7.97306e-06 1.15715e-05 4.98607e-05 4.06349e-05 -0.000651442 0.000503244 -2.41804e-05
 -1.18584e-05 1.04452 -0.0519064 9.10536e-06 -0.409916 0.0540868 -3.74939e-05 -0.0858159 0.463816 0.0132577 0.0204983 -0.0943021 2.7731e-05 999.788 -0.116839 1.73416e-05 -0.240145 -0.00196322 3.40621e-07 -0.162659 0.0081961 4.71496e-06 -0.209741 0.0021689 1.98169 4.67439 -0.735272 0.0954651 1.7338 -0.809477 0.431908 -0.24204 0.313895 0.98725 -0.153715 0.0539318 -0.898932 -0.0955808 -0.000400964 1.02447 -0.489648 -0.0243363 -0.186669 -0.953903 0.0635519 -0.203252 -0.268183 0.0833081 -0.470722 0.0693628 0.92325 -0.545516 -0.0554981 -0.28673 -0.224588 0.355814 -1.19573 0.445491 0.178576 -0.269194 0.118405 -0.00899699 0.203466 0.0660287 -0.0207542 0.637097 0.00519236 -0.00179933 0.00277468 1.84548e-05 -0.344528 0.0038677 -0.0711629 -0.0400715 0.143296 -0.285681 -0.0623284 0.815697 -0.0174105 -0.0102425 0.0480899 0.461374 -1.37876 0.0543421 0.129581 -0.0115699 -0.0253394 0.00868287 -8.50576e-05 -0.00865667 0.779551 1.66342 0.349211 -0.683684 -0.33962 -0.0151451 0.50228 0.0515891 1.08456 -0.25628 -0.229775 -2.84036 -0.0967296 2.35178 0.300017 -1.029 -1.25424 -0.150733 -0.0209715 0.154675 0.521367 -0.225371 -0.49142 0.356992 0.451005 0.583513 0.235018 -0.27943 -0.0538521 -0.0610014 -0.101073 0.163399 0.174739 0.0929923 0.266637 0.284418 0.40688 0.240705 0.224725 0.280458 0.000829452 -0.222654 -0.340623 -0.230348 -0.220624 -0.366328 -0.365761 -0.148381 0.156344 0.263391 0.00540819 -0.0581775 -0.0679538 0.150963 -0.00166254 -0.0314178 -0.016925 -0.185528 0.0905242 -0.102389 -0.590233 -0.694446 -0.365486 0.0139789 -0.0152119 -0.0302171 -0.0177874 0.149898 -0.0614515 -0.0802372 -0.358536 -0.292581 4.35732 -3.40072 0.155981
 9.95553e-08 -0.00654889 0.000282873 1.61698e-07 -0.00533607 0.00078485 -9.67151e-08 -0.000194368 0.00103201 -0.000769767 -0.000438606 0.0021812 -6.09974e-06 -0.116839 0.813951 2.38523e-07 -0.00285983 1.5476e-05 4.44323e-08 -0.00213713 0.000142002 1.15542e-07 -0.00273842 7.04289e-05 -0.00489067 -0.00882411 0.00137668 -0.000847375 -0.00672063 0.00311105 -0.00202057 -0.001909 0.00269557 -0.00348059 -0.00332975 0.00239436 -0.00195349 -0.00108116 4.37804e-05 -0.00774087 0.000529871 7.09536e-05 -0.0031788 -0.00149952 0.000175688 -0.000730117 -0.00161822 0.00053019 -0.000192404 -0.00117244 -0.00147461 0.00121049 -6.34446e-06 -0.000212609 -0.0010415 0.00156597 -0.00125576 -0.00123215 -0.00122304 0.00144759 -6.69539e-05 5.04753e-06 0.000670221 -0.000181418 -1.10037e-05 0.000579014 2.57533e-05 -9.1892e-06 2.13605e-06 1.76626e-07 -0.00304317 9.90192e-05 -0.00036718 -0.000260765 0.000906263 -0.0004088 -0.000125607 0.00154926 -0.000185143 -0.000220745 0.000884239 -0.000815183 0.00832745 -0.000234997 -0.000239442 2.0363e-05 -3.78687e-05 -5.4617e-06 1.12867e-06 4.36557e-06 -0.000959151 0.000968077 -0.00013163 -0.0011185 -0.000382961 -3.88875e-05 3.71946e-05 6.68137e-06 -0.000830276 -0.000517191 0.000743177 0.00250196 0.000265374 -0.00199879 -0.000815837 0.000215655 0.000624943 8.50356e-05 7.43753e-05 -0.00036864 -0.00042249 0.00027868 0.000664167 -0.000190984 -0.000793749 -0.000921003 -0.000122371 0.000489906 0.00012188 -0.000218507 -0.000306901 -0.000395475 -0.000314498 -0.000171532 -0.000320481 -0.000367238 -0.000280524 -6.44729e-05 -7.12007e-05 -0.000357936 2.20879e-05 0.000223848 0.000376049 0.00025249 0.000189921 0.000384866 0.000370783 6.16078e-05 -0.000227232 -0.000108615 0.000212352 0.000160973 6.04845e-05 -5.15182e-05 0.000115194 0.000196244 0.000158928 0.000273743 0.000154387 0.000231287 0.000502492 0.000691956 0.00059694 0.000195302 0.000148303 0.00011149 0.000102438 -0.000270483 7.43487e-05 2.95029e-05 0.000138654 -0.000213996 -0.00355199 0.00289237 -0.000108336
 1.7835e-09 -0.000168317 7.74728e-06 1.0445e-09 -6.60563e-05 1.02195e-05 3.30622e-09 6.82369e-06 -3.6573e-05 -1.6028e-05 -9.56079e-06 4.68619e-05 -2.41135e-09 1.73416e-05 2.38523e-07 1000 2.72714e-05 -9.26697e-06 -5.32259e-10 2.01425e-05 -1.08743e-06 -1.03129e-09 2.20792e-05 -3.10685e-07 -0.000127382 -0.000186339 3.00824e-05 -1.74561e-05 -0.000210187 9.77631e-05 -5.7602e-05 2.24498e-06 -8.66589e-07 -9.60998e-05 -2.50577e-05 2.14053e-05 4.63638e-05 7.80666e-06 -5.52104e-08 -8.72495e-05 3.54433e-05 1.64472e-06 -5.51437e-05 8.28736e-05 -4.28144e-06 1.54911e-05 2.11866e-05 -6.34652e-06 6.56441e-05 -4.56959e-05 -0.00013858 9.23771e-05 -5.39139e-06 6.77674e-05 1.23777e-05 -2.33927e-05 7.54681e-05 -4.87332e-05 -5.47046e-05 5.63668e-05 -1.23672e-05 1.00802e-06 -1.79455e-05 2.05969e-06 9.96407e-07 -3.84368e-05 -2.83723e-06 9.96516e-07 -6.53255e-08 -1.91583e-09 3.31958e-05 -4.46504e-07 5.62089e-06 4.09548e-06 -1.4467e-05 7.42068e-06 2.21583e-06 -3.1431e-05 1.18739e-06 3.12321e-06 -1.32334e-05 1.60794e-05 -0.000200969 5.71392e-06 -3.58819e-06 3.19061e-07 -1.35255e-06 -1.19843e-06 2.63578e-08 1.18e-06 -0.00010434 -0.000151507 -6.89888e-06 0.000144347 9.75438e-05 5.67954e-05 -3.31736e-05 -5.82623e-05 -0.000213955 7.00319e-05 6.01945e-05 0.0005915 -0.000260945 -0.000201244 -7.48834e-05 0.000181529 0.000210458 -0.000169077 0.000100307 -5.48568e-05 -9.29654e-05 -2.32421e-05 1.11978e-05 1.85634e-05 -5.40979e-05 1.27993e-05 -3.27369e-05 -1.18889e-07 -5.34383e-05 -3.35734e-05 1.36547e-06 -1.29976e-05 -1.72344e-05 -2.41565e-05 -4.58702e-05 -3.64453e-05 -4.86332e-05 -3.787e-05 -3.69909e-05 -1.71324e-05 -2.9883e-05 1.697e-05 2.61094e-05 1.68359e-05 2.12972e-05 1.47299e-05 2.66757e-05 6.98754e-06 -2.95969e-06 -2.71825e-05 -1.48352e-05 -1.81403e-05 2.91778e-05 1.38587e-06 3.42672e-06 3.29447e-06 1.70425e-05 6.83809e-05 -6.40876e-06 1.1474e-05 8.63653e-05 5.00583e-05 1.77331e-05 1.99774e-06 6.48581e-06 7.92525e-06 5.03566e-06 -7.99788e-06 7.84483e-06 1.33982e-05 5.01276e-05 1.96892e-05 -0.000539232 0.000399806 -2.27905e-05
 -1.85009e-05 1.70552 -0.0807756 -5.80506e-06 0.390248 -0.0647644 -4.29092e-05 -0.0879896 0.47456 0.195036 0.115302 -0.562158 3.18973e-05 -0.240145 -0.00285983 2.72714e-05 999.632 -4.50302 2.99406e-06 -0.224812 0.0120562 7.97096e-06 -0.260723 0.0035427 2.39093 3.0337 -0.496064 0.156594 2.34505 -1.09308 1.04967 -0.0602353 0.0411556 1.95311 0.411515 -0.368824 -0.897154 -0.115777 0.00102158 0.486695 -0.37734 -0.0183979 0.692755 -1.36032 0.0757877 -0.231611 -0.312986 0.0959828 -0.70185 0.904042 1.46351 -1.10554 -0.0984978 -0.585243 0.00962762 0.0295011 -1.22386 0.918627 0.610707 -0.775838 0.0845375 -0.00618394 0.332353 0.0360339 -0.0169425 0.563226 0.0228924 -0.00795931 0.00220256 2.23178e-05 -0.404993 0.00515787 -0.082267 -0.0503461 0.17811 -0.20506 -0.0492706 0.669289 -0.0199205 -0.0296277 0.127904 0.182818 0.320728 0.00183345 0.0497828 -0.00489147 -0.0247557 0.0162163 0.000109015 -0.0164362 1.31205 2.51014 0.442648 -1.40879 -0.927759 -0.422752 0.6228 0.792442 2.15794 -0.727473 -0.639749 -6.81161 2.34863 3.20546 1.74144 -1.94661 -3.41291 1.14506 0.347691 0.263306 1.05949 0.29052 -0.141971 -0.361416 0.602607 0.358486 0.394446 0.00409228 0.481073 0.446295 -0.0178159 0.176797 0.221911 0.321973 0.58264 0.442281 0.563428 0.3485 0.409433 0.140252 0.346952 -0.185958 -0.459918 -0.266077 -0.266859 -0.259973 -0.431085 -0.19854 -0.0681556 0.166007 0.131638 0.229995 -0.242023 -0.240745 -0.0231781 0.0114471 -0.183811 -0.898769 -0.168231 -0.243711 -1.17988 -1.01755 -0.651183 -0.263163 -0.207515 -0.19537 -0.148609 0.217678 -0.101894 -0.16713 -0.589334 -0.265053 5.49966 -3.76386 0.281503
 2.05689e-07 -0.0151785 0.000686656 2.41092e-07 -0.00880619 0.0013274 6.0817e-08 0.00019416 -0.00106323 -0.00150787 -0.00108805 0.00535723 2.79598e-07 -0.00196322 1.5476e-05 -9.26697e-06 -4.50302 0.839882 1.92505e-08 -0.00136011 0.000103083 5.73412e-08 -0.00154768 5.37743e-05 -0.015868 -0.0212191 0.00342427 -0.00205291 -0.0178969 0.00831903 -0.00733682 -0.0018785 0.00286181 -0.013025 -0.0058566 0.00454034 0.00196327 -0.000335633 3.37551e-05 -0.00937061 0.00196658 0.000148291 -0.00762577 0.00376759 -7.8377e-05 -0.000162237 -0.000677306 0.000258351 0.00303379 -0.00598174 -0.008614 0.00672598 0.000376679 0.00267611 -0.00137916 0.00185408 0.00364722 -0.00572328 -0.004487 0.00548119 -0.000414231 3.01181e-05 -0.000842225 -0.000207486 4.86607e-05 -0.00156096 -3.94188e-06 2.99125e-07 -1.64588e-06 1.11712e-07 -0.00168853 9.00432e-05 -0.000136383 -5.74449e-05 0.000187983 0.000300677 1.74809e-05 -0.00048949 -0.000273642 -0.000229922 0.000885576 -0.0014038 0.00476359 -0.00018313 -0.000414188 3.82458e-05 -1.84851e-05 -8.43831e-05 -9.10828e-09 8.49673e-05 -0.00716633 -0.0112319 -0.00306377 0.00584368 0.00486927 0.00250103 -0.00316385 -0.00409679 -0.0111046 0.00233724 0.00496393 0.0355534 -0.0121719 -0.0168421 -0.00956785 0.00954678 0.0175555 -0.00600088 -0.00187402 -0.00154949 -0.00555049 -0.00144135 0.000995044 0.00200188 -0.00356258 -0.00237194 -0.00200774 0.000197461 -0.00241304 -0.00255191 -0.000252099 -0.00117126 -0.00133317 -0.00179043 -0.00315185 -0.00245202 -0.00289335 -0.00167329 -0.00201249 -0.000872396 -0.00175393 0.00102213 0.00251736 0.00148464 0.00144004 0.00149393 0.00234597 0.000982646 0.000228391 -0.000762078 -0.000429208 -0.00102211 0.00128047 0.001309 0.000243774 0.000112367 0.00109806 0.00475638 0.00111168 0.00142376 0.00615073 0.00546105 0.00371039 0.00157343 0.00121819 0.00110762 0.000866139 -0.00128885 0.00055583 0.000831198 0.00290028 0.000850866 -0.0287828 0.0198649 -0.00144703
 2.17177e-10 -5.87283e-05 2.50699e-06 5.15035e-10 -3.87285e-05 5.63272e-06 7.82386e-10 2.98598e-06 -1.57136e-05 -4.30664e-06 -3.26097e-07 1.63975e-06 -1.80056e-10 3.40621e-07 4.44323e-08 -5.32259e-10 2.99406e-06 1.92505e-08 1000 7.11655e-06 -3.31481e-06 -8.82763e-10 9.41388e-06 -2.58337e-07 7.88873e-05 -7.76741e-05 1.0163e-05 -3.74951e-06 1.15471e-06 -6.87448e-07 4.6068e-05 9.97718e-06 -1.55721e-05 7.26906e-05 -0.000123383 8.00371e-05 -2.94647e-05 1.95219e-06 1.11454e-07 -5.4862e-05 8.03116e-06 2.64131e-07 1.42737e-05 -3.24582e-05 2.26688e-06 -1.47014e-06 -1.13638e-06 5.15371e-07 2.18596e-05 1.12267e-05 -5.01759e-05 2.49815e-05 -2.94201e-05 3.69571e-05 4.58716e-05 -7.07786e-05 -2.09298e-05 4.10729e-05 -9.37877e-06 -1.02636e-05 -3.86864e-06 3.62421e-07 8.89641e-06 1.33273e-05 -8.81889e-07 1.33947e-05 -1.77729e-06 6.41862e-07 1.31687e-07 -5.47461e-10 6.08075e-06 -2.2166e-07 -1.61043e-07 8.94613e-07 -3.1427e-06 -6.86012e-06 -9.3517e-07 1.21968e-05 3.65146e-06 4.31149e-06 -1.74493e-05 4.36248e-05 -0.000269399 8.59613e-06 -6.44566e-06 4.98596e-07 -3.55457e-06 -6.56221e-07 -2.07725e-08 6.81621e-07 4.89409e-06 -9.81418e-05 -1.59769e-05 9.05178e-05 9.39146e-05 9.03444e-05 6.57393e-05 0.000287393 -0.000202504 -8.79833e-05 -3.27621e-05 3.19692e-05 -5.62505e-05 6.92922e-05 1.15225e-05 -1.76549e-05 2.79369e-05 2.62481e-05 2.86608e-05 -2.45666e-05 -1.35333e-06 -1.55337e-05 -1.68017e-05 -2.23345e-05 -1.72227e-05 9.01807e-06 1.27388e-05 -6.88429e-06 -8.97694e-06 2.30605e-06 -7.31716e-07 -5.61328e-06 -2.77582e-05 -1.96902e-05 -6.36263e-07 -1.5018e-05 -1.22666e-05 -6.9126e-06 4.14553e-06 -3.97557e-06 3.07091e-06 -3.73273e-06 -3.84829e-06 -1.06633e-05 -7.72012e-06 -1.97988e-05 -1.60483e-05 -5.24632e-06 -1.90794e-05 -3.86341e-05 -1.53616e-05 2.58632e-05 2.00019e-05 1.59395e-06 1.14417e-05 1.47273e-05 -8.62828e-06 1.71325e-05 1.94999e-06 -1.29858e-05 -1.3746e-05 -1.79246e-05 -2.61265e-05 -7.13609e-06 -2.37219e-06 -2.37499e-06 -3.89278e-06 1.74513e-05 -6.95848e-07 4.24543e-06 9.86641e-06 -9.82937e-06 -0.000253155 0.000159387 -1.53073e-05
 -3.73593e-05 2.17977 -0.0997122 -5.28938e-06 0.523087 -0.08109 -1.83992e-06 0.0311822 -0.165791 0.147646 0.115266 -0.563807 2.24396e-05 -0.162659 -0.00213713 2.01425e-05 -0.224812 -0.00136011 7.11655e-06 994.8 -65.0893 1.33863e-05 -0.392695 0.00950571 -0.204928 4.38077 -0.653492 0.0505163 0.552994 -0.258883 -0.366061 -0.310834 0.440598 0.785199 3.27358 -2.24809 -0.212896 -0.116851 -0.00153221 -0.186664 -0.0719002 -0.00480331 -0.508894 -0.176155 0.0108682 -0.139495 -0.198011 0.0590413 -0.491447 0.441765 1.29202 -0.870229 0.537427 -1.31472 -0.93111 1.48118 -0.6667 -0.436788 0.25591 0.0346573 0.0283377 0.000513574 -0.500819 -0.415958 0.0146391 0.0556862 0.0153262 -0.0058957 -0.000487625 1.86263e-05 -0.3246 0.00788667 -0.134691 -0.093269 0.327824 -0.191685 -0.0408212 0.527864 -0.163694 -0.102911 0.425161 -0.558301 2.70842 -0.0654776 0.27188 -0.0226092 0.0869669 0.0353965 -0.00198192 -0.0336475 0.334679 4.97563 1.4995 -2.26714 -3.59822 -3.92362 -14.1615 10.2266 0.887472 1.19135 0.341488 -0.948139 -2.38907 2.32406 1.21424 0.205708 0.503426 -2.24394 -0.262908 0.841706 1.11067 0.394426 0.462529 0.822633 0.926585 0.429525 -0.105602 0.0577597 0.715888 -0.0986096 0.191016 0.570698 1.3168 1.42851 -0.416769 0.3474 0.593138 0.507772 0.16352 -0.102918 0.183832 0.024728 -0.0662186 -0.303532 0.15714 0.390332 0.319769 0.221172 0.264788 0.696055 0.108301 -0.5295 -0.411536 -0.869366 -0.433804 -0.193601 0.0215798 0.142115 -0.457298 0.256784 -0.0137907 -0.845011 -0.712763 -1.06048 -0.512594 -0.313739 -0.121143 -0.342719 -0.0177578 -0.15174 -0.288268 0.0913417 9.43853 -5.97655 0.563494
 2.53724e-06 -0.149857 0.00683621 4.8309e-07 -0.0391727 0.00603294 6.94066e-09 -0.00213106 0.0113298 -0.00956164 -0.00792022 0.0387641 -1.14619e-06 0.0081961 0.000142002 -1.08743e-06 0.0120562 0.000103083 -3.31481e-06 -65.0893 5.16348 -9.5715e-07 0.0255809 -0.000618454 0.0111844 -0.293812 0.043853 -0.00366711 -0.0402941 0.0188414 0.0232962 0.0188887 -0.0268138 -0.0541655 -0.219745 0.150959 0.0128505 0.00603521 0.000149798 0.00860673 0.00469067 0.000349083 0.0310123 0.00870257 -0.000450783 0.0079887 0.0111798 -0.00327171 0.0317079 -0.030232 -0.0861413 0.0582773 -0.0349589 0.0870187 0.0609287 -0.096993 0.04265 0.0281984 -0.01765 -0.00142132 -0.00184399 -3.60564e-05 0.0342061 0.0276031 -0.00100619 -0.00249396 -0.0011655 0.000444398 -1.12583e-05 -1.12547e-06 0.0200067 -0.000475664 0.00845937 0.00586004 -0.0206066 0.0116841 0.00254905 -0.032994 0.00968519 0.0062824 -0.0259549 0.039549 -0.174639 0.00419698 -0.0181047 0.00150543 -0.00535726 -0.00234295 0.000132009 0.00222635 -0.022563 -0.325451 -0.102412 0.143081 0.242347 0.275473 0.937425 -0.682628 -0.0560556 -0.0821796 -0.0257918 0.0635234 0.158675 -0.154531 -0.0808094 -0.0139944 -0.0338601 0.1486 0.0172692 -0.0558843 -0.0737367 -0.0261303 -0.0305512 -0.0544808 -0.0616787 -0.0288067 0.00689389 -0.00380476 -0.0475118 0.00631836 -0.0129576 -0.0380248 -0.0873511 -0.0947317 0.0274043 -0.0231724 -0.0393312 -0.0336001 -0.0108884 0.00666073 -0.0122575 -0.00167244 0.0043996 0.0200949 -0.0104193 -0.025792 -0.0211348 -0.0147612 -0.0176769 -0.0460282 -0.00704208 0.0350135 0.027116 0.0575 0.028683 0.0128024 -0.00137476 -0.00942005 0.030346 -0.0169484 0.00091537 0.0560199 0.0473753 0.0702426 0.0339288 0.0207544 0.00801 0.0225566 0.00120125 0.0100029 0.0189327 -0.00640149 -0.625025 0.396166 -0.037252
 8.02358e-10 -0.00010142 4.36375e-06 4.23804e-10 -3.34305e-05 4.82205e-06 9.62827e-10 3.34619e-06 -1.7662e-05 1.85748e-05 9.60676e-06 -4.74535e-05 -8.6561e-10 4.71496e-06 1.15542e-07 -1.03129e-09 7.97096e-06 5.73412e-08 -8.82763e-10 1.33863e-05 -9.5715e-07 1000 2.13379e-05 -4.94497e-06 0.000117231 -0.000372163 5.33378e-05 -6.32673e-06 -3.58746e-05 1.63688e-05 0.000107952 0.000134286 -0.000188343 0.000172179 -1.75365e-05 4.18718e-06 -3.36069e-05 2.13015e-07 3.89457e-07 -0.000120989 2.16193e-05 9.58006e-07 8.20887e-05 -7.14029e-05 3.60871e-06 -1.54055e-06 -2.66439e-06 1.20091e-06 2.13151e-05 6.26912e-05 -4.21337e-05 4.53826e-06 -5.50317e-05 5.97564e-05 0.000105655 -0.000161321 -2.77585e-05 9.27881e-05 -1.19509e-05 -3.04091e-05 -9.54288e-06 8.525e-07 1.42305e-05 1.04622e-05 -5.30238e-07 5.75611e-06 -1.99281e-06 7.08416e-07 1.84169e-07 -8.86615e-10 1.19359e-05 -5.28764e-07 4.40749e-08 1.26353e-06 -4.27704e-06 -1.11929e-05 -1.12898e-06 1.46746e-05 7.46158e-06 6.1176e-06 -2.50971e-05 5.32749e-05 -0.000283036 9.3721e-06 -1.56394e-05 1.2595e-06 -5.85051e-06 -1.13466e-06 -6.06896e-08 1.20332e-06 1.72987e-05 -1.70573e-05 3.64947e-05 0.000143457 9.76952e-05 7.0622e-05 -1.59228e-05 7.9756e-05 -0.000198366 -7.17972e-05 -1.38942e-05 0.000244977 -4.62049e-05 -0.000170456 9.88694e-05 4.8015e-05 0.000162304 -6.07299e-05 0.000147187 -5.09606e-05 -3.05472e-06 6.68573e-06 -3.5253e-06 -1.24112e-06 3.47982e-05 8.37118e-05 -2.53473e-06 -2.4035e-05 -4.62452e-05 4.79603e-05 8.54412e-06 1.87824e-05 9.06081e-06 2.8158e-06 -2.39331e-07 -6.21469e-06 -1.04309e-05 -1.71254e-05 2.64252e-06 -3.13646e-05 -2.95512e-05 -3.94576e-05 -3.59285e-05 -5.58423e-06 1.89712e-05 -8.11553e-06 -3.25522e-06 -1.39701e-05 -6.29685e-05 -0.000105574 -3.64582e-05 4.21175e-05 2.17063e-05 -5.32899e-06 5.57971e-07 1.59558e-07 -1.3189e-05 -5.74504e-06 1.54487e-06 -5.44886e-05 -5.28797e-05 -4.94773e-05 -5.8735e-05 -2.19506e-05 -1.85413e-05 -1.67444e-05 -1.7447e-05 3.76391e-05 -1.58439e-06 5.51273e-06 8.04719e-06 -1.55411e-05 -0.00044836 0.00027035 -2.8957e-05
