 1000 0.00510271 -0.000218009 7.67849e-09 -0.000417772 5.97212e-05 -3.13692e-09 -6.14894e-06 3.16205e-05 -8.97176e-05 -4.89609e-05 0.000235538 1.697e-09 -1.17621e-05 1.02022e-07 1.7999e-09 -1.83258e-05 2.03414e-07 2.1648e-10 -3.6957e-05 2.41804e-06 7.47667e-10 -1.77642e-05 5.18996e-07 -0.000276758 -0.000622114 9.32303e-05 -5.52541e-05 -0.000505274 0.000227537 -0.000113112 -0.000129899 0.000179763 -0.000192483 -0.000297031 0.000204276 -4.51542e-05 4.20168e-06 7.18907e-07 -0.000423075 9.06852e-05 3.57347e-06 -0.000154076 9.19852e-06 2.56898e-06 -9.96754e-06 -2.04503e-05 6.7555e-06 2.2359e-05 -0.000198975 -0.000257607 0.000202704 -1.0303e-06 3.48983e-05 -3.88537e-05 5.47104e-05 -0.000131766 -8.78476e-05 -0.00011169 0.000117405 -1.06661e-06 6.78546e-08 5.41967e-05 -3.62413e-07 -1.71806e-06 5.60027e-05 7.96274e-07 -2.64528e-07 -4.17206e-08 1.96787e-09 -3.51975e-05 1.32543e-06 -8.51029e-06 -7.80135e-06 2.60242e-05 -4.02313e-05 -8.97658e-06 0.000108867 3.86587e-06 4.29247e-06 -1.67617e-05 -6.06969e-05 0.000226542 -5.43925e-06 -9.30923e-06 6.79785e-07 -5.09032e-06 -1.37697e-06 -4.52536e-07 1.84063e-06 -4.32678e-05 6.05605e-05 -5.5982e-05 -0.000221486 -0.000122391 1.55642e-05 -0.000150119 0.000489948 -0.00014546 -0.000368612 -0.000192551 0.000112046 -9.99516e-06 2.62848e-05 -1.60391e-05 -6.50808e-06 1.19041e-05 1.03041e-05 -9.59926e-05 0.000161481 -0.000153148 3.74204e-06 5.78551e-06 -1.6751e-06 -1.4735e-05 -2.09182e-05 -2.68384e-06 -1.45623e-05 6.10068e-05 -5.4595e-05 -1.64873e-05 -3.1241e-05 -2.25332e-05 -1.49489e-05 1.76445e-06 -1.91912e-05 -2.38082e-05 0.000156789 -6.9033e-05 3.44831e-05 -5.35459e-06 1.37555e-05 2.93522e-05 7.44305e-06 4.24022e-05 1.74835e-05 7.49802e-05 4.68841e-05 3.11876e-05 1.90296e-05 5.93937e-06 2.98097e-05 1.16344e-05 3.0446e-06 3.58684e-05 1.1521e-05 5.03514e-05 6.95753e-05 3.28493e-05 4.20185e-05 3.98849e-05 1.37462e-05 3.75292e-05 9.15185e-06 2.09755e-05 2.23582e-05 2.25883e-05 -2.03396e-05 3.01513e-06 7.74346e-06 1.6214e-05 -2.34463e-05 -0.000354001 0.000178264 -2.90778e-05
 0.00510271 590.511 -23.7316 -0.0006041 31.9316 -4.56568 0.000338243 0.860702 -4.47417 6.43368 4.05963 -19.5414 -0.000150347 1.01574 -0.00648571 -0.000165131 1.65255 -0.0145386 -5.83886e-05 2.11158 -0.139967 -9.647e-05 1.7318 -0.0471667 26.6432 44.255 -6.7313 3.65503 34.3846 -15.4862 12.0841 10.1292 -14.1463 20.7173 22.0008 -15.403 2.54804 -0.23257 -0.0553739 31.4033 -6.78261 -0.265878 13.9115 -2.2043 -0.120386 0.961394 1.60598 -0.532908 0.843056 14.1793 14.2367 -12.1664 -1.50919 -0.462802 5.92695 -8.65949 9.61748 8.67979 8.90497 -10.0171 -0.0409886 0.00848925 -4.37601 1.2596 0.102767 -4.71604 -0.178635 0.0618474 0.00576114 -0.000180013 2.9304 -0.107973 0.792335 0.664755 -2.22255 2.89415 0.659348 -7.96296 -0.0829039 -0.058209 0.236519 5.81978 -28.4127 0.757973 1.36935 -0.111853 0.189282 0.0953795 0.0176919 -0.113781 4.92288 -4.17275 3.49247 13.7019 6.96612 -3.1126 -4.36725 2.01816 -5.36883 22.8165 12.8154 -3.94764 -1.68177 -1.70925 2.11119 7.66978 4.2175 -1.46645 -9.20748 5.42944 0.545684 0.397675 -1.71892 -0.501332 1.83357 2.572 1.25119 1.69868 -1.48171 1.68466 2.02742 1.98811 1.32522 0.841018 1.1731 1.16561 0.787879 -2.35811 -2.52162 2.07349 -0.151506 -0.740587 -2.11703 -2.90485 -1.85477 -3.652 -4.17645 -3.10986 -0.735224 -1.44293 -2.16709 -1.65857 -1.25291 -1.28816 -2.93841 -2.96831 -1.66296 -3.52105 -4.04533 -1.75286 -2.43724 -4.18068 -4.07166 -2.97515 -2.29752 -1.96393 -1.81414 2.00428 -0.312743 -0.354064 -0.821073 1.431 21.8768 -13.3255 1.40575
 -0.000218009 -23.7316 1.82271 2.50896e-05 -1.32333 0.189213 -1.46827e-05 -0.0373616 0.194328 -0.26788 -0.16802 0.808794 7.10174e-06 -0.0489037 0.000269236 7.32591e-06 -0.0756193 0.000633003 2.39264e-06 -0.0931421 0.00615514 3.98515e-06 -0.0760735 0.00205828 -1.10479 -1.83367 0.278913 -0.153934 -1.42465 0.641638 -0.501527 -0.420354 0.587058 -0.859442 -0.91212 0.638605 -0.118789 0.0015768 0.00253697 -1.30484 0.272933 0.0110656 -0.585317 0.0733926 0.00644183 -0.0453687 -0.0741618 0.0244775 -0.0408315 -0.586585 -0.58937 0.503683 0.0608149 0.0181435 -0.246584 0.360342 -0.399355 -0.359765 -0.36902 0.41517 0.00171855 -0.000353076 0.181594 -0.0522988 -0.00427119 0.195965 0.00713807 -0.00247129 -0.000137238 7.98525e-06 -0.131294 0.00476465 -0.035027 -0.0289505 0.0968349 -0.119687 -0.0273609 0.330422 0.00235586 0.00172529 -0.00713104 -0.232256 1.1837 -0.0315923 -0.0567747 0.00463769 -0.00795169 -0.00393861 -0.000728383 0.0046963 -0.204064 0.175773 -0.145229 -0.568918 -0.288657 0.135182 0.181168 -0.0871937 0.22288 -0.941049 -0.530134 0.163092 0.0700314 0.0703328 -0.087974 -0.318203 -0.175216 0.060465 0.38177 -0.22585 -0.0217517 -0.0165276 0.0711286 0.0206133 -0.0763076 -0.106946 -0.0517166 -0.0699486 0.060981 -0.0697777 -0.0843602 -0.0825388 -0.0550667 -0.034913 -0.0487258 -0.048366 -0.0325211 0.0967851 0.104774 -0.0861883 0.00629535 0.0306137 0.0875509 0.120175 0.0764779 0.151013 0.172511 0.128401 0.0301204 0.0596515 0.0898133 0.0685603 0.0517949 0.0533296 0.121523 0.122953 0.0687544 0.145496 0.167476 0.0724528 0.100722 0.173111 0.16864 0.123205 0.095059 0.0812186 0.0750206 -0.08304 0.0129539 0.0145954 0.0337761 -0.0593739 -0.904158 0.550821 -0.0580841
 7.67849e-09 -0.0006041 2.50896e-05 1000 0.00522382 -0.000757104 -3.81511e-09 -8.5095e-06 4.43384e-05 -0.000103834 -6.33444e-05 0.000304703 -1.12225e-09 9.91592e-06 1.59299e-07 9.80273e-10 -4.47372e-06 2.29561e-07 5.45558e-10 -4.72253e-06 4.31953e-07 4.22627e-10 3.18039e-06 8.45303e-09 -0.000381229 -0.000806164 0.000121459 -7.44074e-05 -0.000692487 0.000312037 -0.000155164 -0.000188752 0.000260751 -0.00024866 -0.000522704 0.000356124 5.8275e-05 3.40911e-05 -1.67183e-07 -0.000488819 0.000148627 4.52632e-06 -0.000152755 0.000122461 -4.74215e-06 1.93712e-05 9.82148e-06 -2.68179e-06 5.68382e-05 -0.000166606 -6.94811e-05 8.63769e-05 -2.15581e-05 6.482e-05 -3.54352e-05 4.7463e-05 -0.000172429 -0.000149851 -0.000120726 0.000151048 1.09519e-05 -1.09676e-06 8.88799e-05 1.44174e-05 -7.029e-06 0.000213616 1.20775e-05 -4.27145e-06 -1.80562e-06 1.32171e-10 1.76064e-06 3.965e-07 -4.55558e-06 -5.23609e-06 1.72685e-05 -4.25396e-05 -1.14033e-05 0.00013633 3.36438e-06 9.5683e-07 -4.169e-06 -8.44776e-05 0.0002966 -7.83125e-06 -1.02865e-05 7.79602e-07 -1.15898e-05 -2.2234e-06 -5.99018e-07 2.84014e-06 -9.97655e-05 5.34267e-05 -3.16166e-05 -0.000202739 -0.000180461 -0.00016311 0.000146208 5.65143e-05 -8.11878e-05 -0.00013548 -2.68199e-05 2.01761e-05 -7.15673e-06 4.11138e-05 -4.88541e-05 7.78029e-05 -4.34769e-05 4.28164e-05 2.01246e-05 -7.46142e-05 -3.54048e-06 1.7892e-05 6.19917e-05 -4.31874e-06 -6.91513e-07 -6.77108e-05 -5.69034e-06 -3.55067e-05 -1.18837e-05 5.33161e-05 -1.70811e-05 4.59449e-05 -3.46612e-05 -0.000112144 -0.000188974 -0.000264267 -7.35478e-05 0.000271435 4.67512e-05 8.38909e-05 -1.96089e-05 1.53459e-05 8.89946e-05 7.19037e-06 5.10985e-05 -1.13228e-05 0.000105069 2.98538e-05 5.39229e-05 -5.95516e-05 -5.87653e-05 -2.17262e-05 -2.92754e-05 0.000100799 0.000109639 3.12333e-05 1.58779e-05 7.94518e-05 7.73748e-05 0.000104342 6.72915e-05 -5.92466e-05 8.82709e-05 2.1039e-05 3.05676e-05 2.92398e-05 2.85715e-05 -3.31203e-05 5.97466e-06 1.40049e-05 3.75706e-06 -6.32379e-05 -0.000500375 0.000145171 -5.89391e-05
 -0.000417772 31.9316 -1.32333 0.00522382 709.302 -100.543 0.000182178 0.440385 -2.26331 5.55385 3.74491 -18.0178 4.79544e-05 -0.445128 -0.00527533 -6.28442e-05 0.330721 -0.00837314 -3.96732e-05 0.500732 -0.0363541 -3.29948e-05 0.0186469 -0.00382586 21.8587 35.1459 -5.35615 2.9474 28.2736 -12.7353 12.4397 8.6924 -12.212 19.1323 18.8685 -13.2656 -2.86197 -1.60561 0.0116248 22.4332 -6.84118 -0.187027 10.5707 -6.96605 0.289369 -0.652087 -0.44765 0.124554 -2.22429 9.07449 2.89405 -4.22076 -0.323571 -0.889609 3.88836 -5.64816 8.66854 7.45934 8.18128 -8.98508 -0.0665139 0.0100844 -3.98732 -2.33629 0.455708 -12.1234 -0.697244 0.242773 0.0921472 -1.88973e-05 0.0744182 -0.0198318 0.240585 0.278123 -0.921272 2.18871 0.567347 -6.83477 -0.0917481 0.0160607 -0.0442656 5.54194 -24.5808 0.660374 1.89114 -0.154413 0.399792 0.0694137 0.0175406 -0.0874905 4.32793 -2.56562 0.0532879 5.27517 7.58266 8.91365 -1.43406 -0.47745 -0.0424666 7.17447 1.52733 -2.48297 -0.103162 1.32677 0.227792 4.74027 0.120525 -2.14919 0.244386 2.82825 -0.0602219 -0.587884 -1.76035 -1.51994 2.71624 2.7388 0.32398 0.812319 1.82358 -1.06851 0.0798727 1.56149 2.73495 5.68282 3.57623 -0.987342 -0.87845 -0.272112 -5.10512 3.23792 0.704566 -0.760017 -2.16444 -2.76439 -1.41545 -2.46504 -2.27031 -3.18844 -0.247374 0.0537341 -0.551442 -1.42028 -1.66796 -0.765345 -1.69296 -1.16098 -1.22918 -3.3342 -4.58605 -1.13728 -0.554201 -4.03805 -3.46032 -2.883 -1.98458 -1.66334 -1.49047 1.58308 -0.261983 -0.46915 -1.03 1.09856 22.9921 -13.9453 1.49503
 5.97212e-05 -4.56568 0.189213 -0.000757104 -100.543 15.2748 -2.6888e-05 -0.0650141 0.334388 -0.79448 -0.535341 2.57568 -6.08492e-06 0.0575276 0.000754718 9.49085e-06 -0.0546054 0.00122852 5.60999e-06 -0.0757182 0.00545741 4.62651e-06 -0.00565811 0.000619182 -3.12593 -5.02537 0.765858 -0.424309 -4.04255 1.82089 -1.77907 -1.24327 1.74667 -2.73609 -2.69786 1.89677 0.395907 0.223049 -0.00145362 -3.21081 0.971373 0.0267839 -1.52017 0.977547 -0.0398852 0.0886531 0.0569133 -0.0155941 0.315993 -1.29729 -0.414214 0.603715 0.0439147 0.126241 -0.556895 0.80901 -1.24003 -1.06651 -1.16979 1.28472 0.00949511 -0.00144008 0.570137 0.333732 -0.0651317 1.73293 0.0999341 -0.0347953 -0.0132405 3.19949e-06 -0.0197983 0.00310534 -0.0367804 -0.0412617 0.136769 -0.312937 -0.0811434 0.977531 0.011979 -0.00295701 0.00890391 -0.781877 3.51913 -0.0945609 -0.270316 0.0220716 -0.0570838 -0.00991442 -0.00250472 0.0124957 -0.618706 0.368882 -0.00894741 -0.754878 -1.08247 -1.27286 0.204199 0.0683973 0.00620619 -1.02579 -0.21753 0.355125 0.0150479 -0.189899 -0.0329137 -0.678147 -0.0175738 0.306907 -0.0349023 -0.40401 0.0084937 0.0839808 0.251411 0.217101 -0.388493 -0.391638 -0.0462587 -0.115783 -0.260549 0.152347 -0.0117437 -0.223483 -0.390987 -0.811982 -0.510829 0.141411 0.125681 0.0384466 0.729535 -0.46292 -0.100602 0.108654 0.309263 0.395065 0.202171 0.352287 0.324318 0.455547 0.0351833 -0.00750417 0.0790808 0.203113 0.238471 0.109309 0.24189 0.166057 0.175838 0.476493 0.655465 0.162491 0.0791904 0.577315 0.494635 0.41209 0.283649 0.237745 0.213031 -0.226348 0.0374493 0.0670098 0.147117 -0.157046 -3.28522 1.99277 -0.213584
 -3.13692e-09 0.000338243 -1.46827e-05 -3.81511e-09 0.000182178 -2.6888e-05 1000 -5.586e-05 0.000178991 0.00014904 8.7263e-05 -0.000418647 4.26991e-09 -3.21769e-05 -8.61189e-08 2.83997e-09 -3.68874e-05 4.16767e-08 6.85972e-10 -1.54394e-06 -2.98233e-09 8.9047e-10 -2.73022e-05 5.86747e-07 0.000236459 0.000292572 -4.62256e-05 1.29074e-05 0.000251179 -0.000113882 0.000225564 5.39557e-05 -8.14317e-05 0.000442849 -0.000136813 7.17926e-05 -0.000113441 -1.17242e-05 2.90185e-07 -0.000196539 1.59954e-05 7.79064e-07 4.03514e-05 -0.000159889 1.03645e-05 -2.78732e-05 -4.01559e-05 1.21011e-05 2.70996e-05 6.95341e-05 -0.000133032 5.37362e-05 -2.24277e-05 -0.000474915 0.000208679 -0.000273087 -0.000189587 4.49015e-05 6.94197e-05 -5.79121e-05 4.48252e-05 -3.62224e-06 -7.10762e-05 1.68365e-05 3.33133e-07 -2.21055e-05 -2.18097e-06 7.7563e-07 3.48138e-07 4.22527e-09 -7.35418e-05 1.63689e-06 -1.27386e-05 -9.91667e-06 3.38682e-05 -7.81991e-05 -1.2207e-05 0.000154108 -1.94657e-05 -9.32715e-06 3.63484e-05 6.95057e-05 -0.000129609 5.13429e-06 -3.07962e-05 2.87057e-06 2.71704e-05 2.15773e-06 -1.11197e-07 -2.06053e-06 4.61123e-06 0.000121334 -1.54495e-05 -0.00013599 1.05557e-05 0.000109091 0.000779783 -0.000933909 0.000348899 3.23123e-05 2.58778e-06 -7.65411e-05 -0.000234095 0.000309504 -0.000161803 0.000273318 -9.08161e-06 -0.000109302 1.25787e-05 3.61935e-05 1.05776e-05 -1.525e-05 -1.74322e-05 -4.24356e-06 -1.02639e-05 1.63486e-05 0.000245026 -0.000368009 8.61994e-05 5.39382e-05 1.72078e-05 -5.0059e-05 1.4571e-05 4.11121e-05 -3.71024e-05 -2.72464e-05 -3.76191e-05 0.000201688 8.5182e-05 3.59687e-05 -0.000102795 -1.21178e-05 -1.81861e-05 -3.0818e-05 -4.38369e-05 6.79906e-05 -4.91442e-05 -1.20516e-05 -6.68759e-05 -0.000220225 -8.55911e-05 4.87032e-05 -0.000174758 0.000142756 8.99582e-05 3.02726e-05 3.29388e-05 0.00010383 -0.00016794 2.38067e-05 -0.000235776 6.79208e-06 0.000237315 -8.84106e-05 -3.47054e-05 -2.6808e-05 -1.95138e-05 7.21725e-07 -5.21893e-07 -2.7349e-05 -6.57905e-05 -4.16206e-05 0.00149165 -0.000875603 0.000100291
 -6.14894e-06 0.860702 -0.0373616 -8.5095e-06 0.440385 -0.0650141 -5.586e-05 35.7599 -182.596 0.327528 0.187037 -0.897252 1.11847e-05 -0.08443 -0.000198582 6.66541e-06 -0.0868227 0.000169359 2.95863e-06 0.0292628 -0.00193772 3.48248e-06 -0.0832353 0.00199437 0.475825 1.36159 -0.205149 0.0521281 0.793954 -0.35921 0.361038 0.0124829 -0.0301788 0.837632 0.359239 -0.27378 -0.296648 -0.0358218 0.000102894 -0.40793 0.0118644 0.000355328 0.0540517 -0.402624 0.0247507 -0.0640624 -0.111278 0.0327357 0.142185 0.172234 -0.598912 0.28301 0.12433 -1.33926 0.184275 -0.179159 -0.476572 0.09227 0.00163669 -0.0202851 0.0669371 -0.00378189 -0.549529 0.312172 0.00133524 -0.364832 -0.0103547 0.00362762 0.000737637 1.17347e-05 -0.199504 0.00471676 -0.0328826 -0.0249799 0.0859066 -0.273184 -0.0430583 0.533504 -0.0673848 -0.0349352 0.135519 0.212477 -0.24912 0.0117025 0.0645923 -0.00466796 0.0782241 0.00538633 0.00236801 -0.00780007 0.026014 0.232535 -0.105623 -0.390983 0.182185 0.542579 3.4947 -3.62403 0.46665 0.534045 0.268817 0.826288 -0.871022 0.419166 -0.881405 0.48142 0.306845 -0.232484 0.0980306 0.0392318 -0.0651605 -0.106759 -0.0898914 -0.00552595 -0.0605157 -0.165461 1.01672 -0.786959 0.0668897 0.00627864 0.316379 -0.0779705 0.06223 0.0794104 0.0116 -0.0492768 -0.286218 0.235158 0.014454 0.190252 -0.202048 0.0238884 -0.0950943 0.0817889 -0.191351 0.227532 -0.198178 -0.43341 -0.335575 -0.0842769 0.175376 0.197862 -0.163512 0.116574 -0.168431 -0.225984 -0.193798 0.412386 -0.501193 0.425378 -0.0195909 -0.294882 -0.0506586 -0.321095 -0.147435 -0.0944945 -0.0585966 -0.0111815 -0.00285797 -0.0313772 0.00392624 0.0501124 4.12788 -2.35852 0.290714
 3.16205e-05 -4.47417 0.194328 4.43384e-05 -2.26331 0.334388 0.000178991 -182.596 962.015 -1.71384 -0.977634 4.6898 -5.94468e-05 0.449353 0.00103823 -3.52116e-05 0.461119 -0.000915735 -1.53485e-05 -0.15295 0.0101281 -1.81186e-05 0.43685 -0.0104688 -2.47668 -7.1083 1.07101 -0.266177 -4.12992 1.8686 -1.88442 -0.0510889 0.138489 -4.37731 -1.85854 1.41837 1.57409 0.201143 -0.000948998 2.17758 -0.0605869 -0.00215973 -0.256931 2.1412 -0.132418 0.345877 0.596668 -0.175822 -0.755439 -0.89545 3.13653 -1.48379 -0.648357 7.02421 -0.958183 0.92743 2.51686 -0.477908 -0.00288626 0.0993323 -0.35174 0.019879 2.8674 -1.63885 -0.00636423 1.89404 0.0539842 -0.0189145 -0.00383311 -6.27025e-05 1.06414 -0.0252708 0.177511 0.135208 -0.46468 1.44534 0.227429 -2.81802 0.357911 0.183916 -0.713692 -1.13886 1.26125 -0.0601686 -0.337518 0.0243815 -0.418971 -0.0282698 -0.0124149 0.0409246 -0.134231 -1.23599 0.55371 2.06352 -0.951839 -2.86864 -18.312 18.9937 -2.44887 -2.7928 -1.37579 -4.33805 4.56568 -2.19875 4.62443 -2.52181 -1.60601 1.21931 -0.514897 -0.205152 0.341364 0.559587 0.470082 0.0284999 0.319768 0.86935 -5.3316 4.12578 -0.352018 -0.0325229 -1.6567 0.410364 -0.325275 -0.415757 -0.0600307 0.259197 1.50003 -1.23508 -0.077524 -0.997169 1.05961 -0.125927 0.497491 -0.429331 1.0031 -1.19449 1.03825 2.27263 1.76057 0.44242 -0.920783 -1.03897 0.85818 -0.61305 0.881335 1.18333 1.01446 -2.16413 2.62724 -2.23203 0.103566 1.54469 0.26145 1.68274 0.77214 0.494591 0.306255 0.0597953 0.0148476 0.16519 -0.0179863 -0.257516 -21.6492 12.3668 -1.52513
 -8.97176e-05 6.43368 -0.26788 -0.000103834 5.55385 -0.79448 0.00014904 0.327528 -1.71384 925.487 -39.8996 185.074 -4.24763e-06 0.0307247 -0.000756961 -1.8458e-05 0.216811 -0.00156159 -4.82919e-06 0.142153 -0.00886406 1.80723e-05 -0.34704 0.00915461 5.39312 4.89577 -0.777256 0.532915 3.27258 -1.47481 3.94439 0.836792 -1.27986 6.20467 0.611808 -0.658466 1.0957 0.496242 -0.024046 5.41648 -0.891579 -0.0483058 3.70525 0.29579 -0.0879661 0.584234 0.766611 -0.244731 2.19525 2.82016 -3.83619 1.28178 -0.559161 -2.82962 3.86088 -5.42935 2.33866 4.47469 -0.376457 -1.68884 0.70822 -0.0529279 -1.48906 2.80916 0.0791144 -5.49344 -0.341372 0.1183 7.16243e-05 -5.06162e-05 0.727855 -0.0264798 0.288 0.225747 -0.754504 0.885464 0.253325 -2.96847 -0.365045 -0.281511 1.09857 1.61492 -12.3164 0.350154 0.345515 -0.0290674 0.693795 -0.0057652 -0.0141642 0.0200258 0.700503 -0.398493 -2.09864 -3.10656 5.01251 4.20331 -6.41307 -0.73098 3.75292 7.4671 2.04545 -7.06366 1.49968 -1.25769 0.239679 4.59149 9.4287 10.138 -15.3385 1.64398 2.59986 1.45355 0.197894 -0.137702 0.12195 2.52094 -3.55355 0.654405 1.88148 -2.41864 1.32382 0.783627 -0.678424 0.32575 -0.649941 0.948728 -3.34141 6.07878 -6.78366 5.21258 -1.43156 -0.771492 0.613402 -4.06991 0.221271 -3.04966 -1.26907 1.14128 0.0733676 -0.152229 0.349815 -1.19466 -0.790496 0.658732 -0.504221 -2.34866 0.092805 0.248588 -1.0354 -0.178052 -2.06268 0.466827 0.267795 -1.3827 -2.88057 -1.06784 -0.792049 0.471094 -0.0479439 0.293768 0.368843 9.44277 7.30544 -8.76649 -0.26564
 -4.89609e-05 4.05963 -0.16802 -6.33444e-05 3.74491 -0.535341 8.7263e-05 0.187037 -0.977634 -39.8996 22.0968 -100.952 -3.69425e-06 0.0271441 -0.000449794 -1.06376e-05 0.125246 -0.00112306 -7.45569e-07 0.123817 -0.00817096 9.42606e-06 -0.206008 0.00493796 2.61331 4.81132 -0.727854 0.513158 3.67277 -1.65444 1.05621 1.00665 -1.40011 2.04623 2.58474 -1.79358 0.64948 0.189361 -0.0125921 2.87843 -0.531607 -0.0243604 1.51809 0.284916 -0.0515488 0.212808 0.377233 -0.120591 -0.260462 1.09673 0.781324 -0.753231 -0.281569 -0.431429 0.676627 -0.965399 0.972631 0.744897 0.948513 -0.990271 -0.0630308 0.00548845 -0.605251 -0.0451012 0.0431121 -1.36184 -0.0907842 0.0317139 -0.00281304 -2.81403e-05 0.441732 -0.0149896 0.13112 0.122412 -0.410139 0.490868 0.0988187 -1.20917 0.00549161 0.0023266 -0.0097225 0.163525 -2.18032 0.0579414 0.225547 -0.018733 0.188593 0.0100664 0.0043519 -0.0145035 0.463209 -1.43421 -0.578338 1.88697 4.62514 3.16419 -2.64584 -1.79867 0.601256 0.453645 -0.0375184 0.0871851 1.24654 -0.343608 -1.81429 -0.0318344 1.50712 0.964494 -0.564913 0.271974 -0.1157 -0.0807556 -0.229604 -0.185697 0.255521 0.492951 -0.37022 0.0179414 0.398353 -0.177593 0.248175 0.116488 0.0999269 0.29106 0.564176 0.000380443 -0.099497 0.353762 -0.761878 0.207543 -0.0386393 -0.165124 -0.255184 -0.637043 0.00912649 -0.337892 -0.460197 -0.383467 -0.313417 -0.0592576 -0.380087 -0.169501 -0.108944 -0.0784964 -0.242675 -0.359781 -0.125878 -0.325092 -0.465119 -0.121334 -0.0242137 -0.413182 -0.543753 -0.34923 -0.264513 -0.222182 -0.214086 0.167901 -0.0293738 -0.0911085 -0.156472 -0.124301 3.32556 -1.10647 0.361651
 0.000235538 -19.5414 0.808794 0.000304703 -18.0178 2.57568 -0.000418647 -0.897252 4.6898 185.074 -100.952 486.229 1.69308e-05 -0.123373 0.00216451 5.0558e-05 -0.592126 0.00535565 3.61501e-06 -0.58701 0.0387583 -4.5067e-05 0.996449 -0.0238942 -12.5897 -23.1204 3.49807 -2.46852 -17.6398 7.94608 -5.12235 -4.8261 6.71457 -9.88248 -12.3907 8.60106 -3.11323 -0.891046 0.0600789 -13.8723 2.58171 0.117339 -7.30685 -1.33015 0.245048 -1.01186 -1.80194 0.575987 1.24468 -5.29705 -3.67957 3.58541 1.38515 2.1128 -3.29725 4.70321 -4.69673 -3.62571 -4.53758 4.7648 0.295078 -0.0257769 2.94028 0.192097 -0.208997 6.62946 0.434971 -0.151947 0.0139068 0.000135037 -2.11817 0.0719321 -0.626805 -0.587241 1.96745 -2.40738 -0.482206 5.90033 -0.0333027 -0.0150814 0.0617777 -0.790146 10.6298 -0.282655 -1.08718 0.0902902 -0.907743 -0.0481514 -0.0206862 0.0692447 -2.22758 6.8985 2.78875 -9.0313 -22.1891 -15.2249 12.7579 8.62931 -2.89708 -2.37253 0.190041 -0.325634 -5.99235 1.66158 8.6927 0.0994183 -7.331 -4.74023 2.88521 -1.32422 0.526232 0.370563 1.10189 0.895336 -1.22762 -2.39384 1.81774 -0.0919108 -1.92878 0.879469 -1.20656 -0.566792 -0.471972 -1.4 -2.69619 -0.0130951 0.516416 -1.76345 3.72877 -1.05292 0.201706 0.800064 1.21735 3.09838 -0.0463865 1.65351 2.22151 1.82657 1.50189 0.286426 1.81802 0.825144 0.53067 0.3703 1.16976 1.75113 0.603462 1.55521 2.24196 0.584344 0.138276 1.97625 2.60601 1.69047 1.30018 1.07748 1.0358 -0.810428 0.141337 0.432561 0.741164 0.477136 -16.0242 5.40443 -1.73045
 1.697e-09 -0.000150347 7.10174e-06 -1.12225e-09 4.79544e-05 -6.08492e-06 4.26991e-09 1.11847e-05 -5.94468e-05 -4.24763e-06 -3.69425e-06 1.69308e-05 1000 2.67247e-05 -6.12551e-06 -2.31573e-09 3.06226e-05 2.88205e-07 -1.73576e-10 2.11897e-05 -1.01293e-06 -8.58688e-10 2.81701e-05 -2.96935e-07 -0.00022701 -0.000608532 9.25414e-05 -1.39272e-05 -0.000234776 0.000106619 -4.32388e-05 4.16748e-05 -5.45645e-05 -9.57229e-05 5.82379e-05 -3.36887e-05 0.000102709 1.03319e-05 1.53874e-07 -0.000175131 6.96112e-05 3.39362e-06 2.85648e-05 0.000103993 -6.75473e-06 2.49797e-05 3.10092e-05 -9.03915e-06 6.25768e-05 7.60648e-06 -0.000122523 6.58577e-05 -1.16446e-06 4.14075e-05 4.36867e-05 -6.6923e-05 0.000149116 -4.0682e-05 -2.49613e-05 2.81658e-05 -1.79074e-05 1.34386e-06 -2.29731e-05 -3.73789e-06 2.60931e-06 -8.27256e-05 -1.07783e-06 3.67237e-07 -2.95649e-07 -2.40836e-09 4.44968e-05 -4.72265e-07 8.8563e-06 5.35047e-06 -1.8465e-05 3.30857e-05 7.63902e-06 -9.69344e-05 2.42537e-06 2.04766e-06 -8.64803e-06 -4.47764e-05 9.02842e-05 -4.12683e-06 -1.786e-05 1.51388e-06 1.45489e-06 -1.16123e-06 4.54436e-08 1.12342e-06 -8.82793e-05 -0.000184003 -3.49841e-05 8.50772e-05 4.10986e-05 3.85028e-06 -4.89266e-05 1.47649e-05 -0.000159571 2.8199e-05 2.97747e-05 0.000401734 -3.9358e-05 -0.000322751 2.60116e-05 0.000142667 0.000163336 -2.3068e-06 4.17687e-05 -2.44441e-05 -7.31816e-05 4.09447e-05 6.25686e-05 -6.44586e-05 -3.04808e-05 -7.44831e-05 -6.36164e-06 3.79079e-05 1.9284e-06 1.90969e-05 2.11514e-05 -2.01825e-05 -1.81704e-05 -9.07536e-06 -3.34742e-05 -3.71145e-05 -5.4679e-05 -3.26921e-05 -3.20511e-05 -4.21939e-05 -4.03003e-06 2.23359e-05 3.57902e-05 2.20721e-05 2.97601e-05 4.43132e-05 4.20333e-05 9.31522e-06 -3.42232e-05 -4.53805e-05 -5.86115e-06 1.26416e-05 1.82049e-05 -2.64628e-05 -3.31479e-06 -8.11348e-06 2.22914e-06 1.69426e-05 -1.90006e-05 6.84955e-06 7.45038e-05 7.38001e-05 2.71498e-05 -1.19758e-05 -4.2936e-06 -1.49323e-06 -2.44169e-06 -1.38096e-05 5.03023e-06 1.16918e-05 4.90463e-05 3.94726e-05 -0.000646904 0.000493023 -2.53785e-05
 -1.17621e-05 1.01574 -0.0489037 9.91592e-06 -0.445128 0.0575276 -3.21769e-05 -0.08443 0.449353 0.0307247 0.0271441 -0.123373 2.67247e-05 999.795 -0.111972 1.67572e-05 -0.231778 -0.00201063 3.58083e-07 -0.154595 0.00730465 4.82421e-06 -0.202844 0.00189588 1.96701 4.6166 -0.706256 0.0906888 1.69125 -0.768816 0.414741 -0.249598 0.320551 0.957998 -0.176817 0.0697661 -0.86269 -0.0864124 -0.000880194 1.0472 -0.484278 -0.0238469 -0.158477 -0.905004 0.0580621 -0.200081 -0.251126 0.0736213 -0.481253 0.11109 0.945166 -0.55823 -0.0506802 -0.294356 -0.220923 0.344784 -1.21448 0.443862 0.168766 -0.252085 0.113515 -0.00824141 0.202359 0.0469094 -0.0206037 0.635582 0.00579111 -0.00195139 0.00252848 1.75491e-05 -0.331021 0.00322262 -0.0692345 -0.039924 0.13787 -0.281885 -0.0632493 0.801685 -0.0213417 -0.013498 0.0581555 0.435605 -1.18186 0.0471509 0.128431 -0.0110816 -0.0258913 0.0088081 -0.000226744 -0.00863904 0.778485 1.64521 0.361435 -0.634753 -0.286388 0.0236607 0.470007 0.0225026 1.10141 -0.172492 -0.192623 -2.77412 -0.112505 2.32352 0.266695 -1.07879 -1.3008 -0.162821 -0.0237018 0.159107 0.52863 -0.224418 -0.510745 0.33684 0.435077 0.579837 0.246545 -0.268309 -0.045293 -0.0700273 -0.121713 0.150502 0.175675 0.0969787 0.266157 0.285729 0.408478 0.242977 0.224814 0.284771 0.00652525 -0.217265 -0.336632 -0.229385 -0.217585 -0.363395 -0.367534 -0.157472 0.143603 0.252405 -0.000136742 -0.061052 -0.0696447 0.145263 -0.00637416 -0.0335701 -0.0180371 -0.18786 0.0862403 -0.101307 -0.585746 -0.6941 -0.365609 0.0123896 -0.0170538 -0.0321031 -0.0195468 0.153463 -0.044648 -0.0818352 -0.35902 -0.289595 4.34575 -3.35058 0.164068
 1.02022e-07 -0.00648571 0.000269236 1.59299e-07 -0.00527533 0.000754718 -8.61189e-08 -0.000198582 0.00103823 -0.000756961 -0.000449794 0.00216451 -6.12551e-06 -0.111972 0.813944 2.36871e-07 -0.00283587 1.48289e-05 4.61878e-08 -0.00211792 0.000135396 1.15832e-07 -0.00270797 6.77668e-05 -0.00482634 -0.00868138 0.00131627 -0.000846101 -0.00665534 0.00299813 -0.0019953 -0.00188755 0.00262736 -0.00343332 -0.00328886 0.00231694 -0.00191451 -0.00105612 4.16636e-05 -0.0075932 0.000525573 6.66881e-05 -0.00310395 -0.00145232 0.000166187 -0.000744555 -0.00158871 0.000494617 -0.000212014 -0.00120252 -0.0015065 0.00120373 -4.12791e-06 -0.000207244 -0.00102717 0.00151966 -0.00124904 -0.00123254 -0.00122475 0.0013913 -6.15482e-05 4.40076e-06 0.000658479 -0.000164125 -1.18681e-05 0.000563767 2.77902e-05 -9.6353e-06 1.58898e-06 1.72559e-07 -0.0029955 9.43081e-05 -0.000367125 -0.000267688 0.000899353 -0.000403159 -0.000127092 0.00152166 -0.000187129 -0.000231717 0.000882405 -0.00085439 0.00840418 -0.000222839 -0.000237761 1.94937e-05 -3.74415e-05 -5.1881e-06 1.32585e-06 3.89134e-06 -0.00094019 0.000961919 -0.00012654 -0.00110514 -0.000358669 -1.13273e-05 4.9588e-05 1.29519e-05 -0.00080335 -0.000613522 0.000690941 0.00243747 0.000290086 -0.00196614 -0.000805868 0.000245741 0.000653312 9.61854e-05 7.77766e-05 -0.00036588 -0.000423007 0.000276048 0.000667967 -0.00018497 -0.000785924 -0.000908742 -0.000120114 0.000484956 0.000113927 -0.00021256 -0.000292296 -0.00038902 -0.00031763 -0.000177326 -0.000317235 -0.000363252 -0.000279949 -6.13539e-05 -7.0395e-05 -0.000359285 1.77849e-05 0.000217589 0.000366777 0.000241799 0.000177294 0.00037436 0.00036741 6.76305e-05 -0.000217444 -0.000102883 0.000209796 0.000156199 5.61726e-05 -5.0453e-05 0.000115726 0.000193428 0.000155666 0.000271161 0.000153268 0.000224453 0.000489389 0.000681867 0.000588947 0.000192379 0.000146211 0.000108863 9.9922e-05 -0.000275369 5.26629e-05 3.09584e-05 0.00013937 -0.000207118 -0.00351568 0.00282549 -0.00011479
 1.7999e-09 -0.000165131 7.32591e-06 9.80273e-10 -6.28442e-05 9.49085e-06 2.83997e-09 6.66541e-06 -3.52116e-05 -1.8458e-05 -1.06376e-05 5.0558e-05 -2.31573e-09 1.67572e-05 2.36871e-07 1000 2.64191e-05 -9.27127e-06 -5.22421e-10 1.95942e-05 -1.00781e-06 -1.00531e-09 2.13002e-05 -2.81164e-07 -0.000133555 -0.000186178 2.92955e-05 -1.70744e-05 -0.000207776 9.40637e-05 -5.65251e-05 3.57743e-06 -2.72074e-06 -9.51816e-05 -2.02252e-05 1.77024e-05 4.4212e-05 7.44866e-06 -2.82331e-08 -9.01858e-05 3.56287e-05 1.61154e-06 -5.7235e-05 8.04761e-05 -4.00241e-06 1.52974e-05 1.97876e-05 -5.58756e-06 6.75119e-05 -5.13503e-05 -0.000139726 9.24304e-05 -3.40951e-06 6.4811e-05 7.66326e-06 -1.58286e-05 7.7014e-05 -4.77225e-05 -5.13908e-05 5.16385e-05 -1.1808e-05 9.204e-07 -1.60171e-05 5.84823e-06 8.98804e-07 -3.8341e-05 -2.7612e-06 9.4177e-07 -6.80511e-08 -1.81044e-09 3.19732e-05 -3.90561e-07 5.42777e-06 4.0781e-06 -1.39115e-05 7.14527e-06 2.16643e-06 -2.98537e-05 1.30436e-06 3.34147e-06 -1.33961e-05 1.91133e-05 -0.000203718 5.46654e-06 -3.85918e-06 3.30555e-07 -1.16066e-06 -1.27261e-06 6.04054e-08 1.22034e-06 -8.95743e-05 -0.000170618 -2.43758e-05 0.000125341 9.59987e-05 5.83086e-05 -2.56617e-05 -5.57627e-05 -0.000205968 7.17434e-05 6.03442e-05 0.000576876 -0.000251636 -0.000195542 -7.15993e-05 0.000183733 0.000214626 -0.000167623 0.000101432 -5.25487e-05 -9.07786e-05 -2.38929e-05 6.6525e-06 1.92718e-05 -5.04266e-05 1.85357e-05 -2.18502e-05 7.10082e-06 -5.33381e-05 -2.2593e-05 6.70705e-06 -1.00308e-05 -1.84706e-05 -2.74231e-05 -4.39087e-05 -3.50989e-05 -4.53609e-05 -3.71354e-05 -3.48158e-05 -2.03752e-05 -3.00954e-05 1.53636e-05 2.30781e-05 1.13335e-05 1.62762e-05 9.36643e-06 2.35012e-05 2.85617e-06 -3.26554e-06 -2.74938e-05 -1.452e-05 -2.12937e-05 2.53418e-05 -1.39363e-06 3.61514e-06 2.90982e-06 1.66222e-05 6.77341e-05 -6.79909e-06 1.22592e-05 8.78663e-05 5.02817e-05 1.84046e-05 7.55764e-07 5.39384e-06 7.04704e-06 4.45197e-06 -7.99963e-06 4.93324e-06 1.339e-05 4.98209e-05 2.26016e-05 -0.000529245 0.000388333 -2.32808e-05
 -1.83258e-05 1.65255 -0.0756193 -4.47372e-06 0.330721 -0.0546054 -3.68874e-05 -0.0868227 0.461119 0.216811 0.125246 -0.592126 3.06226e-05 -0.231778 -0.00283587 2.64191e-05 999.645 -4.33059 3.05112e-06 -0.216548 0.0110265 8.03517e-06 -0.252622 0.00322611 2.36792 3.00372 -0.477428 0.152377 2.30748 -1.04703 1.0334 -0.0646035 0.0475844 1.92394 0.397564 -0.350311 -0.855413 -0.107197 0.000492709 0.535451 -0.376605 -0.0182739 0.714814 -1.30591 0.0699165 -0.228183 -0.292431 0.0845523 -0.701189 0.928322 1.44351 -1.07262 -0.0952872 -0.585408 0.0192802 0.0138503 -1.24956 0.922884 0.596315 -0.738352 0.0797836 -0.00556208 0.331081 0.0255803 -0.0169342 0.557478 0.0236146 -0.00798306 0.00200117 2.1122e-05 -0.389396 0.00439928 -0.0798471 -0.0502506 0.171683 -0.20395 -0.0501701 0.658791 -0.0239944 -0.0346209 0.140525 0.137828 0.523507 -0.00286809 0.0486092 -0.00463367 -0.0256466 0.0161076 -0.00027513 -0.0159384 1.29912 2.48697 0.49562 -1.30875 -0.899061 -0.409484 0.568317 0.751383 2.16812 -0.622677 -0.593036 -6.66401 2.32776 3.17035 1.70517 -1.97537 -3.47323 1.12957 0.360112 0.259696 1.0424 0.287795 -0.144119 -0.362026 0.592604 0.353625 0.383146 0.00347718 0.48251 0.44225 -0.0174226 0.177579 0.226197 0.326789 0.580139 0.43715 0.55601 0.345049 0.40474 0.139972 0.349395 -0.180241 -0.453608 -0.265488 -0.263955 -0.259074 -0.43076 -0.203607 -0.079595 0.151779 0.118105 0.222379 -0.248369 -0.247851 -0.0308118 0.00355053 -0.192309 -0.906208 -0.178663 -0.253464 -1.18607 -1.02118 -0.650902 -0.265293 -0.210558 -0.199012 -0.151782 0.224384 -0.0733193 -0.168443 -0.589212 -0.264838 5.47699 -3.70615 0.289429
 2.03414e-07 -0.0145386 0.000633003 2.29561e-07 -0.00837314 0.00122852 4.16767e-08 0.000169359 -0.000915735 -0.00156159 -0.00112306 0.00535565 2.88205e-07 -0.00201063 1.48289e-05 -9.27127e-06 -4.33059 0.838135 1.96541e-08 -0.00138373 0.000100417 5.64673e-08 -0.00157209 5.24985e-05 -0.0152645 -0.0204236 0.00320246 -0.0019976 -0.0172457 0.00780205 -0.00704436 -0.00184098 0.00275693 -0.0124986 -0.00567539 0.00430277 0.00167644 -0.000369445 3.42198e-05 -0.0093282 0.00189553 0.000140394 -0.00748513 0.00337102 -5.42762e-05 -0.000232628 -0.000759567 0.000271522 0.00290899 -0.00594133 -0.00827231 0.00634407 0.00034779 0.00257731 -0.00139682 0.00186268 0.00356406 -0.00558513 -0.0043201 0.00510723 -0.000375028 2.59301e-05 -0.000800725 -0.000146008 4.51829e-05 -0.0014653 -5.09452e-06 7.15535e-07 -6.79397e-07 1.15797e-07 -0.001764 8.86177e-05 -0.000159999 -7.3545e-05 0.000237078 0.000272445 1.22283e-05 -0.000394982 -0.000259227 -0.000229962 0.000843596 -0.00119451 0.00389432 -0.000150742 -0.000397889 3.5489e-05 -1.60373e-05 -8.0819e-05 1.99853e-06 7.93496e-05 -0.00685894 -0.0106696 -0.00323271 0.00511178 0.00461074 0.00240882 -0.00280631 -0.00376382 -0.0107342 0.00162585 0.00457904 0.0336259 -0.0116502 -0.0161053 -0.00908719 0.00935779 0.0172698 -0.00572336 -0.00187425 -0.00147979 -0.00527729 -0.00137826 0.000970504 0.00193054 -0.0034065 -0.00227341 -0.00187492 0.00020182 -0.00233997 -0.0024501 -0.000251878 -0.00114395 -0.00131676 -0.00176071 -0.00303608 -0.00234444 -0.00275919 -0.00159309 -0.00191849 -0.000843355 -0.00170573 0.000960346 0.00240127 0.00142774 0.00137221 0.00143832 0.00226716 0.000975204 0.000276038 -0.000664794 -0.000345171 -0.000949429 0.00126692 0.00130012 0.00027546 0.000149426 0.00110436 0.00463474 0.00112922 0.00142411 0.00597139 0.00529618 0.00358748 0.00153352 0.00119407 0.00108874 0.000852978 -0.00128635 0.000386293 0.000809898 0.00280135 0.00081952 -0.027712 0.0189104 -0.00143954
 2.1648e-10 -5.83886e-05 2.39264e-06 5.45558e-10 -3.96732e-05 5.60999e-06 6.85972e-10 2.95863e-06 -1.53485e-05 -4.82919e-06 -7.45569e-07 3.61501e-06 -1.73576e-10 3.58083e-07 4.61878e-08 -5.22421e-10 3.05112e-06 1.96541e-08 1000 7.31026e-06 -3.33753e-06 -8.76101e-10 9.43227e-06 -2.5151e-07 7.73084e-05 -7.65175e-05 9.73878e-06 -3.91042e-06 -4.87479e-07 6.42384e-08 4.72295e-05 8.53067e-06 -1.34221e-05 7.01284e-05 -0.000119609 7.61191e-05 -2.94609e-05 2.21689e-06 9.63793e-08 -5.35727e-05 7.87773e-06 2.33257e-07 1.71071e-05 -3.29615e-05 2.20384e-06 -1.60992e-06 -1.1253e-06 4.87513e-07 2.19775e-05 1.1025e-05 -5.15611e-05 2.53572e-05 -2.79986e-05 3.78283e-05 4.26244e-05 -6.49673e-05 -2.18566e-05 4.25989e-05 -8.7543e-06 -1.07556e-05 -3.99244e-06 3.6707e-07 7.72181e-06 1.45641e-05 -9.418e-07 1.38991e-05 -1.70373e-06 5.99519e-07 1.16647e-07 -5.14059e-10 5.90683e-06 -2.09159e-07 -1.66948e-07 9.05274e-07 -3.067e-06 -7.35133e-06 -1.00269e-06 1.26555e-05 3.65833e-06 4.73789e-06 -1.81835e-05 4.6086e-05 -0.000264152 8.01426e-06 -6.75419e-06 5.05648e-07 -3.30433e-06 -7.08191e-07 -2.91953e-08 7.42218e-07 1.2777e-05 -9.38017e-05 -2.21216e-05 7.7402e-05 9.37732e-05 9.08272e-05 5.93712e-05 0.000279404 -0.000200088 -0.000105945 -3.91708e-05 3.38024e-05 -6.18469e-05 6.99282e-05 1.24903e-05 -2.23396e-05 3.45151e-05 2.55446e-05 2.18519e-05 -1.75213e-05 4.7286e-06 -1.56231e-05 -1.2013e-05 -2.24036e-05 -1.86078e-05 4.66757e-06 2.36633e-05 -9.66185e-06 -1.13595e-06 1.18847e-05 5.12508e-06 -3.30438e-06 -2.94679e-05 -1.91936e-05 2.13548e-06 -1.12464e-05 -7.92569e-06 -1.20143e-05 7.50519e-06 -7.6203e-06 3.72901e-06 -4.11641e-06 -4.08292e-06 -1.06301e-05 -8.05182e-06 -1.96825e-05 -1.62971e-05 -5.93706e-06 -1.95533e-05 -3.97398e-05 -1.40671e-05 2.79066e-05 2.08835e-05 1.69951e-06 1.29004e-05 1.69551e-05 -9.63546e-06 1.60542e-05 9.1593e-07 -1.40545e-05 -1.27293e-05 -1.88202e-05 -2.71019e-05 -6.84445e-06 -2.20866e-06 -2.32797e-06 -3.8721e-06 1.85672e-05 -8.37393e-07 4.17417e-06 9.77862e-06 -6.89525e-06 -0.000253892 0.00015621 -1.6074e-05
 -3.6957e-05 2.11158 -0.0931421 -4.72253e-06 0.500732 -0.0757182 -1.54394e-06 0.0292628 -0.15295 0.142153 0.123817 -0.58701 2.11897e-05 -0.154595 -0.00211792 1.95942e-05 -0.216548 -0.00138373 7.31026e-06 995.149 -62.6193 1.35089e-05 -0.385266 0.00905947 -0.217864 4.2879 -0.621882 0.0504206 0.537343 -0.244965 -0.382099 -0.286469 0.401858 0.771186 3.23266 -2.1764 -0.176776 -0.112299 -0.00171875 -0.194475 -0.0596202 -0.00459467 -0.509216 -0.128111 0.00707336 -0.134748 -0.181618 0.050825 -0.476216 0.469102 1.2614 -0.840022 0.532846 -1.29734 -0.91696 1.43411 -0.667973 -0.437989 0.233197 0.0456924 0.0208449 0.00115865 -0.481153 -0.437042 0.0148459 0.0567819 0.0169184 -0.00627693 -0.000708602 1.76193e-05 -0.309762 0.00715146 -0.130191 -0.0925071 0.31412 -0.169236 -0.0387611 0.486008 -0.169583 -0.115236 0.450794 -0.621938 2.90857 -0.0661168 0.266627 -0.0213865 0.0825368 0.0350461 -0.00245662 -0.0328124 0.320702 4.80495 1.62234 -1.96352 -3.66913 -4.08856 -13.9142 10.0226 0.637652 1.58535 0.504796 -0.973853 -2.28243 2.29813 1.16231 0.183308 0.472151 -2.22021 -0.24316 0.823759 1.08879 0.387613 0.460179 0.812428 0.906099 0.427806 -0.10664 0.0550868 0.713027 -0.0983876 0.17116 0.5497 1.29796 1.41909 -0.40728 0.34145 0.589372 0.499542 0.157509 -0.103555 0.180647 0.0254085 -0.0617687 -0.292849 0.161396 0.387139 0.319248 0.223403 0.259744 0.666002 0.0760833 -0.534837 -0.413303 -0.871291 -0.4402 -0.204692 0.0112507 0.123269 -0.470904 0.241373 -0.0424797 -0.865114 -0.713561 -1.04887 -0.508785 -0.315961 -0.125458 -0.357971 -0.0127784 -0.156593 -0.296 0.0743215 9.35525 -5.80177 0.581966
 2.41804e-06 -0.139967 0.00615514 4.31953e-07 -0.0363541 0.00545741 -2.98233e-09 -0.00193772 0.0101281 -0.00886406 -0.00817096 0.0387583 -1.01293e-06 0.00730465 0.000135396 -1.00781e-06 0.0110265 0.000100417 -3.33753e-06 -62.6193 4.84134 -9.29288e-07 0.0241294 -0.000566648 0.0115301 -0.276838 0.0401731 -0.00352527 -0.0378665 0.0172401 0.0234121 0.0165696 -0.0232915 -0.0512905 -0.20891 0.140699 0.0101053 0.00549687 0.000155013 0.00875708 0.00374316 0.000321376 0.0298468 0.00531975 -0.000198757 0.00733958 0.0097148 -0.00265554 0.0295451 -0.030835 -0.080923 0.0541238 -0.0333131 0.0826095 0.0577093 -0.0903216 0.0410925 0.0271802 -0.0155554 -0.00207894 -0.00129554 -7.57999e-05 0.0316734 0.0278988 -0.000982774 -0.00245149 -0.00122024 0.000449515 3.35547e-06 -1.02165e-06 0.0182823 -0.000411651 0.00783713 0.00557367 -0.018935 0.00981658 0.00231667 -0.0290794 0.00966599 0.00678511 -0.0265393 0.0420623 -0.180429 0.00407793 -0.0170884 0.00137054 -0.00487212 -0.00223139 0.000157283 0.0020883 -0.0208412 -0.301897 -0.106246 0.117925 0.23756 0.276215 0.885843 -0.643729 -0.0380793 -0.103812 -0.0351395 0.0627142 0.145883 -0.147051 -0.0744724 -0.0120613 -0.0306111 0.141456 0.0153458 -0.0526362 -0.0695614 -0.0247119 -0.0292537 -0.0517832 -0.0580613 -0.0276263 0.00669445 -0.0034902 -0.0455391 0.00604808 -0.0112235 -0.0352675 -0.0828594 -0.0905575 0.0257502 -0.0219267 -0.037611 -0.0318094 -0.0101025 0.00643618 -0.0116007 -0.00166175 0.00393997 0.0186405 -0.0103092 -0.0246218 -0.0203077 -0.0143526 -0.016697 -0.0423802 -0.00473258 0.0340142 0.0261861 0.0554328 0.027994 0.0130133 -0.00067319 -0.00787314 0.0300545 -0.0153344 0.00269518 0.0551684 0.0456266 0.066834 0.0323914 0.0200989 0.00797044 0.0226663 0.000832172 0.00993213 0.0187052 -0.00507702 -0.596038 0.370031 -0.037016
 7.47667e-10 -9.647e-05 3.98515e-06 4.22627e-10 -3.29948e-05 4.62651e-06 8.9047e-10 3.48248e-06 -1.81186e-05 1.80723e-05 9.42606e-06 -4.5067e-05 -8.58688e-10 4.82421e-06 1.15832e-07 -1.00531e-09 8.03517e-06 5.64673e-08 -8.76101e-10 1.35089e-05 -9.29288e-07 1000 2.10032e-05 -4.9114e-06 0.00011443 -0.000370372 5.16566e-05 -6.43581e-06 -3.78259e-05 1.68063e-05 0.000108246 0.000128978 -0.00017854 0.000167739 -2.15998e-05 7.06445e-06 -3.20082e-05 8.1877e-07 3.53758e-07 -0.000117324 2.15558e-05 8.85017e-07 8.087e-05 -6.81039e-05 3.32779e-06 -1.22449e-06 -2.30842e-06 1.03933e-06 2.09553e-05 5.80101e-05 -4.15631e-05 5.90723e-06 -5.29936e-05 6.57258e-05 9.98428e-05 -0.000150671 -2.72311e-05 9.2665e-05 -1.05145e-05 -2.98937e-05 -9.82168e-06 8.44068e-07 1.52837e-05 1.3453e-05 -6.3566e-07 5.76841e-06 -1.88085e-06 6.48564e-07 1.54409e-07 -8.47579e-10 1.1786e-05 -5.11077e-07 1.65779e-07 1.32364e-06 -4.3403e-06 -1.05747e-05 -1.06116e-06 1.33647e-05 7.93073e-06 6.83458e-06 -2.65919e-05 5.38297e-05 -0.000264738 8.42883e-06 -1.56036e-05 1.21187e-06 -5.62589e-06 -1.13584e-06 -4.98452e-08 1.19322e-06 2.6775e-05 -4.58376e-05 1.08792e-05 0.000112467 9.35647e-05 7.11333e-05 -1.57328e-05 8.79812e-05 -0.000187905 -9.43867e-05 -2.27668e-05 0.000239447 -3.95304e-05 -0.000168177 0.000104838 5.3232e-05 0.000171553 -5.71354e-05 0.000142821 -4.02242e-05 -9.26191e-06 5.34477e-06 1.33446e-06 8.3826e-07 3.58161e-05 8.49183e-05 1.21746e-05 -1.78122e-05 -4.62178e-05 5.47215e-05 1.46471e-05 2.26893e-05 9.8041e-06 1.0242e-06 -2.05511e-07 -6.59084e-06 -9.25973e-06 -9.97965e-06 2.95947e-06 -2.86004e-05 -2.63812e-05 -3.88588e-05 -3.67839e-05 -6.67441e-06 1.78337e-05 -8.73019e-06 -5.77866e-06 -1.25489e-05 -6.12528e-05 -0.000101269 -3.77389e-05 3.99403e-05 2.02446e-05 -5.39206e-06 -2.94524e-07 -2.64435e-06 -1.76116e-05 -7.47607e-06 2.63332e-06 -5.14649e-05 -4.84633e-05 -4.5076e-05 -5.50288e-05 -2.17434e-05 -1.76365e-05 -1.61636e-05 -1.69721e-05 3.87452e-05 -1.5264e-06 5.61868e-06 8.05974e-06 -1.33321e-05 -0.000443059 0.000261367 -2.97279e-05
