 1000 0.00283003 -0.000555298 -5.98188e-10 -0.000152014 0.000105677 -2.35324e-06 -2.86342e-07 3.49801e-06 -7.11098e-05 -4.82594e-06 0.000105416 4.02126e-10 -1.42374e-05 1.56783e-07 -1.04478e-10 -1.00195e-05 5.59147e-07 -7.82826e-10 -2.25347e-05 8.93715e-06 -5.43511e-10 5.41363e-06 -8.13919e-07 7.81271e-06 -0.00030481 7.37771e-05 -5.11368e-05 -0.000216532 0.000225756 7.79782e-07 -2.68777e-06 8.30049e-06 8.16342e-05 -8.76243e-05 0.000126157 -7.63847e-05 -9.67579e-06 1.13338e-06 -0.000144852 1.34633e-05 1.44842e-06 -2.89338e-05 -8.58901e-05 1.16029e-05 -4.31762e-06 -1.09626e-05 1.92566e-05 7.06314e-05 -6.43998e-05 -0.000301629 0.000249236 -6.69623e-05 6.77132e-05 0.000104291 -0.000133163 -3.07059e-05 6.2564e-06 -5.21248e-05 5.93229e-05 -6.73486e-06 6.65172e-07 -5.24906e-06 7.83925e-06 -4.29812e-07 8.26031e-06 -4.32802e-06 1.44884e-06 1.01047e-06 -6.35585e-11 -8.41053e-06 2.32628e-06 2.00145e-06 3.81287e-08 -2.43176e-06 4.87987e-06 1.25508e-07 -4.44662e-06 2.20923e-06 8.48401e-07 -8.52795e-06 -1.49011e-05 -0.000365596 3.136e-05 4.28642e-06 -5.79479e-07 -2.70774e-05 -2.06079e-06 -9.90166e-07 3.07412e-06 -3.46821e-06 -0.000189105 -0.0001481 -0.000134468 -6.2477e-05 1.39119e-05 0.000191153 0.000397434 -0.000224025 -8.35647e-05 -6.72618e-05 5.45364e-05 -4.58295e-05 3.84008e-06 7.5961e-05 0.00010511 4.92993e-05 -5.78722e-05 -0.000134186 0.000202497 -0.000124197 1.62408e-05 -2.93056e-05 -2.08142e-05 1.22707e-05 3.63092e-05 1.01074e-05 -2.55308e-05 3.86724e-05 -3.96158e-05 9.96318e-06 -5.89299e-06 -5.8609e-06 9.18205e-06 5.71633e-06 -9.70542e-06 -1.77073e-05 0.000144138 -0.000104014 7.52024e-05 -5.06687e-06 1.30559e-05 2.44121e-05 7.18662e-06 2.7722e-05 -2.38377e-05 2.83656e-05 1.25798e-05 2.63067e-05 -2.70996e-05 -7.75661e-05 4.58537e-05 2.09641e-05 -1.3525e-07 1.40833e-06 -2.80078e-05 3.3786e-05 3.70846e-05 -2.78285e-06 2.94352e-05 9.74993e-06 -3.95572e-05 -1.1023e-05 -2.61872e-05 -1.58994e-08 1.20885e-06 3.33429e-06 -3.24905e-07 9.35386e-07 1.65208e-05 3.73148e-05 2.14586e-05 -0.000579402 0.000129728 -4.30651e-05
 0.00283003 479.338 -92.9041 5.05061e-05 28.7348 -19.9731 0.413133 0.160188 -2.52379 12.6375 1.10158 -24.3154 -9.76924e-05 2.39391 -0.0187832 -7.23396e-05 2.78687 -0.124465 3.9476e-06 2.50904 -0.993649 3.09439e-06 0.657274 -0.127523 16.908 36.1463 -9.07903 5.59334 24.2908 -25.3424 11.433 2.60942 -9.68119 8.88446 14.4625 -22.4507 8.23155 1.58465 -0.160982 20.7538 -2.16149 -0.211429 10.8652 8.08874 -1.29096 1.14816 2.70598 -4.80286 2.05692 8.6188 15.5649 -15.12 2.17772 -3.43975 1.53179 -1.50651 4.10808 2.98937 7.01158 -10.534 1.19843 -0.109343 -2.4491 2.50085 -0.00992847 -3.12558 0.320618 -0.101852 -0.198984 -3.52561e-05 1.95294 -0.518327 0.37512 0.0328522 -0.682616 -0.491006 0.0134416 -0.0322339 0.0200563 -0.0313488 0.305573 -0.355543 4.49222 -0.369677 2.43228 -0.284085 3.43118 0.149265 0.0483774 -0.199201 1.52494 4.40154 10.6469 11.5514 6.77499 0.221769 -28.1627 16.8724 -6.72247 16.8847 11.8141 -1.11575 -1.61981 -2.43684 -4.54375 3.3523 3.42753 1.30137 -8.78086 3.37024 -0.959038 0.458575 -1.50368 -1.12624 -0.900943 -1.10718 0.139328 2.1848 0.371149 -0.920847 -0.0306043 -0.112495 -0.23891 -1.30562 0.0861021 -0.244833 -1.13015 2.96256 -5.69119 2.57544 -0.714672 -0.470305 -1.1659 -3.75462 -1.47415 -2.14253 -1.66183 -1.78655 0.0918548 -0.0341988 -0.726384 -1.59217 -1.92481 -0.575879 -0.362507 -2.09611 0.03103 -1.43788 -3.38867 -0.649984 -0.0393383 -1.87455 -0.498399 -1.22047 -1.05565 -0.896848 -0.79767 0.41328 -0.297107 -1.85814 -3.29032 -3.84241 81.7796 -39.7233 3.55661
 -0.000555298 -92.9041 19.1163 -9.95135e-06 -5.63088 3.91394 -0.0839483 -0.0324412 0.513258 -2.4768 -0.215949 4.76679 1.9885e-05 -0.483344 0.00370302 1.44568e-05 -0.557007 0.0248209 -7.81207e-07 -0.504053 0.199548 -5.67488e-07 -0.139109 0.0268004 -3.30828 -7.07456 1.77693 -1.0979 -4.75497 4.96083 -2.23423 -0.514392 1.90705 -1.73892 -2.83266 4.39715 -1.61637 -0.319705 0.0319362 -4.06136 0.4137 0.0414381 -2.13066 -1.59658 0.254417 -0.228329 -0.535146 0.949913 -0.4055 -1.68507 -3.04166 2.95515 -0.427173 0.671893 -0.300586 0.295939 -0.806527 -0.584938 -1.37181 2.06122 -0.234916 0.0214339 0.485925 -0.490391 0.00191748 0.614363 -0.0627095 0.0199167 0.0390565 7.17251e-06 -0.40087 0.106034 -0.0775675 -0.00668273 0.139845 0.0943199 -0.0029045 0.0130916 -0.00516839 0.00584259 -0.0570383 0.072366 -0.876684 0.0721246 -0.477294 0.0557396 -0.670321 -0.0291913 -0.00945412 0.0389502 -0.298098 -0.856447 -2.08261 -2.26346 -1.32865 -0.041128 5.50953 -3.30436 1.31691 -3.30335 -2.30994 0.218561 0.317271 0.476413 0.888224 -0.656525 -0.670834 -0.254094 1.71896 -0.660695 0.188338 -0.089758 0.294604 0.220737 0.176193 0.21644 -0.0273762 -0.42688 -0.0728429 0.180554 0.00588502 0.022072 0.0468369 0.25529 -0.016652 0.0480317 0.221483 -0.580691 1.11436 -0.504328 0.139971 0.0919099 0.228143 0.734581 0.288361 0.418873 0.324809 0.349178 -0.0183724 0.00669242 0.142849 0.311625 0.376593 0.112707 0.0709234 0.410187 -0.00611974 0.280863 0.662828 0.127001 0.00763715 0.366876 0.0974033 0.238982 0.206448 0.175512 0.155966 -0.0808502 0.0580933 0.363483 0.642475 0.751533 -16.0176 7.80133 -0.694148
 -5.98188e-10 5.05061e-05 -9.95135e-06 1000 -0.000337524 0.000236696 -2.18939e-06 -4.98672e-07 1.15906e-05 1.39118e-05 1.95458e-06 -4.0552e-05 2.5542e-10 -4.25116e-06 3.71033e-08 -3.49585e-11 -1.41316e-06 1.0406e-07 -1.61776e-10 -7.63757e-07 2.83221e-07 -5.56898e-11 -1.70573e-06 2.63377e-07 2.79194e-05 -1.19413e-05 2.52961e-06 -1.4717e-05 -5.73074e-05 5.96283e-05 0.000109164 1.68616e-05 -6.63074e-05 0.000181271 -4.94114e-05 6.14617e-05 3.54563e-06 -1.18322e-06 1.38977e-07 -2.27674e-05 6.36763e-06 5.6431e-07 5.64914e-05 -1.84413e-05 1.66636e-06 8.52045e-07 1.343e-06 -2.6205e-06 1.94005e-05 1.83646e-05 -4.86508e-05 2.86054e-05 -4.16893e-05 -2.33718e-05 0.000119446 -0.000141729 1.36129e-06 -2.31684e-05 1.70411e-05 -4.41266e-06 2.60125e-06 -2.73319e-07 3.74398e-05 -4.80658e-05 2.88842e-06 -5.49617e-05 -4.30037e-06 1.35215e-06 7.72414e-07 8.03878e-11 -9.86651e-06 2.3832e-06 -2.45799e-06 -1.28456e-07 3.2065e-06 -8.89999e-06 -9.51804e-07 2.28375e-05 1.41482e-06 3.89778e-07 -4.13309e-06 2.71672e-07 -0.000165366 1.39817e-05 1.87092e-05 -2.18216e-06 2.08137e-06 -7.7853e-07 -4.57866e-07 1.2455e-06 -3.66611e-05 -6.13364e-05 -3.02941e-05 -2.61529e-05 -9.62809e-06 -6.58316e-07 7.31024e-05 2.14209e-05 -4.00182e-05 5.19966e-06 1.90528e-06 -5.73677e-06 1.14933e-05 6.20854e-05 -1.46658e-05 9.52812e-05 -4.10281e-05 -1.13854e-05 -1.64202e-05 -8.13289e-06 1.2524e-05 5.38385e-06 2.29822e-05 3.28677e-06 3.22259e-05 -2.03407e-05 -1.04481e-05 -9.01956e-06 2.44156e-05 -2.61114e-05 -1.62191e-05 3.82324e-05 3.63371e-05 2.09512e-05 -8.78193e-05 -0.000191029 -6.34979e-05 0.000128508 -1.22127e-05 0.000128746 -1.68782e-05 6.54715e-06 3.26403e-05 2.25889e-05 1.23226e-05 -3.76402e-06 2.55999e-05 -2.22741e-06 4.57966e-05 -6.34589e-05 -0.000127401 5.65396e-06 -5.32719e-05 6.60502e-05 6.28302e-05 3.39378e-06 -7.15283e-06 -2.15054e-06 -1.99456e-05 6.57479e-05 4.47978e-05 -9.90988e-05 4.66596e-05 -2.80593e-05 -3.21427e-06 -1.16283e-07 8.02907e-07 -4.3044e-06 4.9961e-06 -8.35982e-06 -2.3146e-05 -4.13985e-05 0.00024195 6.56959e-06 2.48558e-05
 -0.000152014 28.7348 -5.63088 -0.000337524 437.1 -302.445 -0.0494621 -0.0271181 0.777826 9.25882 0.836881 -18.4232 9.65648e-05 -1.21761 -0.00868136 8.62852e-06 0.0721168 -0.0137685 4.25895e-05 -2.98974 1.16004 6.59631e-05 -3.31429 0.575831 11.5059 23.7265 -5.96752 4.26097 16.6406 -17.3672 13.8269 0.972094 -4.3027 9.08492 10.3346 -16.2323 3.93133 -0.708194 -0.0222706 11.3796 -2.69255 -0.106333 7.71831 3.20708 -0.603237 0.00480461 0.417086 -0.728508 -2.17812 3.32506 -1.3536 -0.223547 2.33774 -3.60516 0.987284 -0.829753 1.36276 2.15685 4.75549 -7.12829 0.819184 -0.0708278 -0.792987 -2.06152 0.269729 -9.6369 -1.19169 0.397972 0.193003 4.90962e-05 -3.49363 0.829946 -0.426917 -0.0205398 0.605633 -0.988556 -0.0279923 0.994293 0.00146164 0.0102153 -0.0642103 -2.82895 -0.879992 0.0963985 2.70544 -0.316283 3.24549 0.0719644 0.022015 -0.0947241 0.931166 0.806698 1.49477 1.12238 0.552548 1.56385 1.39909 -1.61191 -0.483301 4.15261 0.865704 -1.15174 -0.932987 0.649059 -1.85021 3.22278 -0.391588 -0.859472 -0.775113 1.30537 0.01679 -0.584824 -1.14203 -1.96068 0.406533 0.372135 -0.0555879 0.529116 2.38794 -1.53582 -1.69024 -0.374471 -0.0119472 3.17112 2.57527 -2.00237 -1.59145 3.7717 -7.60172 3.5307 0.398346 0.105719 -0.574726 -1.08345 -0.672479 -0.0384097 -0.195985 -1.39686 0.695783 0.926612 0.497534 -0.578447 -1.43708 0.105515 0.111814 -0.267607 0.758792 -0.666688 -3.2162 -0.0440112 1.61983 -1.74727 0.31839 -0.781979 -0.471187 -0.340592 -0.24172 0.141228 -0.140303 -1.73917 -3.37644 -3.59288 70.9909 -28.868 3.74699
 0.000105677 -19.9731 3.91394 0.000236696 -302.445 211.436 0.0325008 0.0181536 -0.528295 -6.43658 -0.581852 12.809 -6.67563e-05 0.839258 0.00604574 -5.85611e-06 -0.0559632 0.00980149 -2.96178e-05 2.07231 -0.804057 -4.58366e-05 2.29837 -0.39931 -7.99434 -16.4887 4.1471 -2.96358 -11.5647 12.0697 -9.60659 -0.677776 2.99753 -6.3132 -7.18276 11.2817 -2.73339 0.487909 0.0156597 -7.90592 1.8671 0.0739012 -5.36441 -2.23464 0.419956 -0.00518651 -0.292367 0.510781 1.51438 -2.31035 0.941388 0.154644 -1.62517 2.50521 -0.686278 0.576852 -0.94833 -1.49849 -3.3045 4.95324 -0.569618 0.049253 0.555481 1.43212 -0.187461 6.69857 0.828481 -0.276668 -0.134394 -3.39836e-05 2.41797 -0.574326 0.29428 0.0141331 -0.417401 0.685843 0.01929 -0.686927 -0.00163048 -0.00723272 0.0458917 1.96797 0.61077 -0.0669382 -1.88096 0.21989 -2.25455 -0.0500042 -0.0152936 0.0658152 -0.646556 -0.559741 -1.0386 -0.780246 -0.384388 -1.08698 -0.971965 1.12031 0.336241 -2.88748 -0.601583 0.800777 0.648196 -0.45134 1.28582 -2.23974 0.272234 0.59713 0.539001 -0.906842 -0.011906 0.406284 0.793471 1.36244 -0.28251 -0.258176 0.0386383 -0.367574 -1.65932 1.06739 1.17457 0.260078 0.00818563 -2.20348 -1.78877 1.39228 1.10626 -2.6215 5.28225 -2.45385 -0.276611 -0.0735263 0.399278 0.752824 0.467281 0.0264504 0.136019 0.970516 -0.483799 -0.643703 -0.345058 0.402145 0.998891 -0.0735809 -0.0779761 0.185921 -0.527128 0.463104 2.23475 0.0302767 -1.12571 1.21442 -0.221621 0.543487 0.327349 0.236686 0.167879 -0.0980993 0.0974304 1.20855 2.34552 2.49672 -49.3453 20.0812 -2.60272
 -2.35324e-06 0.413133 -0.0839483 -2.18939e-06 -0.0494621 0.0325008 999.898 -0.0747949 0.665527 -0.0723001 -0.0148476 0.374897 1.2028e-05 -0.218206 -0.00013576 6.17692e-06 -0.191243 0.00715672 -7.80811e-07 -0.224835 0.0872334 1.73567e-06 -0.24646 0.0426718 0.0970727 0.72453 -0.178815 0.0758901 0.775948 -0.810304 0.868031 -0.121256 0.353103 0.947462 0.114968 -0.239602 -0.0786021 -0.119078 0.00436819 -0.0471205 -0.0859772 0.00141127 0.058342 -0.382881 0.0449024 -0.0814448 -0.112727 0.200678 0.113581 -0.247977 -0.299459 0.320252 -0.12641 -1.66129 0.750048 -0.73236 -0.315605 -0.365892 0.268259 -0.0455842 -0.0492709 0.00456203 1.21333 -0.266967 0.0020962 0.304314 0.00276956 -0.000759245 -0.00433039 4.70811e-06 -0.373922 0.0898862 -0.115518 -0.00658179 0.176635 -0.167051 -0.0228233 0.569722 0.0225956 0.00311209 -0.032494 0.125003 -0.597402 0.0499945 -0.367603 0.0412306 -0.0590019 0.00180045 -0.000102285 -0.00171345 -0.291868 -0.347315 -0.183556 -0.129384 -0.0378717 0.0400341 0.762168 0.495298 -0.819505 -0.125402 -0.0255065 0.25311 0.28042 0.00425407 -0.0860021 0.179975 0.133957 -0.223491 -0.0185992 -0.00486544 -0.0325056 -0.0475278 -0.0534725 -0.0267437 -0.0514848 -0.07173 0.319082 -0.523666 0.0919916 0.0424553 -0.00930864 -0.0387581 0.0380938 0.0283265 -0.0521205 -0.0580471 -0.108243 0.136343 0.251804 -0.230603 0.0609605 0.0231049 0.105236 -0.448731 0.158638 -0.119761 0.0628284 0.168134 -0.392002 -0.129436 -0.0554518 0.308527 -0.189773 0.238341 0.184555 -0.0367264 0.089499 -0.118484 0.0454127 0.0649216 0.252754 0.310892 0.105222 -0.0855536 -0.0506657 0.00577415 -0.019035 -0.0522132 0.040752 -0.295682 -0.890486 -0.568337 6.39148 3.76273 1.08291
 -2.86342e-07 0.160188 -0.0324412 -4.98672e-07 -0.0271181 0.0181536 -0.0747949 4.03972 -55.8876 -0.0391367 -0.00695129 0.169987 4.2412e-06 -0.074798 -4.85911e-05 2.30761e-06 -0.064741 0.00242252 2.30991e-07 -0.058636 0.0227433 9.77354e-07 -0.0920916 0.0160714 -0.00193519 0.412255 -0.100497 0.031093 0.280008 -0.292257 0.24262 -0.0598914 0.187119 0.226425 0.138309 -0.224116 -0.0123139 -0.0404078 0.00113302 0.0206422 -0.0358387 2.63385e-05 0.00615469 -0.111257 0.0126835 -0.0262585 -0.0383746 0.0685199 0.0377626 -0.112575 -0.158717 0.162783 0.0162142 -0.658756 0.145823 -0.107214 -0.110978 -0.147911 0.0930513 -0.00178267 -0.0272137 0.00271051 0.450452 -0.052226 0.000369864 0.0625084 0.00227608 -0.0006581 -0.00222109 1.79653e-06 -0.134626 0.0324131 -0.0406522 -0.00228568 0.0613805 -0.0725066 -0.0096019 0.235497 0.00619065 0.00116406 -0.0125725 0.0614278 -0.0370582 0.00320596 -0.127631 0.0142229 -0.0226363 0.00129877 0.000705144 -0.00201885 -0.103091 -0.120794 -0.039546 -0.0111101 0.0114698 0.0199814 0.572062 -0.196346 -0.31558 -0.0434111 0.0106399 0.357061 0.119911 -0.0245034 -0.238005 -0.057252 0.133568 -0.0708304 0.0193674 -0.0105056 -0.0275301 -0.0367972 -0.0440325 -0.0174504 -0.0265291 -0.0835796 0.220055 -0.180681 0.00827291 0.00161362 0.0451651 -0.0269446 0.0179196 0.00627597 0.00749535 -0.0151613 -0.0941025 0.0274398 0.0258989 -0.0534244 0.0358193 0.0259794 0.0327423 -0.114854 0.0245525 -0.0137055 0.0144099 -0.0484477 -0.13556 0.053979 0.0927026 0.10812 -0.0360688 0.0660696 0.00569846 -0.0627794 -0.0488099 0.0684362 -0.0245385 0.117968 0.164851 0.0264803 -0.0532934 -0.0372071 -0.0201807 -0.00145009 -0.00849011 -0.0194021 0.0145665 -0.112903 -0.334571 -0.192392 2.46342 1.41093 0.412956
 3.49801e-06 -2.52379 0.513258 1.15906e-05 0.777826 -0.528295 0.665527 -55.8876 992.126 0.807379 0.136273 -3.30146 -7.7661e-05 1.37652 0.00068365 -4.11495e-05 1.18509 -0.044517 -2.45473e-06 1.0684 -0.41456 -1.73554e-05 1.65594 -0.2891 0.0159276 -7.12375 1.73707 -0.495466 -4.79515 5.00491 -4.27009 1.11366 -3.49555 -3.9957 -2.31542 3.76576 0.230829 0.787859 -0.0232968 -0.414338 0.69044 -0.000484241 -0.104702 2.11139 -0.242502 0.505184 0.722128 -1.29005 -0.719064 1.97552 2.76694 -2.8411 -0.210886 11.5406 -2.58775 1.91822 1.93287 2.59586 -1.63769 0.0376035 0.493608 -0.0490566 -8.03799 0.953366 -0.00652282 -1.14978 -0.0489906 0.0145402 0.0409382 -3.37514e-05 2.48575 -0.59932 0.761083 0.0431907 -1.15246 1.28773 0.169943 -4.16726 -0.112272 -0.0234847 0.248356 -1.21472 0.719949 -0.061226 2.28047 -0.254197 0.433775 -0.0226144 -0.0123534 0.0352282 1.79511 2.10957 0.688305 0.200845 -0.17799 -0.324658 -10.0144 3.3652 5.51012 0.916493 -0.0624986 -6.27883 -2.1057 0.424581 4.15372 0.995249 -2.33828 1.24699 -0.356284 0.173873 0.484579 0.645025 0.772075 0.304654 0.455078 1.44703 -3.85965 3.16698 -0.145427 -0.041384 -0.794524 0.468433 -0.318995 -0.114996 -0.137913 0.260789 1.63761 -0.473525 -0.47655 0.938659 -0.634602 -0.455572 -0.579273 2.0118 -0.43794 0.247155 -0.253748 0.846212 2.38414 -0.940876 -1.62798 -1.91146 0.62634 -1.1642 -0.104251 1.09789 0.850326 -1.19541 0.426046 -2.06885 -2.89267 -0.467639 0.938581 0.651303 0.354175 0.0221994 0.149707 0.340697 -0.254248 1.97752 5.88964 3.36528 -42.6192 -25.5187 -7.27448
 -7.11098e-05 12.6375 -2.4768 1.39118e-05 9.25882 -6.43658 -0.0723001 -0.0391367 0.807379 913.776 -6.86081 136.893 0.000101154 -1.8236 -7.05424e-05 4.70897e-05 -1.43808 0.0551873 2.41115e-05 -2.29749 0.895904 2.25463e-05 -2.40693 0.422665 5.38227 5.55022 -1.44049 1.22488 4.73666 -4.9458 5.35279 0.680824 -2.71307 5.17719 2.95848 -4.83252 1.93622 -0.141352 -0.0150142 4.48111 -1.23107 -0.0362079 2.73169 1.0304 -0.195491 0.0108342 0.11516 -0.201085 0.775871 0.384529 -5.66733 4.06138 0.137519 -2.90973 2.79365 -3.07026 -0.4882 2.24508 0.367809 -1.90355 0.891392 -0.0799221 0.100798 3.51864 -0.00785713 -4.70774 -0.269194 0.0926619 -0.048687 2.37391e-05 -2.29863 0.550459 -0.235971 -0.00744011 0.243353 -0.515509 -0.0239131 0.910316 -0.210716 -0.0983797 0.913105 -1.55797 -4.73287 0.417718 0.269225 -0.0362818 2.40951 -0.00416287 -0.0135819 0.0178485 -0.490223 -5.2392 2.22656 4.37679 4.45197 7.13855 -5.1394 -5.92417 6.06603 4.11964 0.347547 -8.41106 2.92011 -1.41369 -3.01322 3.28597 8.80277 12.6347 -16.5676 2.64033 1.89626 0.9799 -0.140144 -0.645962 -0.732283 2.70108 -4.87177 0.607732 3.29654 -3.2526 0.902127 0.161381 -1.51276 0.349192 -0.269391 0.959207 -4.7064 9.24504 -9.48047 6.66514 -1.71426 -0.662228 1.57223 -5.33092 0.698589 -3.31519 -1.01585 1.3554 -0.169496 -0.397479 -0.925546 -0.735755 -1.02695 1.39792 0.185808 -2.46543 0.503521 0.939271 -1.03884 0.382044 -1.6625 1.32982 2.01249 -1.10281 -2.4363 -0.708326 -0.621671 0.0815563 0.0358732 -0.876233 -1.57697 2.44144 37.5185 -16.9808 1.77009
 -4.82594e-06 1.10158 -0.215949 1.95458e-06 0.836881 -0.581852 -0.0148476 -0.00695129 0.136273 -6.86081 2.45553 -35.0113 8.10832e-06 -0.143708 -3.4223e-05 4.4356e-06 -0.124996 0.00470814 2.40808e-06 -0.211274 0.0822331 2.30183e-06 -0.222406 0.038927 0.216665 0.834519 -0.206688 0.143915 0.608866 -0.635405 0.364473 0.00223831 -0.0323105 0.136884 0.431744 -0.6609 0.161839 -0.0255636 -0.000905682 0.124966 -0.0470141 -0.00132901 0.0396225 0.120077 -0.0171533 -0.0132507 -0.0137125 0.0248947 -0.110015 0.029892 0.0112123 -0.0161938 0.12384 -0.353094 -0.0458764 0.092256 -0.0949059 -0.0160466 0.134562 -0.140442 0.0270694 -0.00263043 0.117122 0.0695214 0.00124747 -0.159593 -0.0160992 0.00554994 -0.0019889 2.12311e-06 -0.183944 0.0440957 -0.0339792 -0.00156297 0.0439256 -0.0149298 0.000193983 0.00282443 -0.0171954 -0.00581116 0.0532278 -0.117331 0.377577 -0.0308545 0.0424137 -0.00532048 0.163539 0.00341061 0.00145554 -0.00490347 -0.0535093 -0.10875 0.330993 0.493938 0.418369 0.597969 -0.258883 -0.248812 -0.0705288 0.145288 -0.0116244 -0.130712 0.435439 0.011121 -0.521508 -0.268032 0.182924 0.460764 -0.240914 -0.0103191 -0.0406765 -0.0154509 -0.0405354 -0.054448 -0.0662342 0.0760291 -0.168034 -0.0314573 0.126995 -0.10541 -0.00827405 -0.0312282 -0.0633463 0.010264 0.0626313 -0.0191677 -0.147677 0.33397 -0.296929 0.0288431 -0.00326179 -0.0439626 0.0408215 -0.255602 0.0322165 -0.0663583 -0.0306537 -0.0333679 -0.0939666 0.0446475 0.0215243 -0.0615271 -0.0678602 0.0042342 0.0273027 -0.079464 0.0241476 -0.0143933 -0.0934255 0.0132287 0.0630862 0.0035688 -0.0201947 -0.0285735 -0.0392028 -0.0227013 -0.0226566 -0.00162774 0.00458061 -0.0960624 -0.222361 -0.198727 3.28273 -0.604241 0.258893
 0.000105416 -24.3154 4.76679 -4.0552e-05 -18.4232 12.809 0.374897 0.169987 -3.30146 136.893 -35.0113 776.452 -0.000184885 3.28534 0.000561316 -0.000100504 2.8761 -0.108605 -5.24594e-05 4.8233 -1.8776 -5.01543e-05 5.02854 -0.880275 -4.86935 -18.2683 4.52683 -3.15225 -13.3405 13.9221 -8.23994 0.0228491 0.482463 -3.15985 -9.4109 14.4181 -3.59618 0.685589 0.0150252 -2.81883 1.1355 0.0290993 -0.883675 -2.48876 0.358571 0.342379 0.371265 -0.672405 2.40767 -0.688669 -0.00780724 0.190344 -2.6209 7.79183 0.904616 -1.9057 2.09542 0.274934 -2.92715 3.10243 -0.615906 0.0596486 -2.52676 -1.62384 -0.0276444 3.65765 0.338416 -0.117047 0.0524117 -4.94315e-05 4.23803 -1.01693 0.809433 0.0379208 -1.05448 0.280492 -0.0091052 0.0505903 0.374233 0.125431 -1.1499 2.66682 -8.11485 0.662063 -0.93209 0.117003 -3.615 -0.0740466 -0.0313008 0.106156 1.18981 2.36913 -7.27645 -10.7101 -8.94538 -12.9391 5.68801 5.65573 1.44636 -3.91889 0.10905 3.19088 -9.5915 -0.191132 11.4769 5.74222 -4.27332 -10.4747 5.80482 0.132167 0.826247 0.300788 0.88847 1.2131 1.46942 -1.75098 3.83132 0.661133 -2.87697 2.40595 0.151146 0.676758 1.43161 -0.239714 -1.3572 0.388341 3.37295 -7.58986 6.78149 -0.843066 0.124127 0.977467 -0.9432 5.74133 -0.729219 1.55077 0.701751 0.688066 2.06018 -0.961743 -0.447232 1.35767 1.51125 -0.134838 -0.60167 1.80888 -0.543193 0.282487 2.06827 -0.301661 -1.32487 -0.120688 0.376828 0.656554 0.930333 0.517546 0.513864 0.0334465 -0.10183 2.11999 4.89085 4.24269 -72.7113 13.7361 -5.69285
 4.02126e-10 -9.76924e-05 1.9885e-05 2.5542e-10 9.65648e-05 -6.67563e-05 1.2028e-05 4.2412e-06 -7.7661e-05 0.000101154 8.10832e-06 -0.000184885 1000 7.33002e-05 -5.66406e-06 -1.03639e-09 4.64524e-05 -1.40421e-06 2.15016e-10 3.66319e-05 -1.41122e-05 -2.19542e-10 4.83118e-05 -8.21387e-06 -0.000258498 -0.000597931 0.000150986 -2.56193e-05 -0.00018805 0.000196255 -6.95509e-05 3.95568e-05 -0.000128856 -0.000120427 8.68063e-05 -0.000122528 0.000114961 3.13746e-05 -9.47314e-07 -0.000409254 0.000150273 4.62499e-06 -2.78372e-05 0.00017209 -1.94479e-05 2.0615e-05 3.15073e-05 -5.6671e-05 6.74656e-05 5.69729e-05 -0.000156992 9.27702e-05 1.81993e-05 7.45758e-05 1.10311e-05 -2.08239e-05 0.00013755 -1.21364e-05 -4.71347e-05 5.37443e-05 -1.00564e-05 1.0539e-06 -0.000184005 2.29779e-05 8.72143e-07 -7.55998e-05 -4.04509e-07 1.84069e-07 -1.23848e-06 -9.49319e-10 7.68168e-05 -1.814e-05 1.38594e-05 7.64741e-07 -1.96847e-05 2.7616e-05 3.9242e-06 -0.000103333 1.35803e-06 1.28584e-06 -1.30605e-05 -3.84703e-05 0.000257707 -2.11976e-05 2.37527e-05 -2.5176e-06 5.47577e-06 -7.63891e-07 -1.18253e-07 8.89086e-07 -4.19608e-05 1.91628e-05 5.22486e-05 5.56202e-05 2.49777e-05 1.03213e-05 -1.45393e-05 8.9502e-06 -7.99205e-05 9.90432e-06 1.21067e-05 0.000309724 0.000117668 -0.000202334 -8.78157e-05 4.2239e-05 3.47865e-05 5.11964e-05 5.27639e-05 2.4138e-07 -8.9642e-05 -2.18295e-06 5.83917e-05 4.66218e-06 -5.90521e-05 -2.32853e-05 -5.20234e-05 5.36775e-05 3.87393e-05 1.44409e-05 -1.29303e-05 -2.15237e-05 -2.92823e-05 6.7038e-06 -1.12603e-05 -2.05722e-05 -3.14532e-05 -2.64431e-05 -2.92177e-05 -2.78498e-05 -6.64999e-06 1.22668e-05 1.92598e-05 3.31755e-05 2.56037e-05 2.51166e-05 9.47604e-06 -1.04779e-05 -4.89733e-05 -6.3945e-05 -3.3249e-05 8.05443e-06 3.31865e-05 -1.62631e-05 -4.60835e-05 -6.63025e-06 -1.63173e-05 6.09203e-06 -1.99314e-05 -1.58473e-05 1.21543e-06 2.63499e-05 2.66434e-05 -2.37895e-05 -9.86182e-06 -1.45616e-05 -8.85032e-06 5.19032e-07 4.95213e-06 3.34262e-05 9.73244e-05 6.94623e-05 -0.000812281 -0.000289244 -0.000115399
 -1.42374e-05 2.39391 -0.483344 -4.25116e-06 -1.21761 0.839258 -0.218206 -0.074798 1.37652 -1.8236 -0.143708 3.28534 7.33002e-05 998.473 -1.79277 1.56831e-05 -0.909622 0.0280308 -7.731e-06 -0.632562 0.243058 -1.62641e-06 -0.8153 0.137286 6.74874 12.5507 -3.19608 0.595762 4.13208 -4.31335 2.23355 -0.734115 2.32411 3.53786 -0.823271 0.991532 -2.93835 -0.724278 0.0255685 7.05625 -2.92496 -0.0848899 0.67122 -4.17734 0.47376 -0.425809 -0.676446 1.21475 -1.28761 -0.114916 2.89724 -2.08515 -0.827315 -0.98599 0.541258 -0.560439 -3.18088 0.87335 0.789837 -1.28694 0.18246 -0.0180603 2.8251 -0.215639 -0.0171261 1.16658 -0.00988345 0.00243655 0.0290551 1.68073e-05 -1.42187 0.333791 -0.226197 -0.0118613 0.309993 -0.556996 -0.075324 1.99032 -0.0231409 -0.0238904 0.24657 0.906194 -7.48994 0.62662 -0.321662 0.0328672 -0.148241 0.0138049 0.00235967 -0.0162968 1.27481 0.245464 -1.00517 -1.21507 -0.563377 -0.24357 0.4315 0.106242 1.38804 -0.161437 -0.19319 -5.166 -3.0359 3.15323 2.77045 -0.628962 -0.64528 -1.25387 -0.302442 0.232861 1.5935 0.104919 -1.19931 -0.643539 1.48791 0.799224 1.34085 -0.972058 -0.644578 -0.178813 0.239865 0.35623 0.536097 -0.0291734 0.305732 0.4778 0.626106 0.509041 0.528419 0.567368 0.140896 -0.308272 -0.539808 -0.766143 -0.450687 -0.465963 -0.26734 0.0365136 0.665163 0.788797 0.33454 -0.00469318 -0.298163 0.388433 0.826131 0.0630258 0.221429 -0.252016 0.253003 0.165927 -0.155617 -0.831558 -0.970965 0.117301 0.0654875 0.165695 0.0827549 0.0800959 -0.162121 -0.52418 -1.52484 -1.13064 12.9478 4.23686 1.79558
 1.56783e-07 -0.0187832 0.00370302 3.71033e-08 -0.00868136 0.00604574 -0.00013576 -4.85911e-05 0.00068365 -7.05424e-05 -3.4223e-05 0.000561316 -5.66406e-06 -1.79277 0.819348 2.0174e-07 -0.00585463 0.000255396 1.43478e-08 -0.00278349 0.00109863 3.90674e-08 -0.00399632 0.000719931 -0.0217507 -0.0413633 0.0104807 -0.00414542 -0.0186822 0.0194967 -0.00841164 -0.000356907 0.00183983 -0.0112647 -0.00370268 0.00638436 -0.00140536 -0.00229514 0.000168159 -0.0292803 0.00514391 0.000325774 -0.00852595 0.0011486 0.000116671 -0.000277766 -0.00112519 0.00197877 0.00136654 -0.000834105 -0.00838551 0.0065689 0.000254979 0.000887147 -0.00298734 0.00354906 0.00312927 -0.00297873 -0.00381678 0.0062592 -0.000880067 8.34466e-05 -0.0023543 -0.000590856 2.75659e-05 -0.000524081 -3.72079e-08 7.12684e-07 -2.56822e-05 8.40236e-08 -0.00521526 0.00132877 -0.00045756 -2.53662e-05 0.000575862 0.000335947 1.54631e-06 -0.00039823 -0.000222979 -0.000159405 0.00135917 -0.00331431 0.0198456 -0.00164844 -0.0004089 5.46675e-05 -0.000416875 -4.70571e-05 -7.88356e-06 5.53924e-05 -0.00351599 -0.000299598 0.00146321 0.00206414 0.00111217 0.000860201 -0.000370166 -0.000548269 -0.00360714 -0.000382914 0.00119948 0.013157 0.00743175 -0.00776064 -0.00692855 0.00116432 0.00132139 0.00296277 0.000902603 -0.00103242 -0.00406759 -2.03492e-05 0.00354744 0.00206668 -0.00388284 -0.00226426 -0.00352364 0.00248063 0.0014785 0.000319418 -0.000765535 -0.000959299 -0.00128096 7.18974e-05 -0.000856292 -0.00128468 -0.00136767 -0.0015722 -0.000815079 -0.00172261 -0.000244519 0.000815285 0.00164208 0.00220638 0.00132144 0.00106169 0.000613708 -0.000354753 -0.00195411 -0.00190508 -0.000339419 0.000491542 0.000934588 -0.000884051 -0.00197212 -4.15143e-05 -0.000427001 0.000626482 -0.000403379 -0.000232523 0.000478101 0.00213161 0.00239867 -0.000107276 -0.000107869 -0.000312692 -0.00020133 -0.000278384 0.000453065 0.0013605 0.00309351 0.0027784 -0.04866 0.0119792 -0.00347862
 -1.04478e-10 -7.23396e-05 1.44568e-05 -3.49585e-11 8.62852e-06 -5.85611e-06 6.17692e-06 2.30761e-06 -4.11495e-05 4.70897e-05 4.4356e-06 -0.000100504 -1.03639e-09 1.56831e-05 2.0174e-07 1000 2.19769e-05 -3.23001e-06 -3.82416e-10 2.51766e-05 -9.66538e-06 -5.98798e-10 2.76116e-05 -4.63185e-06 3.99373e-05 3.24668e-05 -8.71913e-06 -7.24609e-06 -5.20686e-05 5.43065e-05 3.18394e-05 1.73332e-05 -6.15997e-05 7.43831e-05 1.9199e-05 -3.45527e-05 -1.86985e-05 4.14903e-06 -1.69945e-08 -0.000124214 3.07251e-05 1.07184e-06 -3.34401e-05 1.24095e-05 -4.80878e-07 6.40469e-06 1.11346e-05 -2.01163e-05 7.29735e-05 4.55113e-06 -0.000216259 0.00015779 -2.5871e-05 8.70786e-05 3.78654e-05 -5.51178e-05 1.68191e-05 3.51538e-05 -4.46522e-05 2.76873e-05 4.89086e-06 -4.23242e-07 -0.000105398 3.9198e-05 -5.0479e-07 -3.46104e-05 -1.84344e-06 5.96982e-07 3.46232e-07 -5.18235e-10 3.27741e-05 -7.73487e-06 8.94654e-06 5.53177e-07 -1.41205e-05 4.76549e-06 1.14826e-06 -3.18157e-05 -1.15267e-06 5.11556e-07 -5.76946e-06 3.48989e-06 -0.00026906 2.35719e-05 2.5861e-05 -2.88503e-06 2.06272e-06 -1.19181e-06 -3.53813e-07 1.55764e-06 -1.86984e-05 8.10963e-05 3.19321e-05 1.49939e-05 6.10654e-06 3.65757e-06 4.32211e-05 7.39349e-06 -0.000168361 1.94893e-05 2.0374e-05 0.000292162 -2.27279e-05 0.000102264 -7.4309e-05 1.02981e-05 6.71751e-05 -2.90731e-05 3.78331e-05 -1.29903e-05 -4.55e-05 -2.77595e-05 -1.37341e-05 6.1091e-06 9.88464e-06 4.67108e-05 -2.15743e-05 -6.4686e-06 -3.36139e-05 4.29514e-06 1.32803e-05 8.31267e-06 -7.47687e-06 -5.9325e-06 -1.66591e-05 -6.12323e-06 -1.8046e-05 -2.76227e-05 -2.23202e-05 -1.32261e-05 -1.08067e-05 -1.91666e-06 -5.19047e-06 8.73495e-06 3.73763e-06 -1.07551e-05 -1.40263e-05 -8.28526e-06 -1.23962e-05 -3.79647e-05 -4.76213e-05 9.94625e-08 1.22033e-05 -7.88441e-06 2.06819e-06 4.33114e-06 -2.14226e-05 2.86997e-05 -3.70302e-06 -2.39782e-05 -1.50707e-05 -1.68248e-05 -1.33204e-05 -1.92535e-05 -5.89076e-06 -1.04792e-05 -7.39077e-06 6.69176e-06 1.81711e-06 2.42723e-05 7.37158e-05 4.3029e-05 -0.000531132 -0.000299541 -8.84443e-05
 -1.00195e-05 2.78687 -0.557007 -1.41316e-06 0.0721168 -0.0559632 -0.191243 -0.064741 1.18509 -1.43808 -0.124996 2.8761 4.64524e-05 -0.909622 -0.00585463 2.19769e-05 997.624 -39.7373 5.84472e-07 -0.658701 0.25297 4.4619e-06 -0.72773 0.122286 2.9828 3.17009 -0.834458 0.353388 2.64314 -2.76001 1.34193 -0.467664 1.49098 1.98487 -0.0604959 -0.0463477 -1.18602 -0.41119 0.0155548 3.43245 -1.41817 -0.0384012 1.50798 -2.53529 0.262185 -0.287886 -0.485001 0.871019 -1.40567 1.42511 3.90228 -3.44351 -0.280739 -1.44247 0.279067 -0.188886 -1.89179 0.455821 1.33059 -1.73376 -0.140996 0.0163095 2.5868 -0.519411 0.000189438 0.802724 0.013567 -0.00413645 0.00401381 1.44713e-05 -1.04899 0.24706 -0.244551 -0.0140883 0.366636 -0.359373 -0.0555842 1.50383 -0.0175445 -0.0256074 0.269588 0.251709 -0.0177257 -0.00938209 -0.619841 0.0673316 -0.121553 0.0308699 0.00809611 -0.0392773 1.37505 -0.937087 -0.940637 -0.826588 -0.382206 -0.172634 -0.678976 0.390497 3.68395 -0.413384 -0.48967 -7.97233 -1.98281 0.534963 4.21211 0.916548 -3.22014 -2.57201 2.32184 -0.217009 1.28097 0.619483 0.136124 -0.457149 -0.448686 0.563542 0.650875 0.103384 0.495865 0.398367 -0.115862 -0.0330458 0.212044 0.207284 0.634681 0.452703 0.636114 0.647428 0.843224 0.438372 0.446172 0.158847 -0.227538 -1.23281 -0.259826 0.0235841 0.240368 0.163386 0.278039 0.469666 0.724442 0.287703 0.187606 -0.153643 0.0475453 0.137999 0.500655 -0.733513 -0.616192 0.448068 0.354983 -0.202086 -0.49399 -0.403319 -0.145028 0.0510703 0.0493277 -0.0234523 -0.172515 -0.581984 -1.73921 -1.03779 13.2 6.4863 2.08574
 5.59147e-07 -0.124465 0.0248209 1.0406e-07 -0.0137685 0.00980149 0.00715672 0.00242252 -0.044517 0.0551873 0.00470814 -0.108605 -1.40421e-06 0.0280308 0.000255396 -3.23001e-06 -39.7373 2.45062 1.78741e-08 0.02154 -0.00823697 -8.41111e-08 0.0234332 -0.00388788 -0.123351 -0.135537 0.0355694 -0.0168617 -0.113179 0.118181 -0.0562607 0.0173305 -0.0547793 -0.0817335 -0.00175945 0.00832605 0.0444067 0.0145663 -0.000515053 -0.144025 0.0557056 0.00161332 -0.0649798 0.0955783 -0.00965045 0.010277 0.0169344 -0.0304497 0.0549305 -0.058528 -0.159528 0.140955 0.0100673 0.0580945 -0.0116677 0.0081287 0.0732182 -0.0188409 -0.0552799 0.0723515 0.00524274 -0.00061773 -0.100526 0.0200796 -1.98076e-05 -0.030517 -0.000327532 9.08153e-05 -0.000108068 -4.41216e-07 0.0358168 -0.00835856 0.00898608 0.000515729 -0.0135114 0.0138908 0.00208148 -0.0567833 9.69047e-05 0.000723671 -0.0080671 -0.0125537 0.000378675 0.000418993 0.0239024 -0.00259094 0.00392334 -0.00126159 -0.000329178 0.00160348 -0.0557673 0.0354021 0.0382354 0.036994 0.0180194 0.00899362 0.0275044 -0.016233 -0.148527 0.0117101 0.0182257 0.324198 0.0805727 -0.0221413 -0.170993 -0.0374437 0.13073 0.10464 -0.0943082 0.00868967 -0.0521769 -0.0250107 -0.00518557 0.0188074 0.0182231 -0.0230529 -0.0264647 -0.00422114 -0.0202108 -0.0161438 0.00464584 0.00129654 -0.00856647 -0.00840647 -0.0257495 -0.0184122 -0.0256446 -0.0265825 -0.0337449 -0.0180516 -0.0180175 -0.00646914 0.00941941 0.0502286 0.0106806 -0.00112378 -0.00980328 -0.00682314 -0.0115897 -0.0191629 -0.029113 -0.0113035 -0.00743703 0.00623854 -0.00201384 -0.00562296 -0.0202729 0.0295905 0.0250544 -0.0181167 -0.0143896 0.00821273 0.0199268 0.0164543 0.0058604 -0.00205003 -0.00207986 0.000926214 0.00699854 0.0237039 0.069926 0.0422425 -0.553624 -0.239755 -0.0836933
 -7.82826e-10 3.9476e-06 -7.81207e-07 -1.61776e-10 4.25895e-05 -2.96178e-05 -7.80811e-07 2.30991e-07 -2.45473e-06 2.41115e-05 2.40808e-06 -5.24594e-05 2.15016e-10 -7.731e-06 1.43478e-08 -3.82416e-10 5.84472e-07 1.78741e-08 1000 5.78424e-06 -1.97574e-06 -5.63359e-10 1.01289e-05 -1.80492e-06 6.76928e-05 9.23301e-07 -1.69661e-06 9.1617e-06 6.39996e-05 -6.68281e-05 7.77094e-05 9.84707e-06 -3.91544e-05 0.000147152 -4.31856e-05 5.44318e-05 -3.93825e-05 -4.3149e-06 4.06732e-07 -5.37068e-05 2.22291e-06 2.81525e-07 -1.25776e-05 -3.83837e-05 4.99913e-06 -1.16902e-06 -7.79165e-07 1.28748e-06 4.49035e-05 1.27372e-05 -0.000106491 7.33297e-05 -3.88516e-05 2.07982e-05 7.49632e-05 -9.2783e-05 -1.93849e-05 2.26295e-05 -8.70898e-06 -3.50683e-06 -3.01586e-06 4.15053e-07 -4.68437e-05 1.48909e-05 -3.59338e-07 -4.33347e-06 -1.45166e-06 4.6228e-07 3.44868e-07 -1.73309e-10 1.02396e-06 -3.00802e-07 8.74789e-07 1.08833e-07 -3.00208e-06 3.25372e-06 4.37141e-07 -9.83488e-06 5.99647e-07 1.59281e-07 -1.41677e-06 3.86381e-06 -0.000346697 2.96965e-05 1.01483e-05 -1.16781e-06 -3.04211e-06 -9.68169e-07 -3.71336e-07 1.35004e-06 -1.53225e-06 -0.000102011 -5.39298e-05 -3.92991e-05 -7.0317e-06 2.04118e-05 0.00018916 0.000335616 -0.000218285 -1.46106e-05 -1.22722e-05 -7.68044e-05 -6.57069e-05 0.000112889 2.08477e-05 7.66654e-06 6.60636e-05 6.90471e-07 -2.92426e-05 2.82534e-06 2.43203e-05 -1.30499e-05 -1.50064e-05 -1.48432e-05 -8.59823e-06 9.27436e-06 8.51191e-06 -1.43833e-05 1.40165e-06 2.41395e-06 1.26347e-05 1.39292e-05 1.88552e-06 -7.42666e-07 -1.36876e-05 -7.05449e-06 -4.90128e-06 -2.16163e-06 1.67412e-06 -5.7266e-06 1.12448e-05 2.15997e-06 -2.16476e-06 -2.99593e-06 8.65838e-07 -9.14464e-06 2.68689e-06 1.64673e-05 5.66608e-07 -5.35859e-05 -5.48131e-05 2.60711e-05 1.69011e-05 -7.38231e-06 8.95243e-06 1.63413e-05 -8.3741e-06 2.96445e-05 -7.13067e-06 -1.34543e-07 -7.52411e-06 -2.4115e-05 -2.40597e-05 -2.21498e-05 -6.9371e-06 -6.90248e-06 -5.71303e-06 2.63434e-06 -1.8623e-07 3.8857e-06 1.25399e-05 1.52797e-06 -8.58861e-05 -4.5733e-05 -1.39923e-05
 -2.25347e-05 2.50904 -0.504053 -7.63757e-07 -2.98974 2.07231 -0.224835 -0.058636 1.0684 -2.29749 -0.211274 4.8233 3.66319e-05 -0.632562 -0.00278349 2.51766e-05 -0.658701 0.02154 5.78424e-06 864.114 -336.962 1.77214e-05 -1.81426 0.317691 -1.03591 5.09312 -1.22104 -0.200527 -0.418878 0.436864 -0.638216 -0.928911 3.21062 -0.284974 2.74141 -4.10847 0.399216 -0.318644 0.00351077 2.2259 -0.695906 -0.01591 0.326341 -0.422448 0.0359644 -0.242013 -0.348927 0.626655 -1.1094 -0.556663 3.73733 -2.53705 0.999781 -3.53148 -1.55493 2.25628 -0.760647 -1.92855 1.29419 -0.176815 -0.119966 0.0125178 4.51923 -2.09433 0.0528774 0.68066 -0.0403143 0.0139336 0.00168629 1.39374e-05 -1.1156 0.272105 -0.458312 -0.0302571 0.784288 -0.645285 -0.0880228 2.16419 -0.128901 -0.0476873 0.452608 -1.16218 3.1667 -0.256907 -1.00724 0.113256 0.0151735 0.0483423 0.00159331 -0.0503684 -0.545589 4.26553 0.385681 -0.860816 -1.51873 -0.933761 -33.5561 16.32 2.74543 2.27104 0.853537 4.09865 -6.68115 1.31737 2.47344 -0.932955 0.270558 -1.20957 -0.253256 -0.0188587 1.33797 0.243802 0.184089 0.701566 1.13787 0.175792 -0.296291 -0.511881 0.949296 -0.215163 -0.285066 0.0459573 0.738124 1.74445 -0.473585 -0.046708 0.441684 0.176003 0.79726 -0.915651 0.194649 -0.0176064 0.390631 -0.408081 0.193256 0.591902 0.833871 0.394663 0.111486 1.33181 1.06131 -0.276326 -0.44506 -0.732342 -0.0572866 0.105084 0.297295 1.14066 -0.0707675 0.523971 1.07264 0.394677 0.30464 -0.950173 -0.401299 -0.0489824 0.0567282 -0.318156 0.10576 -0.793823 -2.30609 -1.30112 18.165 8.52432 2.82323
 8.93715e-06 -0.993649 0.199548 2.83221e-07 1.16004 -0.804057 0.0872334 0.0227433 -0.41456 0.895904 0.0822331 -1.8776 -1.41122e-05 0.243058 0.00109863 -9.66538e-06 0.25297 -0.00823697 -1.97574e-06 -336.962 132.874 -6.94178e-06 0.707324 -0.123853 0.405515 -1.99595 0.478517 0.0775591 0.159609 -0.166462 0.248482 0.36196 -1.25105 0.111361 -1.07592 1.61249 -0.156756 0.122072 -0.00126147 -0.868698 0.270366 0.00622044 -0.12742 0.160461 -0.0134753 0.0933838 0.134709 -0.241938 0.432976 0.21811 -1.4617 0.992136 -0.391583 1.38188 0.609111 -0.883691 0.296968 0.754336 -0.506272 0.0692739 0.046348 -0.0048432 -1.7623 0.818229 -0.0207 -0.263967 0.0160049 -0.0055266 -0.00075447 -5.37775e-06 0.434131 -0.105876 0.17838 0.0117641 -0.305062 0.251773 0.0343615 -0.844871 0.0490935 0.0184194 -0.174792 0.458043 -1.23924 0.100516 0.39256 -0.0441404 -0.0060178 -0.0189128 -0.000619117 0.0197012 0.213871 -1.66698 -0.154436 0.333979 0.594244 0.37303 13.1323 -6.39408 -1.0704 -0.890002 -0.3371 -1.60243 2.61414 -0.516141 -0.96744 0.365029 -0.106224 0.473041 0.0996821 0.00755177 -0.523754 -0.0953034 -0.0719567 -0.274347 -0.444838 -0.0683868 0.115958 0.200242 -0.371497 0.0844565 0.111559 -0.0179727 -0.288667 -0.68232 0.185479 0.0184149 -0.172495 -0.0691491 -0.311423 0.358099 -0.076093 0.0067688 -0.152732 0.159718 -0.075508 -0.231824 -0.326263 -0.154564 -0.0438528 -0.520925 -0.414846 0.108294 0.174175 0.286485 0.0222974 -0.0412294 -0.116247 -0.446463 0.0277008 -0.205013 -0.419596 -0.154436 -0.119409 0.371703 0.156868 0.019166 -0.0223175 0.124459 -0.0414254 0.310617 0.901248 0.509308 -7.12749 -3.30549 -1.10316
 -5.43511e-10 3.09439e-06 -5.67488e-07 -5.56898e-11 6.59631e-05 -4.58366e-05 1.73567e-06 9.77354e-07 -1.73554e-05 2.25463e-05 2.30183e-06 -5.01543e-05 -2.19542e-10 -1.62641e-06 3.90674e-08 -5.98798e-10 4.4619e-06 -8.41111e-08 -5.63359e-10 1.77214e-05 -6.94178e-06 1000 2.29534e-05 -4.58792e-06 0.000116993 -0.000147457 3.3373e-05 1.65646e-05 8.46356e-05 -8.84085e-05 0.000123216 1.85472e-05 -7.01026e-05 0.000181444 4.83088e-05 -8.59854e-05 -5.05957e-05 -5.36869e-06 6.90758e-07 -0.000113109 1.39267e-05 7.71178e-07 -1.83506e-06 -5.17418e-05 6.06966e-06 -4.34191e-08 -1.02953e-06 1.57049e-06 3.28168e-05 7.48597e-05 -7.81173e-05 2.76348e-05 -6.38653e-05 3.85649e-05 0.000136718 -0.000169487 -2.59539e-05 5.14738e-05 -2.62889e-05 -1.63899e-06 -1.44704e-06 3.44773e-07 -9.73448e-05 2.46168e-05 -2.98413e-07 -2.08317e-05 -2.07277e-06 6.86403e-07 5.41729e-07 -3.23066e-10 1.48259e-05 -3.80486e-06 4.01971e-06 3.11279e-07 -7.45193e-06 3.82999e-06 8.31822e-07 -1.97037e-05 6.01673e-07 4.25353e-07 -4.05813e-06 1.12176e-05 -0.000322074 2.77895e-05 1.27154e-05 -1.44934e-06 -1.75303e-06 -9.30311e-07 -3.72769e-07 1.31314e-06 7.03232e-06 3.22527e-05 -7.26793e-07 -8.91584e-06 -8.77226e-07 7.46503e-06 0.000106964 9.41356e-05 -0.000145354 -1.45812e-05 -5.42431e-06 6.22188e-07 1.31694e-05 9.43351e-05 6.96912e-05 -2.73088e-05 3.43579e-05 -3.5262e-05 0.000113088 -4.74042e-05 -3.84301e-06 -3.32437e-06 -7.33085e-06 -8.39325e-06 1.0191e-05 4.78685e-05 6.54341e-06 -5.74322e-06 -2.56365e-05 2.68574e-05 1.98085e-06 5.20469e-06 5.36582e-07 4.19351e-06 2.20671e-06 5.394e-06 2.14698e-06 -1.53811e-05 1.02353e-05 -1.21134e-05 -1.65781e-06 -9.61364e-06 -1.7964e-05 -3.86964e-06 1.07959e-05 -7.98329e-07 1.49345e-05 1.07819e-05 -2.53345e-05 -0.000115493 -7.93423e-05 3.88511e-05 2.46582e-05 2.93887e-06 3.18341e-06 9.4965e-06 -1.50127e-05 1.8046e-06 2.27435e-06 -1.89914e-05 -2.12271e-05 -3.25718e-05 -4.39398e-05 -2.72457e-05 -1.25563e-05 -1.23625e-05 -1.04791e-05 7.43673e-06 -1.58147e-06 1.28639e-05 3.78978e-05 1.58857e-05 -0.000290403 -0.000144589 -4.6128e-05
 5.41363e-06 0.657274 -0.139109 -1.70573e-06 -3.31429 2.29837 -0.24646 -0.0920916 1.65594 -2.40693 -0.222406 5.02854 4.83118e-05 -0.8153 -0.00399632 2.76116e-05 -0.72773 0.0234332 1.01289e-05 -1.81426 0.707324 2.29534e-05 968.28 -170.159 -1.18634 13.0612 -3.1546 -0.0631932 0.216219 -0.223208 -4.73886 -1.46678 5.30928 -3.67541 0.406392 -0.343868 0.512942 -0.307862 -0.00478898 4.01133 -1.13566 -0.0341285 -1.74706 0.602455 -0.0391135 -0.239444 -0.318602 0.579085 -1.12122 -2.5348 2.56958 -0.878489 1.86784 -4.96934 -3.35501 4.58935 -0.465914 -2.99749 1.07492 0.775002 -0.0622529 0.00282391 5.24274 -1.4334 0.00617624 1.79317 0.0286801 -0.00923403 -0.0150216 1.90444e-05 -1.26987 0.313391 -0.393105 -0.0257975 0.647203 -0.596675 -0.0881318 2.16667 -0.0865117 -0.0405309 0.394184 -0.591924 1.88158 -0.163091 -0.84052 0.0948882 0.0111389 0.0405164 0.00547522 -0.046375 -1.01308 -0.826457 -0.655359 -0.687978 -0.553607 -0.258162 -8.72843 3.70164 3.27694 0.937385 0.314855 0.467661 -7.10643 0.342015 4.43612 -0.0291149 -2.44043 -6.72942 1.83647 0.76115 -0.674491 -0.436416 -0.165076 0.387203 -0.379405 -1.15595 -0.891643 0.689519 1.37437 -0.684361 -0.261127 -0.0645806 0.139063 0.0517881 0.189232 -0.0197926 0.185263 0.470487 0.175601 0.109969 0.369757 0.566146 1.05196 0.548397 0.122752 0.100218 0.125335 0.0332169 0.285848 2.67298 2.02625 -0.440906 -0.631993 0.0133875 0.341442 0.295922 0.646632 0.442936 0.280179 0.593379 2.23132 1.4024 0.788776 -0.49007 -0.00548433 0.251321 0.292486 -0.450922 0.15836 -0.887154 -2.57035 -1.41951 20.5221 9.19594 3.13904
