 1000 0.00233432 -0.000274812 -1.85185e-09 -0.000144871 8.57503e-05 -4.76973e-09 -1.91528e-07 1.09817e-05 -6.69778e-05 -8.51805e-06 8.36262e-05 8.41283e-10 -1.90238e-05 1.53684e-07 6.02755e-11 -7.00392e-06 2.60621e-07 -6.7196e-10 -1.90764e-05 5.7823e-06 -3.6419e-10 -3.19887e-06 6.2338e-07 -6.24702e-05 -0.0003314 5.18172e-05 -5.78783e-05 -0.000231869 0.000172196 -7.56877e-06 -9.54916e-06 2.85217e-05 1.52902e-05 -0.00012692 0.000130382 -3.85599e-05 1.57015e-06 3.03709e-07 -0.00016384 3.61482e-05 7.25618e-07 -3.12474e-05 -2.55758e-05 2.50172e-06 -1.08567e-05 -1.38157e-05 8.38649e-06 6.75104e-05 -0.000118673 -0.000137216 7.53953e-05 -2.404e-05 6.2137e-05 1.04849e-05 -1.09781e-05 -5.96311e-05 -2.30334e-05 -6.16054e-05 3.57375e-05 -4.37703e-06 3.74804e-07 4.89993e-05 3.07083e-06 -8.45299e-07 3.60556e-05 -2.06105e-06 6.33857e-07 -6.1581e-08 -1.0614e-10 -1.49579e-05 4.3183e-06 -2.09101e-06 -1.86146e-07 2.76475e-06 -3.43336e-05 -2.96793e-06 4.74159e-05 2.84048e-06 3.37134e-06 -1.27427e-05 1.01029e-05 -0.000152808 5.55313e-06 -6.72736e-06 4.56659e-07 -1.19693e-06 -7.47004e-07 -3.23813e-07 1.07683e-06 -2.04788e-07 2.56332e-05 -3.02134e-05 -0.000106087 -0.000103415 1.15896e-05 -0.000111023 0.00043494 -0.000135898 -0.000204178 -0.000110261 5.92692e-05 -7.19022e-05 -6.19524e-06 6.91965e-05 5.65676e-05 5.93214e-05 -1.6828e-05 -0.000182123 0.000226729 -0.00014603 2.27516e-05 -9.43418e-06 1.47939e-06 3.95561e-06 1.94974e-05 1.37638e-05 -1.48963e-05 6.82312e-05 -4.69135e-05 2.35975e-06 -1.54271e-05 -1.15193e-05 -4.42351e-06 4.64012e-06 -1.1955e-05 -1.50713e-05 0.000139425 -9.17473e-05 6.02613e-05 -1.15262e-05 5.04016e-06 1.72509e-05 -2.05195e-05 2.15142e-05 -3.52352e-05 3.47685e-05 2.20872e-05 3.98199e-05 9.08631e-06 -1.38508e-05 2.79954e-05 -2.92096e-07 -1.04806e-05 1.06719e-05 -2.42521e-05 3.35626e-05 4.47822e-05 4.77295e-06 3.04747e-05 1.77433e-05 -2.52861e-05 3.36473e-06 -2.43274e-05 -1.52509e-06 4.31844e-06 6.08367e-06 -2.47679e-07 5.80044e-07 5.04119e-06 9.30617e-06 -1.21441e-05 -0.00024049 9.92888e-05 -1.13639e-05
 0.00233432 607.726 -70.1262 0.000280837 23.3981 -13.8542 0.000950703 0.0462048 -2.79031 11.6449 1.78112 -17.5462 -0.000162908 2.97179 -0.0183043 -8.03714e-05 1.82302 -0.0513362 1.93727e-05 1.60591 -0.489688 1.1574e-05 1.05684 -0.190465 23.9243 37.5538 -6.00918 6.15944 25.7488 -19.1324 10.1098 2.73965 -8.73064 15.0712 14.9854 -16.0735 3.6448 -0.136506 -0.0463356 24.4413 -5.68482 -0.101121 10.7573 -0.631839 -0.0974345 1.8167 2.11867 -1.28943 -0.145996 13.1647 7.89504 -5.49601 -2.131 0.104794 7.71926 -5.96605 8.98923 9.46542 8.75063 -6.61504 0.549279 -0.0407686 -9.37193 1.15576 0.0669515 -4.59953 0.0853696 -0.0262122 0.0105647 -1.0949e-05 2.51814 -0.729541 0.789628 0.0567822 -0.937631 4.19651 0.386489 -6.04075 -0.0964193 -0.100234 0.374628 0.908433 -9.18697 0.320025 2.31831 -0.17674 -0.217035 0.0875039 0.0101263 -0.0982282 3.55746 -2.58035 2.60113 8.55529 11.8076 -2.54805 -11.7523 10.0148 -6.48599 10.7781 10.4677 -0.167909 -0.608459 -0.41888 -2.26687 5.06154 3.35118 1.60499 -7.98999 4.32391 -0.283418 0.661411 -1.40735 -0.498421 1.11545 1.40979 0.78686 2.48635 -1.1475 0.874122 1.40501 1.73935 1.40519 0.941969 1.12762 1.22847 0.791796 -0.995345 -3.02387 1.60362 0.0955261 -0.332469 -1.37266 -2.90283 -0.867484 -2.58509 -2.71963 -2.78195 -1.14646 -1.79089 -1.92789 -1.47528 -1.05791 -0.875768 -2.08548 -2.27978 -0.777995 -2.62001 -3.74419 -1.24725 -1.30475 -3.03968 -2.44781 -1.96401 -1.57938 -1.43177 -1.24313 1.61706 -0.408828 -0.297647 -0.881409 1.24185 31.1008 -21.7999 0.316978
 -0.000274812 -70.1262 9.07318 -3.28061e-05 -2.73257 1.61798 -0.000113764 -0.0055139 0.334258 -1.35981 -0.20796 2.04866 1.96987e-05 -0.360138 0.00216075 9.59207e-06 -0.220545 0.00617497 -2.38694e-06 -0.192959 0.0588166 -1.4782e-06 -0.127157 0.0228982 -2.79482 -4.38526 0.701713 -0.722614 -3.00618 2.23373 -1.17974 -0.321723 1.02493 -1.76113 -1.75033 1.87745 -0.436622 0.00818729 0.00561397 -2.85821 0.655466 0.0118448 -1.26477 0.0588621 0.0125116 -0.218084 -0.253319 0.15411 0.0122244 -1.53673 -0.922615 0.642003 0.246791 -0.0141232 -0.902928 0.697931 -1.05055 -1.10564 -1.02224 0.772741 -0.0640852 0.0047569 1.09415 -0.134921 -0.00782438 0.537352 -0.010192 0.00312818 -0.00117866 1.28364e-06 -0.302001 0.0874389 -0.0947479 -0.00679895 0.112313 -0.489707 -0.0451608 0.705789 0.00999527 0.0113014 -0.0421779 -0.0982001 1.07695 -0.0375154 -0.270567 0.0206275 0.0259752 -0.0102082 -0.00117976 0.0114577 -0.415507 0.301632 -0.303334 -0.998142 -1.37936 0.299518 1.37235 -1.17171 0.757646 -1.25622 -1.22171 0.0194761 0.0717082 0.0489064 0.263846 -0.591369 -0.391722 -0.187381 0.933425 -0.505848 0.033903 -0.0773937 0.1643 0.058162 -0.130435 -0.164939 -0.0919574 -0.289897 0.133564 -0.101875 -0.164264 -0.20313 -0.164138 -0.110048 -0.131736 -0.143397 -0.0923777 0.115445 0.353428 -0.187485 -0.0110711 0.0388588 0.160209 0.338919 0.101131 0.30186 0.317205 0.324493 0.133572 0.209065 0.225309 0.172164 0.123531 0.102331 0.243434 0.266341 0.0908165 0.305705 0.43711 0.145556 0.15228 0.354994 0.285862 0.229396 0.184384 0.167148 0.145128 -0.188883 0.0477426 0.0347146 0.102826 -0.144943 -3.62902 2.54409 -0.0369411
 -1.85185e-09 0.000280837 -3.28061e-05 1000 -0.00144373 0.000861019 -2.90721e-09 -3.34259e-09 9.66861e-06 0.000115268 1.98863e-05 -0.000195767 9.14245e-10 -1.72938e-05 -1.15551e-08 -8.56887e-12 -4.60653e-06 8.78473e-08 -1.00273e-10 -4.02671e-06 1.1862e-06 -8.196e-11 -6.07427e-06 1.04516e-06 0.000214692 0.000132404 -2.20431e-05 1.56148e-05 8.18066e-05 -6.08314e-05 0.000175158 2.14245e-05 -7.38054e-05 0.000249147 -1.10126e-05 1.55613e-06 -2.31594e-05 -1.10229e-05 1.52055e-07 0.000102556 -4.16258e-05 -9.17859e-08 0.000101301 -7.26725e-05 4.58195e-06 -1.52651e-06 -4.60275e-06 2.61941e-06 -7.36976e-06 6.68902e-05 -2.68785e-05 -1.40075e-06 -2.36792e-05 3.44197e-05 6.014e-05 -4.81929e-05 6.85835e-05 7.70646e-05 8.47407e-05 -5.99687e-05 2.2975e-05 -1.71021e-06 -0.000107227 -4.11566e-05 4.30614e-06 -0.000137853 -4.63371e-06 1.3694e-06 2.08511e-07 -2.49324e-11 -1.07442e-05 2.86622e-06 -1.90019e-06 -9.2337e-08 1.43942e-06 2.80896e-05 2.75615e-06 -4.33679e-05 -2.0196e-06 -1.33679e-06 5.02947e-06 1.96405e-05 -0.000173965 6.02885e-06 5.11894e-05 -3.89187e-06 2.79507e-06 1.53907e-07 6.2424e-09 -1.61241e-07 1.26657e-05 -2.67242e-05 2.67608e-05 1.17892e-05 -1.89979e-05 3.55079e-05 0.000102112 -2.87371e-05 -6.00008e-05 9.99062e-05 1.74381e-05 -4.39288e-05 1.50035e-05 4.65422e-05 -4.78291e-05 0.000141274 -2.17604e-05 -1.50009e-05 3.30131e-06 1.07906e-05 8.10004e-06 -1.51894e-06 1.02838e-05 -2.08252e-05 3.29986e-05 4.10164e-06 1.47808e-05 1.55003e-05 3.86585e-05 -3.35236e-05 -3.46999e-05 5.87493e-05 5.88018e-05 8.42373e-05 -4.38771e-05 -0.00021582 -9.52839e-05 0.000135096 -2.18348e-05 9.24455e-05 1.62132e-05 -1.11165e-05 1.58686e-05 -3.0916e-05 3.32447e-06 -5.279e-05 1.5092e-05 -4.06198e-05 4.79257e-05 -3.48085e-05 -4.9932e-05 -4.85768e-05 -7.3846e-05 4.47391e-05 5.38349e-05 -4.69518e-06 -2.70325e-05 -2.05138e-05 -3.88702e-05 4.80396e-05 3.0047e-05 -0.000112425 1.56561e-05 -4.79085e-05 -2.04405e-05 -1.35063e-05 -9.43818e-06 1.09968e-05 -1.59215e-06 1.4524e-06 -9.49327e-06 -2.08672e-05 0.000380168 -0.000413465 -1.50244e-05
 -0.000144871 23.3981 -2.73257 -0.00144373 606.933 -358.104 -4.0266e-05 0.00263436 0.267181 8.89924 1.44316 -14.2077 8.77506e-05 -1.66561 -0.00573177 3.718e-06 -0.447736 0.00380412 -4.3616e-06 -0.662065 0.195947 -1.59929e-06 -0.852861 0.147391 15.862 23.6182 -3.78716 3.71529 16.9807 -12.6192 10.4762 0.759676 -2.77178 12.0008 9.51701 -10.3029 -2.80134 -1.21661 0.00743961 12.7347 -5.13581 -0.0503805 5.62079 -5.72029 0.324483 -0.448473 -0.443195 0.244719 -1.38993 4.98218 -2.73826 0.197661 -0.666984 -1.42549 4.51845 -3.4317 6.2671 6.75822 6.35025 -4.76867 0.585771 -0.0437727 -9.23718 -2.23952 0.31877 -11.8617 -0.361456 0.110854 0.0225187 -1.17904e-06 -0.742078 0.196831 -0.0995732 -0.003728 0.0738845 3.01437 0.300294 -4.657 -0.317057 -0.138262 0.530187 1.21713 -6.35833 0.227938 2.95997 -0.225585 0.0538909 0.0526584 0.00746315 -0.0604864 2.56473 -0.565177 2.57846 1.85231 1.40827 4.55463 2.50428 0.468538 -1.06038 5.96179 0.267613 -1.28961 -0.48259 1.57372 -1.01636 3.50715 -0.282053 -1.43377 -0.11539 1.94752 0.139569 -0.318003 -0.914011 -1.68623 1.54437 1.61299 0.0291355 0.34686 2.1198 -0.202583 -1.31225 0.115187 0.542651 3.78332 4.10765 -1.10954 -0.0860684 1.93418 -6.26788 2.24529 0.557333 -0.138005 -0.744838 -1.92909 -0.705836 -1.83726 -0.887264 -2.68812 -0.6577 -0.247591 -0.112639 -0.812613 -1.00729 -0.780619 -1.30912 -0.657869 -0.0704839 -1.74886 -4.01793 -0.826069 0.565852 -2.81178 -1.72796 -1.80542 -1.23433 -1.0697 -0.864959 1.05109 -0.287382 -0.222342 -0.769735 0.954102 29.6173 -23.0571 0.0097768
 8.57503e-05 -13.8542 1.61798 0.000861019 -358.104 213.204 2.15043e-05 -0.00166071 -0.151039 -5.26936 -0.854506 8.41248 -5.15905e-05 0.978787 0.00340695 -2.06477e-06 0.260141 -0.00213574 2.50925e-06 0.389816 -0.115361 8.54533e-07 0.503581 -0.0870248 -9.39248 -13.9843 2.24237 -2.20282 -10.0536 7.47132 -6.2023 -0.451044 1.64489 -7.10642 -5.6347 6.10004 1.65161 0.716867 -0.00430961 -7.54228 3.03695 0.0298473 -3.33302 3.37832 -0.19147 0.262254 0.258987 -0.142852 0.823841 -2.95003 1.62137 -0.117047 0.393292 0.842862 -2.67626 2.03264 -3.7112 -4.00165 -3.76023 2.82368 -0.346859 0.0259201 5.46927 1.32602 -0.188746 7.02341 0.214454 -0.065768 -0.0133289 7.09617e-07 0.434015 -0.115025 0.0570514 0.00208178 -0.0416408 -1.78468 -0.177826 2.75773 0.186612 0.0814626 -0.31237 -0.714482 3.76693 -0.135039 -1.75247 0.133559 -0.031034 -0.0311732 -0.00441786 0.0358071 -1.5185 0.335061 -1.52638 -1.09701 -0.83338 -2.69663 -1.48295 -0.277185 0.628023 -3.53018 -0.158258 0.763764 0.285782 -0.931769 0.601728 -2.077 0.166845 0.848676 0.068258 -1.15282 -0.0827476 0.188218 0.54097 0.998255 -0.914479 -0.955005 -0.0173404 -0.205307 -1.25501 0.120001 0.776829 -0.0685271 -0.321578 -2.24006 -2.43154 0.65763 0.0513149 -1.14552 3.7106 -1.32951 -0.329978 0.081793 0.440938 1.14214 0.417848 1.08784 0.525214 1.59147 0.389162 0.146766 0.0669935 0.481308 0.596617 0.462006 0.774858 0.389571 0.0419394 1.03548 2.3788 0.488924 -0.33502 1.66503 1.02299 1.069 0.730807 0.633356 0.512128 -0.62237 0.170149 0.131619 0.455715 -0.564794 -17.535 13.6515 -0.00572678
 -4.76973e-09 0.000950703 -0.000113764 -2.90721e-09 -4.0266e-05 2.15043e-05 1000 -6.21687e-05 0.000494843 0.000649026 0.000102935 -0.00100711 1.66069e-08 -0.000285743 -2.52119e-07 7.39488e-09 -0.000174093 3.65624e-06 4.06045e-11 -0.000109964 3.26823e-05 8.297e-11 -0.000157232 2.71939e-05 0.000621046 0.000764528 -0.00012629 6.33223e-05 0.000747273 -0.000557432 0.000870668 -9.36971e-05 0.000242209 0.00126428 -0.000371307 0.000332281 -0.000149863 -5.96685e-05 5.71562e-08 -0.000575009 6.23632e-05 9.97773e-08 7.07972e-05 -0.000276373 1.71109e-05 -0.000137488 -0.000129181 7.50656e-05 0.000267918 -3.7745e-05 -0.000507403 0.000204902 -0.000137597 -0.00140026 0.00106216 -0.000756816 -0.00045611 6.10152e-05 8.83646e-05 -4.87047e-05 0.000308762 -2.04477e-05 -0.000142316 0.000320389 -1.6312e-05 0.000393062 -7.9163e-07 3.01378e-07 1.38188e-06 1.224e-09 -0.000354112 9.79794e-05 -9.2803e-05 -6.37828e-06 0.000110785 -0.000431826 -3.5151e-05 0.000562703 -2.99528e-05 -1.53343e-05 5.70685e-05 0.000180332 -0.000420105 1.70842e-05 7.40539e-05 -5.04052e-06 0.000124936 5.80853e-06 -4.00446e-07 -5.44412e-06 -4.77567e-05 -4.97598e-05 -0.00018093 -0.000247866 -0.000101345 0.000162574 0.00195842 -0.00149082 -3.19045e-05 0.000122934 9.29128e-05 0.00018649 -0.000104099 0.000298761 -0.00061018 0.000603663 0.00024084 -0.000324045 4.6365e-05 5.71447e-05 -3.99047e-06 -9.80782e-05 -9.97278e-05 -1.32897e-05 -7.62402e-05 -0.000117334 0.000899589 -0.000993186 0.000185182 6.51788e-05 0.000199844 -8.19864e-05 1.57341e-05 0.000104474 -0.000165659 1.49056e-06 -0.0002098 0.000329423 0.000319108 0.000122887 -0.000267287 9.45551e-05 -1.41722e-05 -0.000146875 -0.000137213 0.000295462 -8.65246e-05 -8.16521e-05 -0.000254753 -0.000521262 -0.000165337 0.000263636 -0.000504969 0.000521639 0.000153943 -6.24778e-05 -1.00583e-05 0.000348761 -0.00032395 0.000238901 -0.00035345 6.70824e-05 0.000399109 -0.000282102 -8.81693e-05 -5.10574e-05 2.44047e-06 -4.78411e-05 4.6755e-06 -6.58137e-05 -0.000207833 -0.000128782 0.00718253 -0.00522417 4.84767e-05
 -1.91528e-07 0.0462048 -0.0055139 -3.34259e-09 0.00263436 -0.00166071 -6.21687e-05 1.03041 -14.0612 0.0285941 0.00444982 -0.043534 6.46751e-07 -0.0109558 -1.50412e-05 3.3041e-07 -0.00690612 0.00014479 6.9611e-08 -0.00342001 0.00101592 2.10454e-08 -0.00677524 0.00117617 0.0293532 0.0556076 -0.00899741 0.00615696 0.0427154 -0.0318256 0.0340859 -0.00461822 0.0123789 0.0526014 6.36587e-05 -0.00220516 -0.00572169 -0.00155427 -5.44814e-05 -0.0216977 0.00242116 -3.6277e-05 0.00598796 -0.0112549 0.000602515 -0.00428131 -0.0048726 0.0027708 0.0120847 -0.00394278 -0.0297362 0.0123671 -0.00119278 -0.0710129 0.0419309 -0.0291823 -0.0202486 0.00229483 0.00237122 -0.00132901 0.0117945 -0.000751594 -0.0117848 0.0202761 -0.00076184 0.0113753 -7.39532e-05 2.53812e-05 5.45718e-05 3.94601e-08 -0.0133402 0.00367816 -0.00319184 -0.000203167 0.00360345 -0.0184063 -0.00152253 0.0241862 -0.00144986 -0.000774837 0.00287609 0.0048029 -0.0127855 0.000606805 0.005727 -0.000417506 0.00452351 0.00028882 4.58181e-05 -0.000336651 -0.00158483 -0.00307282 -0.00677755 -0.0106548 -0.00773286 0.00552825 0.137053 -0.0984804 -0.00911674 0.00524458 0.00930059 0.0354741 -0.0216535 0.0146627 -0.0386892 0.0214995 0.0176077 -0.0139827 0.0036203 0.00222225 -0.00055873 -0.00497019 -0.00506084 0.000306508 -0.0015428 -0.0162121 0.0558067 -0.0420485 0.00572317 -0.00345385 0.0182728 -0.00281105 0.00159215 0.00243675 -0.0026705 0.00174463 -0.0131818 0.0122334 0.0061013 0.00761561 -0.0108434 0.00432696 -0.00345283 -0.00125847 -0.00897201 0.0188679 -0.00360608 -0.0143394 -0.0192217 -0.0130373 0.00189156 0.0135705 -0.0148796 0.0185175 -0.0024681 -0.00864925 -0.0100406 0.0224237 -0.0216445 0.0185929 -0.0017224 -0.00479265 0.00434557 -0.0143933 -0.00529574 -0.00329552 -0.000442611 -0.00216375 0.000140596 -0.00279019 -0.00889839 -0.00254324 0.331345 -0.238944 0.0025176
 1.09817e-05 -2.79031 0.334258 9.66861e-06 0.267181 -0.151039 0.000494843 -14.0612 998.167 -1.83353 -0.282421 2.76116 -5.30167e-05 0.911758 0.000683589 -2.32895e-05 0.54407 -0.0116253 -2.25354e-06 0.264891 -0.0788189 -1.36238e-06 0.513729 -0.0892927 -1.85642 -3.53179 0.572495 -0.288208 -2.6835 1.99986 -2.29109 0.396976 -1.09339 -3.49159 0.176748 -0.0402107 0.501269 0.205263 0.000984759 1.69476 -0.140024 0.00163041 -0.252267 0.926868 -0.0539325 0.419991 0.418422 -0.241969 -0.939051 0.296446 1.94802 -0.815804 0.124439 4.86554 -2.76156 1.91341 1.46924 -0.0979981 -0.109176 0.0500503 -0.811444 0.0513834 0.524247 -1.40852 0.0573314 -0.998656 9.48178e-05 -0.000237151 -0.00444099 -4.43564e-06 1.12432 -0.31158 0.288942 0.0194677 -0.339236 1.39635 0.113724 -1.80896 0.124247 0.052641 -0.197195 -0.569891 0.761449 -0.0375048 -0.370647 0.0269738 -0.37503 -0.0196731 -0.00303667 0.0228465 0.123014 0.175724 0.473746 0.750598 0.598158 -0.541318 -9.23775 6.65493 0.634115 -0.400519 -0.431749 -2.42454 1.45346 -0.995538 2.63472 -1.45515 -1.17947 0.962168 -0.250911 -0.149998 0.0418911 0.343499 0.341577 -0.0223594 0.118132 1.1026 -3.78524 2.86524 -0.392325 0.232289 -1.23486 0.19899 -0.10185 -0.157578 0.197279 -0.117746 0.894302 -0.837807 -0.436674 -0.518264 0.74508 -0.303349 0.22484 0.0830173 0.60753 -1.29842 0.24117 0.972629 1.31063 0.894155 -0.137101 -0.937623 1.02064 -1.2775 0.150362 0.579592 0.671094 -1.54212 1.46454 -1.27477 0.125658 0.310307 -0.323694 0.97885 0.356356 0.21544 0.0201081 0.156378 -0.0113173 0.193163 0.61024 0.210968 -22.5302 16.1729 -0.18062
 -6.69778e-05 11.6449 -1.35981 0.000115268 8.89924 -5.26936 0.000649026 0.0285941 -1.83353 852.872 -22.9323 211.628 -9.67312e-06 0.213377 -0.00335287 7.88282e-06 0.0811334 -0.00340222 1.2532e-05 -0.0518024 0.0149329 1.14458e-05 -0.706567 0.12464 8.03257 8.20081 -1.33147 2.02768 5.57202 -4.14388 5.23324 0.996998 -3.27418 8.08407 1.76076 -2.1361 2.05903 0.183597 -0.0200235 8.28127 -1.90908 -0.0317428 4.60055 -0.101104 -0.0417552 1.00028 0.963417 -0.584746 1.78204 4.16342 -5.00709 1.20704 -2.62621 -1.43749 8.12675 -6.18008 4.37792 6.09113 -0.0577486 -1.55478 0.76454 -0.0589078 -3.46068 2.79609 0.0866655 -7.32107 -0.184116 0.0552366 -0.00957368 -9.76428e-06 1.08733 -0.315513 0.444015 0.0345449 -0.568823 4.30799 0.363589 -5.73466 -0.182945 -0.170629 0.643836 -1.59915 -8.60094 0.313204 0.589849 -0.0452905 0.225393 0.0115473 -0.00903259 -0.00255668 0.81761 -0.0158232 -0.648272 -3.37341 5.52447 8.14599 -6.61589 -1.7994 -1.12094 17.4887 1.32067 -7.46147 2.36129 -1.43223 -1.59498 2.95987 9.73551 11.2532 -13.581 -0.0411565 2.63565 1.51963 -0.184696 -0.589831 -0.0139635 2.70398 -3.59234 0.576649 1.97886 -2.49537 1.21363 0.79114 -0.970729 0.606376 -0.284013 1.77031 -3.23555 5.15852 -6.58502 4.3988 -1.05842 -1.05887 0.508731 -4.70027 0.221616 -3.54336 -1.64789 0.796103 -0.229043 -0.465529 0.116306 -1.49401 -1.13157 0.492421 -0.61462 -2.69115 -0.0561285 -0.163682 -1.29985 -0.369131 -2.18545 0.0926101 0.0024395 -1.38841 -2.99261 -1.39952 -1.06571 0.63335 -0.116509 0.023896 -0.352069 11.6785 15.8176 -13.6954 -0.180422
 -8.51805e-06 1.78112 -0.20796 1.98863e-05 1.44316 -0.854506 0.000102935 0.00444982 -0.282421 -22.9323 8.11309 -69.7691 -1.38358e-06 0.0325641 -0.000537938 5.69691e-07 0.0202626 -0.000802461 2.51066e-06 -0.00676976 0.00181672 1.87333e-06 -0.122252 0.0214121 1.23898 2.08594 -0.333241 0.4271 1.37947 -1.02544 0.548285 0.0778173 -0.258642 0.793405 0.852442 -0.911671 0.280879 0.0094698 -0.00322181 1.13056 -0.283999 -0.00460152 0.544443 0.00458444 -0.00786786 0.133095 0.132609 -0.0811928 -0.254066 0.485726 -0.04523 -0.0674504 -0.253681 -0.132789 0.570128 -0.434443 0.369259 0.441151 0.412497 -0.309362 0.0192023 -0.001386 -0.616188 -0.0760474 0.0256745 -1.11781 -0.0115403 0.00356312 -0.00186782 -1.22711e-06 0.190459 -0.0547221 0.0604306 0.00469498 -0.0772416 0.693229 0.0578729 -0.917808 0.0269304 0.0106303 -0.0411788 -0.324404 -0.153 0.006038 0.163765 -0.0126479 0.0286416 0.00496576 0.00163989 -0.0066434 0.168585 -0.212852 -0.228732 -0.0449011 1.86775 1.87796 -0.701482 -0.552287 0.0031713 0.276453 -0.54404 0.106191 0.665821 0.0615702 -0.845536 -0.278939 0.442279 0.481772 -0.119747 0.0974111 -0.0623258 -0.0195053 -0.096801 -0.100893 0.0511842 0.209334 -0.140856 -0.00388904 0.174609 -0.0874847 0.069134 0.0342351 0.0340473 0.125494 0.266079 0.0134849 -0.0451275 0.259607 -0.350784 0.0323021 0.0120216 -0.0784197 -0.0679627 -0.30673 0.0334386 -0.103649 -0.159435 -0.167186 -0.203718 -0.0622047 -0.198003 -0.0825231 -0.0551764 -0.0473119 -0.0880147 -0.155489 -0.0315777 -0.121614 -0.222557 -0.0535624 0.0399351 -0.145229 -0.235074 -0.129863 -0.0894035 -0.0854988 -0.0791705 0.0696339 -0.019748 -0.0335563 -0.0692368 -0.0378488 2.18353 -1.16022 0.0694794
 8.36262e-05 -17.5462 2.04866 -0.000195767 -14.2077 8.41248 -0.00100711 -0.043534 2.76116 211.628 -69.7691 680.899 1.29021e-05 -0.303139 0.00526365 -5.8403e-06 -0.182644 0.00749182 -2.45994e-05 0.0817875 -0.0224565 -1.79559e-05 1.21239 -0.21237 -12.1978 -20.4165 3.26217 -4.19671 -13.4972 10.0334 -5.47782 -0.750091 2.50219 -7.88146 -8.28658 8.86893 -2.75214 -0.0586426 0.0308022 -11.1672 2.83917 0.0452542 -5.35953 0.0214714 0.0725149 -1.28891 -1.29073 0.790168 2.46652 -4.80567 0.601082 0.607236 2.59282 1.33401 -5.73597 4.37022 -3.66897 -4.42018 -3.98173 3.02798 -0.202688 0.0147071 6.06573 0.700276 -0.254466 11.1403 0.108613 -0.0335493 0.018946 1.22062e-05 -1.87624 0.539129 -0.588114 -0.045787 0.753126 -6.96209 -0.579367 9.1903 -0.284884 -0.112873 0.436746 3.24226 1.70641 -0.0664942 -1.60372 0.123855 -0.282624 -0.0484055 -0.0157036 0.0644761 -1.65426 2.08817 2.2228 0.477602 -18.1913 -18.4385 6.95495 5.40163 0.0203787 -3.17377 5.36383 -0.862798 -6.51861 -0.566653 8.24304 2.64098 -4.50993 -4.93098 1.46539 -0.946271 0.545733 0.151197 0.946638 0.996745 -0.498964 -2.09507 1.4486 0.024093 -1.73694 0.903931 -0.698618 -0.34858 -0.310512 -1.23705 -2.57841 -0.169716 0.512228 -2.63597 3.54933 -0.409803 -0.0953233 0.783482 0.648605 3.07852 -0.331627 1.08225 1.58394 1.60635 1.98311 0.613495 1.91762 0.830909 0.558962 0.449278 0.867795 1.56693 0.307313 1.18371 2.18782 0.52754 -0.3424 1.40816 2.28298 1.29015 0.931208 0.85996 0.7912 -0.689747 0.194169 0.325346 0.679148 0.0857311 -21.5503 11.5694 -0.670402
 8.41283e-10 -0.000162908 1.96987e-05 9.14245e-10 8.77506e-05 -5.15905e-05 1.66069e-08 6.46751e-07 -5.30167e-05 -9.67312e-06 -1.38358e-06 1.29021e-05 1000 8.4789e-05 -9.40577e-06 -1.5537e-09 4.36619e-05 -5.00065e-07 2.87162e-10 2.69299e-05 -7.90286e-06 2.2379e-10 3.19135e-05 -5.31979e-06 -0.000358945 -0.000674984 0.000108891 -3.41304e-05 -0.000262615 0.000195523 -9.89078e-05 3.82257e-05 -0.000110557 -0.000138626 5.65137e-05 -5.24909e-05 0.000127561 1.59772e-05 3.8654e-07 -0.000257957 0.000119622 2.48279e-06 -2.34684e-05 0.000143818 -8.64644e-06 4.42361e-05 4.11546e-05 -2.39789e-05 0.000181633 -0.000184054 -0.000240053 0.000127749 2.41249e-05 5.17795e-05 -3.76209e-06 1.09924e-06 0.000115566 -7.67694e-05 -1.09717e-05 2.29343e-05 -3.41528e-05 2.2551e-06 -1.34952e-05 -2.14783e-06 2.2666e-06 -0.000108844 3.83965e-07 -1.35652e-07 -2.52154e-07 -1.05008e-10 5.41602e-05 -1.47188e-05 1.29529e-05 7.94796e-07 -1.33464e-05 7.58394e-05 7.00153e-06 -0.000112344 7.654e-06 4.28922e-06 -1.66745e-05 -8.0347e-05 0.000123606 -4.05788e-06 -4.19823e-05 3.27662e-06 -7.83833e-06 -1.04741e-06 7.86027e-08 9.75269e-07 -8.77574e-05 -0.000116744 -2.2981e-05 -9.26576e-06 2.82077e-05 3.40351e-06 5.79896e-06 4.84869e-05 -0.000109218 -0.000196002 -6.99827e-05 0.000170282 0.000148282 -7.12045e-05 -2.18262e-05 0.000121596 0.000130913 8.43472e-05 7.25356e-05 -5.92346e-06 -0.000125589 -8.93921e-06 9.93124e-05 5.47875e-05 -2.58368e-05 -6.91624e-05 -9.21223e-05 2.46998e-05 2.01112e-05 1.49384e-05 3.68055e-05 1.69455e-05 -1.87466e-05 -1.81144e-05 -2.03837e-05 -4.27978e-05 -5.27988e-05 -3.51807e-05 -3.00995e-05 -5.338e-05 -2.46105e-05 -2.12792e-06 2.12132e-05 3.47789e-05 3.29393e-05 2.48768e-05 3.53587e-05 2.73447e-05 -1.29282e-05 -3.02247e-05 -3.69685e-06 1.35702e-05 1.72971e-05 -1.50375e-05 -2.40992e-05 5.97403e-06 1.75811e-06 2.51094e-05 4.82733e-08 6.73958e-06 2.35286e-05 4.72571e-05 4.42804e-05 -1.07219e-05 -4.01566e-06 -4.78406e-06 -7.18859e-06 -2.03296e-05 9.39736e-06 4.61622e-06 2.15967e-05 2.03939e-05 -0.000691954 0.000557825 2.31641e-06
 -1.90238e-05 2.97179 -0.360138 -1.72938e-05 -1.66561 0.978787 -0.000285743 -0.0109558 0.911758 0.213377 0.0325641 -0.303139 8.4789e-05 998.331 -1.81609 2.20714e-05 -0.791327 0.0100602 -9.29107e-06 -0.442252 0.129355 -9.55365e-06 -0.500698 0.0826351 8.06338 12.4663 -2.02567 0.562382 4.86809 -3.62615 2.56344 -0.696521 1.97859 4.0249 -0.392899 0.236514 -2.88556 -0.32418 -0.00651396 4.03473 -2.163 -0.0441108 0.821941 -3.33551 0.202898 -0.894693 -0.821538 0.479927 -2.83677 3.71631 3.67719 -2.1202 -0.895061 -0.474408 0.736615 -0.560279 -2.36586 2.05198 -0.0179399 -0.473814 0.487981 -0.0309054 0.195301 0.259429 -0.0508777 2.14987 -0.0307208 0.00954443 0.00469538 -1.45014e-07 -0.909199 0.24572 -0.226074 -0.0134471 0.226544 -1.5999 -0.143084 2.29866 -0.109317 -0.0498921 0.197022 2.16899 -6.20585 0.21904 0.649977 -0.0509754 0.0905207 0.0189871 -0.00149064 -0.0176123 2.09153 1.79008 0.39963 0.535545 -0.328973 0.301001 0.124722 -0.284223 1.72867 2.65652 0.999339 -2.63849 -3.36727 0.94653 2.2759 -1.81299 -2.27889 -1.87845 -0.458251 0.498498 2.05083 0.333639 -1.61586 -1.44578 1.22587 1.41747 1.95815 -0.638375 -0.327177 0.151122 -0.286494 -0.0249798 0.517346 0.47608 0.449108 0.829679 0.944544 0.533303 0.548976 0.909866 0.317735 -0.109154 -0.572732 -0.764337 -0.570095 -0.543347 -0.789243 -0.68447 -0.153782 0.155642 -0.117511 -0.0954306 -0.0650634 0.11152 0.236235 -0.354899 -0.210295 -0.61732 -0.160121 -0.291856 -0.592146 -1.31048 -1.46834 -0.312715 -0.199102 -0.10865 -0.0363621 0.615846 -0.220618 -0.0654891 -0.326782 -0.31913 10.3424 -8.44592 -0.0485265
 1.53684e-07 -0.0183043 0.00216075 -1.15551e-08 -0.00573177 0.00340695 -2.52119e-07 -1.50412e-05 0.000683589 -0.00335287 -0.000537938 0.00526365 -9.40577e-06 -1.81609 0.819503 3.48277e-07 -0.0065109 0.00017544 9.10391e-09 -0.00254468 0.000775291 3.65098e-08 -0.00365872 0.000655289 -0.02725 -0.0414341 0.00668953 -0.00476829 -0.0205196 0.0152654 -0.00915884 -0.000233841 0.00114084 -0.0147483 -0.00488703 0.00564739 -0.000895744 -0.00223956 0.000110537 -0.0238783 0.00410088 0.000152644 -0.00986037 0.00148966 4.98647e-05 -0.000931447 -0.00197762 0.00118864 0.00227128 -0.0126031 -0.0129616 0.00741808 0.00152091 -0.00123983 -0.00572352 0.00449626 -0.000147186 -0.00801709 -0.00403141 0.00391168 -0.00115556 7.64888e-05 0.00267675 -0.000480959 5.42882e-05 -0.00212638 0.000185009 -5.64384e-05 -1.60641e-05 3.80879e-08 -0.00379411 0.00110307 -0.000522759 -3.22839e-05 0.000542273 0.00102664 5.1821e-05 -0.000963079 -0.000284727 -0.000278006 0.00102321 -0.00416331 0.0222665 -0.000762074 -0.00187157 0.000145585 -5.25485e-05 -5.18444e-05 3.64036e-06 4.85224e-05 -0.00587338 -0.00198049 -0.00254014 -0.00338491 0.0005951 0.000612131 -0.00039203 0.000193484 -0.00404001 -0.00748636 -0.00268273 0.00692508 0.00853437 -0.00247227 -0.00631781 0.00387983 0.00524195 0.00455795 0.0010587 -0.00174039 -0.00516609 -0.000726217 0.00448429 0.00383991 -0.00367716 -0.00415573 -0.00497165 0.00180558 0.000855835 -0.000752138 0.000271237 -0.000335228 -0.00157542 -0.00147753 -0.00148043 -0.0022741 -0.002344 -0.00119203 -0.00112386 -0.00241138 -0.000742526 0.000486876 0.00171378 0.00212912 0.00152229 0.00163605 0.00210851 0.00158622 0.000274685 -6.86208e-05 0.000854228 0.000558634 0.000313181 -0.000118168 -0.000306762 0.00119044 0.000801085 0.00186122 0.000821053 0.00106133 0.00169292 0.00358762 0.00410586 0.00108431 0.00074332 0.000493797 0.000325177 -0.00184715 0.000618654 0.000148929 0.000796671 -2.80654e-05 -0.0271165 0.0225321 0.00017618
 6.02755e-11 -8.03714e-05 9.59207e-06 -8.56887e-12 3.718e-06 -2.06477e-06 7.39488e-09 3.3041e-07 -2.32895e-05 7.88282e-06 5.69691e-07 -5.8403e-06 -1.5537e-09 2.20714e-05 3.48277e-07 1000 2.36583e-05 -7.9625e-06 -3.58677e-10 1.62177e-05 -4.7691e-06 -4.31727e-10 1.99903e-05 -3.36716e-06 -3.20944e-05 -9.85252e-05 1.56769e-05 -2.77282e-05 -0.000133279 9.91119e-05 -2.99633e-06 1.43198e-05 -4.34618e-05 1.3932e-05 -2.18276e-05 2.19838e-05 3.8379e-06 4.07354e-06 6.05886e-08 -9.78452e-05 3.27169e-05 7.20995e-07 -3.54719e-05 2.66636e-05 -9.92154e-07 1.06775e-05 1.2025e-05 -6.71053e-06 0.000112803 -0.000106472 -0.000143894 7.57281e-05 -7.2377e-06 5.59647e-05 -6.01281e-06 2.03454e-06 2.12676e-05 -2.25522e-05 -3.50283e-05 2.1966e-05 -1.58937e-05 9.93395e-07 6.49746e-07 -1.10253e-06 6.31227e-07 -3.14876e-05 -2.60257e-06 7.73731e-07 -7.79821e-08 -2.4605e-10 2.9612e-05 -8.11132e-06 4.91341e-06 3.57464e-07 -5.99179e-06 1.88337e-05 2.16753e-06 -3.50545e-05 7.21057e-06 6.61826e-06 -2.52621e-05 5.58276e-05 -0.000472901 1.69855e-05 -1.418e-05 1.1e-06 -6.93726e-06 -6.4747e-07 1.36479e-07 5.14851e-07 -4.52542e-05 -0.000126761 -3.72554e-05 5.80188e-05 0.00012011 0.000104867 3.19202e-05 2.99068e-05 -0.000132171 -0.000293594 -8.54359e-05 0.000295517 -4.59548e-05 9.49835e-05 -4.27581e-05 4.31248e-05 0.000189919 -4.4188e-05 7.42491e-05 -2.25027e-05 -4.37262e-05 -1.48296e-05 -1.27027e-05 2.16534e-05 -2.51059e-06 4.14928e-05 -1.9472e-05 -5.93861e-06 -4.11906e-05 2.61636e-08 8.52064e-06 5.79992e-06 -1.07926e-05 -1.51012e-05 -2.35196e-05 -2.17629e-05 -2.63226e-05 -2.93751e-05 -3.5784e-05 -1.71084e-05 -2.45838e-05 -2.41001e-06 1.35742e-05 1.91862e-05 1.31312e-05 -9.07556e-06 2.5372e-06 -3.32527e-06 3.25682e-06 -1.80171e-05 -5.59079e-06 -6.86879e-06 2.41568e-06 -6.12479e-06 1.86289e-05 1.55011e-05 1.29382e-06 4.76905e-05 6.2946e-06 -6.63104e-06 2.00808e-05 1.03259e-05 3.58506e-06 -1.12737e-05 -1.98278e-06 -1.26711e-06 -4.50001e-06 2.28353e-06 4.90599e-06 4.87542e-06 1.52882e-05 9.94628e-06 -0.000427303 0.000307832 -3.24451e-06
 -7.00392e-06 1.82302 -0.220545 -4.60653e-06 -0.447736 0.260141 -0.000174093 -0.00690612 0.54407 0.0811334 0.0202626 -0.182644 4.36619e-05 -0.791327 -0.0065109 2.36583e-05 998.887 -23.536 6.65392e-08 -0.315939 0.0927707 -4.43993e-07 -0.370204 0.0620981 3.46394 4.13864 -0.683328 0.46068 3.06169 -2.28092 1.48147 -0.323731 0.907786 2.36869 0.34687 -0.457657 -1.08442 -0.153809 -0.00255358 1.4032 -0.816878 -0.0198986 1.10048 -1.68676 0.0930533 -0.423995 -0.405988 0.23315 -1.49576 2.73267 1.67984 -1.15576 -0.404912 -0.56466 0.694147 -0.514961 -1.07225 1.48789 0.405717 -0.551056 0.201149 -0.0101744 0.0741273 0.375396 -0.0313158 1.05062 0.0132083 -0.00381171 0.00245585 2.63954e-06 -0.592333 0.160966 -0.140009 -0.00928995 0.156133 -0.811226 -0.0768805 1.24273 -0.133895 -0.099417 0.381115 0.0774223 2.70734 -0.0919024 0.285634 -0.0226999 0.0916062 0.0175198 -0.0028506 -0.0147706 1.57832 2.21571 0.843725 -0.228741 -1.78354 -1.29277 -0.136535 0.0393714 2.00763 4.3423 1.23383 -5.67662 -0.469116 0.0942025 2.85601 -0.190826 -4.59043 -1.8961 1.73661 -0.0465966 0.998007 0.398458 0.202723 -0.324164 -0.0365862 0.584171 0.468626 -0.0308599 0.561116 0.508658 0.123817 0.190628 0.382665 0.426848 0.63472 0.609632 0.641863 0.439504 0.691443 0.381373 0.471093 0.192732 -0.424911 -0.798762 -0.345719 -0.0867023 -0.332055 -0.251104 -0.241454 -0.0427616 -0.0159412 0.12628 0.0982767 -0.404507 -0.355034 -0.200527 -0.11353 -1.02636 -0.682463 -0.104315 -0.642116 -0.946859 -1.095 -0.574095 -0.343957 -0.231751 -0.114177 0.304191 -0.168096 -0.114927 -0.297235 -0.141931 8.10861 -5.25306 0.13604
 2.60621e-07 -0.0513362 0.00617497 8.78473e-08 0.00380412 -0.00213574 3.65624e-06 0.00014479 -0.0116253 -0.00340222 -0.000802461 0.00749182 -5.00065e-07 0.0100602 0.00017544 -7.9625e-06 -23.536 1.3997 -1.34665e-08 0.00528014 -0.00153281 5.68915e-09 0.00614382 -0.00100829 -0.0883203 -0.106822 0.0175958 -0.0136031 -0.0795468 0.0592499 -0.0375142 0.00657555 -0.0180919 -0.0603745 -0.012037 0.014954 0.0227178 0.0022278 0.00010907 -0.0415385 0.0191615 0.00050765 -0.0315695 0.0363989 -0.0018917 0.00788922 0.00703821 -0.0039847 0.034312 -0.0685704 -0.0428813 0.029299 0.00966851 0.0125018 -0.0191091 0.0142939 0.0220636 -0.037995 -0.0125555 0.0151768 -0.00485819 0.000248407 0.000719862 -0.00892787 0.000707743 -0.0232527 -0.000235453 6.68164e-05 -5.14673e-05 -2.22736e-08 0.0104987 -0.00280874 0.00263276 0.000178083 -0.00299308 0.017757 0.00164619 -0.0267483 0.00247858 0.0018728 -0.0072162 -0.00294171 -0.063189 0.00214605 -0.00714811 0.000566952 -0.00215827 -0.000431508 6.86064e-05 0.000365407 -0.0387246 -0.0525063 -0.0225945 0.00452432 0.0437807 0.0321035 0.00298737 -0.00131498 -0.0482203 -0.106606 -0.031137 0.138148 0.0114301 -0.00254045 -0.0696314 0.00433624 0.111471 0.0462216 -0.0424297 0.000926925 -0.0243391 -0.00960945 -0.00461944 0.00804396 0.000639452 -0.0146032 -0.0114592 0.000812142 -0.013587 -0.0125261 -0.00315166 -0.00478192 -0.00941261 -0.0105268 -0.0156156 -0.0149158 -0.0155738 -0.0105734 -0.0165976 -0.00932208 -0.0113761 -0.00451588 0.0105334 0.0195998 0.00854984 0.00237805 0.00822929 0.00610364 0.00583332 0.0012682 0.000790442 -0.00278612 -0.00222011 0.00995465 0.00879509 0.00506774 0.00295619 0.0251178 0.0168556 0.00278525 0.0157712 0.0232776 0.0269353 0.0141776 0.00855056 0.00581487 0.00296554 -0.00758769 0.00412742 0.00277596 0.00720925 0.00288861 -0.198243 0.129107 -0.00324006
 -6.7196e-10 1.93727e-05 -2.38694e-06 -1.00273e-10 -4.3616e-06 2.50925e-06 4.06045e-11 6.9611e-08 -2.25354e-06 1.2532e-05 2.51066e-06 -2.45994e-05 2.87162e-10 -9.29107e-06 9.10391e-09 -3.58677e-10 6.65392e-08 -1.34665e-08 1000 -5.4608e-06 2.88752e-06 -3.82432e-10 3.03607e-06 -5.55281e-07 8.93555e-05 -1.14208e-05 8.17815e-07 -7.37796e-07 2.89583e-05 -2.16711e-05 5.92752e-05 3.77145e-06 -1.44985e-05 0.000107911 -6.33627e-05 6.10288e-05 -2.92261e-05 -1.13184e-06 1.37748e-08 -1.46557e-05 -4.37254e-06 -1.38432e-07 2.03219e-05 -3.77406e-05 2.46472e-06 -6.33437e-06 -4.25784e-06 2.56429e-06 2.83282e-05 1.06735e-05 -3.2202e-05 1.0602e-05 -2.75626e-05 3.07555e-05 3.87225e-05 -3.14494e-05 -1.754e-05 3.33359e-05 -1.06263e-05 -3.03535e-06 -3.56605e-06 3.26232e-07 -4.13523e-06 4.98059e-06 -4.85596e-07 1.64604e-05 -1.49579e-06 4.44362e-07 1.85707e-08 -1.34825e-10 -1.36545e-07 -3.91114e-08 -1.62448e-06 -6.5176e-08 9.59888e-07 -1.32162e-05 -9.17965e-07 1.50905e-05 -2.43724e-07 1.362e-06 -5.00557e-06 4.48084e-05 -0.000268283 9.66339e-06 -2.96016e-06 2.23675e-07 -1.03899e-06 -1.58607e-07 -8.2635e-08 2.43004e-07 1.47863e-05 1.40466e-05 -2.61418e-05 -5.18742e-05 2.27504e-05 4.25703e-05 -0.000100959 0.000373951 -0.000104798 -0.000104632 -3.69946e-05 -1.45313e-05 -0.000106376 0.000100009 1.09946e-05 -3.16626e-06 7.24677e-05 -5.45662e-06 -2.84451e-05 1.35125e-05 3.26474e-05 -3.93443e-06 -7.3069e-06 1.65209e-06 3.41543e-06 9.42254e-06 1.75301e-05 -5.16085e-06 1.28448e-05 1.34318e-06 1.15845e-05 1.45643e-05 6.69584e-06 1.00185e-05 -1.09166e-05 -4.94538e-06 3.38271e-06 -3.18563e-06 9.13577e-06 -7.96128e-06 5.98124e-06 -3.19644e-06 -4.0261e-06 -1.40692e-05 -3.92057e-06 -1.23182e-05 -7.88067e-06 2.11665e-06 -8.62553e-06 -2.66808e-05 -1.50836e-05 1.41798e-05 7.25646e-06 -1.75382e-05 4.8533e-06 9.79619e-06 -8.61892e-06 1.77273e-05 -6.66654e-06 -5.34646e-06 -9.10289e-06 -1.94025e-05 -2.23033e-05 -2.69874e-05 -1.06862e-05 -6.90228e-06 -5.15652e-06 1.19888e-05 -1.57111e-06 5.18103e-07 1.72623e-06 -3.27932e-06 -3.17792e-05 1.17816e-05 -1.67146e-06
 -1.90764e-05 1.60591 -0.192959 -4.02671e-06 -0.662065 0.389816 -0.000109964 -0.00342001 0.264891 -0.0518024 -0.00676976 0.0817875 2.69299e-05 -0.442252 -0.00254468 1.62177e-05 -0.315939 0.00528014 -5.4608e-06 915.887 -275.215 3.29792e-06 -0.645417 0.113041 -0.377124 4.23158 -0.659267 0.0599445 0.483979 -0.360408 -0.293931 -0.462135 1.41709 0.319411 2.868 -2.9785 -0.141437 -0.12892 -0.00146578 -0.658813 0.0289237 -0.00214781 -0.738485 0.0670615 -0.00735005 -0.204837 -0.196632 0.112052 -0.465413 0.20975 0.56129 -0.257402 0.692073 -1.85385 -0.897284 0.77684 -0.58617 -0.646954 0.204767 0.0695807 0.199532 -0.0107007 0.0586522 -0.497351 0.00700741 0.423567 0.0215219 -0.00638743 0.000568132 1.88586e-06 -0.552439 0.15542 -0.206512 -0.0156119 0.267933 -0.36813 -0.0348551 0.54264 -0.134024 -0.0620284 0.234772 -0.921327 4.23405 -0.134086 0.322945 -0.0242445 0.185729 0.030105 -0.00799372 -0.0222749 0.240048 -1.31237 1.17282 4.42933 -0.165539 -2.75822 -20.5028 8.99128 -0.454128 2.18309 0.850295 2.03187 -3.82601 0.819028 1.73885 -0.58614 0.242253 -1.70502 0.301641 0.208898 0.991409 0.24196 0.267086 0.613965 0.865092 0.553361 0.0311875 -0.285011 0.774827 0.0921298 -0.0270226 0.138044 0.661964 1.48175 -0.209351 0.240773 0.531302 0.409904 0.55116 -0.315675 0.226087 0.173856 0.246797 -0.219562 0.215578 0.592225 0.557239 0.36037 0.207381 0.871574 0.209347 -0.438179 -0.101249 -0.651858 -0.397835 -0.114896 -0.0937721 0.36376 -0.298311 0.17672 0.385402 -0.202769 -0.15082 -0.916895 -0.367174 -0.185304 0.0487961 -0.485277 -0.0082051 -0.126999 -0.318531 -0.02238 11.1542 -7.65474 0.133799
 5.7823e-06 -0.489688 0.0588166 1.1862e-06 0.195947 -0.115361 3.26823e-05 0.00101592 -0.0788189 0.0149329 0.00181672 -0.0224565 -7.90286e-06 0.129355 0.000775291 -4.7691e-06 0.0927707 -0.00153281 2.88752e-06 -275.215 83.9992 -1.04149e-06 0.194128 -0.0339995 0.111387 -1.2795 0.199353 -0.0184337 -0.148844 0.110834 0.0881897 0.138282 -0.424055 -0.0982289 -0.867482 0.900964 0.0416691 0.0371818 0.000486423 0.195961 -0.00900658 0.00065892 0.220573 -0.0225954 0.00240612 0.0602345 0.057902 -0.0329497 0.140002 -0.0639332 -0.169416 0.0778074 -0.208077 0.558786 0.26968 -0.233552 0.175527 0.194224 -0.0626117 -0.0203411 -0.0601503 0.00322824 -0.0153046 0.150204 -0.00215519 -0.126006 -0.0064124 0.00190279 -0.000192218 -5.49138e-07 0.165484 -0.0465532 0.0617091 0.00466029 -0.0800061 0.109696 0.0104251 -0.162249 0.0392706 0.0183983 -0.0695912 0.28018 -1.27384 0.0403309 -0.097568 0.00732462 -0.0553806 -0.00907928 0.00241139 0.00671724 -0.0726663 0.396512 -0.353179 -1.33623 0.0454637 0.83754 6.18553 -2.71588 0.138134 -0.657448 -0.259026 -0.612403 1.15459 -0.247581 -0.524566 0.176625 -0.0736333 0.514185 -0.0908917 -0.0630802 -0.299212 -0.0729405 -0.0804324 -0.185099 -0.261041 -0.167092 -0.00949889 0.0860208 -0.233734 -0.027862 0.00803074 -0.0417867 -0.199746 -0.446997 0.0630404 -0.072625 -0.160223 -0.12359 -0.166173 0.0951737 -0.0682373 -0.0523642 -0.0743281 0.0663253 -0.064956 -0.178452 -0.16796 -0.10872 -0.0625759 -0.262653 -0.0628745 0.13217 0.0305132 0.196631 0.120006 0.0346672 0.0283752 -0.109643 0.0900891 -0.0532014 -0.116132 0.0613113 0.045688 0.276623 0.110787 0.055964 -0.0146305 0.146192 0.00250289 0.0382788 0.0960493 0.00649188 -3.36496 2.31004 -0.0402649
 -3.6419e-10 1.1574e-05 -1.4782e-06 -8.196e-11 -1.59929e-06 8.54533e-07 8.297e-11 2.10454e-08 -1.36238e-06 1.14458e-05 1.87333e-06 -1.79559e-05 2.2379e-10 -9.55365e-06 3.65098e-08 -4.31727e-10 -4.43993e-07 5.68915e-09 -3.82432e-10 3.29792e-06 -1.04149e-06 1000 7.28993e-06 -6.63225e-07 0.00012576 -0.000105464 1.50723e-05 -4.35317e-07 3.25685e-05 -2.44239e-05 8.67391e-05 6.57532e-06 -2.36492e-05 0.000156014 -2.22523e-05 1.65705e-05 -3.6895e-05 -1.53191e-06 8.18388e-08 -2.53135e-05 -3.69152e-06 -1.06118e-07 3.669e-05 -5.22686e-05 3.14976e-06 -7.30817e-06 -5.4564e-06 3.29602e-06 1.67547e-05 4.12851e-05 -1.49078e-05 -1.79275e-06 -4.15204e-05 3.38982e-05 7.15834e-05 -5.70482e-05 -2.10591e-05 5.31697e-05 -1.48276e-05 -5.96633e-06 -3.49284e-06 3.26024e-07 -6.27321e-06 6.46153e-06 -5.71759e-07 1.91181e-05 -1.73175e-06 5.22841e-07 3.69379e-08 -1.35506e-10 4.12509e-06 -1.29676e-06 -1.11742e-06 -3.20118e-08 5.39806e-07 -1.7403e-05 -1.21336e-06 1.99691e-05 1.26545e-06 1.83141e-06 -6.82552e-06 5.66266e-05 -0.00031223 1.12766e-05 -7.91768e-06 6.02469e-07 -2.1402e-06 -1.57842e-07 -3.57989e-08 1.94865e-07 2.51456e-05 -1.37453e-06 -1.17512e-05 4.29878e-06 5.15187e-05 6.06595e-05 2.14712e-05 0.000103234 -3.2765e-05 -8.84521e-05 -2.97467e-05 -9.27223e-06 -4.7379e-05 4.51665e-05 8.42442e-05 -2.21284e-05 3.83246e-05 -6.65648e-05 0.0001287 -2.24958e-05 1.25175e-05 1.17974e-05 5.47214e-06 8.89619e-06 4.79331e-06 3.7261e-05 1.1453e-05 7.31689e-06 -8.98876e-06 2.8388e-05 -3.10869e-06 8.30315e-06 5.68179e-06 6.58886e-06 8.30171e-06 8.83823e-06 6.95519e-06 -6.84011e-06 2.29018e-06 -3.5864e-06 -3.33344e-06 -1.23316e-05 -1.74292e-05 -1.12237e-05 -5.30788e-06 -1.81449e-05 -5.07838e-06 -5.31778e-07 -2.05126e-05 -5.55872e-05 -1.82979e-05 1.89625e-05 -1.97925e-06 -1.51417e-05 -4.16235e-06 -3.39525e-06 -1.73796e-05 -6.67336e-06 -1.85145e-06 -2.01513e-05 -1.63384e-05 -2.908e-05 -4.20525e-05 -3.42964e-05 -1.79208e-05 -1.28992e-05 -1.11289e-05 2.13438e-05 -2.73496e-06 1.25263e-06 3.27186e-06 -1.05635e-06 -0.00010493 5.36523e-05 -3.60371e-06
