 1000 0.00241186 -0.000477455 -1.40096e-09 -0.00013399 0.000112127 -3.90846e-06 -6.68181e-07 1.1474e-05 -8.84068e-05 -4.94943e-06 0.000111095 3.27683e-10 -1.536e-05 2.08763e-07 -3.47015e-10 -4.24842e-06 3.48097e-07 -9.53896e-10 -2.29978e-05 9.89835e-06 -6.28421e-10 4.08999e-06 -8.12659e-07 1.47461e-05 -0.000325459 7.7328e-05 -6.1527e-05 -0.000221141 0.000242121 -4.32491e-06 -3.03317e-06 1.17319e-05 9.52982e-05 -0.00010559 0.000165788 -6.25074e-05 -1.29153e-06 6.14621e-07 -0.000122322 1.81025e-05 9.91586e-07 -1.13201e-06 -7.02843e-05 9.03861e-06 -6.15059e-06 -1.32746e-05 1.62688e-05 8.19521e-05 -6.63165e-05 -0.000239345 0.000185991 -6.32158e-05 8.77911e-05 0.000102194 -0.000122102 -3.33382e-05 1.65957e-05 -4.57001e-05 3.67992e-05 -2.09357e-06 1.06236e-07 2.95918e-05 6.32292e-06 -2.03443e-07 1.53989e-06 -3.47613e-06 8.06828e-07 2.54836e-07 -1.41156e-10 -8.98709e-06 3.48551e-06 1.73801e-06 3.85873e-08 -2.32047e-06 6.62422e-06 6.52413e-07 -1.448e-05 3.98484e-06 3.33869e-06 -2.1386e-05 -8.08662e-06 -0.000306484 1.89558e-05 8.2994e-06 -8.06566e-07 -7.98244e-06 -1.22743e-06 -4.93603e-07 1.73444e-06 1.03504e-05 6.87082e-06 -8.17353e-05 -0.000218637 -0.000124694 6.41427e-06 5.67895e-05 0.000475499 -0.000204007 -0.000207541 -0.000105133 6.12693e-05 -7.26295e-05 -1.17874e-05 0.000100695 0.000129825 6.35161e-05 -6.72898e-05 -0.000177862 0.000254509 -0.000149494 3.33105e-05 -1.98163e-05 -6.57159e-06 1.59076e-05 3.81168e-05 1.89388e-05 -1.81783e-05 5.6627e-05 -4.63869e-05 1.61849e-05 -8.68906e-06 -1.10717e-05 1.04714e-05 6.1992e-06 -6.94099e-06 -1.80818e-05 0.000180947 -0.00014032 9.17294e-05 -7.63759e-06 1.21595e-05 2.40096e-05 -2.95334e-07 2.63381e-05 -3.9881e-05 2.86405e-05 1.6944e-05 3.04407e-05 -1.87217e-05 -7.51974e-05 4.89506e-05 1.08567e-05 -6.25743e-06 2.49299e-06 -3.85242e-05 4.21248e-05 3.81216e-05 5.76125e-06 4.06902e-05 1.29772e-05 -5.26103e-05 -7.658e-06 -3.43795e-05 -7.03364e-07 6.96315e-07 3.12575e-06 3.31641e-06 -2.88289e-07 2.05372e-05 3.34541e-05 4.17471e-05 -0.000591803 -3.90734e-05 -6.42905e-05
 0.00241186 525.065 -102.774 0.000239956 27.0945 -22.6717 1.00388 0.294543 -5.61616 17.1042 1.16605 -26.4812 -0.000116695 3.1853 -0.0263204 -5.84185e-05 2.45689 -0.12571 2.71407e-05 2.09763 -0.906584 1.88976e-05 1.17664 -0.282471 19.0796 36.1789 -8.90974 6.82204 23.8168 -26.0997 13.0687 2.56887 -11.6732 10.5883 15.0987 -25.3977 6.0321 0.729117 -0.103876 20.2576 -3.41297 -0.155706 9.89233 4.97818 -0.840258 2.05629 3.24019 -4.00393 0.480669 8.90333 12.0372 -11.0501 0.434021 -2.9601 2.6942 -2.80407 4.45794 4.53026 7.42358 -9.30829 0.132649 -0.00399356 -2.60948 1.88032 0.0292724 -2.38799 0.280318 -0.0635423 -0.0182674 -2.29344e-05 2.77749 -1.04449 0.928141 0.0407346 -1.13312 -0.896628 -0.0433988 1.17952 0.0956725 -0.0904441 0.567806 -0.703713 -0.789988 0.0532995 1.38135 -0.116713 -0.0365714 0.107293 0.0187139 -0.127071 2.24051 -3.74641 3.87806 14.1092 11.1824 0.0712751 -30.0783 20.1117 -9.65767 14.7026 9.09786 0.113754 -1.06 -1.46322 -4.45126 3.80268 4.07828 2.04433 -8.42241 4.06205 -1.22791 0.870925 -1.30594 -0.660566 -0.11108 -0.170694 0.254486 2.01238 0.793111 -0.586635 0.609748 0.486457 0.554255 -0.499233 0.909404 0.260971 -0.69496 3.05223 -6.05935 3.03585 -0.377409 -0.16825 -0.670828 -3.63426 -0.999963 -2.2116 -1.53623 -1.74643 0.154201 -0.412833 -1.34041 -1.72216 -1.60513 -0.531216 -0.389157 -2.20628 0.0770869 -1.4447 -3.68389 -0.587797 -0.0349377 -2.21475 -0.797828 -1.17237 -1.10412 -0.855304 -0.905646 0.62621 -0.196743 -2.1512 -4.30953 -4.9966 77.7543 -19.4227 5.47941
 -0.000477455 -102.774 21.2296 -4.7499e-05 -5.35802 4.48339 -0.202031 -0.0591195 1.12845 -3.37923 -0.230606 5.23716 2.37805e-05 -0.646531 0.00524828 1.1811e-05 -0.497208 0.0253752 -5.45156e-06 -0.426934 0.184441 -3.77009e-06 -0.242935 0.0582137 -3.76745 -7.14577 1.75976 -1.35141 -4.70468 5.15566 -2.57765 -0.510359 2.31776 -2.09134 -2.98338 5.01833 -1.19832 -0.153713 0.0209586 -4.00069 0.664073 0.0308175 -1.95936 -0.998169 0.167875 -0.41164 -0.646752 0.799223 -0.0977734 -1.75692 -2.37523 2.18052 -0.0878135 0.582358 -0.532664 0.554616 -0.882279 -0.894785 -1.46657 1.83886 -0.0266648 0.000824363 0.515515 -0.370831 -0.00585651 0.473756 -0.0551986 0.0125115 0.00367852 4.65121e-06 -0.566503 0.212813 -0.188418 -0.00825203 0.229944 0.17539 0.00821755 -0.225483 -0.0198558 0.0174818 -0.10972 0.143117 0.156248 -0.0105554 -0.273638 0.023119 0.00599963 -0.0211789 -0.00368959 0.0250786 -0.442375 0.738971 -0.764373 -2.78322 -2.20935 -0.0109575 5.93736 -3.97313 1.9071 -2.90062 -1.79416 -0.0224129 0.209536 0.288624 0.877882 -0.751442 -0.805516 -0.403165 1.66351 -0.803167 0.242857 -0.172209 0.257996 0.130573 0.0217539 0.0335106 -0.0506105 -0.39705 -0.156878 0.115784 -0.120308 -0.0960589 -0.109077 0.098123 -0.179435 -0.0514281 0.137335 -0.603829 1.19696 -0.599776 0.074429 0.0331635 0.13252 0.717383 0.197409 0.436353 0.302733 0.344358 -0.0307412 0.0812229 0.265237 0.339975 0.317102 0.104555 0.0768302 0.43564 -0.0156062 0.285742 0.726694 0.11584 0.00695208 0.437609 0.157141 0.231425 0.217663 0.168908 0.178839 -0.123669 0.0388384 0.424456 0.851684 0.98584 -15.3713 3.87665 -1.07879
 -1.40096e-09 0.000239956 -4.7499e-05 1000 -0.00135218 0.00113431 -9.85233e-07 2.91393e-08 3.93474e-06 0.000100301 7.21646e-06 -0.000161812 6.08384e-10 -1.0593e-05 -1.06654e-08 8.64123e-11 -2.99649e-06 1.05195e-07 7.85781e-11 -1.17596e-05 4.94754e-06 1.94907e-10 -1.43023e-05 3.21033e-06 9.92228e-05 8.04471e-05 -2.04823e-05 8.90419e-06 2.64311e-05 -2.91894e-05 0.000183205 1.78255e-05 -8.93887e-05 0.000219761 7.66066e-06 -2.76804e-05 1.83859e-05 -7.56388e-06 2.12207e-07 3.67453e-05 -1.12841e-05 1.27348e-07 8.62357e-05 -1.33837e-05 4.86923e-07 3.32358e-06 3.81704e-06 -4.85191e-06 3.08724e-06 3.49932e-05 -2.62775e-05 8.21547e-06 -2.52658e-05 -3.45815e-05 9.3332e-05 -0.000101969 2.50997e-05 3.89865e-06 5.21427e-05 -5.19023e-05 -2.0937e-06 2.88546e-08 1.23372e-05 -5.62193e-05 5.61622e-06 -0.000133159 -5.18763e-06 1.13602e-06 7.02858e-07 1.17191e-10 -2.17875e-05 7.68078e-06 -3.53443e-06 -1.22609e-07 3.93574e-06 -1.55508e-05 -1.6297e-06 3.58813e-05 1.46648e-06 -1.63719e-07 8.33236e-07 -9.27984e-06 -0.000133264 7.97951e-06 2.64722e-05 -2.20405e-06 -1.82454e-06 -1.48889e-07 -1.38615e-07 2.89697e-07 -2.2947e-05 -3.514e-05 -1.49555e-05 -2.38166e-05 -1.11174e-05 8.27749e-06 7.99184e-05 -3.99158e-05 -4.91897e-05 7.35281e-05 2.63986e-05 -4.04554e-05 -1.07017e-06 4.29183e-05 -3.57717e-05 0.000114717 -3.8699e-05 -2.31168e-06 -1.81781e-05 1.24225e-06 5.4546e-06 -7.75985e-08 1.09792e-05 -6.06206e-06 2.5093e-05 -1.87009e-05 1.1439e-06 5.4595e-06 3.84461e-05 -4.64621e-05 -3.06955e-05 3.73844e-05 4.49015e-05 5.26106e-05 -7.69631e-05 -0.00021243 -8.73879e-05 0.000145915 -5.67272e-05 0.000145235 -5.22921e-06 3.20108e-06 2.58168e-05 1.4965e-05 9.36808e-06 -4.78621e-06 2.34088e-05 -1.38163e-05 6.22372e-05 -3.93389e-05 -9.66512e-05 -1.02387e-05 -6.84809e-05 6.29102e-05 6.46233e-05 2.74543e-06 -5.49389e-06 -2.73702e-06 -2.38477e-05 6.85325e-05 4.71259e-05 -0.000114058 4.87463e-05 -3.05656e-05 -5.08896e-06 -1.80163e-06 -2.3401e-06 -4.24505e-06 1.69549e-06 -2.04645e-05 -5.17074e-05 -6.1868e-05 0.000616832 -1.12788e-05 6.03945e-05
 -0.00013399 27.0945 -5.35802 -0.00135218 417.707 -348.052 0.137697 0.048466 -0.679717 11.4382 0.777661 -17.6142 7.53599e-05 -1.34607 -0.00761372 1.12566e-05 -0.255039 0.00162206 2.16172e-05 -1.92598 0.81393 3.316e-05 -2.12497 0.481648 11.8939 21.164 -5.22403 4.30605 14.3858 -15.7699 12.9951 0.87981 -4.63501 9.07634 9.2737 -15.7697 1.54407 -1.13564 0.01537 10.2538 -3.39255 -0.0680284 5.8262 -0.171622 -0.119367 0.122501 0.409768 -0.509821 -1.47954 2.9969 -1.19671 -0.00411888 0.834256 -3.49174 1.30126 -1.19138 2.59077 2.70939 4.91512 -6.01531 -0.104545 0.0135187 -2.59859 -1.63388 0.280411 -7.98309 -0.466608 0.107709 0.0669553 1.48861e-05 -2.19468 0.772571 -0.189368 -0.0052177 0.21286 -1.50091 -0.133508 3.06384 0.0947778 -0.0365943 0.235498 -1.86974 -2.30466 0.148254 1.68145 -0.140677 -0.00176537 0.0534019 0.00954478 -0.0634774 1.16166 -0.971019 0.857093 2.03965 0.948782 1.84189 2.76057 -1.15438 -1.78653 7.39572 2.32961 -1.91682 -0.626718 0.802369 -1.76579 3.16103 -0.285874 -0.597947 -0.915297 1.29459 0.0835365 -0.460145 -0.901512 -1.59095 0.470146 0.498938 -0.203626 0.0280462 2.47034 -1.03019 -1.59851 -0.494958 -0.341649 2.66505 3.09682 -1.60749 -1.31594 3.82669 -7.6971 3.01176 0.297227 0.0582808 -0.447152 -1.14541 -0.636288 -0.296622 -0.355315 -1.55512 0.521929 0.417174 0.0696275 -0.868169 -1.33719 -0.185056 -0.119142 -0.498923 0.482473 -0.547731 -3.53947 -0.227231 1.4796 -2.1499 -0.166501 -0.981697 -0.749921 -0.499577 -0.501952 0.275688 -0.099884 -1.82626 -3.35252 -4.25624 60.7155 -8.6726 5.06005
 0.000112127 -22.6717 4.48339 0.00113431 -348.052 292.549 -0.116568 -0.0409206 0.57622 -9.5707 -0.650796 14.7407 -6.28601e-05 1.12155 0.00638351 -9.34436e-06 0.209869 -0.00119653 -1.8109e-05 1.60832 -0.679672 -2.77528e-05 1.77489 -0.402287 -9.95018 -17.7067 4.37064 -3.60468 -12.0358 13.1938 -10.8717 -0.737029 3.88175 -7.59402 -7.7588 13.1936 -1.29313 0.94772 -0.0127526 -8.5771 2.8359 0.056919 -4.87513 0.140179 0.100292 -0.104095 -0.344705 0.428868 1.23846 -2.50724 1.00125 0.00338367 -0.698593 2.92089 -1.08881 0.996923 -2.16776 -2.26662 -4.11235 5.03273 0.0872318 -0.0112916 2.17377 1.36769 -0.234664 6.68042 0.390541 -0.0901496 -0.0560758 -1.24164e-05 1.83035 -0.644249 0.15667 0.00429543 -0.176008 1.25493 0.111559 -2.56038 -0.0796296 0.0304899 -0.196223 1.5658 1.92737 -0.123992 -1.40712 0.117724 0.00133381 -0.0446755 -0.0079835 0.053103 -0.971582 0.812377 -0.716864 -1.70601 -0.793695 -1.54078 -2.30981 0.966173 1.49487 -6.18807 -1.94887 1.60392 0.524189 -0.671509 1.47745 -2.64499 0.239305 0.500171 0.765931 -1.0829 -0.0700746 0.384881 0.754103 1.33098 -0.39339 -0.41711 0.170304 -0.0235132 -2.06674 0.861956 1.33757 0.413902 0.285758 -2.22987 -2.59017 1.3459 1.10132 -3.20211 6.43942 -2.52018 -0.248643 -0.0487609 0.374011 0.958129 0.532303 0.248016 0.297016 1.30094 -0.436922 -0.348977 -0.0577427 0.72641 1.1191 0.154368 0.0993738 0.417351 -0.403697 0.458564 2.96085 0.189742 -1.23795 1.7991 0.138832 0.821313 0.627249 0.417969 0.419961 -0.230606 0.0835431 1.52783 2.80539 3.56078 -50.8066 7.27431 -4.23218
 -3.90846e-06 1.00388 -0.202031 -9.85233e-07 0.137697 -0.116568 999.823 -0.0898422 0.968031 0.361717 0.00582643 -0.0858428 1.50943e-05 -0.329753 8.35655e-05 9.53527e-06 -0.291367 0.0125421 -1.20977e-06 -0.364629 0.154476 2.10637e-06 -0.372146 0.0845966 0.110541 0.640014 -0.156194 0.0387773 0.798258 -0.875493 1.09549 -0.134905 0.485395 0.944593 0.169172 -0.339563 -0.0639528 -0.139657 0.00495443 -0.42733 0.00391671 0.00269536 -0.170216 -0.34467 0.0429971 -0.177217 -0.215045 0.263752 0.166345 -0.328496 -0.39486 0.370679 -0.0107468 -1.71369 0.660502 -0.599507 -0.323041 -0.337421 0.138852 0.0376324 -0.0547803 0.00459908 -0.166757 0.0709595 -0.00574204 0.141966 -0.00361144 0.000832877 -0.00365891 3.77286e-06 -0.557218 0.19959 -0.20168 -0.00820684 0.256805 -0.102689 -0.0195587 0.419075 -0.00327183 -0.00878367 0.0540506 0.101036 -0.396668 0.0239012 -0.211756 0.01726 0.0611026 0.00295608 2.85635e-05 -0.0030113 -0.292451 -0.206585 -0.179618 -0.371534 -0.248088 -0.0478395 0.436097 0.860062 -1.25611 0.375274 0.236451 0.215712 0.470559 -0.174875 -0.216823 0.0815341 0.238776 -0.217149 -0.031094 -0.0294991 -0.0175352 -0.0219542 -0.0532692 -0.0315618 -0.0857996 -0.158339 0.334579 -0.481164 0.121277 -0.0423635 0.0138757 -0.0643523 0.0462045 -0.0580021 -0.0510728 -0.0549383 -0.14541 0.0810787 0.293355 -0.215644 0.0471153 0.0771267 0.125968 -0.627964 0.222174 -0.201141 0.0908765 0.192059 -0.358735 -0.0864328 -0.0274269 0.306656 -0.148335 0.163355 0.204013 -0.0333918 0.0730937 0.0245041 0.121186 0.0331091 0.385592 0.431849 0.0506497 -0.10805 -0.0827439 0.0343378 0.0379926 -0.099149 0.0221495 -0.385241 -0.585503 -0.919481 8.43498 4.71828 1.41419
 -6.68181e-07 0.294543 -0.0591195 2.91393e-08 0.048466 -0.0409206 -0.0898422 3.27674 -48.7498 0.0978276 0.00143538 -0.0205255 3.87053e-06 -0.0829156 5.99957e-06 2.59998e-06 -0.0746328 0.00321326 8.88159e-08 -0.0812134 0.0343959 7.93128e-07 -0.0994853 0.0226726 -0.00222673 0.299408 -0.0719284 0.018889 0.231227 -0.253449 0.248639 -0.042817 0.16129 0.172534 0.116817 -0.202175 -0.00820665 -0.0354499 0.00103878 -0.10294 0.00119851 0.000477865 -0.067617 -0.0713315 0.00896031 -0.0427332 -0.0550782 0.0674731 0.0467586 -0.103129 -0.150048 0.134754 0.0410081 -0.500848 0.0992368 -0.0698473 -0.0877439 -0.102075 0.0218737 0.0298815 -0.0146817 0.00158241 -0.111337 0.0688802 -0.00153047 -0.00237113 -0.000797407 0.000191495 -0.0011322 1.05398e-06 -0.144359 0.0517252 -0.051645 -0.00209234 0.0654983 -0.0327976 -0.00583208 0.122604 -0.00524844 -0.00337058 0.0207862 0.0348651 0.0356615 -0.00193061 -0.0408967 0.00333431 0.0207313 0.00117917 0.000385603 -0.00157735 -0.0778175 -0.0766987 -0.0462402 -0.0673115 -0.0376268 -0.00680173 0.346317 -0.0300354 -0.343867 0.139656 0.0924208 0.230276 0.100247 -0.0426974 -0.196794 -0.0646969 0.111125 -0.0505999 0.00678613 -0.014561 -0.015495 -0.0171114 -0.0284592 -0.0119827 -0.0294167 -0.0947758 0.16654 -0.123074 0.0177194 -0.0306802 0.0425907 -0.0259917 0.0198457 -0.0230796 0.00521459 -0.00661257 -0.0789391 0.00692081 0.0227477 -0.0473164 0.0232545 0.0355765 0.0361253 -0.11451 0.0230162 -0.0146961 0.00958116 -0.0265017 -0.0919586 0.0327232 0.0634197 0.0762246 -0.0071075 0.030528 0.0093491 -0.0501428 -0.0542834 0.113233 -0.0199773 0.0887893 0.161167 0.0461395 -0.0518478 -0.0346378 -0.0220767 0.00654674 0.0120248 -0.0275779 0.005826 -0.105737 -0.125312 -0.234926 2.32751 1.29054 0.389069
 1.1474e-05 -5.61616 1.12845 3.93474e-06 -0.679717 0.57622 0.968031 -48.7498 992.045 -1.85606 -0.0149463 0.0951767 -8.21421e-05 1.76955 -0.000472453 -5.388e-05 1.57931 -0.0682541 -2.2094e-07 1.71336 -0.725895 -1.61795e-05 2.08049 -0.474352 0.0704954 -5.8764 1.41171 -0.305008 -4.52286 4.95744 -5.00526 0.918517 -3.48287 -3.4655 -2.23116 3.87235 0.176913 0.795965 -0.024566 2.08478 0.0268947 -0.010153 1.40358 1.58302 -0.199281 0.933851 1.18117 -1.44894 -0.992623 2.07883 3.01453 -2.70824 -0.776744 10.048 -2.0047 1.41659 1.78505 2.05637 -0.41737 -0.624682 0.299686 -0.0321402 2.20781 -1.37696 0.0314761 0.0179673 0.0140382 -0.00339735 0.0238771 -2.28545e-05 3.07435 -1.1026 1.11064 0.0452231 -1.40992 0.660878 0.117948 -2.47832 0.105781 0.0662691 -0.408579 -0.815393 -0.664469 0.0361825 0.833805 -0.0679777 -0.4279 -0.0234807 -0.00771523 0.0314465 1.5613 1.54604 0.917422 1.34591 0.785117 0.139175 -6.93966 0.567642 6.88561 -2.72539 -1.7876 -4.63607 -2.01523 0.857242 3.93516 1.29506 -2.22275 1.02367 -0.14688 0.287225 0.314678 0.344731 0.57146 0.240918 0.586459 1.89202 -3.33903 2.47073 -0.353929 0.610971 -0.856312 0.520511 -0.403032 0.463357 -0.104786 0.130492 1.57827 -0.130595 -0.476029 0.953789 -0.469042 -0.716406 -0.729824 2.29909 -0.470248 0.298323 -0.191783 0.529994 1.85234 -0.651025 -1.27863 -1.54285 0.13701 -0.612895 -0.192405 1.0028 1.08787 -2.27945 0.39711 -1.78129 -3.23824 -0.93534 1.04358 0.696111 0.444585 -0.135364 -0.24517 0.555082 -0.117049 2.12136 2.49965 4.71322 -46.319 -26.4567 -7.83577
 -8.84068e-05 17.1042 -3.37923 0.000100301 11.4382 -9.5707 0.361717 0.0978276 -1.85606 881.879 -7.48888 154.243 5.94356e-05 -1.38906 -0.000574369 3.31771e-05 -0.987644 0.0420376 1.58946e-05 -1.18903 0.50425 8.26917e-06 -1.48026 0.338826 7.1357 7.39337 -1.865 2.1478 5.68622 -6.23761 6.0864 1.00862 -4.68014 6.20656 3.83641 -6.69492 1.31805 -0.225659 -0.00817816 5.51328 -1.75591 -0.0323235 3.36965 0.154338 -0.0905743 0.495634 0.658682 -0.816847 0.950926 1.4282 -3.98687 2.36105 -0.41176 -2.29702 2.26302 -2.36042 2.10982 2.5189 1.48743 -2.66333 0.449341 -0.0288975 -2.15107 4.16259 0.0299425 -4.24451 -0.0516137 0.0119001 -0.00632012 -7.74168e-06 -0.305025 0.0958752 0.222139 0.0140035 -0.370312 -0.435614 -0.0368528 1.04333 -0.334841 -0.275955 1.74825 0.00818615 -5.99652 0.369324 -0.1568 0.00953269 0.394603 0.00703982 -0.00843358 0.00137323 -0.162711 -3.28686 -2.69474 0.287857 6.76615 8.44635 -9.64573 -2.02846 -2.29723 24.7813 7.54384 -11.6538 3.19365 -1.6606 -3.41182 2.84604 8.66014 14.2292 -16.38 1.14895 2.2686 0.909513 -0.500179 -0.897866 -0.862746 2.76668 -5.18984 0.281042 3.41304 -3.44335 0.748786 0.10493 -1.72746 0.051658 -0.115801 1.09969 -5.2817 9.37065 -10.9792 7.25183 -2.14134 -1.06186 1.37238 -5.53898 0.294116 -3.56681 -1.44429 1.05962 -0.264531 -0.380745 -0.934961 -1.30031 -1.39095 1.04276 -0.085997 -2.87049 0.0670053 0.947939 -1.52893 0.0462644 -2.12277 1.00146 1.57854 -1.58153 -3.0314 -1.07462 -1.02597 0.237539 -0.023008 -0.982025 -1.5118 0.67283 36.1196 -9.54121 2.47365
 -4.94943e-06 1.16605 -0.230606 7.21646e-06 0.777661 -0.650796 0.00582643 0.00143538 -0.0149463 -7.48888 2.41412 -34.9119 4.71021e-06 -0.106666 -5.07828e-05 2.68329e-06 -0.0787566 0.00329893 1.15918e-06 -0.114409 0.0484465 8.14664e-07 -0.131028 0.029874 0.294551 0.799562 -0.19521 0.171969 0.566052 -0.620529 0.375608 0.0248189 -0.129834 0.197419 0.407523 -0.679245 0.0734974 -0.0312926 1.77203e-06 0.162824 -0.0743647 -0.00122984 0.0430052 0.0302739 -0.00589639 0.000830193 0.011993 -0.0150182 -0.100973 0.0760978 0.025626 -0.0379798 0.0526483 -0.292485 -0.00213459 0.0262793 0.0673 0.0121206 0.153693 -0.153727 0.000365855 0.000111802 -0.0846835 0.104286 0.0013784 -0.127403 -0.000184483 7.83441e-05 -0.000436792 1.24407e-09 -0.0569726 0.0196491 -0.0110301 -0.00020674 0.00985455 -0.00572376 0.000641055 -0.00747987 -0.0078147 -0.00637921 0.0399976 -0.0535197 0.202856 -0.0119739 0.02712 -0.00245519 0.0222642 0.00250013 0.000688261 -0.00321446 -0.0203491 -0.381841 -0.0750741 0.412274 0.658904 0.646995 -0.486876 -0.0600661 -0.249768 0.559611 0.113214 -0.167801 0.372939 0.0443008 -0.441669 -0.253869 0.122735 0.434836 -0.197183 -0.00780177 -0.0271152 -0.0101917 -0.0438099 -0.0513574 -0.0670936 0.0748922 -0.140181 -0.0454191 0.11736 -0.0929384 0.00382911 -0.0194143 -0.0468618 -0.00468551 0.0638689 0.0037885 -0.132727 0.311452 -0.300979 0.0449858 -0.00189055 -0.0401973 0.0475672 -0.242291 0.0336566 -0.0643286 -0.0302024 -0.0225176 -0.0705784 0.0279421 -0.0152112 -0.0640542 -0.0478198 -0.00458721 0.0283759 -0.0761344 0.01672 0.0201544 -0.102423 0.0111037 0.0649111 0.00663959 -0.0285127 -0.0301856 -0.0405844 -0.018445 -0.0184511 -0.00373207 0.000179602 -0.0991076 -0.163833 -0.23855 2.92611 0.0966417 0.305686
 0.000111095 -26.4812 5.23716 -0.000161812 -17.6142 14.7407 -0.0858428 -0.0205255 0.0951767 154.243 -34.9119 792.103 -0.000111842 2.53694 0.000827889 -6.29367e-05 1.89058 -0.0795998 -2.5376e-05 2.72731 -1.15526 -1.75554e-05 3.08805 -0.704335 -6.78123 -17.9995 4.39671 -3.8764 -12.7447 13.9714 -8.69078 -0.51185 2.74547 -4.62325 -9.12341 15.2201 -1.67754 0.820376 -0.00472288 -3.76029 1.78589 0.0275709 -0.996076 -0.514149 0.112804 0.0567526 -0.210118 0.262327 2.28413 -1.7567 -0.37533 0.726215 -1.11028 6.59282 -0.0250091 -0.510112 -1.57525 -0.35412 -3.46644 3.5069 -0.0254212 -0.00137037 1.98238 -2.46709 -0.0326345 3.01535 -0.00548692 0.000419861 0.0124234 -7.90306e-07 1.42209 -0.492746 0.309392 0.00710132 -0.295102 0.0808807 -0.019879 0.277387 0.170043 0.141202 -0.885954 1.3181 -4.32887 0.254852 -0.603801 0.0547806 -0.493664 -0.0558705 -0.0150569 0.0715082 0.465673 8.69286 1.65092 -9.35506 -14.6685 -14.49 11.1067 1.43669 5.7411 -13.6965 -2.73002 4.19006 -8.44423 -0.931678 9.98024 5.57264 -3.03547 -10.2109 4.97219 0.134171 0.526858 0.193909 0.99457 1.18083 1.52934 -1.77104 3.31712 1.0006 -2.73485 2.19293 -0.110771 0.42954 1.10852 0.0989127 -1.41933 -0.119944 3.14462 -7.28099 7.09357 -1.24962 0.111623 0.930578 -1.11076 5.59217 -0.766203 1.55147 0.721904 0.469798 1.59043 -0.614288 0.361898 1.46532 1.11341 0.0665588 -0.631461 1.79258 -0.378418 -0.479861 2.33261 -0.251692 -1.38023 -0.183357 0.580367 0.723437 1.00303 0.447363 0.445561 0.0759909 -0.00367489 2.2408 3.70291 5.28865 -66.5566 -1.59578 -6.88036
 3.27683e-10 -0.000116695 2.37805e-05 6.08384e-10 7.53599e-05 -6.28601e-05 1.50943e-05 3.87053e-06 -8.21421e-05 5.94356e-05 4.71021e-06 -0.000111842 1000 8.25456e-05 -6.40988e-06 -1.02266e-09 4.77998e-05 -1.73155e-06 2.94728e-10 3.74718e-05 -1.57736e-05 6.19988e-11 4.40099e-05 -9.82932e-06 -0.000273163 -0.000543342 0.000134696 -2.8341e-05 -0.00018416 0.000201797 -9.91536e-05 2.54386e-05 -9.84301e-05 -0.00013997 3.23612e-05 -4.35367e-05 0.000114202 2.69013e-05 -7.72931e-07 -0.000300352 0.000129553 2.80268e-06 -2.44671e-05 0.000160816 -1.80107e-05 3.38809e-05 4.37969e-05 -5.39405e-05 0.000106143 -4.60539e-05 -0.00021689 0.000164124 2.68771e-05 5.48627e-05 -1.24076e-05 9.81048e-06 0.000119342 -4.5523e-05 -3.69929e-05 5.24777e-05 -9.45603e-07 8.36244e-08 -9.34115e-06 3.17487e-06 1.16149e-06 -4.32576e-05 -2.34165e-07 4.56388e-08 -3.5506e-07 -4.02442e-10 7.03071e-05 -2.49006e-05 1.6638e-05 6.38777e-07 -1.94121e-05 2.42315e-05 3.81257e-06 -8.54405e-05 3.38058e-06 2.50938e-06 -1.67413e-05 -5.48415e-05 0.000219218 -1.27669e-05 4.88321e-06 -3.14806e-07 7.7335e-06 -9.60751e-07 -9.87843e-08 1.06865e-06 -5.52962e-05 -6.12161e-05 4.30781e-06 5.39184e-05 2.94881e-05 2.32707e-06 7.84086e-06 6.8124e-06 -0.000103994 -6.60776e-05 -2.52529e-05 0.000202913 0.000140939 -8.66487e-05 -7.26561e-05 6.53236e-05 3.92921e-05 7.03964e-05 4.54742e-05 -1.0249e-05 -9.83536e-05 -1.70565e-05 6.3422e-05 4.41899e-05 -3.11536e-05 -2.60782e-05 -8.38517e-05 3.41172e-05 2.80202e-05 2.06745e-05 8.52048e-06 1.69307e-06 -2.85391e-05 -7.61968e-07 -1.49786e-05 -2.38668e-05 -2.95905e-05 -2.57097e-05 -2.43999e-05 -4.18171e-05 -1.3266e-05 2.81236e-06 1.41704e-05 3.27784e-05 2.45523e-05 2.10575e-05 1.31653e-05 -1.6196e-06 -3.67816e-05 -4.0294e-05 -1.48424e-05 1.11311e-05 2.30148e-05 -4.33154e-07 -3.12103e-05 4.17636e-06 -1.09036e-06 7.75438e-06 4.21597e-06 -5.21302e-07 7.56745e-06 2.46984e-05 3.74431e-05 -1.57585e-05 -1.42623e-06 -8.61087e-06 -4.59085e-06 -4.99912e-06 4.13402e-06 3.31923e-05 5.85238e-05 7.94164e-05 -0.000775334 -0.000334206 -0.000117983
 -1.536e-05 3.1853 -0.646531 -1.0593e-05 -1.34607 1.12155 -0.329753 -0.0829156 1.76955 -1.38906 -0.106666 2.53694 8.25456e-05 997.85 -2.83596 1.77648e-05 -1.13119 0.0417208 -1.12884e-05 -0.775555 0.3258 -8.02091e-06 -0.90302 0.20054 8.46911 13.8538 -3.45965 0.778747 4.8409 -5.30579 3.24783 -0.581718 2.17769 4.84806 -0.0390727 -0.263239 -3.54288 -0.714587 0.0232353 6.5897 -3.18449 -0.0652546 0.929014 -4.78903 0.535477 -0.864275 -1.12309 1.3825 -2.3292 2.03636 4.55738 -3.76338 -1.22061 -0.716163 1.14946 -1.24641 -3.46731 1.91932 0.897037 -1.6342 -0.000340543 0.000941843 0.234099 0.0972533 -0.0245684 0.80267 -0.00676486 0.00183003 0.0127733 7.26366e-06 -1.58385 0.559525 -0.332555 -0.0122597 0.374972 -0.628114 -0.0931466 2.08885 -0.0515179 -0.0444456 0.301986 1.6752 -8.63126 0.516837 -0.0904527 0.00493838 -0.236125 0.021428 0.00241391 -0.0240463 2.03372 1.72993 0.106341 -0.977934 -0.355732 0.312672 0.508807 0.111928 2.19116 1.04799 0.439382 -3.99893 -4.0822 1.36282 3.24962 -1.0735 -1.11276 -1.96976 -0.442915 0.603548 2.05859 0.41692 -1.48861 -1.56463 1.36084 1.24456 2.23168 -0.778981 -0.669872 -0.160173 -0.0169799 0.0460376 0.640934 0.182336 0.550784 0.719209 0.797215 0.548778 0.661156 0.82233 0.21946 -0.270564 -0.648187 -1.00396 -0.65088 -0.59007 -0.514342 -0.254907 0.323765 0.333575 -0.0370371 -0.140337 -0.234244 0.0587993 0.56231 -0.203134 -0.133335 -0.385612 -0.1662 -0.0883932 -0.289923 -1.09419 -1.56941 -0.229377 -0.210773 -0.00419799 -0.0641497 0.327494 -0.152256 -0.636433 -1.18985 -1.54841 15.1187 6.03853 2.24301
 2.08763e-07 -0.0263204 0.00524828 -1.06654e-08 -0.00761372 0.00638351 8.35655e-05 5.99957e-06 -0.000472453 -0.000574369 -5.07828e-05 0.000827889 -6.40988e-06 -2.83596 0.825565 2.45416e-07 -0.00587948 0.000305516 2.4091e-08 -0.00244391 0.00105923 5.68408e-08 -0.00379642 0.000899462 -0.0361517 -0.0602044 0.0149764 -0.00624635 -0.0260306 0.0285293 -0.014621 -3.84846e-05 0.00127238 -0.0202052 -0.00605073 0.0112548 0.00273793 -0.00156108 0.000146317 -0.0357424 0.00868292 0.000330057 -0.0113754 0.00717373 -0.000555204 0.000174433 -0.000418066 0.000516667 0.00440183 -0.00922187 -0.0194257 0.0162817 0.00243707 0.00022422 -0.00632936 0.00714923 0.00696034 -0.00821953 -0.00612448 0.00942368 -0.000252752 1.46087e-05 0.000207104 -0.000424094 2.77349e-05 -0.000781452 0.000190757 -4.46096e-05 -4.66213e-05 6.08813e-08 -0.00379059 0.00144023 -0.00039102 -1.41055e-05 0.000386428 0.00105088 0.00010285 -0.00263239 -0.000183531 -0.000200077 0.00115909 -0.00490048 0.0332029 -0.00198105 -0.000310447 3.46204e-05 0.000146753 -8.67577e-05 -9.34912e-06 9.69336e-05 -0.00776174 -0.00393318 -0.00162692 0.000705254 0.000748244 -0.000175384 -0.000904941 -0.000861514 -0.00718605 -0.00612183 -0.00173579 0.0147678 0.0142716 -0.0048082 -0.0116596 0.00324538 0.00350335 0.00673167 0.0016571 -0.00262269 -0.00739337 -0.0012079 0.00582742 0.00589568 -0.0051398 -0.00482307 -0.00801979 0.0028842 0.00226757 0.000228862 -5.08816e-05 -0.00036756 -0.00215865 -0.000852441 -0.00215718 -0.00260641 -0.00270058 -0.0021902 -0.00178155 -0.00318646 -0.000701381 0.00116007 0.00268361 0.00389002 0.00255548 0.00214516 0.00173127 0.000665436 -0.00131536 -0.00109699 0.000850321 0.00100106 0.00120997 -0.00023841 -0.00179695 0.000969179 0.000546036 0.00202549 0.000789235 0.000614136 0.0013114 0.00421778 0.00555801 0.00098898 0.000822626 0.000240481 0.000472734 -0.00134904 0.000583438 0.0022548 0.00487554 0.00537139 -0.0698526 0.00306344 -0.00664422
 -3.47015e-10 -5.84185e-05 1.1811e-05 8.64123e-11 1.12566e-05 -9.34436e-06 9.53527e-06 2.59998e-06 -5.388e-05 3.31771e-05 2.68329e-06 -6.29367e-05 -1.02266e-09 1.77648e-05 2.45416e-07 1000 2.61273e-05 -3.73667e-06 -3.64436e-10 2.46917e-05 -1.03921e-05 -5.84369e-10 3.11185e-05 -6.97397e-06 3.31748e-05 -1.2251e-05 2.3983e-06 -1.0651e-05 -6.35372e-05 6.958e-05 9.80043e-06 1.2662e-05 -5.42048e-05 6.56261e-05 -6.3698e-06 5.64744e-06 -2.348e-05 6.88514e-06 -1.16872e-07 -8.6439e-05 2.33638e-05 6.26391e-07 -1.21631e-05 3.68587e-06 1.24861e-07 9.92006e-06 1.42881e-05 -1.7491e-05 7.08674e-05 -1.19509e-05 -0.000168588 0.000120609 -2.67966e-05 7.57049e-05 3.2676e-05 -4.31553e-05 1.70929e-05 2.45743e-05 -3.35308e-05 1.97779e-05 6.65512e-06 -4.55817e-07 -1.51539e-07 1.38581e-05 1.52725e-07 -1.67297e-05 -2.09664e-06 4.65044e-07 4.13522e-07 -4.09294e-10 3.82938e-05 -1.36249e-05 1.18835e-05 5.01261e-07 -1.53135e-05 3.41625e-06 1.20198e-06 -2.75597e-05 4.44049e-06 3.74953e-06 -2.44452e-05 8.19614e-06 -0.000361571 2.25606e-05 1.33459e-05 -1.08052e-06 -1.18069e-06 -7.39755e-07 -9.25214e-08 8.39474e-07 -1.60712e-05 -7.08599e-05 3.1206e-05 0.000119423 9.20501e-05 6.56531e-05 3.71405e-05 -4.32804e-06 -0.000138321 -0.000158199 -5.20179e-05 0.000235823 -1.49962e-05 0.000146083 -3.58304e-05 8.51219e-06 8.90448e-05 -2.37019e-05 4.63857e-05 -1.47492e-05 -2.43135e-05 -2.09245e-05 -1.45564e-05 6.88026e-06 1.03293e-05 5.07356e-05 -1.44493e-05 -2.56337e-06 -4.31172e-05 3.74822e-06 6.7223e-06 9.81932e-06 -8.54533e-06 -1.60679e-06 -1.7637e-05 -8.19931e-06 -1.49604e-05 -2.47067e-05 -3.37584e-05 -1.01391e-05 -1.19982e-05 -2.58232e-06 -3.55955e-06 9.7068e-06 5.03346e-06 -1.28199e-05 -1.00545e-05 -1.09504e-05 -1.32646e-05 -2.83395e-05 -3.55583e-05 3.75987e-06 5.57485e-06 -7.06166e-06 4.24814e-06 8.06069e-06 -1.39356e-05 2.50923e-05 1.03977e-06 -1.92589e-05 -1.19773e-05 -1.89113e-05 -9.07967e-06 -2.1043e-05 -4.84696e-06 -9.83785e-06 -8.55107e-06 9.34919e-06 1.1726e-06 2.56605e-05 4.59744e-05 5.97095e-05 -0.000554259 -0.000324803 -9.47001e-05
 -4.24842e-06 2.45689 -0.497208 -2.99649e-06 -0.255039 0.209869 -0.291367 -0.0746328 1.57931 -0.987644 -0.0787566 1.89058 4.77998e-05 -1.13119 -0.00587948 2.61273e-05 997.003 -45.5145 -4.4395e-07 -0.713497 0.300355 3.19934e-06 -0.847913 0.189989 3.43684 4.20285 -1.06677 0.423884 2.83627 -3.10971 1.9301 -0.360403 1.36207 2.3932 0.432734 -0.866218 -1.12662 -0.401275 0.0128623 2.67401 -1.30222 -0.0268738 1.09292 -2.30743 0.242633 -0.497154 -0.668134 0.819642 -1.36159 1.90403 2.88417 -2.56309 -0.310051 -1.21869 0.505841 -0.471896 -1.90668 1.01553 1.04523 -1.40458 -0.200396 0.0174006 -0.304668 0.16395 -0.0125702 0.330666 0.022376 -0.00472094 -0.00223221 9.51143e-06 -1.20124 0.426432 -0.342921 -0.0138785 0.426053 -0.348002 -0.061273 1.38756 -0.138814 -0.0927006 0.607638 0.49489 1.85627 -0.117949 -0.262283 0.0197439 -0.0378538 0.0244671 0.00203234 -0.0267293 1.466 2.59304 -0.22491 -2.34563 -1.71216 -0.968917 -0.499447 0.584063 2.81957 3.21427 1.05394 -5.9801 -2.41541 -0.54521 3.41453 1.16278 -3.51086 -3.40825 2.43354 -0.0920003 0.986849 0.56514 0.211526 -0.247699 -0.578228 0.611728 0.560213 0.125003 0.562872 0.400539 0.0340318 -0.0414636 0.305473 0.194177 0.763024 0.508132 0.580551 0.555687 0.835106 0.498835 0.377382 0.262635 -0.176936 -1.34268 -0.400469 -0.0965654 0.0309877 0.0400045 0.154215 0.153815 0.334259 0.0696704 0.188177 -0.379753 -0.101271 -0.0448564 0.169245 -0.660417 -0.946349 0.170857 0.0227774 -0.427926 -0.795603 -0.614832 -0.342967 -0.0801834 -0.0286849 0.0778811 -0.110126 -0.655802 -1.0595 -1.5064 14.6752 7.5815 2.38502
 3.48097e-07 -0.12571 0.0253752 1.05195e-07 0.00162206 -0.00119653 0.0125421 0.00321326 -0.0682541 0.0420376 0.00329893 -0.0795998 -1.73155e-06 0.0417208 0.000305516 -3.73667e-06 -45.5145 2.95387 2.62893e-08 0.028587 -0.0120095 -1.11863e-07 0.0339394 -0.00757145 -0.162775 -0.202355 0.0512881 -0.0226367 -0.1375 0.150757 -0.0913331 0.0151598 -0.0565492 -0.112741 -0.0243176 0.0472386 0.0484358 0.0164077 -0.000479167 -0.129594 0.0586679 0.00129749 -0.0550989 0.100463 -0.010371 0.0206535 0.0275811 -0.0338099 0.0611944 -0.0896814 -0.136085 0.120931 0.0133381 0.0556449 -0.0242437 0.0228429 0.0847285 -0.0479042 -0.0505926 0.0676492 0.00906142 -0.000789954 0.0148753 -0.00762547 0.000540793 -0.013901 -0.000857892 0.000177812 0.000107435 -3.48504e-07 0.0490146 -0.0173377 0.0144914 0.000586965 -0.018081 0.0155409 0.00267221 -0.0608188 0.00569163 0.00381905 -0.0251677 -0.023304 -0.0859731 0.00546117 0.0116432 -0.00087251 0.00128443 -0.00114499 -9.50226e-05 0.00125077 -0.0682272 -0.119774 0.00796277 0.107949 0.0809082 0.0461191 0.0233217 -0.0274141 -0.129652 -0.152711 -0.0506548 0.278277 0.112206 0.02491 -0.15849 -0.0542199 0.162873 0.158431 -0.113039 0.00419346 -0.0459742 -0.0260831 -0.00948017 0.0117028 0.0268419 -0.0286089 -0.0260406 -0.0057816 -0.0261368 -0.0186749 -0.00149864 0.00188289 -0.0140012 -0.00910884 -0.0354536 -0.0235638 -0.0268108 -0.0260075 -0.0382691 -0.0233055 -0.017435 -0.01204 0.00849836 0.0625852 0.0188316 0.00454328 -0.00146116 -0.00195482 -0.00726726 -0.00716476 -0.0150255 -0.00283416 -0.00837789 0.0175782 0.00476781 0.00221497 -0.00783486 0.0311054 0.0439717 -0.00774451 -0.000857027 0.0201568 0.0368892 0.0286484 0.0159533 0.00390139 0.00152723 -0.00372428 0.0051303 0.0304682 0.0498503 0.0699318 -0.696759 -0.329763 -0.109609
 -9.53896e-10 2.71407e-05 -5.45156e-06 7.85781e-11 2.16172e-05 -1.8109e-05 -1.20977e-06 8.88159e-08 -2.2094e-07 1.58946e-05 1.15918e-06 -2.5376e-05 2.94728e-10 -1.12884e-05 2.4091e-08 -3.64436e-10 -4.4395e-07 2.62893e-08 1000 -8.65547e-06 4.61022e-06 -4.61102e-10 3.68855e-06 -8.84013e-07 7.47824e-05 1.45252e-06 -1.70676e-06 6.01907e-06 4.5255e-05 -4.9655e-05 6.69508e-05 4.33604e-06 -2.33727e-05 0.000139538 -4.04399e-05 5.63502e-05 -3.73088e-05 -2.6044e-06 2.43674e-07 -3.24797e-05 -1.98636e-06 5.53183e-08 2.51089e-06 -3.936e-05 4.72304e-06 -3.93881e-06 -3.74072e-06 4.6028e-06 3.01619e-05 1.41412e-05 -5.65531e-05 3.5e-05 -3.44675e-05 1.95168e-05 6.3569e-05 -7.30513e-05 -2.52849e-05 2.79821e-05 -3.05434e-06 -9.34513e-06 5.20245e-07 1.36766e-07 -1.97566e-05 5.97588e-06 5.50566e-08 -5.82695e-06 -1.43442e-06 3.16291e-07 2.40002e-07 -1.28634e-10 -2.70841e-06 9.14256e-07 -6.83894e-07 3.74106e-09 -3.47553e-07 4.94877e-07 2.46206e-07 -4.41619e-06 1.47813e-06 1.27085e-06 -7.86524e-06 9.95489e-06 -0.000308925 1.90249e-05 7.52316e-06 -6.31696e-07 4.17407e-07 -4.44125e-07 -1.50759e-07 5.99489e-07 6.73545e-06 4.58178e-06 -2.53421e-05 -6.80493e-05 -2.34826e-05 1.93153e-05 -1.0558e-05 0.00038378 -0.000145449 -0.000104407 -4.67155e-05 -4.96731e-05 -8.59927e-05 0.000111473 3.07993e-05 6.32185e-06 7.4316e-05 4.2136e-06 -2.59389e-05 4.54144e-06 2.98755e-05 -1.29483e-05 -1.28958e-05 -7.2712e-06 -3.26392e-06 9.49704e-06 1.27829e-05 -6.55409e-06 8.74568e-06 5.3248e-06 9.08251e-06 1.13781e-05 4.34168e-06 5.84744e-06 -1.53803e-05 -6.61981e-06 -5.90027e-07 -2.34348e-06 6.07699e-06 -6.41882e-06 1.16238e-05 1.64881e-06 -9.86172e-07 -7.17507e-06 -1.63395e-06 -9.00022e-06 1.06174e-06 1.2703e-05 -3.49608e-06 -4.05828e-05 -4.05567e-05 2.0976e-05 1.04493e-05 -1.03183e-05 1.05765e-05 2.05826e-05 -3.46541e-06 3.69144e-05 -7.30564e-06 2.14678e-06 -9.81225e-06 -2.41087e-05 -2.24885e-05 -2.26221e-05 -6.55981e-06 -4.66513e-06 -3.0834e-06 5.11319e-06 -5.03763e-07 2.11871e-06 9.03557e-06 3.08588e-06 -3.45736e-05 -4.24186e-05 -8.58188e-06
 -2.29978e-05 2.09763 -0.426934 -1.17596e-05 -1.92598 1.60832 -0.364629 -0.0812134 1.71336 -1.18903 -0.114409 2.72731 3.74718e-05 -0.775555 -0.00244391 2.46917e-05 -0.713497 0.028587 -8.65547e-06 843.326 -358.73 9.1256e-06 -1.67831 0.384069 -0.853037 4.66884 -1.10656 -0.190458 0.215577 -0.235916 0.262454 -0.62486 2.60113 -0.145023 2.56169 -4.17035 0.101599 -0.322897 0.00678392 0.482136 -0.326421 -0.00385902 -0.69441 -0.365765 0.0462438 -0.398126 -0.469316 0.577025 -0.421891 -0.958775 1.24731 -0.584116 1.06571 -3.1527 -1.34706 1.77931 -0.613053 -1.4611 0.499075 0.224804 -0.160457 0.0155808 -0.904395 -0.776271 0.0240624 -0.105429 -0.0196289 0.004672 -0.00759249 8.41511e-06 -1.3399 0.483265 -0.582783 -0.0255396 0.786089 -0.432717 -0.0677782 1.43199 -0.149383 -0.0680721 0.436725 -1.53002 3.48621 -0.198575 -0.32166 0.0272918 0.188596 0.0353788 -0.00572575 -0.0299413 -0.376942 0.426714 2.03901 3.38932 -0.192101 -0.578238 -31.9708 13.4734 -0.0513542 3.02433 1.13669 3.45357 -6.07612 1.03241 2.14912 -1.02217 0.178468 -1.08813 -0.220182 -0.0650946 1.26386 0.296365 0.194783 0.581266 0.899428 0.199867 -0.120176 -0.518632 0.960913 -0.24006 -0.100411 -0.0498096 0.625994 1.36725 -0.265068 0.00497813 0.363053 0.238416 0.806306 -0.753056 0.162904 0.157649 0.478936 -0.384968 0.204879 0.624883 0.705123 0.510116 0.362484 1.12106 0.761548 -0.416986 -0.127815 -0.821916 -0.076005 0.122959 -0.050236 1.65534 -0.366512 0.481579 1.00352 0.410897 0.144544 -0.8847 -0.375971 -0.00180495 0.189171 -0.455495 0.0411082 -0.85626 -0.845457 -1.82416 19.4805 9.48782 3.09724
 9.89835e-06 -0.906584 0.184441 4.94754e-06 0.81393 -0.679672 0.154476 0.0343959 -0.725895 0.50425 0.0484465 -1.15526 -1.57736e-05 0.3258 0.00105923 -1.03921e-05 0.300355 -0.0120095 4.61022e-06 -358.73 154.143 -3.9245e-06 0.713524 -0.163279 0.362746 -1.99634 0.473174 0.0798739 -0.0960974 0.105171 -0.112955 0.265263 -1.10414 0.0609399 -1.09628 1.7848 -0.0440027 0.135441 -0.00279018 -0.206053 0.137969 0.00166025 0.295144 0.152023 -0.0192136 0.167932 0.198171 -0.243615 0.179809 0.409081 -0.532339 0.249333 -0.454627 1.34507 0.574982 -0.759433 0.260358 0.623033 -0.21384 -0.0948483 0.0682098 -0.00662944 0.38664 0.331421 -0.0103167 0.0465187 0.00847294 -0.00201549 0.00318127 -3.54176e-06 0.568576 -0.205055 0.24726 0.0108318 -0.333488 0.184256 0.0288625 -0.60984 0.0625927 0.0287578 -0.184485 0.655298 -1.48643 0.0846556 0.13677 -0.0116065 -0.0796171 -0.0150985 0.00244551 0.012776 0.160749 -0.179646 -0.870382 -1.44979 0.0798277 0.253873 13.6475 -5.7566 0.0239703 -1.28941 -0.486965 -1.473 2.59304 -0.441322 -0.91702 0.435987 -0.0768009 0.464052 0.0943169 0.0277289 -0.539701 -0.126419 -0.0830403 -0.248005 -0.383737 -0.0852756 0.05115 0.221273 -0.410167 0.102353 0.0428571 0.0211177 -0.267003 -0.583537 0.113129 -0.00208538 -0.154842 -0.102058 -0.343782 0.321149 -0.0696434 -0.0673141 -0.204283 0.164287 -0.0873615 -0.266779 -0.301041 -0.217883 -0.154849 -0.47838 -0.324606 0.177958 0.0546175 0.350447 0.0323081 -0.0526003 0.0212576 -0.706035 0.156222 -0.205558 -0.428144 -0.175202 -0.0619364 0.377385 0.16022 0.000776405 -0.0807005 0.194303 -0.0175378 0.365358 0.361449 0.778378 -8.32841 -4.02393 -1.32026
 -6.28421e-10 1.88976e-05 -3.77009e-06 1.94907e-10 3.316e-05 -2.77528e-05 2.10637e-06 7.93128e-07 -1.61795e-05 8.26917e-06 8.14664e-07 -1.75554e-05 6.19988e-11 -8.02091e-06 5.68408e-08 -5.84369e-10 3.19934e-06 -1.11863e-07 -4.61102e-10 9.1256e-06 -3.9245e-06 1000 1.5286e-05 -3.22764e-06 0.000119151 -0.000103064 2.25245e-05 1.06926e-05 5.24603e-05 -5.76033e-05 7.67761e-05 8.1594e-06 -3.86343e-05 0.000169293 4.66295e-06 -1.93548e-05 -4.83621e-05 -2.12745e-06 3.73013e-07 -5.10919e-05 4.85959e-07 1.90113e-07 1.67366e-05 -5.18995e-05 5.75465e-06 -2.32375e-06 -3.00794e-06 3.63295e-06 1.59061e-05 5.81899e-05 -3.09231e-05 4.19656e-06 -5.48778e-05 2.9253e-05 0.000107558 -0.000123449 -2.87141e-05 4.92428e-05 -6.01271e-06 -1.62875e-05 -3.13254e-07 1.76692e-07 -1.35065e-05 7.51574e-06 1.36751e-07 -9.60691e-06 -1.53841e-06 3.53233e-07 3.6036e-07 -2.05984e-10 1.0114e-05 -3.77788e-06 3.45875e-06 1.73339e-07 -5.21005e-06 -6.67997e-07 2.87371e-07 -5.13759e-06 2.62067e-06 1.76256e-06 -1.10777e-05 2.05041e-05 -0.000324753 2.0066e-05 3.12013e-06 -2.98035e-07 -1.44317e-06 -4.3244e-07 -1.4141e-07 5.78714e-07 1.54077e-05 1.0908e-06 8.40859e-06 1.67944e-05 2.65623e-05 3.44569e-05 4.95586e-05 0.000102339 -6.23078e-05 -0.000100745 -4.06103e-05 -2.27143e-05 -3.00952e-05 9.23336e-05 9.13101e-05 -1.52727e-05 3.47602e-05 -4.96256e-05 0.000119794 -2.87334e-05 1.14094e-06 -4.97e-07 -2.87437e-06 -4.17852e-06 6.26631e-06 4.17646e-05 1.28348e-05 2.36723e-06 -2.408e-05 2.25422e-05 -1.89624e-06 3.00557e-06 -2.18359e-06 7.14303e-06 3.32689e-06 4.47548e-06 8.43941e-07 -2.15654e-06 6.50085e-06 -9.42802e-06 2.62269e-07 -1.08507e-05 -1.90584e-05 -7.099e-06 2.76063e-06 -8.40815e-06 8.27528e-06 4.44248e-06 -1.85766e-05 -8.6233e-05 -5.45173e-05 3.46305e-05 1.11444e-05 -1.40938e-06 1.07028e-07 8.63303e-06 -1.04133e-05 -3.50056e-06 5.69263e-06 -1.42655e-05 -1.72035e-05 -3.14365e-05 -4.04215e-05 -2.66996e-05 -1.215e-05 -1.10032e-05 -1.03138e-05 1.14918e-05 -1.22164e-06 9.96053e-06 1.16011e-05 1.9501e-05 -0.000209646 -0.000135678 -3.73889e-05
 4.08999e-06 1.17664 -0.242935 -1.43023e-05 -2.12497 1.77489 -0.372146 -0.0994853 2.08049 -1.48026 -0.131028 3.08805 4.40099e-05 -0.90302 -0.00379642 3.11185e-05 -0.847913 0.0339394 3.68855e-06 -1.67831 0.713524 1.5286e-05 948.246 -217.751 -0.81883 11.3604 -2.70445 0.0600426 1.08081 -1.18136 -2.59229 -0.902962 3.95787 -2.84326 1.49214 -2.23759 0.349868 -0.376054 0.00240726 1.7021 -0.65437 -0.014222 -2.19216 0.48613 -0.0267844 -0.391389 -0.469377 0.579179 -0.623715 -2.00604 0.998557 -0.0993426 1.73594 -4.50804 -2.63212 3.3398 -0.281379 -2.47517 0.373821 0.806758 -0.12659 0.00956752 -0.230052 -0.221114 -0.0236759 0.967223 0.0162634 -0.00380729 -0.0112959 1.2387e-05 -1.39574 0.505572 -0.505373 -0.0223433 0.680353 -0.399506 -0.0712018 1.4943 -0.176733 -0.0962036 0.618503 -0.65187 3.36247 -0.203343 -0.230036 0.0205859 0.112368 0.0327372 -0.00140065 -0.0316233 -0.71771 0.785814 -0.119796 -1.26609 -1.56464 -1.07784 -8.66261 2.96137 0.840445 3.92156 1.59259 1.62266 -6.38871 -1.17533 4.16872 -0.245202 -2.05154 -6.70649 1.42009 0.659341 -0.748838 -0.542143 -0.403445 0.2358 -0.258564 -0.998724 -1.04841 0.391061 1.28963 -0.688122 -0.219386 -0.209376 0.163759 -0.301895 0.146379 0.00411213 0.0795248 0.436781 0.230863 0.156883 0.266365 0.647755 1.06284 0.593785 0.304529 0.272769 0.217016 0.25359 0.365881 2.13195 1.45039 -0.494954 -0.167352 -0.0663496 0.379258 0.310601 0.346118 1.01439 0.11747 0.590486 2.1092 1.48405 0.698035 -0.378472 0.0347314 0.312591 0.434248 -0.655905 0.0582668 -0.95823 -1.10376 -2.06125 21.56 10.9416 3.48137
