 1000 0.00224954 -0.000436094 -1.25007e-09 -0.000111813 9.423e-05 4.10192e-07 4.60947e-07 -1.17845e-05 -7.86103e-05 -4.13513e-06 9.15985e-05 -2.35819e-10 -4.23073e-06 1.76002e-07 -6.67588e-10 5.65984e-06 -1.05628e-07 -9.92793e-10 -9.92108e-06 4.30424e-06 -7.46647e-10 1.66916e-05 -3.79277e-06 2.30155e-05 -0.000323177 7.40972e-05 -5.74061e-05 -0.000218376 0.000233719 -1.25262e-05 3.93176e-06 -1.70055e-05 9.70247e-05 -0.00010158 0.000157606 -7.38702e-05 3.6907e-06 4.20335e-07 -0.000116664 1.82539e-05 8.63856e-07 2.10532e-06 -6.98121e-05 8.6518e-06 -1.84253e-06 -7.82107e-06 8.89846e-06 7.80083e-05 -6.41051e-05 -0.000216265 0.000165018 -6.10775e-05 9.4347e-05 9.61655e-05 -0.000112608 -3.64291e-05 1.51795e-05 -3.86316e-05 2.92538e-05 -1.73294e-06 1.0838e-08 4.89112e-05 6.92835e-06 -5.48959e-07 1.20434e-05 -4.11096e-06 8.94581e-07 2.7868e-07 -2.99181e-10 1.49501e-05 -5.37067e-06 7.36712e-06 2.46275e-07 -8.63442e-06 -8.8216e-07 -1.34763e-07 2.1528e-06 3.3706e-06 3.59044e-06 -2.12142e-05 2.21784e-06 -0.000302394 1.74481e-05 7.24788e-06 -6.95362e-07 -7.95926e-06 -1.0547e-06 -4.36867e-07 1.50295e-06 1.74717e-05 1.7233e-05 -6.55791e-05 -0.000197595 -0.000119806 1.02248e-05 1.73467e-05 0.000486855 -0.000200001 -0.000203784 -9.648e-05 6.44853e-05 -7.3665e-05 -5.13409e-06 0.00010409 0.000128513 6.61499e-05 -6.47912e-05 -0.000185152 0.000253051 -0.000155045 3.32533e-05 -2.40364e-05 -1.33971e-05 1.88173e-05 4.95119e-05 2.50737e-05 -1.08365e-05 5.89604e-05 -4.68581e-05 1.33757e-05 -9.28685e-06 -1.22937e-05 9.43883e-06 1.1027e-05 -9.74081e-06 -1.91133e-05 0.000187267 -0.000148024 9.68219e-05 -1.076e-05 9.87496e-06 2.17696e-05 -5.10948e-06 2.35466e-05 -4.57503e-05 2.98971e-05 1.57779e-05 3.24274e-05 -2.07304e-05 -7.3456e-05 4.61031e-05 1.24723e-05 -7.04566e-06 2.61069e-06 -4.24135e-05 3.9411e-05 3.33738e-05 -6.0622e-08 3.39428e-05 9.5857e-06 -5.8457e-05 -1.4001e-05 -3.7767e-05 -4.13906e-06 -8.47831e-07 1.41851e-06 4.36562e-06 -8.04854e-07 1.99662e-05 3.07202e-05 2.38826e-05 -0.000637991 6.87519e-05 -5.59068e-05
 0.00224954 539.359 -103.4 0.000245136 26.8298 -22.6069 0.0301915 0.0326405 -0.258486 18.1383 1.15547 -25.9755 -5.05838e-06 0.9875 -0.0212885 8.31272e-06 0.359715 -0.0305836 3.98549e-05 -0.842019 0.34283 5.03775e-05 -1.6557 0.375356 17.5945 35.3826 -8.39954 6.1398 24.3304 -26.0617 15.8871 1.14986 -5.9965 10.3887 14.6793 -24.4256 8.93036 -0.217285 -0.0712727 17.5968 -2.83685 -0.127985 8.47445 5.7486 -0.876503 1.21263 1.99474 -2.30448 0.669817 8.54588 11.1862 -10.0296 0.39111 -2.61853 2.19592 -2.2137 5.03094 4.65771 7.37699 -8.76882 0.331459 -0.015753 -3.85519 1.53964 0.0906623 -3.86886 0.481459 -0.102282 -0.0349759 1.1605e-05 -2.23375 0.795955 -0.311587 -0.00817671 0.322847 0.693771 0.106536 -1.93164 0.195244 -0.102641 0.589743 -2.40207 1.33975 -0.0658007 1.87236 -0.145684 -0.346518 0.101161 0.0135775 -0.115698 1.82976 -3.53198 3.15122 12.498 10.4427 -0.945688 -28.7615 19.3355 -9.20326 12.086 7.77971 0.68709 -0.797114 -1.1834 -4.39091 3.77138 3.99621 2.04248 -8.38511 3.89837 -1.18573 1.06849 -1.14034 -0.53022 -0.173757 -0.407936 0.169015 2.14348 0.768935 -0.538477 0.492574 0.465058 0.388181 -0.323876 0.717477 0.296584 -0.718889 3.21197 -5.99772 3.00912 -0.225885 0.0620595 -0.513229 -3.30408 -0.820785 -1.72307 -1.21548 -1.52772 0.3357 -0.0927984 -1.1511 -1.63113 -1.65812 -0.266823 -0.237947 -1.95459 0.403588 -1.60527 -3.21715 -0.335775 0.0652595 -2.05067 -0.228548 -0.857788 -0.750381 -0.732216 -0.784004 0.568656 -0.150403 -2.12562 -4.88712 -4.52328 94.8356 -45.6681 4.02754
 -0.000436094 -103.4 20.9287 -4.75881e-05 -5.20049 4.38195 -0.0106367 -0.00748694 0.0743466 -3.51211 -0.223968 5.03498 1.80433e-06 -0.210762 0.00417496 -1.27625e-06 -0.0834326 0.00653894 -7.8016e-06 0.147458 -0.059779 -9.76867e-06 0.306978 -0.069485 -3.40245 -6.84481 1.62488 -1.19283 -4.70754 5.04254 -3.0679 -0.226763 1.17793 -2.00932 -2.84204 4.72887 -1.73072 0.0316553 0.0142268 -3.40257 0.538715 0.0248146 -1.64389 -1.1258 0.171261 -0.241272 -0.393923 0.455085 -0.131764 -1.65108 -2.16215 1.93842 -0.0775552 0.505318 -0.424588 0.4281 -0.973661 -0.900549 -1.4274 1.69641 -0.064452 0.00307256 0.744846 -0.297254 -0.0175866 0.749553 -0.0928279 0.0197196 0.00682601 -2.11863e-06 0.409124 -0.145376 0.0538405 0.00133778 -0.0550219 -0.13563 -0.0209248 0.380117 -0.0388133 0.0193994 -0.111408 0.466865 -0.259567 0.01274 -0.36271 0.0282219 0.0659373 -0.0195592 -0.00262041 0.0223652 -0.353653 0.681892 -0.608086 -2.41384 -2.02103 0.185357 5.56097 -3.74112 1.78037 -2.3364 -1.50299 -0.132519 0.154431 0.228605 0.848245 -0.729767 -0.77299 -0.39456 1.62218 -0.754895 0.22966 -0.206905 0.220669 0.102727 0.0334908 0.0788544 -0.0329924 -0.414152 -0.149106 0.104255 -0.0950693 -0.0898659 -0.0747707 0.06234 -0.138711 -0.0570361 0.139219 -0.622399 1.16064 -0.582311 0.0436869 -0.0120092 0.09919 0.638908 0.158693 0.333039 0.234481 0.294939 -0.0653105 0.0176019 0.223206 0.315495 0.32078 0.0513337 0.0459087 0.378063 -0.0783832 0.310622 0.621591 0.0646601 -0.0127335 0.396743 0.0438734 0.165859 0.144891 0.141582 0.15159 -0.109926 0.0290673 0.411041 0.946126 0.87538 -18.358 8.85868 -0.777431
 -1.25007e-09 0.000245136 -4.75881e-05 1000 -0.00149248 0.00126041 -9.06887e-06 -2.04178e-06 4.73502e-05 9.31334e-05 6.6551e-06 -0.000147311 1.57874e-09 -3.10382e-05 2.90054e-08 5.94249e-10 -2.00558e-05 8.51969e-07 1.88915e-10 -3.84244e-05 1.6213e-05 4.27779e-10 -4.00626e-05 9.31626e-06 0.000109797 8.3303e-05 -2.05593e-05 4.65438e-06 3.62355e-05 -3.90167e-05 0.000216478 4.25176e-06 -3.51745e-05 0.000228309 1.32768e-06 -1.73081e-05 5.47495e-05 -1.66003e-05 4.09025e-07 4.55558e-05 -1.29916e-05 1.16895e-07 9.3723e-05 -3.71773e-06 -7.33881e-07 -4.11277e-06 -6.13793e-06 6.9089e-06 6.22249e-06 3.85119e-05 -2.58684e-05 7.18588e-06 -2.41941e-05 -1.92604e-05 8.85754e-05 -9.54139e-05 4.13429e-05 1.42073e-05 5.63289e-05 -5.76055e-05 -1.22262e-06 -4.21795e-08 -5.1642e-06 -5.70585e-05 6.68814e-06 -0.000160156 -3.09546e-06 6.2278e-07 5.27412e-07 3.5273e-10 -6.95472e-05 2.57089e-05 -1.39323e-05 -4.94418e-07 1.53389e-05 -6.79137e-06 -7.20099e-07 1.62499e-05 2.38021e-06 -2.03005e-07 9.77848e-07 -3.00997e-05 -0.000128006 7.13424e-06 3.13707e-05 -2.42757e-06 -3.32672e-06 -5.52599e-08 -1.23711e-07 1.79885e-07 -2.22034e-05 -3.47125e-05 -8.99639e-06 -1.62713e-05 -1.35573e-05 7.02094e-06 9.29713e-05 -4.46329e-05 -4.50645e-05 6.44475e-05 2.10599e-05 -3.42517e-05 1.70263e-06 3.52728e-05 -3.59346e-05 0.000119903 -3.18915e-05 -1.3092e-06 -2.01852e-05 1.03811e-06 4.42982e-06 5.76389e-07 1.49094e-05 -9.52207e-06 2.32167e-05 -2.03347e-05 -2.08534e-06 7.75567e-06 4.4171e-05 -4.55517e-05 -2.97257e-05 4.153e-05 4.66273e-05 6.1893e-05 -7.22265e-05 -0.000212225 -8.97445e-05 0.000139435 -6.1854e-05 0.000145225 -9.46941e-06 -8.63401e-08 1.84764e-05 1.55661e-05 5.38982e-06 -4.12885e-06 2.35976e-05 -1.27749e-05 6.11229e-05 -3.62087e-05 -9.42302e-05 -1.76198e-05 -7.24862e-05 6.1749e-05 6.40934e-05 3.36173e-06 -5.14024e-06 -7.91543e-06 -2.39211e-05 6.7436e-05 4.83539e-05 -0.000116002 5.20835e-05 -3.04397e-05 -4.38159e-06 -3.37649e-06 -4.10979e-06 -3.58951e-06 1.50634e-06 -1.98315e-05 -5.65998e-05 -6.09071e-05 0.000777724 -0.000282826 4.38087e-05
 -0.000111813 26.8298 -5.20049 -0.00149248 421.235 -353.433 -0.870476 -0.213651 4.77308 11.0102 0.7092 -15.8843 0.000178739 -3.54537 -0.00211459 7.26053e-05 -2.25686 0.0907051 3.08603e-05 -4.74091 2.00215 5.62116e-05 -4.86242 1.13372 10.5137 20.0753 -4.77458 3.40269 14.3575 -15.3827 15.7274 -0.764751 2.09875 8.85547 8.33411 -14.0551 5.25189 -2.06642 0.0394839 8.33668 -2.80007 -0.0508847 5.04252 1.00671 -0.236244 -0.822625 -0.856477 0.977406 -0.836036 2.76081 -1.47392 0.275019 0.916176 -2.90176 0.988542 -0.868399 3.7419 2.81907 4.95139 -5.76317 0.0949288 0.000292075 -3.8639 -1.85805 0.342217 -9.35095 -0.205048 0.0454598 0.0398476 4.11512e-05 -7.36762 2.72673 -1.41188 -0.0500066 1.5793 -0.174387 -0.00219162 0.267686 0.13921 -0.0582913 0.34031 -3.9256 -0.372333 0.0338487 2.11742 -0.163961 -0.202969 0.0496604 0.00650791 -0.0566384 0.837107 -0.966151 1.01054 1.71614 -0.194085 0.85759 4.0422 -1.95709 -1.20098 5.7554 1.60056 -1.69397 -0.411633 0.940264 -1.67955 3.09488 -0.4237 -0.679647 -0.843243 1.06084 0.175183 -0.369506 -0.756527 -1.4754 0.35185 0.246794 -0.276557 0.0965304 2.35712 -0.891016 -1.74556 -0.568628 -0.637731 2.68569 2.8993 -1.57172 -1.33745 3.91574 -7.49799 2.81334 0.400556 0.200386 -0.40238 -0.862027 -0.555585 0.10428 -0.111659 -1.40268 0.6153 0.65732 0.263148 -0.787684 -1.4313 0.00390618 -0.0499486 -0.294979 0.708307 -0.765919 -3.11685 -0.0760976 1.49312 -2.07121 0.283839 -0.738486 -0.458609 -0.440763 -0.444598 0.237361 -0.0683462 -1.71762 -3.72405 -3.5665 74.1746 -33.5001 3.41805
 9.423e-05 -22.6069 4.38195 0.00126041 -353.433 299.097 0.731665 0.179555 -4.01207 -9.27756 -0.597687 13.3867 -0.000150356 2.98143 0.00179703 -6.10743e-05 1.89721 -0.0762309 -2.60197e-05 3.98999 -1.68501 -4.73568e-05 4.09246 -0.954192 -8.85622 -16.9121 4.02225 -2.86894 -12.0955 12.9591 -13.2481 0.642818 -1.76207 -7.46029 -7.02144 11.8413 -4.42417 1.73821 -0.0331574 -7.02084 2.3564 0.0428677 -4.24811 -0.85091 0.199354 0.691075 0.719285 -0.820809 0.705161 -2.32545 1.24149 -0.231667 -0.772416 2.44447 -0.832514 0.731279 -3.15185 -2.3745 -4.17135 4.85503 -0.0801672 -0.000230465 3.25424 1.566 -0.288344 7.87857 0.172939 -0.0383391 -0.0336191 -3.46274e-05 6.19926 -2.29429 1.18729 0.0420481 -1.32804 0.146146 0.00171659 -0.222854 -0.11764 0.0489516 -0.28578 3.30767 0.312503 -0.0284539 -1.78402 0.138144 0.170895 -0.0418337 -0.00548049 0.0477102 -0.704822 0.813775 -0.851016 -1.44519 0.16349 -0.72237 -3.4051 1.64892 1.01215 -4.84948 -1.34849 1.42736 0.346627 -0.792291 1.4151 -2.60751 0.357059 0.572399 0.710636 -0.89347 -0.147764 0.311166 0.63719 1.24287 -0.296418 -0.207522 0.232943 -0.08137 -1.98571 0.750751 1.47074 0.478847 0.537126 -2.26261 -2.44172 1.32516 1.1271 -3.2993 6.31631 -2.37049 -0.337381 -0.168793 0.338828 0.726097 0.467994 -0.0879354 0.0938168 1.1815 -0.518654 -0.553741 -0.221174 0.663688 1.2061 -0.00373027 0.0417222 0.248457 -0.596732 0.645426 2.62535 0.063705 -1.25796 1.74519 -0.239572 0.622108 0.386221 0.371289 0.374526 -0.199881 0.05755 1.447 3.13792 3.00499 -62.4965 28.2345 -2.87887
 4.10192e-07 0.0301915 -0.0106367 -9.06887e-06 -0.870476 0.731665 999.875 -0.0745338 0.662443 -0.318117 -0.0265576 0.650305 1.14281e-05 -0.25974 -6.30168e-05 6.33133e-06 -0.205957 0.00855352 -1.47532e-06 -0.254693 0.107181 9.24503e-07 -0.26504 0.0613926 0.309935 0.650969 -0.155982 0.0372053 0.613541 -0.658424 0.790158 -0.0706092 0.243482 1.07086 -0.0266226 -0.0254689 -0.1045 -0.0963497 0.00298782 0.316252 -0.182417 -0.000664785 0.1603 -0.384131 0.0413622 -0.133004 -0.140078 0.159605 0.196091 -0.113172 -0.483428 0.360372 -0.109999 -1.60681 1.00556 -0.974754 -0.205566 -0.164219 0.0245575 0.0553436 -0.0815698 0.00705296 -0.528992 0.138348 -0.00407794 0.0422652 -0.017612 0.00371973 -0.000786936 2.08924e-06 -0.387644 0.142365 -0.145703 -0.00560328 0.181621 -0.243695 -0.0312273 0.651533 -0.00896737 -0.00857603 0.0495638 0.104591 -0.83484 0.0452404 -0.216881 0.0164862 0.115179 0.00270652 8.26579e-05 -0.0028133 -0.231948 -0.298412 -0.20482 -0.318885 -0.118398 0.0785473 0.348332 0.919803 -1.29266 0.378117 0.217222 0.203755 0.46028 -0.209012 -0.172123 0.0851972 0.256559 -0.253519 0.0269089 -0.00659171 -0.0306319 -0.0512401 -0.0783059 -0.032515 -0.0599584 -0.105957 0.351587 -0.492726 0.0842236 -0.0194545 0.0749082 -0.0586706 0.058729 -0.0606882 -0.071602 0.0321726 -0.120434 -0.00761099 0.364913 -0.236072 0.0486837 0.0850425 0.0976509 -0.637802 0.221811 -0.217508 0.0739415 0.183503 -0.369074 -0.11927 -0.0292542 0.319 -0.139019 0.137386 0.169326 -0.0380011 0.0503598 0.0122522 0.126024 -0.00197063 0.370787 0.412668 0.00130297 -0.129984 -0.0880951 0.0228352 0.0273648 -0.0911444 0.0166168 -0.360857 -0.450952 -0.516722 7.40433 4.65099 1.30207
 4.60947e-07 0.0326405 -0.00748694 -2.04178e-06 -0.213651 0.179555 -0.0745338 3.17989 -47.8155 -0.0808318 -0.00692551 0.169058 2.7624e-06 -0.0609275 -3.42012e-05 1.67144e-06 -0.0493297 0.00204564 8.87367e-09 -0.0497484 0.020913 4.43123e-07 -0.0673329 0.0156445 0.0465928 0.289636 -0.0678612 0.0186218 0.1764 -0.189142 0.16118 -0.0238689 0.0899441 0.200499 0.060992 -0.111207 -0.0182686 -0.0227371 0.000499383 0.0915405 -0.0463877 -0.000392121 0.0188707 -0.0777159 0.00815623 -0.0292277 -0.0331721 0.0376869 0.0530569 -0.0410231 -0.167674 0.125678 0.0130583 -0.457395 0.190375 -0.172574 -0.0534571 -0.0513854 -0.0127631 0.0350916 -0.0205697 0.00218043 -0.207563 0.0841175 -0.000851619 -0.0297959 -0.00461095 0.000977873 -0.000307536 5.75019e-07 -0.0941113 0.0345656 -0.0348959 -0.00133331 0.0433009 -0.0676599 -0.00850934 0.17558 -0.0066904 -0.00320167 0.0184913 0.031783 -0.0761328 0.00407465 -0.0400835 0.00305073 0.0351972 0.00104945 0.000357031 -0.00141748 -0.0599452 -0.0933057 -0.0543244 -0.0596546 -0.00521048 0.0258538 0.312317 -0.00577098 -0.334691 0.121755 0.0768944 0.213049 0.0880502 -0.0454453 -0.171341 -0.0580394 0.107953 -0.0580176 0.0205598 -0.00820662 -0.0177203 -0.0229188 -0.0325443 -0.0108217 -0.0212955 -0.0784148 0.163563 -0.121257 0.00802446 -0.0245628 0.057433 -0.023411 0.0227745 -0.0233599 -0.00129059 0.0188351 -0.0680752 -0.0157024 0.0408365 -0.0529884 0.0229066 0.0365925 0.0286486 -0.110042 0.0215623 -0.0156528 0.00470793 -0.0255758 -0.0912605 0.0194182 0.0585038 0.0760634 -0.00353225 0.0238354 0.0011462 -0.0484902 -0.0580807 0.106952 -0.0195903 0.0768011 0.151203 0.0405701 -0.060215 -0.0381305 -0.0214813 0.00382504 0.00937396 -0.0249177 0.00424604 -0.0950839 -0.0833964 -0.108208 1.96834 1.2133 0.343575
 -1.17845e-05 -0.258486 0.0743466 4.73502e-05 4.77308 -4.01207 0.662443 -47.8155 993.95 1.84269 0.159143 -3.8543 -6.04896e-05 1.3441 0.000353302 -3.54498e-05 1.07996 -0.0450892 1.4391e-06 1.08642 -0.456999 -9.10848e-06 1.44749 -0.336555 -0.956713 -5.80345 1.36039 -0.306785 -3.47232 3.72317 -3.27564 0.537421 -2.04923 -4.12346 -1.11823 2.06668 0.400477 0.543113 -0.0135714 -1.93611 1.02147 0.00786803 -0.381016 1.75029 -0.186103 0.671881 0.745574 -0.849333 -1.14134 0.831926 3.44412 -2.57763 -0.223051 9.3628 -3.94644 3.58659 1.1149 1.05004 0.290118 -0.744021 0.430491 -0.0453553 4.23546 -1.72696 0.0188315 0.569046 0.0962221 -0.0204028 0.00676622 -1.31506e-05 2.0768 -0.763975 0.780889 0.0300649 -0.97008 1.4239 0.17829 -3.67745 0.141703 0.0653274 -0.377485 -0.766813 1.67639 -0.0894182 0.839824 -0.0639033 -0.743264 -0.0212883 -0.00732173 0.0288335 1.22045 1.92906 1.1071 1.21112 0.117809 -0.549641 -6.38543 0.080425 6.84856 -2.4322 -1.5168 -4.38018 -1.80342 0.93485 3.49336 1.1841 -2.20689 1.19985 -0.436994 0.159992 0.369433 0.47471 0.669636 0.222283 0.429345 1.58965 -3.35099 2.48956 -0.160455 0.496992 -1.18514 0.476958 -0.47567 0.479504 0.0253302 -0.394218 1.38671 0.337582 -0.861064 1.09173 -0.470856 -0.750988 -0.58923 2.25814 -0.449535 0.328716 -0.0916492 0.525473 1.88054 -0.385517 -1.20305 -1.57263 0.0649216 -0.484554 -0.0245327 0.992857 1.1937 -2.20042 0.402977 -1.56914 -3.10003 -0.837862 1.2461 0.786716 0.445368 -0.0806692 -0.194382 0.510367 -0.0865486 1.94576 1.67694 2.19306 -39.6621 -25.7118 -7.07505
 -7.86103e-05 18.1383 -3.51211 9.31334e-05 11.0102 -9.27756 -0.318117 -0.0808318 1.84269 876.784 -7.6888 157.21 0.000130318 -2.80041 0.00260092 7.47127e-05 -2.27255 0.0981808 2.30441e-05 -3.11625 1.31764 2.60277e-05 -3.36675 0.787886 5.74452 7.03386 -1.69805 1.66455 5.97446 -6.40437 8.30738 -0.100996 -0.191961 6.11303 3.33664 -5.79879 4.06531 -0.842667 0.00716298 4.15193 -1.27146 -0.0223083 2.64737 1.30675 -0.208951 -0.0838984 -0.133502 0.147516 1.35662 1.96437 -4.32449 2.40807 -0.449822 -2.54217 2.50618 -2.54264 3.27935 3.07431 0.93478 -2.26157 0.591508 -0.0288531 -4.89009 4.0672 0.116263 -6.45563 0.110417 -0.0234855 -0.0204966 1.19553e-05 -3.81976 1.41009 -0.633297 -0.0181854 0.602206 1.23336 0.147606 -2.74759 -0.240192 -0.275961 1.61657 -1.42698 -4.04577 0.23963 0.313723 -0.0253776 0.343693 0.00779724 -0.00977161 0.00195446 -0.444648 -2.2326 -3.05053 -1.32892 6.7103 8.613 -9.41849 -2.38003 -2.94813 25.3074 7.02665 -11.7396 3.41075 -1.53183 -3.41596 2.64897 8.43193 14.2705 -16.1662 0.692763 2.39141 1.02684 -0.45574 -0.895468 -0.998269 2.48356 -5.22274 0.373395 3.26315 -3.44825 0.714893 -0.0428771 -1.9213 0.0808754 -0.424667 1.46101 -5.38448 9.28431 -10.9428 7.15412 -2.12265 -0.917614 1.38559 -5.37407 0.316669 -3.2359 -1.34181 1.18076 -0.107278 -0.15288 -0.596788 -1.35168 -1.50422 1.10167 -0.0675747 -2.72575 0.168595 0.94142 -1.25806 0.144564 -2.11448 1.10495 1.84998 -1.43982 -2.83779 -1.02459 -0.963565 0.192013 -0.000553945 -0.936572 -1.45517 3.01421 48.1324 -28.8185 1.3579
 -4.13513e-06 1.15547 -0.223968 6.6551e-06 0.7092 -0.597687 -0.0265576 -0.00692551 0.159143 -7.6888 2.45112 -35.3499 8.17605e-06 -0.176434 0.00011349 4.60131e-06 -0.14023 0.00597069 1.45943e-06 -0.205069 0.0865968 1.61954e-06 -0.220256 0.0514243 0.261836 0.777217 -0.182954 0.145539 0.570803 -0.611612 0.475675 -0.0302583 0.0952114 0.205203 0.376259 -0.621743 0.208565 -0.0622628 0.000750476 0.139713 -0.0626936 -0.000951672 0.0361082 0.0763872 -0.010952 -0.0287898 -0.0264323 0.0300793 -0.0782768 0.0905664 0.00491211 -0.0265423 0.0368298 -0.273202 0.0168898 0.00253964 0.127557 0.0303872 0.14475 -0.146615 0.0039477 -2.15691e-05 -0.193148 0.0890707 0.00485609 -0.214982 0.0089422 -0.0018703 -0.00109187 8.90435e-07 -0.230392 0.0849747 -0.0512947 -0.00167013 0.054426 0.0766096 0.00963423 -0.191267 -0.00153548 -0.00534679 0.0308415 -0.12225 0.250903 -0.0137601 0.0455726 -0.00366988 0.0136103 0.00235774 0.00056107 -0.00294238 -0.0266439 -0.333737 -0.121544 0.295909 0.660645 0.65409 -0.465772 -0.070658 -0.251314 0.533435 0.083001 -0.164522 0.374484 0.0542154 -0.427794 -0.25525 0.110255 0.430249 -0.188272 -0.0136285 -0.022616 -0.00505031 -0.041573 -0.050437 -0.0693695 0.0682705 -0.137631 -0.0424231 0.110903 -0.0874353 0.00099208 -0.021389 -0.0543027 0.000105566 0.0533486 0.0121307 -0.132631 0.310647 -0.294166 0.0429435 0.0027202 -0.0348435 0.0478167 -0.232525 0.0362402 -0.049344 -0.0226574 -0.0150376 -0.065229 0.0342877 -0.0130258 -0.0600573 -0.049861 0.00139324 0.0295501 -0.0680577 0.0236133 0.015287 -0.0881048 0.0152947 0.063951 0.00970623 -0.0141286 -0.0221594 -0.02939 -0.016783 -0.0166597 -0.00538593 0.000767601 -0.0941646 -0.164801 -0.179526 3.39122 -0.8568 0.237397
 9.15985e-05 -25.9755 5.03498 -0.000147311 -15.8843 13.3867 0.650305 0.169058 -3.8543 157.21 -35.3499 793.375 -0.000189284 4.09558 -0.00292012 -0.00010586 3.26587 -0.139338 -3.19893e-05 4.7574 -2.00924 -3.56988e-05 5.08386 -1.18718 -5.95548 -17.3082 4.07602 -3.23437 -12.7193 13.6288 -10.8785 0.745011 -2.39994 -4.74921 -8.32023 13.7621 -4.736 1.51343 -0.021428 -3.20195 1.50184 0.0210572 -0.826544 -1.56654 0.228301 0.73096 0.664001 -0.758358 1.74231 -2.07755 0.106184 0.459817 -0.733157 6.11817 -0.469386 0.0427082 -2.94044 -0.775945 -3.20966 3.29831 -0.10313 0.00113554 4.48567 -2.09638 -0.112597 5.00613 -0.213578 0.044729 0.0270805 -2.08525e-05 5.34639 -1.97265 1.22043 0.0401205 -1.30182 -1.81106 -0.22611 4.48973 0.0215874 0.114587 -0.661194 2.87353 -5.36985 0.293794 -1.01675 0.0818567 -0.287859 -0.0521535 -0.0120518 0.0647248 0.604649 7.52401 2.68008 -6.65969 -14.5636 -14.5064 10.5243 1.65339 5.72976 -12.9456 -1.99594 4.0704 -8.39638 -1.14607 9.56677 5.54866 -2.72264 -10.0049 4.71388 0.274568 0.41799 0.0727685 0.934138 1.14916 1.56462 -1.60067 3.22534 0.921335 -2.55919 2.04791 -0.048259 0.473067 1.26311 -0.0100621 -1.16447 -0.315969 3.11158 -7.18149 6.8667 -1.19006 0.00832788 0.797738 -1.10608 5.3136 -0.817305 1.19563 0.546351 0.295703 1.44905 -0.752478 0.298902 1.36291 1.14727 -0.0653652 -0.651473 1.59112 -0.526966 -0.375578 1.9875 -0.34424 -1.34644 -0.253919 0.252676 0.535379 0.740952 0.403579 0.398238 0.113017 -0.0170817 2.10855 3.67005 3.84761 -76.3662 19.7864 -5.28644
 -2.35819e-10 -5.05838e-06 1.80433e-06 1.57874e-09 0.000178739 -0.000150356 1.14281e-05 2.7624e-06 -6.04896e-05 0.000130318 8.17605e-06 -0.000189284 1000 7.66536e-05 -6.40839e-06 -7.89661e-10 4.09861e-05 -1.41113e-06 2.59159e-10 2.98195e-05 -1.24645e-05 1.1707e-10 3.71533e-05 -8.45707e-06 -0.000281036 -0.000530303 0.000127117 -2.70422e-05 -0.000167717 0.000179704 -6.96509e-05 1.98206e-05 -7.83988e-05 -0.000140051 5.0412e-05 -7.26011e-05 0.000106373 2.18475e-05 -5.00584e-07 -0.000362726 0.00014381 2.8194e-06 -5.60312e-05 0.00015356 -1.62233e-05 3.02691e-05 3.70288e-05 -4.24072e-05 0.000103671 -7.30282e-05 -0.000201981 0.000157521 3.59995e-05 4.64148e-05 -4.15294e-05 4.22285e-05 9.67336e-05 -5.79963e-05 -3.19465e-05 5.10055e-05 5.71413e-07 -8.69808e-08 2.55361e-05 -2.56394e-06 9.45735e-07 -2.97805e-05 3.7077e-07 -8.53909e-08 -4.35488e-07 -2.56865e-10 5.87711e-05 -2.13867e-05 1.30045e-05 4.60909e-07 -1.42832e-05 3.32924e-05 4.6277e-06 -9.92893e-05 3.00889e-06 2.31525e-06 -1.42998e-05 -5.39738e-05 0.000242286 -1.29878e-05 3.64289e-06 -2.00861e-07 4.22679e-06 -8.3524e-07 -6.9835e-08 9.12658e-07 -6.9346e-05 -3.45889e-05 1.32771e-05 5.02294e-05 1.30464e-05 -1.24549e-05 2.67874e-06 2.01477e-05 -0.000102071 -8.23803e-05 -3.0385e-05 0.000169271 0.000146576 -6.62711e-05 -7.05735e-05 6.84273e-05 4.85758e-05 7.84603e-05 3.82359e-05 -1.87437e-05 -9.6651e-05 -1.26758e-05 6.49065e-05 4.40098e-05 -2.87936e-05 -3.2461e-05 -8.98152e-05 3.13218e-05 3.25375e-05 1.48148e-05 3.25583e-06 3.00667e-06 -2.60809e-05 -4.17777e-07 -1.22041e-05 -3.29972e-05 -3.12482e-05 -2.09098e-05 -3.31419e-05 -3.68342e-05 -1.16646e-05 3.05557e-06 1.66966e-05 3.08561e-05 2.46854e-05 1.7306e-05 1.44923e-05 1.45028e-06 -2.70278e-05 -3.17371e-05 -1.26543e-05 1.21746e-05 2.22422e-05 5.93879e-07 -3.05246e-05 6.6361e-07 -3.56405e-06 5.85708e-06 2.15431e-06 4.04018e-06 1.10971e-05 2.95897e-05 4.105e-05 -1.19737e-05 -4.95549e-07 -6.7135e-06 -3.38073e-06 -7.14587e-06 4.87113e-06 2.94032e-05 4.56243e-05 4.42343e-05 -0.000700596 -0.000240585 -9.91708e-05
 -4.23073e-06 0.9875 -0.210762 -3.10382e-05 -3.54537 2.98143 -0.25974 -0.0609275 1.3441 -2.80041 -0.176434 4.09558 7.66536e-05 997.932 -2.85982 1.28999e-05 -1.00459 0.0353962 -1.09188e-05 -0.638079 0.266044 -9.44493e-06 -0.770611 0.174219 8.85398 13.8405 -3.34227 0.745897 4.55293 -4.87946 2.65696 -0.460876 1.74529 5.0634 -0.472615 0.43583 -3.48124 -0.600457 0.0164809 8.03248 -3.54711 -0.0669635 1.61194 -4.72121 0.502636 -0.814928 -1.00569 1.1515 -2.35821 2.63347 4.41223 -3.72824 -1.4601 -0.38106 1.76852 -1.9196 -3.02735 2.24023 0.821824 -1.61888 -0.0299302 0.00418484 -0.379151 0.155838 -0.0202185 0.589303 -0.020484 0.0046548 0.0142801 4.00347e-06 -1.34312 0.487214 -0.265783 -0.00897452 0.279738 -0.859276 -0.11691 2.50971 -0.0388012 -0.0377492 0.239564 1.77598 -9.43197 0.522517 -0.0543919 0.00176322 -0.173854 0.020279 0.00174345 -0.0222087 2.11715 1.45093 0.0697285 -0.712304 0.126419 0.723562 0.407617 -0.0364221 2.19433 1.25885 0.50208 -3.65532 -4.17289 1.05607 3.32067 -1.13555 -1.25616 -2.17328 -0.365785 0.6492 2.0526 0.385354 -1.54554 -1.66048 1.32407 1.36668 2.33348 -0.802586 -0.747509 -0.073603 0.0235865 0.0033098 0.647211 0.234271 0.51388 0.853578 0.843787 0.404763 0.801113 0.7872 0.250742 -0.241417 -0.685941 -0.963391 -0.651502 -0.55996 -0.551845 -0.303496 0.2426 0.225102 -0.0765716 -0.127939 -0.221104 0.016148 0.48392 -0.221576 -0.188925 -0.452821 -0.192836 -0.146665 -0.334616 -1.129 -1.63733 -0.281168 -0.223652 -0.0413121 -0.0989827 0.384317 -0.151402 -0.573991 -0.983629 -0.928684 14.036 4.18814 1.91068
 1.76002e-07 -0.0212885 0.00417496 2.90054e-08 -0.00211459 0.00179703 -6.30168e-05 -3.42012e-05 0.000353302 0.00260092 0.00011349 -0.00292012 -6.40839e-06 -2.85982 0.825734 2.53557e-07 -0.00602206 0.000307469 1.99894e-08 -0.00260896 0.001124 5.29137e-08 -0.00384805 0.0009299 -0.0370355 -0.0602541 0.0144834 -0.00626348 -0.0255812 0.0274117 -0.0134597 -0.000234336 0.0020029 -0.0207895 -0.0049702 0.00939331 0.00263713 -0.00169775 0.00014984 -0.038761 0.00956942 0.000319238 -0.0126511 0.00714524 -0.000523856 -2.34432e-05 -0.000716116 0.000830114 0.00449318 -0.0109742 -0.0193229 0.0162471 0.00312832 -0.000534884 -0.00778169 0.00860915 0.00596493 -0.00913879 -0.00600588 0.00916344 -0.000184463 5.21331e-06 0.00199473 -0.000443963 4.47562e-06 -3.10921e-05 0.000223649 -4.89485e-05 -4.87494e-05 5.58167e-08 -0.00394212 0.00153521 -0.000521294 -1.82011e-05 0.00053379 0.00137986 0.000140631 -0.00333486 -0.000252054 -0.000240603 0.0013114 -0.00501324 0.0349689 -0.00193308 -0.000474203 4.49927e-05 6.53608e-05 -8.3426e-05 -6.16822e-06 9.03568e-05 -0.00788132 -0.00319627 -0.00160273 -1.19551e-05 -0.00028889 -0.000986775 -0.000680542 -0.000330193 -0.00718572 -0.00682208 -0.00204303 0.0136231 0.0145956 -0.00381131 -0.011887 0.0035496 0.00406357 0.00740933 0.00153354 -0.00269278 -0.00747243 -0.00121971 0.0059687 0.00623085 -0.00495996 -0.00508152 -0.00835789 0.00291649 0.0024821 1.2625e-05 -5.85611e-05 -0.000183455 -0.00215849 -0.00102219 -0.00204182 -0.00293764 -0.0028165 -0.00185596 -0.0021487 -0.0031243 -0.000817153 0.00102809 0.00271915 0.00375606 0.00252446 0.00198718 0.00178619 0.000775735 -0.0011316 -0.000872018 0.000927823 0.000980839 0.0011853 -0.000152252 -0.00164174 0.000998585 0.000654837 0.00220411 0.000813491 0.000714166 0.00136586 0.00425336 0.00566123 0.00108325 0.00082206 0.000309855 0.000538031 -0.00150733 0.00056461 0.00217308 0.00456754 0.00399178 -0.0718551 0.0109199 -0.00589261
 -6.67588e-10 8.31272e-06 -1.27625e-06 5.94249e-10 7.26053e-05 -6.10743e-05 6.33133e-06 1.67144e-06 -3.54498e-05 7.47127e-05 4.60131e-06 -0.00010586 -7.89661e-10 1.28999e-05 2.53557e-07 1000 2.05804e-05 -3.49597e-06 -3.67549e-10 1.78206e-05 -7.43941e-06 -5.18586e-10 2.43265e-05 -5.55041e-06 2.04023e-05 -1.52868e-05 3.18177e-06 -1.121e-05 -5.30003e-05 5.67592e-05 2.57481e-05 8.79306e-06 -3.96637e-05 5.53303e-05 1.9456e-06 -7.13059e-06 -2.24041e-05 4.62815e-06 -2.81346e-08 -0.000133786 3.54642e-05 7.71339e-07 -2.90303e-05 4.18009e-06 2.97283e-07 6.83858e-06 9.35997e-06 -1.05921e-05 6.91701e-05 -2.88722e-05 -0.000153066 0.000112087 -1.95075e-05 7.64549e-05 7.67486e-06 -1.451e-05 8.98397e-06 1.269e-05 -2.49762e-05 1.67326e-05 8.9279e-06 -6.52689e-07 2.72911e-05 8.89396e-06 -1.27621e-08 -6.89487e-06 -1.43759e-06 2.98611e-07 2.48438e-07 -3.0702e-10 2.83064e-05 -1.03311e-05 8.44153e-06 3.38212e-07 -1.06588e-05 1.02571e-05 1.71439e-06 -3.73901e-05 4.94517e-06 4.09273e-06 -2.45701e-05 1.33336e-05 -0.000361601 2.11658e-05 1.41539e-05 -1.07112e-06 -4.27962e-06 -6.52896e-07 -4.75946e-08 7.06583e-07 -2.09669e-05 -7.41184e-05 2.10179e-05 0.000106362 8.96748e-05 6.48057e-05 5.17798e-05 1.52357e-05 -0.000126255 -0.000188018 -6.01166e-05 0.000211611 -1.867e-05 0.000143375 -3.99186e-05 4.49991e-06 9.24066e-05 -1.82577e-05 5.04789e-05 -1.1895e-05 -2.87819e-05 -2.14248e-05 -1.5638e-05 1.02932e-05 1.25423e-05 5.21496e-05 -2.06233e-05 -1.07178e-06 -3.55763e-05 -4.1549e-07 1.9656e-06 8.8619e-06 -9.99128e-06 -2.40889e-06 -1.52982e-05 -1.43815e-05 -1.49094e-05 -2.00056e-05 -3.4167e-05 -2.39093e-06 -1.11322e-05 -1.2575e-06 1.42851e-06 9.90645e-06 5.13392e-06 -1.17534e-05 -1.01279e-05 -1.29707e-05 -1.24921e-05 -2.38536e-05 -3.31528e-05 2.22062e-06 7.31127e-06 -3.4717e-06 9.13805e-06 9.8043e-06 -9.7095e-06 2.77064e-05 4.21839e-06 -1.64484e-05 -1.0302e-05 -1.65666e-05 -7.6476e-06 -1.91323e-05 -3.97193e-06 -8.13041e-06 -6.80408e-06 9.14698e-06 1.4604e-06 2.40019e-05 3.6094e-05 3.09487e-05 -0.000479817 -0.000326421 -8.73928e-05
 5.65984e-06 0.359715 -0.0834326 -2.00558e-05 -2.25686 1.89721 -0.205957 -0.0493297 1.07996 -2.27255 -0.14023 3.26587 4.09861e-05 -1.00459 -0.00602206 2.05804e-05 997.229 -44.7814 -4.64686e-07 -0.53061 0.22162 1.43604e-06 -0.670373 0.152932 3.7189 4.24777 -1.04351 0.410799 2.50523 -2.68628 1.37535 -0.24608 0.940228 2.61036 0.0552643 -0.255903 -1.10832 -0.310471 0.00819807 3.99795 -1.624 -0.0305444 1.66965 -2.27718 0.224385 -0.419454 -0.526943 0.60036 -1.27927 2.31552 2.47609 -2.32303 -0.520828 -0.9786 1.14426 -1.18039 -1.56364 1.33451 0.861169 -1.3058 -0.234096 0.0203669 -0.975591 0.277176 -0.00797871 0.10244 0.00302013 -0.000372759 0.00161808 6.43182e-06 -0.92269 0.335946 -0.253218 -0.00966189 0.304322 -0.564426 -0.0796672 1.72343 -0.135127 -0.0922587 0.558498 0.439629 1.22508 -0.0771505 -0.236696 0.0164542 0.0448922 0.0223405 0.00108013 -0.0236218 1.50609 2.38383 -0.0924883 -1.97971 -1.39929 -0.698834 -0.564119 0.449554 2.5729 3.51899 1.08816 -5.59949 -2.43459 -0.649786 3.37366 1.17834 -3.55077 -3.56717 2.48138 -0.0425761 0.892221 0.467163 0.155606 -0.228465 -0.522654 0.698247 0.557827 0.0472992 0.471815 0.451962 0.151644 -0.025678 0.335884 0.207468 0.70913 0.642322 0.600732 0.389996 0.947342 0.442224 0.380941 0.287438 -0.210043 -1.30044 -0.406271 -0.088209 -0.0136977 0.0123655 0.105223 0.0540845 0.288019 0.0722695 0.19511 -0.419664 -0.169507 -0.0623748 0.103824 -0.696665 -0.977205 0.0965091 -0.061427 -0.487763 -0.875064 -0.65684 -0.354619 -0.116199 -0.0616889 0.113464 -0.108429 -0.596389 -0.806292 -0.767453 12.9942 6.63107 2.10106
 -1.05628e-07 -0.0305836 0.00653894 8.51969e-07 0.0907051 -0.0762309 0.00855352 0.00204564 -0.0450892 0.0981808 0.00597069 -0.139338 -1.41113e-06 0.0353962 0.000307469 -3.49597e-06 -44.7814 2.88596 1.92962e-08 0.0202245 -0.00842013 -4.08487e-08 0.0257964 -0.00585041 -0.172435 -0.201087 0.049318 -0.0217617 -0.120736 0.129458 -0.065421 0.00988092 -0.0370133 -0.120587 -0.00718364 0.0193188 0.0466849 0.0121448 -0.000268701 -0.186054 0.0719605 0.0014318 -0.0795586 0.0974075 -0.00940694 0.0167727 0.0208408 -0.0237081 0.056557 -0.106613 -0.115457 0.107981 0.0226308 0.04409 -0.0522674 0.0539667 0.068007 -0.0614447 -0.041548 0.0619372 0.0104001 -0.000909128 0.0449436 -0.0124951 0.000313293 -0.00317077 -1.69021e-05 -9.07311e-06 -6.20934e-05 -2.16696e-07 0.0361602 -0.0130996 0.0102877 0.000392893 -0.0124344 0.0245989 0.00341922 -0.0742683 0.00538041 0.00370194 -0.0225353 -0.0202508 -0.0571738 0.00358647 0.0102238 -0.000706481 -0.00234014 -0.00103027 -4.93078e-05 0.00108886 -0.0687708 -0.108247 0.00169342 0.0893658 0.0657949 0.0335498 0.0257972 -0.0207803 -0.11638 -0.163673 -0.0514361 0.256368 0.111174 0.0292365 -0.153967 -0.0540018 0.1621 0.163063 -0.11328 0.0019575 -0.0409723 -0.0212908 -0.00684967 0.010613 0.0239562 -0.0319079 -0.0254581 -0.00221844 -0.0216299 -0.0206549 -0.00670235 0.00117234 -0.0151029 -0.00955547 -0.0324209 -0.0291577 -0.0272357 -0.0181931 -0.0426497 -0.020388 -0.0173238 -0.0130121 0.00977858 0.0596338 0.0187606 0.00401631 0.000508922 -0.000732653 -0.00500439 -0.00264774 -0.0127209 -0.00288307 -0.0085314 0.0190469 0.00770651 0.00293509 -0.00481993 0.032229 0.0445839 -0.00432842 0.00290754 0.0224669 0.0397423 0.0300121 0.0161699 0.00543066 0.00295983 -0.00523986 0.00495476 0.0273691 0.0378923 0.0358047 -0.614783 -0.277884 -0.0950955
 -9.92793e-10 3.98549e-05 -7.8016e-06 1.88915e-10 3.08603e-05 -2.60197e-05 -1.47532e-06 8.87367e-09 1.4391e-06 2.30441e-05 1.45943e-06 -3.19893e-05 2.59159e-10 -1.09188e-05 1.99894e-08 -3.67549e-10 -4.64686e-07 1.92962e-08 1000 -1.00365e-05 5.27593e-06 -4.39329e-10 3.09361e-06 -7.66022e-07 7.53513e-05 -7.34186e-06 3.98319e-07 4.82654e-06 4.24374e-05 -4.55378e-05 6.62244e-05 4.34007e-06 -2.35283e-05 0.00013461 -3.92392e-05 5.43655e-05 -3.76763e-05 -1.88602e-06 2.02076e-07 -3.60664e-05 -5.3858e-07 5.22159e-08 3.13573e-07 -3.77311e-05 4.42593e-06 -4.45028e-06 -4.30519e-06 4.93132e-06 2.7751e-05 1.45918e-05 -4.8687e-05 2.89706e-05 -3.02123e-05 2.04918e-05 5.41021e-05 -6.08178e-05 -2.59359e-05 2.80527e-05 -1.85364e-06 -9.70889e-06 2.33291e-07 1.72011e-07 -1.39706e-05 5.77512e-06 -3.94895e-08 -1.96609e-06 -1.50889e-06 3.11114e-07 2.16708e-07 -1.25189e-10 -1.95408e-06 6.5344e-07 -1.04795e-06 -1.70039e-08 2.43216e-07 -2.42154e-06 -1.24802e-07 3.34676e-06 1.20507e-06 1.35001e-06 -7.73357e-06 1.3072e-05 -0.000297914 1.70944e-05 6.25564e-06 -4.92875e-07 7.11063e-07 -3.65776e-07 -1.33181e-07 5.02769e-07 1.03912e-05 4.7798e-06 -2.24255e-05 -6.56664e-05 -2.49978e-05 1.82418e-05 -4.34292e-05 0.000382127 -0.000133065 -0.000114456 -4.73584e-05 -4.38158e-05 -8.34532e-05 0.000111757 2.82348e-05 2.01848e-07 7.52046e-05 3.58407e-06 -2.89421e-05 7.96843e-06 3.28604e-05 -8.09087e-06 -7.9035e-06 -4.68124e-06 -2.39056e-06 8.59493e-06 1.35228e-05 -6.06974e-06 1.11067e-05 2.72171e-06 1.21468e-05 1.66361e-05 9.03735e-06 1.0378e-05 -1.269e-05 -4.71838e-06 3.3743e-06 -3.12847e-07 7.67551e-06 -3.80838e-06 9.04932e-06 -3.21107e-07 -2.28262e-06 -6.01181e-06 -9.10184e-07 -1.00667e-05 3.5366e-07 1.34298e-05 7.23071e-08 -3.83618e-05 -3.67653e-05 2.05764e-05 1.16251e-05 -1.13392e-05 5.66582e-06 1.42457e-05 -9.3519e-06 3.47592e-05 -1.0042e-05 -8.73223e-07 -9.669e-06 -2.43624e-05 -2.20169e-05 -2.4405e-05 -7.34623e-06 -5.01001e-06 -2.87693e-06 5.50304e-06 -6.46278e-07 1.3475e-06 7.8281e-06 -1.51962e-06 -1.98009e-05 -2.71453e-05 -5.26379e-06
 -9.92108e-06 -0.842019 0.147458 -3.84244e-05 -4.74091 3.98999 -0.254693 -0.0497484 1.08642 -3.11625 -0.205069 4.7574 2.98195e-05 -0.638079 -0.00260896 1.78206e-05 -0.53061 0.0202245 -1.00365e-05 845.004 -357.648 6.40066e-06 -1.42059 0.332135 -0.40055 4.63688 -1.06794 -0.198146 -0.204733 0.218694 -0.439843 -0.472749 2.04269 0.238694 1.9253 -3.12147 0.152747 -0.237898 0.00270573 2.33525 -0.781586 -0.0109025 0.110185 -0.366693 0.0329647 -0.287813 -0.283145 0.323564 -0.242001 -0.422135 0.709923 -0.365155 0.738585 -2.76895 -0.396306 0.65277 -0.190769 -1.00078 0.165312 0.283424 -0.203995 0.0203691 -2.07922 -0.620064 0.0348162 -0.566659 -0.0412778 0.00889111 -0.00168307 5.44016e-06 -1.04401 0.387483 -0.461826 -0.0192018 0.607297 -0.636629 -0.0797759 1.64593 -0.138347 -0.057576 0.342853 -1.56404 2.32119 -0.123548 -0.262198 0.0211139 0.315137 0.0324363 -0.00654741 -0.0261407 -0.215367 -0.479301 1.80684 3.9001 0.295923 -0.461839 -31.1901 12.867 -0.168089 2.4062 0.82422 3.40016 -5.9865 1.01154 2.27863 -0.944739 0.190441 -1.17026 -0.0434221 0.00178685 1.22232 0.218062 0.133733 0.574106 0.952528 0.372746 -0.0244167 -0.581276 0.849 -0.119933 0.0716485 -0.0290984 0.637716 1.36541 -0.294151 0.22559 0.43578 0.0590043 1.02486 -0.787583 0.195161 0.197983 0.425273 -0.306889 0.222831 0.666792 0.679533 0.529355 0.365594 1.01891 0.732591 -0.367444 -0.0608129 -0.831309 -0.13943 0.148 -0.110114 1.64472 -0.367816 0.428495 0.929511 0.362563 0.0617465 -0.884987 -0.335868 -0.0111032 0.183926 -0.452426 0.0286074 -0.7585 -0.45848 -0.724244 17.1599 7.6039 2.6365
 4.30424e-06 0.34283 -0.059779 1.6213e-05 2.00215 -1.68501 0.107181 0.020913 -0.456999 1.31764 0.0865968 -2.00924 -1.24645e-05 0.266044 0.001124 -7.43941e-06 0.22162 -0.00842013 5.27593e-06 -357.648 152.918 -2.75431e-06 0.600973 -0.140503 0.16948 -1.97278 0.454363 0.0827013 0.0821878 -0.0877781 0.184756 0.199564 -0.862255 -0.101967 -0.821239 1.3315 -0.0656178 0.0988425 -0.00105477 -0.989631 0.330003 0.00463197 -0.0468434 0.15159 -0.0135041 0.120331 0.118382 -0.135237 0.102689 0.179751 -0.301732 0.155109 -0.313596 1.1758 0.169383 -0.278391 0.0800634 0.42485 -0.0712989 -0.119287 0.0862883 -0.00862468 0.882962 0.263637 -0.0148378 0.242115 0.0175565 -0.00378155 0.000673499 -2.2683e-06 0.440656 -0.163534 0.19484 0.00809745 -0.256191 0.269258 0.0337601 -0.696583 0.0575581 0.0241391 -0.14374 0.666403 -0.985976 0.0524707 0.110788 -0.00892433 -0.132723 -0.0137751 0.00278261 0.0110994 0.0915674 0.205329 -0.767191 -1.6587 -0.127757 0.203331 13.2478 -5.46989 0.073272 -1.02057 -0.351956 -1.44298 2.54197 -0.430291 -0.967286 0.401015 -0.081468 0.496521 0.0189625 -0.000708401 -0.519428 -0.0926441 -0.0567704 -0.243734 -0.404273 -0.158035 0.0103097 0.246687 -0.36069 0.0509262 -0.0302318 0.0122716 -0.27057 -0.579818 0.124913 -0.0955449 -0.184865 -0.0255801 -0.434689 0.334153 -0.0829902 -0.0841257 -0.180579 0.130321 -0.094572 -0.283304 -0.288771 -0.225034 -0.155494 -0.432805 -0.310746 0.156076 0.0259404 0.35261 0.0589633 -0.0630104 0.0464651 -0.698033 0.155905 -0.182106 -0.394687 -0.153909 -0.0266717 0.37553 0.142341 0.00466733 -0.0781207 0.192087 -0.0121591 0.322153 0.195832 0.30843 -7.30826 -3.20088 -1.11834
 -7.46647e-10 5.03775e-05 -9.76867e-06 4.27779e-10 5.62116e-05 -4.73568e-05 9.24503e-07 4.43123e-07 -9.10848e-06 2.60277e-05 1.61954e-06 -3.56988e-05 1.1707e-10 -9.44493e-06 5.29137e-08 -5.18586e-10 1.43604e-06 -4.08487e-08 -4.39329e-10 6.40066e-06 -2.75431e-06 1000 1.26126e-05 -2.52995e-06 0.000118311 -0.000104253 2.20838e-05 9.58999e-06 5.3906e-05 -5.78708e-05 8.28149e-05 7.17763e-06 -3.54079e-05 0.000164584 6.08684e-06 -2.09173e-05 -4.88318e-05 -2.07131e-06 3.33178e-07 -6.31987e-05 3.84162e-06 1.97594e-07 1.14854e-05 -5.1304e-05 5.60325e-06 -3.86516e-06 -5.02447e-06 5.71169e-06 1.15551e-05 5.26273e-05 -1.91732e-05 -1.66244e-06 -4.85571e-05 3.47027e-05 8.83908e-05 -9.96032e-05 -3.15288e-05 4.66316e-05 -2.00125e-06 -1.73711e-05 5.22452e-07 9.06576e-08 2.11031e-06 6.33169e-06 -1.79227e-08 -3.0788e-06 -1.26575e-06 2.74776e-07 2.71742e-07 -1.71374e-10 7.72087e-06 -3.00044e-06 2.16683e-06 1.07365e-07 -3.35301e-06 -1.28451e-06 7.16539e-08 -7.58805e-07 2.35506e-06 1.76566e-06 -1.02748e-05 2.57918e-05 -0.000309059 1.78492e-05 3.95232e-06 -3.46905e-07 -2.50334e-06 -3.4811e-07 -1.13865e-07 4.6561e-07 2.10723e-05 -7.455e-06 2.70689e-06 1.18221e-05 2.60355e-05 3.43614e-05 4.22762e-05 9.7569e-05 -5.42331e-05 -0.000104664 -3.88298e-05 -1.67299e-05 -3.24048e-05 9.02732e-05 8.89419e-05 -1.80871e-05 3.43051e-05 -4.97994e-05 0.000110552 -2.29314e-05 1.13179e-06 9.17476e-07 5.40652e-06 2.95804e-06 8.85003e-06 3.31253e-05 1.37664e-05 8.20739e-06 -1.69745e-05 2.53091e-05 -9.58874e-07 7.14829e-06 1.1388e-06 1.06689e-05 8.2882e-06 5.64249e-06 5.31782e-06 -5.86777e-06 2.61138e-06 -2.9389e-06 1.42576e-07 -1.02e-05 -1.91923e-05 -9.38626e-06 2.8816e-07 -1.03998e-05 7.77643e-06 5.67276e-06 -1.58403e-05 -8.1177e-05 -4.92615e-05 2.81019e-05 7.49777e-06 -5.61814e-06 -5.85197e-08 6.02133e-06 -1.22228e-05 -5.72249e-06 1.73108e-06 -1.72585e-05 -1.61559e-05 -3.27746e-05 -3.93793e-05 -2.73902e-05 -1.26133e-05 -1.08435e-05 -1.01776e-05 1.21273e-05 -1.48725e-06 8.54239e-06 6.6193e-06 5.08647e-06 -0.00016975 -0.000118968 -3.13692e-05
 1.66916e-05 -1.6557 0.306978 -4.00626e-05 -4.86242 4.09246 -0.26504 -0.0673329 1.44749 -3.36675 -0.220256 5.08386 3.71533e-05 -0.770611 -0.00384805 2.43265e-05 -0.670373 0.0257964 3.09361e-06 -1.42059 0.600973 1.26126e-05 946.425 -221.982 -0.373934 11.0829 -2.55535 0.0466834 0.650013 -0.694261 -3.14174 -0.747172 3.38683 -2.42433 0.963936 -1.39005 0.426284 -0.297997 -0.00105767 3.44013 -1.08028 -0.0197988 -1.36248 0.481703 -0.0387734 -0.28569 -0.294683 0.338221 -0.4529 -1.32797 0.49601 0.0338187 1.38413 -4.18153 -1.60324 2.08723 0.150254 -2.01269 -0.00530831 0.863108 -0.182161 0.0156165 -1.51081 -0.0886363 -0.0117694 0.444293 -0.00870382 0.00163978 -0.00477542 9.08376e-06 -1.12733 0.420619 -0.392929 -0.0165604 0.51838 -0.559323 -0.0779212 1.59729 -0.162878 -0.087909 0.523281 -0.779946 2.37914 -0.138199 -0.179774 0.0156056 0.240124 0.0301568 -0.00234849 -0.0280611 -0.587041 0.324183 -0.122176 -0.884198 -1.17335 -0.802655 -8.44964 2.69459 0.631798 3.62507 1.371 1.76479 -6.25392 -1.32358 4.25248 -0.228681 -1.98036 -6.74311 1.49508 0.676753 -0.790644 -0.644658 -0.512257 0.200345 -0.170281 -0.834642 -1.01479 0.26782 1.134 -0.576787 -0.0843512 -0.225422 0.175497 -0.30265 0.0578111 0.220273 0.130073 0.220624 0.440044 0.081157 0.279568 0.671526 0.993572 0.660354 0.342732 0.333359 0.215586 0.277112 0.337514 1.96242 1.38078 -0.444748 -0.0886057 -0.0833781 0.314062 0.332589 0.28907 1.01851 0.125568 0.536072 2.02037 1.44245 0.624121 -0.381678 0.0700614 0.295192 0.41973 -0.66989 0.0460253 -0.861693 -0.693613 -0.860393 19.1154 9.14263 3.0184
