 1000 0.00269576 -0.000560848 -1.01327e-09 -0.000127904 0.000104658 -1.43529e-06 9.63745e-08 -3.50239e-06 -7.37935e-05 -4.30926e-06 9.89285e-05 2.02083e-10 -1.27839e-05 1.93743e-07 -3.5033e-10 -3.0169e-06 3.03291e-07 -1.00645e-09 -1.54879e-05 6.82149e-06 -6.91491e-10 1.14167e-05 -2.35154e-06 1.21979e-05 -0.000322007 8.11161e-05 -5.6726e-05 -0.000214965 0.000243197 -4.90801e-06 1.05422e-06 -4.88198e-06 9.01853e-05 -9.31213e-05 0.000146492 -7.97891e-05 -4.14704e-06 9.05001e-07 -0.000139981 1.65566e-05 1.29207e-06 -2.45781e-05 -8.00755e-05 1.1134e-05 -3.97731e-06 -1.04637e-05 1.53439e-05 7.43134e-05 -6.70853e-05 -0.000268479 0.00021783 -6.95278e-05 7.29621e-05 0.000110819 -0.000136918 -4.96556e-05 9.00183e-06 -5.15281e-05 5.30508e-05 -4.66259e-06 3.69117e-07 2.69481e-05 9.87791e-07 -2.79267e-07 9.59028e-06 -4.31326e-06 1.17303e-06 5.47856e-07 -1.921e-10 2.1076e-06 -4.68165e-07 4.35934e-06 1.517e-07 -5.62501e-06 9.05273e-06 7.33454e-07 -1.83466e-05 4.02612e-06 2.51729e-06 -1.9835e-05 -6.02943e-06 -0.000347346 2.56334e-05 5.80413e-06 -6.82519e-07 -9.62331e-06 -1.5518e-06 -6.8717e-07 2.25693e-06 5.87367e-06 -5.27747e-05 -0.000140606 -0.000249413 -0.000121887 -4.09749e-06 0.000139295 0.000455605 -0.000238648 -0.000157241 -9.67938e-05 6.68752e-05 -6.14526e-05 -1.52428e-06 9.46089e-05 0.000123403 5.87179e-05 -6.43962e-05 -0.000167283 0.000237489 -0.000139094 2.53623e-05 -2.26021e-05 -1.54411e-05 7.70224e-06 4.02145e-05 2.01971e-05 -1.45557e-05 5.60081e-05 -4.24982e-05 1.08292e-05 -1.17663e-05 -1.15303e-05 8.89499e-06 9.12945e-06 -1.10064e-05 -1.49831e-05 0.000172935 -0.000121627 8.46116e-05 -3.10748e-06 1.87828e-05 3.21873e-05 7.40296e-06 3.12389e-05 -3.07049e-05 3.03774e-05 1.48497e-05 3.25948e-05 -2.11516e-05 -7.61072e-05 4.67789e-05 1.83581e-05 -2.4232e-06 5.44677e-06 -3.37402e-05 4.0247e-05 4.06953e-05 -3.2053e-07 3.61941e-05 1.78636e-05 -4.33452e-05 -4.66073e-06 -2.7399e-05 2.62267e-06 4.19896e-06 6.38119e-06 -2.33337e-07 8.10899e-08 1.63907e-05 3.25656e-05 2.70887e-05 -0.000593363 0.000158768 -4.0717e-05
 0.00269576 494.54 -101.744 0.000154207 26.4209 -21.6172 0.187099 0.0731673 -1.03551 14.9052 1.06773 -24.8024 -5.78907e-05 2.03187 -0.0225288 -2.90047e-05 1.5334 -0.0858941 3.22985e-05 0.498735 -0.229441 3.54055e-05 -0.728002 0.145966 17.6723 35.892 -9.36953 5.92762 23.4628 -26.5653 14.0802 1.57631 -7.3042 9.77409 13.95 -23.6706 8.90047 0.794789 -0.129014 19.5897 -2.434 -0.180538 10.4756 7.09794 -1.1739 1.18638 2.45408 -3.63507 1.71871 8.88084 13.6377 -13.0323 1.77564 -1.97277 1.89389 -2.05082 6.45932 3.75736 7.81337 -10.8726 0.753054 -0.0619152 -1.78547 2.23917 0.0148277 -2.85422 0.349601 -0.0927376 -0.0865772 -3.55458e-06 -0.363076 0.0837324 -0.0177828 0.00454761 -0.0291282 -0.618909 0.00288336 0.247587 -0.0796911 -0.133674 1.03189 -1.94478 1.77439 -0.115749 1.90847 -0.189992 0.501476 0.121098 0.0284331 -0.150813 2.01264 -4.00232 7.64956 17.5189 10.7345 0.931601 -30.3356 18.5658 -8.39962 15.8663 10.3174 -0.663944 -1.19285 -1.88377 -4.65606 3.5241 3.74519 1.7057 -8.49475 3.69148 -1.16648 0.477849 -1.43618 -0.836952 -0.571622 -0.620107 0.157428 2.06824 0.448343 -0.606191 0.232138 0.24767 -0.106911 -0.803172 0.426017 0.0152338 -0.946566 2.98816 -5.78168 2.69221 -0.452926 -0.404015 -1.10815 -3.61835 -1.33677 -2.11188 -1.47878 -1.76044 -0.0330497 -0.189882 -1.13988 -1.6712 -1.97112 -0.401754 -0.489555 -2.13203 0.154318 -2.14631 -3.27408 -0.696747 -0.293645 -2.29381 -0.472287 -1.12095 -0.960966 -1.02283 -1.06461 0.570641 -0.136414 -1.751 -4.65109 -4.05933 85.5904 -49.375 2.70233
 -0.000560848 -101.744 22.0623 -3.21259e-05 -5.4934 4.49461 -0.0427297 -0.01631 0.23611 -3.09804 -0.222032 5.15768 1.28052e-05 -0.439478 0.00472444 6.30933e-06 -0.330966 0.0184247 -6.75725e-06 -0.117674 0.0537546 -7.34197e-06 0.139315 -0.0277287 -3.66797 -7.45194 1.94529 -1.23438 -4.87207 5.51632 -2.91851 -0.331257 1.53193 -2.02909 -2.89834 4.91785 -1.85233 -0.174991 0.0272502 -4.0666 0.495607 0.0375491 -2.17928 -1.48722 0.245542 -0.251412 -0.516017 0.764435 -0.358965 -1.8418 -2.8281 2.70266 -0.370089 0.408796 -0.393731 0.426477 -1.34038 -0.780034 -1.62165 2.25669 -0.156607 0.0128768 0.371842 -0.464336 -0.00314396 0.594613 -0.0723262 0.0191841 0.0180555 9.32016e-07 0.0545493 -0.0103892 -0.00136531 -0.00117403 0.0125653 0.126348 -0.000941543 -0.0434274 0.0153859 0.0273652 -0.211226 0.405898 -0.367367 0.023946 -0.396924 0.0395129 -0.105303 -0.0251267 -0.00589404 0.0312868 -0.417589 0.830138 -1.58516 -3.63367 -2.22883 -0.18946 6.29486 -3.85663 1.74414 -3.29113 -2.13914 0.137849 0.247834 0.390569 0.965391 -0.732141 -0.777667 -0.353609 1.76388 -0.767511 0.242546 -0.0994877 0.298282 0.173941 0.118411 0.128492 -0.0330259 -0.428919 -0.0934402 0.125917 -0.0481554 -0.0514055 0.0223435 0.166279 -0.0883914 -0.00304713 0.196613 -0.621443 1.20074 -0.559271 0.0939506 0.0837308 0.229874 0.750897 0.277291 0.438065 0.306335 0.364871 0.00640262 0.0391458 0.23716 0.346835 0.409123 0.0831179 0.101479 0.442527 -0.0323991 0.445444 0.679033 0.144283 0.0607733 0.476213 0.097717 0.232615 0.199177 0.212225 0.22087 -0.118394 0.0282986 0.363405 0.965946 0.842182 -17.7814 10.2736 -0.559509
 -1.01327e-09 0.000154207 -3.21259e-05 1000 -0.00106401 0.000873136 -4.85455e-06 -1.2235e-06 2.69161e-05 4.66098e-05 4.14358e-06 -9.34329e-05 8.14139e-10 -1.3952e-05 2.65828e-08 2.08879e-10 -8.12979e-06 3.80318e-07 8.52481e-11 -1.9094e-05 8.22508e-06 2.72508e-10 -2.13937e-05 4.59322e-06 7.37939e-05 4.02707e-05 -1.12397e-05 -3.13407e-06 -5.03105e-06 5.49046e-06 0.000163975 1.08263e-05 -5.675e-05 0.000208562 -2.10182e-05 1.93325e-05 3.28873e-05 -6.23201e-06 1.32181e-07 1.90831e-05 -2.41996e-06 2.49448e-07 8.36263e-05 -1.95215e-06 -9.10316e-07 -8.88026e-07 5.79098e-08 -1.57108e-07 1.21085e-05 2.94595e-05 -3.61843e-05 1.63276e-05 -2.82787e-05 -1.3775e-05 0.000102618 -0.00011896 3.77342e-05 -1.16265e-05 4.37703e-05 -4.22536e-05 1.59074e-07 -1.7377e-07 3.11113e-05 -5.37118e-05 4.33062e-06 -0.000101788 -5.23797e-06 1.34501e-06 7.44455e-07 3.00047e-10 -3.80288e-05 1.25876e-05 -7.23914e-06 -3.01605e-07 8.78265e-06 -1.62534e-05 -1.5383e-06 3.65583e-05 1.04706e-06 -8.29538e-09 -2.33692e-07 -1.81155e-05 -0.000130454 9.47015e-06 2.51097e-05 -2.47973e-06 -2.03244e-07 -3.98948e-07 -2.18635e-07 6.22755e-07 -2.77602e-05 -5.27266e-05 -1.86745e-05 -1.95329e-05 -5.46294e-06 7.30859e-06 8.18652e-05 -2.6835e-05 -4.04546e-05 2.12623e-05 5.50839e-06 -2.9662e-05 1.14202e-05 5.45223e-05 -2.76796e-05 0.00010581 -3.95739e-05 -8.56831e-06 -1.15298e-05 -2.42241e-06 4.31295e-06 -4.08169e-06 1.01156e-05 -3.9253e-06 3.0605e-05 -2.31205e-05 -2.00826e-06 4.84771e-06 3.50957e-05 -3.67565e-05 -2.30965e-05 4.19526e-05 4.23128e-05 4.18671e-05 -7.95872e-05 -0.000204106 -7.55173e-05 0.000136408 -3.01097e-05 0.000135811 -8.35588e-06 4.74104e-06 2.94177e-05 2.37872e-05 1.3523e-05 1.7643e-06 3.16898e-05 -8.79252e-06 5.92366e-05 -5.04325e-05 -0.000115063 -5.17865e-06 -6.24952e-05 6.61923e-05 6.28682e-05 1.24726e-06 -7.86647e-06 -1.21287e-05 -2.28101e-05 6.64079e-05 4.65047e-05 -0.000111034 5.33386e-05 -2.86066e-05 -2.40162e-06 -1.53244e-06 -2.10226e-06 -4.56428e-06 1.4739e-06 -1.35501e-05 -4.7805e-05 -5.78232e-05 0.00051086 -0.000170463 3.07196e-05
 -0.000127904 26.4209 -5.4934 -0.00106401 406.622 -331.231 -0.577987 -0.176319 3.62011 9.17811 0.690538 -15.9796 0.000146482 -2.53646 -0.00492001 4.72576e-05 -1.42655 0.0564191 4.04475e-05 -4.3824 1.89093 6.80251e-05 -4.58711 0.991455 11.2031 21.4746 -5.61732 3.80624 14.5791 -16.5115 15.1165 -0.374529 0.333971 8.95124 8.45661 -14.5614 5.09256 -1.41499 0.00890081 9.82801 -2.67408 -0.0802303 6.84769 2.20671 -0.455495 -0.530779 -0.25263 0.390704 -1.07586 3.0974 -1.36537 -0.0157509 2.0169 -2.07422 0.940207 -0.918955 5.17174 2.3182 5.51745 -7.51702 0.461833 -0.036123 -1.77088 -1.46294 0.264119 -8.66289 -0.614039 0.166259 0.0750407 5.68895e-05 -6.27439 2.07838 -1.04377 -0.0435946 1.30786 -1.53748 -0.098504 2.58763 -0.0904636 -0.0816522 0.640546 -3.90216 -1.18693 0.106813 2.27162 -0.224769 0.434945 0.0571972 0.0132145 -0.0710159 1.14646 -1.29531 1.46255 2.58087 1.1416 1.81706 2.80841 -1.94438 -0.608279 4.36446 0.922389 -1.35707 -0.627566 0.747617 -1.7547 3.19446 -0.342989 -0.736624 -0.691379 1.21089 0.0977673 -0.57849 -0.906349 -1.62459 0.361614 0.45113 -0.133265 0.293471 2.29774 -1.04646 -1.63306 -0.378044 -0.485174 2.92428 2.77138 -1.6724 -1.38888 3.80103 -7.45342 3.13815 0.443087 0.0638412 -0.660876 -0.901684 -0.706077 0.0130778 -0.160173 -1.43484 0.468202 0.696293 0.226143 -0.659763 -1.50787 0.116532 -0.100806 -0.3061 0.725356 -1.17327 -3.05179 -0.176115 1.31551 -2.12594 0.273188 -0.780254 -0.450164 -0.514912 -0.50752 0.253424 -0.067287 -1.44201 -3.73576 -3.42001 69.2695 -39.0184 2.29981
 0.000104658 -21.6172 4.49461 0.000873136 -331.231 272.304 0.471301 0.143766 -2.95255 -7.51017 -0.565098 13.0769 -0.000119602 2.06979 0.00403876 -3.85774e-05 1.16299 -0.0459657 -3.31055e-05 3.58112 -1.54519 -5.56453e-05 3.74876 -0.810249 -9.16343 -17.5671 4.59517 -3.1157 -11.9264 13.5073 -12.3645 0.304865 -0.2673 -7.32259 -6.91825 11.9125 -4.16612 1.15473 -0.00715843 -8.03763 2.18486 0.0656326 -5.60181 -1.80835 0.373017 0.432537 0.204733 -0.316718 0.880996 -2.5335 1.11712 0.0126214 -1.65035 1.69703 -0.769184 0.751784 -4.22969 -1.89611 -4.51325 6.14876 -0.377983 0.029567 1.4487 1.19743 -0.21611 7.08783 0.502514 -0.136061 -0.0614794 -4.64743e-05 5.12531 -1.69771 0.851975 0.0355798 -1.06755 1.25663 0.0804293 -2.11327 0.0736106 0.0666785 -0.523085 3.193 0.970122 -0.0873222 -1.8586 0.183901 -0.355988 -0.046786 -0.010807 0.0580872 -0.937408 1.0595 -1.19603 -2.11065 -0.933657 -1.48611 -2.29733 1.59069 0.498003 -3.5716 -0.754615 1.11048 0.51322 -0.611842 1.43554 -2.61348 0.280711 0.602466 0.565847 -0.990344 -0.0801736 0.473084 0.741287 1.32892 -0.295868 -0.368659 0.108988 -0.240065 -1.87961 0.856141 1.33608 0.30908 0.39678 -2.39224 -2.26633 1.36909 1.1365 -3.10994 6.09691 -2.56754 -0.362377 -0.0522398 0.540443 0.737489 0.577518 -0.0108123 0.130769 1.1736 -0.383293 -0.569496 -0.184415 0.539793 1.2338 -0.0957526 0.0821213 0.250354 -0.593386 0.959912 2.49614 0.143674 -1.07627 1.73942 -0.223925 0.638274 0.368123 0.421198 0.415147 -0.207243 0.0550197 1.17964 3.05649 2.79772 -56.6744 31.9314 -1.88074
 -1.43529e-06 0.187099 -0.0427297 -4.85455e-06 -0.577987 0.471301 999.897 -0.0738615 0.589957 -0.330065 -0.0270342 0.683333 1.07836e-05 -0.23318 -2.74033e-05 4.8114e-06 -0.176442 0.00774213 -1.32933e-06 -0.208457 0.0896564 7.77507e-07 -0.227233 0.0487907 0.348979 0.768925 -0.201579 0.0825654 0.70361 -0.797494 0.784949 -0.0764473 0.246202 1.09032 0.028646 -0.124175 -0.111615 -0.105006 0.00383351 0.236958 -0.16555 -0.000528747 0.213442 -0.427382 0.0488586 -0.0978817 -0.116892 0.172942 0.163636 -0.196773 -0.441003 0.386751 -0.181347 -1.53059 0.857538 -0.8611 -0.176485 -0.312957 0.207341 -0.0369465 -0.0524442 0.00455155 0.00321683 0.0789936 -0.00750827 0.219439 0.000325423 -4.95444e-05 -0.00205878 2.80016e-06 -0.353119 0.116326 -0.111731 -0.00487236 0.150882 -0.295638 -0.038309 0.89584 0.0239726 0.00288654 -0.0256851 0.134952 -0.839343 0.0598533 -0.24438 0.0234064 0.0174614 0.00230361 0.000169774 -0.00249567 -0.238411 -0.355597 -0.222784 -0.261958 -0.0637087 0.0795373 0.672306 0.755967 -1.13127 0.203353 0.164407 0.255589 0.395125 -0.130983 -0.140216 0.150964 0.219619 -0.254378 0.0172194 0.00406452 -0.0366295 -0.0678515 -0.0736556 -0.0321441 -0.0521302 -0.0692315 0.362746 -0.543212 0.0991525 0.0122918 0.0470033 -0.0359079 0.0661831 -0.0259146 -0.0445488 -0.0313989 -0.119548 0.0755081 0.331446 -0.240018 0.0512141 0.0464806 0.0776977 -0.585646 0.198016 -0.190214 0.0576755 0.164727 -0.42776 -0.146347 -0.0656739 0.333528 -0.156253 0.173307 0.173735 -0.0405626 0.0450091 -0.033623 0.0756369 0.0116061 0.311839 0.377509 0.022269 -0.134993 -0.0937235 0.00545231 0.00721215 -0.0624794 0.0128314 -0.312507 -0.501657 -0.798139 6.55769 3.93357 1.12647
 9.63745e-08 0.0731673 -0.01631 -1.2235e-06 -0.176319 0.143766 -0.0738615 3.6676 -52.565 -0.109947 -0.00903009 0.225972 3.06691e-06 -0.0645129 -2.24515e-05 1.49279e-06 -0.0488416 0.00213994 8.91762e-08 -0.0435746 0.0187207 5.07867e-07 -0.0694123 0.0149906 0.0670367 0.375948 -0.0966084 0.0315383 0.221405 -0.25079 0.177162 -0.0327365 0.117095 0.229358 0.0894577 -0.163105 -0.0210777 -0.0291328 0.000769798 0.0942628 -0.0516418 -0.00052545 0.0420589 -0.103177 0.0114337 -0.0248552 -0.0324757 0.0480549 0.0513766 -0.072841 -0.187382 0.160979 -0.000203977 -0.510599 0.162042 -0.141711 -0.0504809 -0.102284 0.0437525 0.0131323 -0.0166695 0.00185308 -0.0786611 0.0858628 -0.00257176 0.012257 0.000393458 -7.855e-05 -0.000919057 8.92503e-07 -0.102022 0.0336338 -0.0315609 -0.00136255 0.0422807 -0.101753 -0.0128701 0.298054 0.00229295 -6.06667e-05 -0.000774008 0.0538895 -0.0907084 0.00652066 -0.0547088 0.00521557 0.010548 0.0012084 0.000573506 -0.0017962 -0.0698611 -0.133386 -0.048334 -0.0221289 0.0182117 0.0339904 0.453158 -0.0924301 -0.349772 0.105096 0.0874003 0.292735 0.109657 -0.0475358 -0.219265 -0.0634091 0.129369 -0.0680975 0.0258515 -0.00706381 -0.0251787 -0.0362697 -0.0415105 -0.0157101 -0.0248025 -0.0775182 0.199073 -0.157477 0.010263 -0.0151882 0.05958 -0.0234299 0.0278502 -0.0158523 0.00653022 0.00130724 -0.0849096 0.0022619 0.037216 -0.0564495 0.0279273 0.032448 0.0230652 -0.121143 0.019161 -0.0168413 0.000165732 -0.0447444 -0.120726 0.0300721 0.0710926 0.0931945 -0.0125486 0.0330471 -0.00195596 -0.0605095 -0.069712 0.109836 -0.0319661 0.0933057 0.159658 0.0318898 -0.0740358 -0.0486201 -0.0292386 -0.00139964 0.00420809 -0.0191767 0.00368867 -0.0973479 -0.113897 -0.215924 2.06735 1.20552 0.351236
 -3.50239e-06 -1.03551 0.23611 2.69161e-05 3.62011 -2.95255 0.589957 -52.565 993.542 2.2026 0.183317 -4.5638 -6.03384e-05 1.27838 0.000155518 -2.83121e-05 0.96194 -0.0423634 1.0289e-08 0.855794 -0.367873 -9.4033e-06 1.33572 -0.288606 -1.26508 -6.89859 1.77356 -0.531895 -4.00998 4.54214 -3.29165 0.658269 -2.3738 -4.30143 -1.55765 2.86108 0.421982 0.621283 -0.0180017 -1.81414 1.03255 0.00966777 -0.77822 2.08831 -0.2345 0.518477 0.65971 -0.977759 -1.01107 1.35714 3.49738 -3.00246 0.0733143 9.51226 -3.05939 2.68762 0.950945 1.90876 -0.801799 -0.261353 0.322309 -0.0355576 1.43627 -1.59542 0.0488656 -0.270256 -0.0118023 0.00265796 0.0181886 -1.82197e-05 2.02557 -0.668713 0.639903 0.0279441 -0.859639 1.92331 0.242937 -5.62491 -0.0456574 -0.00200997 0.0384101 -1.14106 1.78329 -0.127463 1.04313 -0.0994653 -0.200585 -0.0223592 -0.0106914 0.0333156 1.29353 2.49433 0.890325 0.405504 -0.322277 -0.629311 -8.43688 1.6653 6.5087 -1.85685 -1.54337 -5.47806 -2.04604 0.886304 4.07209 1.17595 -2.40834 1.27852 -0.497925 0.12239 0.474107 0.679493 0.776238 0.293225 0.454052 1.4284 -3.71369 2.94046 -0.190716 0.275595 -1.11748 0.434079 -0.528594 0.295676 -0.125954 -0.0298843 1.57455 -0.0313718 -0.716146 1.05613 -0.523308 -0.606546 -0.433852 2.26154 -0.364785 0.320999 0.000702487 0.834232 2.26032 -0.550648 -1.32824 -1.75264 0.225911 -0.614575 0.0334464 1.12716 1.30231 -2.05857 0.59814 -1.7378 -2.98068 -0.601359 1.39147 0.910929 0.549909 0.0228714 -0.0813296 0.357884 -0.0684292 1.8143 2.09931 4.02727 -37.9417 -23.33 -6.58987
 -7.37935e-05 14.9052 -3.09804 4.66098e-05 9.17811 -7.51017 -0.330065 -0.109947 2.2026 892.59 -7.15464 150.032 0.000131566 -2.70112 0.00277104 6.8436e-05 -2.29434 0.104715 2.84384e-05 -3.36949 1.457 3.19576e-05 -3.54431 0.770095 6.01782 6.41587 -1.71879 1.40393 5.20317 -5.8956 7.34611 -0.0575884 -0.347165 5.8912 2.76422 -4.97628 3.55968 -0.582135 -0.00386288 4.77733 -1.33585 -0.0333509 3.25661 1.2905 -0.239375 -0.199371 -0.149848 0.228124 1.6221 1.29024 -5.15364 3.2955 0.187704 -1.8952 2.66258 -2.94063 3.5242 2.5987 1.17396 -2.9127 0.797225 -0.0599741 -2.93709 4.53324 0.0131368 -5.20118 -0.06667 0.0184022 -0.0345118 2.54492e-05 -3.91144 1.29645 -0.576181 -0.0200324 0.623284 -0.773535 -0.0530515 1.58046 -0.488832 -0.271718 2.09847 -1.629 -5.41154 0.405165 0.364793 -0.0384591 0.760231 0.00153873 -0.0104946 0.0089972 -0.278275 -6.61074 -0.788352 4.3444 6.24256 7.6733 -7.76974 -4.04906 2.02425 14.9622 4.78942 -10.0871 3.09491 -1.61871 -3.28345 3.09064 8.75137 13.6914 -16.6429 1.80002 2.11468 0.770601 -0.401072 -0.720815 -0.895853 2.78014 -5.14792 0.428386 3.25054 -3.32063 0.92809 0.106504 -1.81622 0.156198 -0.38466 1.32501 -5.12513 9.30352 -10.3186 7.0057 -1.94089 -0.842605 1.37198 -5.32244 0.430001 -3.25761 -1.21401 1.23113 -0.249364 -0.359918 -0.878592 -1.03436 -1.32672 1.28987 -0.0170221 -2.6207 0.31299 0.767503 -1.13457 0.177537 -2.04675 1.16599 1.99456 -1.34937 -2.66383 -0.954136 -0.890375 0.177178 -0.0034745 -0.734779 -1.39837 2.84644 42.4296 -29.9364 0.679326
 -4.30926e-06 1.06773 -0.222032 4.14358e-06 0.690538 -0.565098 -0.0270342 -0.00903009 0.183317 -7.15464 2.32508 -33.7327 8.61415e-06 -0.177052 0.000138301 4.53018e-06 -0.147944 0.00665953 2.03634e-06 -0.23402 0.101067 2.12506e-06 -0.241902 0.0524411 0.250965 0.780449 -0.201671 0.138245 0.546027 -0.618378 0.438615 -0.0349602 0.10679 0.172882 0.357885 -0.601333 0.195794 -0.0484479 0.000119795 0.138502 -0.0567733 -0.00123073 0.0569127 0.089396 -0.0139028 -0.0297817 -0.0283037 0.0424411 -0.0702721 0.0699179 0.0121164 -0.0304027 0.0891807 -0.250915 -0.0236826 0.0513908 0.153344 -0.00408929 0.171022 -0.189671 0.0192178 -0.00167713 -0.0651579 0.107696 0.00117826 -0.158729 -0.000602744 0.000225233 -0.00163452 1.74689e-06 -0.245321 0.0812541 -0.0483099 -0.00185982 0.0569506 -0.00753172 0.000924487 -0.0140623 -0.0173968 -0.00932567 0.0712022 -0.139615 0.246233 -0.01715 0.0465313 -0.00479569 0.0328647 0.00267234 0.000902959 -0.00360504 -0.0275871 -0.493757 0.136399 0.689945 0.623193 0.635067 -0.409607 -0.161871 -0.160872 0.39102 0.0828266 -0.155068 0.387903 0.0284556 -0.463646 -0.255135 0.13839 0.426403 -0.204723 -0.0130676 -0.0342138 -0.0204816 -0.0471592 -0.0544029 -0.0707818 0.0747036 -0.150296 -0.0414113 0.108695 -0.0921115 -0.00342807 -0.0236003 -0.0627412 0.00151799 0.0543187 -0.00695078 -0.137619 0.306126 -0.286044 0.0305288 -0.0013281 -0.0440533 0.0326363 -0.236003 0.0264425 -0.0579097 -0.0295701 -0.0292559 -0.0856303 0.0312875 -0.00241342 -0.0606872 -0.0609342 0.000226697 0.0207557 -0.0740276 0.0180608 -0.0133118 -0.0896543 0.00600337 0.0516362 -0.00299927 -0.0201971 -0.0299687 -0.0360588 -0.0262597 -0.025991 0.000267613 0.000338746 -0.0808558 -0.170948 -0.199961 3.13713 -1.07777 0.18632
 9.89285e-05 -24.8024 5.15768 -9.34329e-05 -15.9796 13.0769 0.683333 0.225972 -4.5638 150.032 -33.7327 784.124 -0.000206095 4.24612 -0.00356201 -0.000107675 3.55987 -0.160495 -4.64795e-05 5.60229 -2.41972 -4.84961e-05 5.75538 -1.24786 -5.91057 -17.9514 4.641 -3.17876 -12.571 14.2369 -10.3947 0.885718 -2.75571 -4.16528 -8.17409 13.7497 -4.58943 1.2504 -0.0081792 -3.27658 1.41872 0.028191 -1.33386 -1.91214 0.301841 0.764641 0.732033 -1.09828 1.60332 -1.67052 -0.0376002 0.54426 -1.95808 5.80763 0.443612 -1.06701 -3.64756 0.00383672 -3.93129 4.41699 -0.462919 0.0400533 1.65223 -2.60792 -0.028802 3.8539 -0.00115843 -0.00118725 0.0423449 -4.21867e-05 5.88789 -1.95088 1.1893 0.0461834 -1.40763 0.109243 -0.0279592 0.470378 0.396548 0.213837 -1.63339 3.35466 -5.46106 0.379162 -1.07676 0.110964 -0.74418 -0.0609648 -0.0202737 0.0819152 0.650111 11.4908 -3.21868 -15.9468 -14.1682 -14.5232 9.52995 3.88585 3.73228 -10.0343 -2.11452 3.97283 -8.97616 -0.588443 10.7212 5.73066 -3.46457 -10.2398 5.27596 0.235049 0.711228 0.439018 1.0952 1.27762 1.65297 -1.80611 3.62807 0.929481 -2.59488 2.2263 0.0500511 0.540516 1.50109 -0.0422096 -1.22432 0.118347 3.32785 -7.325 6.90057 -0.937416 0.0982415 1.03597 -0.793877 5.57802 -0.621644 1.43591 0.721808 0.632632 1.97357 -0.700952 0.0790615 1.41745 1.4386 -0.0439408 -0.471661 1.78173 -0.420599 0.275208 2.0896 -0.142185 -1.11101 0.0290088 0.396714 0.732151 0.915912 0.635332 0.626567 -0.0118958 -0.00795341 1.87102 3.93888 4.45451 -73.0894 25.6534 -4.27583
 2.02083e-10 -5.78907e-05 1.28052e-05 8.14139e-10 0.000146482 -0.000119602 1.07836e-05 3.06691e-06 -6.03384e-05 0.000131566 8.61415e-06 -0.000206095 1000 7.83883e-05 -6.16573e-06 -7.81676e-10 4.3504e-05 -1.58649e-06 2.76647e-10 3.0067e-05 -1.28425e-05 2.81777e-11 3.99316e-05 -8.41075e-06 -0.000291304 -0.0005694 0.000149918 -3.05205e-05 -0.000174033 0.000197036 -6.78718e-05 2.59303e-05 -9.71191e-05 -0.000146519 5.80094e-05 -8.51675e-05 0.000115291 2.82802e-05 -9.01594e-07 -0.000379245 0.000147901 3.73731e-06 -5.45258e-05 0.000173234 -1.98539e-05 2.63434e-05 3.55844e-05 -5.31124e-05 9.03437e-05 -1.81348e-05 -0.000200434 0.000151063 3.81346e-05 3.61672e-05 -1.84428e-05 1.86462e-05 0.000119718 -4.14383e-05 -4.18941e-05 6.28388e-05 -3.41051e-06 3.63307e-07 -3.79494e-05 -6.30519e-06 1.54056e-06 -5.54345e-05 -1.08081e-06 2.92331e-07 -7.07764e-07 -5.25418e-10 6.70861e-05 -2.18537e-05 1.1528e-05 4.6484e-07 -1.36459e-05 4.09187e-05 5.41341e-06 -0.000131472 2.62545e-07 1.16953e-06 -1.00691e-05 -4.48732e-05 0.000276983 -1.9553e-05 9.53332e-06 -8.02538e-07 1.25447e-05 -9.46967e-07 -1.80069e-07 1.13661e-06 -6.75013e-05 -3.96244e-05 3.41717e-05 8.28166e-05 3.44972e-05 5.46465e-06 -2.12484e-05 -6.70981e-06 -0.000108796 -8.31579e-06 2.14815e-06 0.000250883 0.000156824 -0.000124108 -8.51668e-05 4.74463e-05 3.72275e-05 6.67069e-05 4.3911e-05 -1.47274e-05 -0.000100586 -1.32128e-05 6.38554e-05 3.38195e-05 -4.92831e-05 -3.35273e-05 -7.60885e-05 4.59243e-05 3.67171e-05 1.27232e-05 -8.31726e-06 -1.40729e-05 -3.17234e-05 8.55773e-07 -1.72592e-05 -2.98598e-05 -3.36913e-05 -2.89271e-05 -2.88877e-05 -3.30933e-05 -1.0327e-05 1.04849e-05 2.31095e-05 3.35935e-05 2.70493e-05 2.19474e-05 8.86341e-06 -3.26475e-06 -4.00415e-05 -4.52664e-05 -1.85521e-05 3.86643e-06 2.38542e-05 -6.78645e-06 -3.46196e-05 -4.48354e-07 -5.87291e-06 7.96599e-06 -7.11806e-06 -5.25295e-06 7.32149e-06 2.7328e-05 3.71145e-05 -1.66771e-05 -4.49621e-06 -9.60321e-06 -5.65134e-06 -4.74784e-06 3.4694e-06 2.75252e-05 5.65314e-05 7.16732e-05 -0.000672675 -0.000206836 -9.20557e-05
 -1.27839e-05 2.03187 -0.439478 -1.3952e-05 -2.53646 2.06979 -0.23318 -0.0645129 1.27838 -2.70112 -0.177052 4.24612 7.83883e-05 998.043 -2.65669 1.32829e-05 -1.01329 0.0378828 -1.00885e-05 -0.593152 0.252615 -6.42411e-06 -0.788456 0.164791 8.5227 13.9364 -3.69611 0.807339 4.4651 -5.05652 2.55965 -0.560453 2.0156 4.84688 -0.506633 0.487963 -3.44218 -0.751184 0.0274093 7.69071 -3.37919 -0.0808936 1.41886 -4.90213 0.565896 -0.657205 -0.904357 1.34832 -1.98334 1.43714 4.22588 -3.54477 -1.41601 -0.249917 1.23784 -1.44311 -3.50978 1.71657 0.870499 -1.7394 0.069275 -0.00625811 0.840486 0.25227 -0.0325337 1.06895 0.0102184 -0.00264716 0.0204141 1.04436e-05 -1.46929 0.476963 -0.220675 -0.00833728 0.248063 -0.927832 -0.119717 2.91774 0.00846978 -0.0202932 0.180785 1.303 -8.90726 0.640002 -0.159476 0.0123907 -0.328535 0.0200764 0.00389345 -0.0241765 2.01332 1.79523 -0.466698 -1.77777 -0.735517 -0.0325364 0.916021 0.298845 2.14873 -0.0304239 -0.095195 -4.74651 -3.93071 2.16954 3.34847 -0.807601 -0.783546 -1.72715 -0.24423 0.559449 1.94369 0.245392 -1.43378 -1.22174 1.581 1.2234 2.02173 -0.89356 -0.691148 -0.132454 0.181624 0.249117 0.643798 0.0899458 0.499909 0.720898 0.808381 0.527619 0.749159 0.732335 0.203957 -0.325199 -0.722324 -0.930236 -0.646842 -0.557706 -0.437062 -0.14381 0.435847 0.479279 0.0568829 -0.0256181 -0.242543 0.17229 0.638797 -0.0936952 -0.0209219 -0.40988 0.00173956 -0.0330635 -0.318689 -1.09819 -1.46657 -0.129143 -0.108048 0.0355656 -0.03151 0.252558 -0.104989 -0.498416 -1.12083 -1.35049 12.4737 3.31895 1.6453
 1.93743e-07 -0.0225288 0.00472444 2.65828e-08 -0.00492001 0.00403876 -2.74033e-05 -2.24515e-05 0.000155518 0.00277104 0.000138301 -0.00356201 -6.16573e-06 -2.65669 0.824336 2.35336e-07 -0.00612501 0.000321806 2.40721e-08 -0.00277797 0.00121939 5.57895e-08 -0.0041118 0.000920396 -0.034134 -0.0579849 0.0153087 -0.00582218 -0.0240927 0.0272829 -0.0122854 -0.000162196 0.00160983 -0.0189629 -0.00467432 0.00905376 0.001546 -0.00177205 0.000162577 -0.037797 0.00854604 0.000385362 -0.0124255 0.00620036 -0.000429978 -8.73226e-06 -0.000691695 0.00100873 0.00337945 -0.0063503 -0.0168715 0.0144554 0.00243772 -0.00091022 -0.00605261 0.00724279 0.00635391 -0.00683271 -0.00563052 0.00963195 -0.000564412 4.81938e-05 -0.00123017 -0.00102861 5.53682e-05 -0.00127091 9.4712e-05 -2.60942e-05 -4.70349e-05 6.6981e-08 -0.00440807 0.00154145 -0.000455636 -1.9856e-05 0.000520966 0.00161519 0.000151388 -0.00402739 -0.000311167 -0.000215482 0.00153319 -0.00415862 0.0315023 -0.00225653 -0.000269494 3.66094e-05 0.000211456 -8.04452e-05 -1.43206e-05 9.55888e-05 -0.00717189 -0.00395369 6.51918e-05 0.00316014 0.00167979 0.000488834 -0.00193864 -0.00118096 -0.00692835 -0.00201603 0.000364535 0.0165202 0.0130162 -0.00722788 -0.0112739 0.00224895 0.00227414 0.00558168 0.00103542 -0.00233279 -0.0066324 -0.000565431 0.00541803 0.0045665 -0.00551897 -0.00438082 -0.00690787 0.0030843 0.00221248 0.000196457 -0.000635795 -0.000937757 -0.00196956 -0.000433316 -0.00181924 -0.00242812 -0.00251631 -0.00209306 -0.00188758 -0.00274927 -0.000600093 0.00126946 0.00277967 0.00349673 0.00241948 0.0018987 0.00133485 0.000202291 -0.00170764 -0.00159976 0.000442402 0.000644476 0.00120312 -0.000621098 -0.00200911 0.000523577 9.8037e-05 0.00192193 0.000149626 0.000342317 0.00127032 0.00393585 0.00483855 0.000571617 0.000406657 7.37062e-05 0.00030419 -0.000973182 0.000376689 0.00175643 0.0044969 0.00439932 -0.0616548 0.0142132 -0.00448549
 -3.5033e-10 -2.90047e-05 6.30933e-06 2.08879e-10 4.72576e-05 -3.85774e-05 4.8114e-06 1.49279e-06 -2.83121e-05 6.8436e-05 4.53018e-06 -0.000107675 -7.81676e-10 1.32829e-05 2.35336e-07 1000 1.9413e-05 -3.29013e-06 -3.42689e-10 1.74609e-05 -7.43339e-06 -4.88471e-10 2.27e-05 -4.7548e-06 1.51767e-05 -6.08459e-06 1.20675e-06 -1.08802e-05 -5.09186e-05 5.76193e-05 3.73681e-05 1.02725e-05 -4.40774e-05 6.12819e-05 1.10514e-05 -2.29492e-05 -1.9117e-05 4.41583e-06 -1.59108e-08 -0.000135864 3.56469e-05 1.02935e-06 -3.92198e-05 1.05225e-05 -2.29908e-07 5.76874e-06 9.52921e-06 -1.41909e-05 7.18824e-05 -1.54287e-05 -0.000191042 0.000143564 -1.6508e-05 6.57608e-05 2.45597e-05 -3.51723e-05 6.23473e-06 2.22085e-05 -3.85725e-05 2.87829e-05 6.37422e-06 -4.79347e-07 -1.19798e-05 1.42257e-05 9.35143e-08 -1.95305e-05 -2.4145e-06 6.32436e-07 3.11133e-07 -3.27293e-10 2.62226e-05 -8.52991e-06 6.39651e-06 2.99604e-07 -8.78387e-06 1.26079e-05 2.05992e-06 -5.04209e-05 1.11922e-06 1.72336e-06 -1.41445e-05 -3.57929e-06 -0.000300439 2.263e-05 1.75584e-05 -1.67454e-06 2.37344e-06 -9.19773e-07 -2.18467e-07 1.14787e-06 -2.64325e-05 -2.52852e-05 5.15817e-05 9.2037e-05 5.23653e-05 4.1329e-05 4.29129e-05 -4.24647e-06 -0.000152803 -6.35714e-05 -1.87376e-05 0.000246825 -1.20618e-05 0.000137663 -5.83783e-05 3.22965e-06 7.26767e-05 -2.96473e-05 4.21337e-05 -2.1797e-05 -3.6578e-05 -2.29001e-05 -1.73372e-05 3.87952e-06 7.21624e-06 4.63383e-05 -1.47954e-05 -2.0153e-06 -4.00562e-05 -4.73354e-06 6.90427e-06 6.60175e-06 -8.97059e-06 -6.03258e-06 -1.63473e-05 -1.06396e-05 -1.66835e-05 -2.83996e-05 -2.86192e-05 -1.17823e-05 -9.05189e-06 -2.30347e-07 1.2364e-06 1.28487e-05 8.98875e-06 -7.66385e-06 -1.14475e-05 -1.14414e-05 -1.23567e-05 -3.02759e-05 -3.99448e-05 -4.73481e-06 2.75017e-06 -8.1204e-06 3.90379e-06 8.45794e-06 -1.34946e-05 2.71915e-05 -5.14485e-08 -1.91102e-05 -1.14856e-05 -1.54523e-05 -7.80021e-06 -1.70319e-05 -4.11078e-06 -8.98455e-06 -7.54578e-06 6.40624e-06 1.28904e-06 2.06904e-05 4.03895e-05 4.98611e-05 -0.000429623 -0.000266221 -7.48109e-05
 -3.0169e-06 1.5334 -0.330966 -8.12979e-06 -1.42655 1.16299 -0.176442 -0.0488416 0.96194 -2.29434 -0.147944 3.55987 4.3504e-05 -1.01329 -0.00612501 1.9413e-05 997.018 -46.7446 -3.12283e-07 -0.522277 0.222532 2.15313e-06 -0.673915 0.141546 3.89823 4.16372 -1.13047 0.468068 2.59188 -2.93636 1.2521 -0.29887 1.08792 2.55825 0.0291721 -0.227496 -1.19882 -0.393191 0.0138978 4.04669 -1.64912 -0.0385416 1.89459 -2.58484 0.272987 -0.356885 -0.517515 0.76964 -1.40524 2.01998 3.44829 -3.18337 -0.609041 -0.765737 0.742817 -0.804666 -1.80443 0.977102 1.16995 -1.72843 -0.17698 0.017137 0.149544 0.192327 -0.0176359 0.538272 0.0335857 -0.00855183 0.00222037 9.42597e-06 -0.969393 0.315345 -0.208877 -0.00897163 0.26774 -0.701235 -0.0954668 2.33429 -0.0659552 -0.0524697 0.431922 0.563456 0.596013 -0.053504 -0.353056 0.0318939 -0.137607 0.0276972 0.00524288 -0.0332252 1.68963 1.76456 -1.06305 -2.57209 -1.35541 -0.799007 -0.346812 0.808069 3.54283 1.46534 0.398822 -6.88027 -2.50123 -0.303966 3.88667 1.2787 -3.34351 -3.19315 2.66087 -0.0805704 1.13147 0.576345 0.199511 -0.301514 -0.522161 0.767853 0.690634 0.138764 0.556602 0.483647 0.0678251 0.0069127 0.301606 0.212061 0.770683 0.592322 0.681437 0.579535 0.978415 0.493895 0.418842 0.213143 -0.279708 -1.33418 -0.397874 -0.0586576 0.0803668 0.0701838 0.167064 0.218436 0.444012 0.203402 0.224298 -0.316467 -0.0922176 0.0251674 0.263165 -0.712963 -0.847467 0.232472 0.0937754 -0.395568 -0.757575 -0.584503 -0.280117 -0.0503311 -0.00587317 0.0691305 -0.0879287 -0.524923 -0.965526 -1.25403 11.7875 5.48471 1.83568
 3.03291e-07 -0.0858941 0.0184247 3.80318e-07 0.0564191 -0.0459657 0.00774213 0.00213994 -0.0423634 0.104715 0.00665953 -0.160495 -1.58649e-06 0.0378828 0.000321806 -3.29013e-06 -46.7446 3.06943 3.47496e-08 0.0203623 -0.00864247 -4.29123e-08 0.0265498 -0.00553151 -0.188157 -0.205596 0.0557168 -0.02497 -0.129584 0.146807 -0.0620875 0.0128376 -0.0460964 -0.123138 -0.00577233 0.0181483 0.0528893 0.0165221 -0.00053552 -0.197146 0.0763777 0.00188812 -0.0940298 0.115873 -0.0119957 0.0150809 0.0216314 -0.0321697 0.0647096 -0.0971268 -0.166316 0.153499 0.0274325 0.036034 -0.0356801 0.0387211 0.0821814 -0.0470097 -0.0576436 0.084846 0.0080709 -0.000785772 -0.00597531 -0.0092411 0.000797955 -0.0238946 -0.00136922 0.000345104 -8.29245e-05 -3.41056e-07 0.0396807 -0.0128335 0.00894276 0.000382575 -0.0114963 0.0323543 0.00433272 -0.10627 0.00246489 0.00210436 -0.0175639 -0.0276393 -0.0291833 0.00260475 0.0160663 -0.00144619 0.00584746 -0.00132959 -0.000250338 0.00159361 -0.0804549 -0.0848332 0.0483434 0.123318 0.0664941 0.0393316 0.0165951 -0.0385593 -0.167524 -0.0745432 -0.020866 0.328659 0.119264 0.0140548 -0.185131 -0.0611134 0.159323 0.152411 -0.126762 0.00382574 -0.0540908 -0.0273391 -0.00916487 0.0146263 0.0249772 -0.0366481 -0.0328981 -0.00663264 -0.0265356 -0.023057 -0.00307208 -0.000316776 -0.0141182 -0.0101664 -0.0366864 -0.0281365 -0.0322597 -0.0279067 -0.04605 -0.0236954 -0.0198765 -0.0100382 0.0135717 0.0638327 0.0191756 0.00277873 -0.00392902 -0.00350141 -0.00815094 -0.0105444 -0.0207635 -0.00925326 -0.0103059 0.0149838 0.00439059 -0.00112311 -0.0125897 0.0343673 0.0403356 -0.0109682 -0.00434159 0.0190484 0.0359111 0.0278964 0.0133193 0.00253907 0.000424874 -0.00334801 0.00419067 0.0251054 0.0468415 0.0597523 -0.582181 -0.235318 -0.0864246
 -1.00645e-09 3.22985e-05 -6.75725e-06 8.52481e-11 4.04475e-05 -3.31055e-05 -1.32933e-06 8.91762e-08 1.0289e-08 2.84384e-05 2.03634e-06 -4.64795e-05 2.76647e-10 -1.00885e-05 2.40721e-08 -3.42689e-10 -3.12283e-07 3.47496e-08 1000 -3.23828e-06 2.10702e-06 -4.84114e-10 6.09358e-06 -1.35944e-06 6.63813e-05 -6.54619e-06 2.98956e-07 7.55547e-06 5.13226e-05 -5.81652e-05 7.22044e-05 6.21977e-06 -3.03707e-05 0.000141885 -4.11058e-05 5.71445e-05 -3.83841e-05 -3.38166e-06 3.46849e-07 -4.95604e-05 2.13448e-06 2.15959e-07 -9.4459e-06 -3.75542e-05 4.96252e-06 -2.89642e-06 -2.60067e-06 3.83392e-06 3.46461e-05 1.40226e-05 -7.24168e-05 4.75093e-05 -3.37809e-05 1.77652e-05 6.50967e-05 -7.8042e-05 -3.00766e-05 2.33973e-05 -7.81577e-06 -3.32798e-06 -5.52623e-08 1.82515e-07 -2.04435e-05 7.70756e-06 -1.06471e-07 -3.23142e-06 -1.65809e-06 4.30089e-07 3.08788e-07 -1.2113e-10 -1.53426e-06 4.51629e-07 -4.02007e-07 1.909e-08 -7.87216e-07 3.85087e-06 5.92793e-07 -1.29794e-05 1.24429e-06 7.77401e-07 -5.87047e-06 4.8654e-06 -0.000332104 2.45073e-05 8.57571e-06 -8.45473e-07 1.08249e-06 -6.14155e-07 -2.16582e-07 8.3775e-07 1.12574e-06 -3.26354e-05 -4.67789e-05 -7.43449e-05 -2.33371e-05 1.52583e-05 7.64991e-05 0.000371267 -0.000187295 -6.74315e-05 -3.6763e-05 -6.21091e-05 -7.08776e-05 0.000112683 2.78023e-05 4.32396e-06 7.03895e-05 5.32385e-07 -3.11036e-05 7.90943e-06 3.23111e-05 -1.20251e-05 -1.23317e-05 -7.38321e-06 -4.20081e-06 4.47703e-06 1.19143e-05 -7.74805e-06 5.67173e-06 1.15084e-06 1.1731e-05 1.34667e-05 3.12919e-06 3.56192e-06 -1.35199e-05 -7.67489e-06 -9.68596e-07 -6.7914e-06 1.09028e-05 -7.22976e-06 1.29541e-05 3.16356e-06 1.42091e-07 -3.99075e-06 1.2709e-07 -8.23866e-06 2.07628e-06 1.80934e-05 1.32269e-06 -4.47655e-05 -4.73526e-05 2.32708e-05 1.63112e-05 -7.35055e-06 1.09659e-05 1.92215e-05 -6.92776e-06 3.46171e-05 -9.38137e-06 -4.90477e-08 -8.95323e-06 -2.29312e-05 -2.12916e-05 -2.1684e-05 -5.77036e-06 -4.69943e-06 -2.66594e-06 3.22308e-06 -1.00654e-07 1.98754e-06 9.21689e-06 9.27109e-07 -4.09502e-05 -2.46892e-05 -7.05702e-06
 -1.54879e-05 0.498735 -0.117674 -1.9094e-05 -4.3824 3.58112 -0.208457 -0.0435746 0.855794 -3.36949 -0.23402 5.60229 3.0067e-05 -0.593152 -0.00277797 1.74609e-05 -0.522277 0.0203623 -3.23828e-06 838.898 -362.733 1.10951e-05 -1.59467 0.345845 -0.418603 4.95044 -1.2485 -0.170651 -0.323118 0.366091 -0.733551 -0.620385 2.52407 0.0143993 2.18473 -3.5888 0.263863 -0.236573 0.00167674 2.48877 -0.774899 -0.0161953 0.465156 -0.413678 0.0341746 -0.239349 -0.277692 0.413997 -0.60568 -0.530372 1.94102 -1.22428 0.730753 -2.66189 -0.995023 1.42454 -0.0394894 -1.45642 0.793293 -0.0353658 -0.145875 0.0151245 -0.386005 -0.800979 0.0227094 0.0636999 -0.0196236 0.00554417 -0.00313509 7.94609e-06 -1.01518 0.338549 -0.421264 -0.0212137 0.629113 -0.945553 -0.119472 2.77573 -0.107901 -0.0475702 0.374052 -1.59238 2.79401 -0.191192 -0.428571 0.0420529 0.0870104 0.0394046 -0.00280915 -0.0369467 -0.323938 2.50698 1.96226 1.53356 -0.632466 -0.184654 -33.1947 14.9705 0.927706 3.21629 1.25834 3.83173 -6.5936 1.02085 2.36865 -1.0137 0.185281 -1.23924 -0.0773812 -0.0606388 1.26793 0.19814 0.161218 0.619742 1.0193 0.284342 -0.157457 -0.581382 0.898528 -0.212772 -0.0693505 0.00327776 0.693306 1.47365 -0.373982 0.0789021 0.40581 0.0913977 0.915678 -0.899538 0.140728 0.0617903 0.316159 -0.408646 0.116113 0.604237 0.648113 0.387527 0.171972 1.07625 0.804984 -0.355231 -0.247988 -0.893918 -0.170487 0.0815043 -0.0484866 1.49415 -0.335322 0.39665 0.923958 0.331075 0.0745203 -1.0118 -0.445575 -0.0844298 0.104538 -0.337176 0.0248524 -0.701948 -0.711692 -1.42338 16.1863 6.78525 2.43234
 6.82149e-06 -0.229441 0.0537546 8.22508e-06 1.89093 -1.54519 0.0896564 0.0187207 -0.367873 1.457 0.101067 -2.41972 -1.28425e-05 0.252615 0.00121939 -7.43339e-06 0.222532 -0.00864247 2.10702e-06 -362.733 158.406 -4.83817e-06 0.689501 -0.149531 0.181431 -2.15096 0.542475 0.0729381 0.135788 -0.153851 0.316357 0.267925 -1.09006 -0.00663648 -0.950985 1.56221 -0.115276 0.100323 -0.000620144 -1.07768 0.334256 0.00702618 -0.201718 0.175058 -0.0142599 0.102305 0.118755 -0.177025 0.262217 0.230416 -0.841977 0.530962 -0.317367 1.15498 0.432409 -0.618891 0.0164305 0.631549 -0.344699 0.0161286 0.0628766 -0.00652637 0.168453 0.347547 -0.00989746 -0.0258692 0.00864724 -0.00244062 0.00129737 -3.39428e-06 0.4381 -0.146088 0.181765 0.00914713 -0.271371 0.409185 0.0517119 -1.20149 0.0456083 0.0203887 -0.1603 0.693494 -1.21192 0.0829161 0.185176 -0.0181718 -0.0370356 -0.0170935 0.00122174 0.0160241 0.140715 -1.08419 -0.852804 -0.669776 0.273168 0.0875842 14.4032 -6.5014 -0.399787 -1.39432 -0.547852 -1.66117 2.86013 -0.443635 -1.02722 0.439604 -0.080918 0.537227 0.03413 0.026374 -0.550348 -0.085942 -0.069882 -0.268738 -0.441897 -0.123073 0.0682642 0.25209 -0.389863 0.0923385 0.0302135 -0.00148456 -0.300505 -0.639244 0.162318 -0.0340661 -0.175827 -0.0400477 -0.396748 0.389991 -0.0611473 -0.0268726 -0.137109 0.177266 -0.0503265 -0.262277 -0.281341 -0.16834 -0.074828 -0.466906 -0.348858 0.154164 0.107685 0.387424 0.0737648 -0.035515 0.0207989 -0.647786 0.145204 -0.172176 -0.400759 -0.143559 -0.0327377 0.438668 0.193006 0.0366051 -0.0453529 0.146244 -0.0107921 0.304536 0.30961 0.617479 -7.04223 -2.91451 -1.05377
 -6.91491e-10 3.54055e-05 -7.34197e-06 2.72508e-10 6.80251e-05 -5.56453e-05 7.77507e-07 5.07867e-07 -9.4033e-06 3.19576e-05 2.12506e-06 -4.84961e-05 2.81777e-11 -6.42411e-06 5.57895e-08 -4.88471e-10 2.15313e-06 -4.29123e-08 -4.84114e-10 1.10951e-05 -4.83817e-06 1000 1.6104e-05 -3.57398e-06 0.000103903 -0.00012866 3.04925e-05 1.30573e-05 6.44948e-05 -7.31275e-05 9.59541e-05 1.01938e-05 -4.61627e-05 0.000162093 2.24492e-05 -4.8879e-05 -4.77952e-05 -3.68226e-06 5.45931e-07 -9.78125e-05 1.23775e-05 5.87687e-07 -3.16741e-06 -4.77474e-05 5.86964e-06 -2.24305e-06 -3.24066e-06 4.67588e-06 2.01643e-05 5.97717e-05 -4.41107e-05 1.13998e-05 -5.20642e-05 2.58664e-05 0.000109287 -0.000130807 -3.6799e-05 4.13654e-05 -1.60706e-05 -4.16377e-06 -1.54708e-07 1.76598e-07 -1.61892e-05 6.44674e-06 9.49133e-08 -9.49913e-06 -1.97723e-06 5.30512e-07 4.31834e-07 -1.9366e-10 9.3427e-06 -3.26753e-06 2.17051e-06 1.39783e-07 -3.80311e-06 5.87712e-06 1.01543e-06 -2.2684e-05 1.5931e-06 1.05928e-06 -8.12757e-06 1.16039e-05 -0.000309146 2.29656e-05 5.38123e-06 -5.53896e-07 4.21581e-07 -6.1473e-07 -2.25428e-07 8.47155e-07 1.00061e-05 -1.48356e-06 6.42689e-06 5.63112e-06 1.17466e-05 2.25461e-05 8.86994e-05 9.51921e-05 -0.000104127 -6.83335e-05 -3.07386e-05 -2.08868e-05 -8.02274e-06 0.000105431 7.65567e-05 -2.69472e-05 2.77564e-05 -4.46216e-05 0.000113411 -3.72497e-05 -9.17572e-08 -2.84502e-07 -6.68063e-07 -4.79615e-06 3.3649e-06 3.68009e-05 8.92919e-06 -5.77831e-07 -2.85087e-05 2.1913e-05 -1.19291e-06 6.0626e-06 2.29008e-06 9.34159e-06 6.64942e-06 4.97726e-06 3.65715e-06 -1.4118e-05 1.46954e-05 -1.50055e-05 2.65536e-06 -8.50875e-06 -1.44727e-05 -4.83757e-06 8.67779e-06 -3.62909e-06 1.00076e-05 1.08747e-05 -2.1777e-05 -9.63928e-05 -6.49499e-05 3.26479e-05 1.59725e-05 5.70236e-07 3.803e-06 8.94658e-06 -9.23126e-06 3.69269e-07 6.42835e-06 -1.54954e-05 -1.55639e-05 -2.96663e-05 -3.75944e-05 -2.47187e-05 -1.01229e-05 -9.67458e-06 -9.25044e-06 8.17456e-06 -5.66726e-07 8.9871e-06 1.09005e-05 1.4412e-05 -0.000194623 -0.000105244 -3.2082e-05
 1.14167e-05 -0.728002 0.139315 -2.13937e-05 -4.58711 3.74876 -0.227233 -0.0694123 1.33572 -3.54431 -0.241902 5.75538 3.99316e-05 -0.788456 -0.0041118 2.27e-05 -0.673915 0.0265498 6.09358e-06 -1.59467 0.689501 1.6104e-05 953.274 -207.316 -0.295883 12.3994 -3.13534 0.060366 0.531871 -0.599259 -4.00451 -0.987286 4.20677 -2.81417 0.748952 -1.01979 0.447937 -0.30562 -0.00299232 4.16593 -1.24552 -0.0315921 -1.11725 0.382807 -0.0311213 -0.247826 -0.288584 0.434386 -0.738579 -1.89728 1.45305 -0.399878 1.41072 -3.99763 -2.40424 3.20921 0.340245 -2.41749 0.683217 0.608471 -0.0999488 0.00741833 0.296575 -0.187485 -0.0241921 1.14508 0.0363492 -0.00981573 -0.0092803 1.22717e-05 -1.14546 0.384705 -0.342969 -0.0172609 0.499184 -0.906997 -0.122039 2.82791 -0.119609 -0.063595 0.503446 -0.576571 1.93044 -0.143699 -0.311479 0.0314399 -0.0055582 0.035774 0.00184367 -0.0379599 -0.57757 0.54703 -0.62998 -1.56385 -1.14711 -0.660169 -8.91806 3.55058 1.93716 3.06921 1.32555 1.35032 -7.01562 -0.822566 4.49706 -0.0539781 -2.16105 -6.92427 1.80369 0.806358 -0.751839 -0.565699 -0.317166 0.317829 -0.240568 -0.867637 -0.927041 0.478496 1.31815 -0.639172 -0.0679235 -0.072781 0.230741 -0.179983 0.176814 0.130371 0.176354 0.369144 0.354982 0.111786 0.294125 0.599894 0.927044 0.586139 0.162559 0.198726 0.0738267 0.10385 0.250469 2.25839 1.6259 -0.440166 -0.329252 -0.127508 0.269574 0.278577 0.337398 0.811337 0.110848 0.491744 2.06388 1.37797 0.587066 -0.521608 -0.0293862 0.236911 0.357974 -0.496469 0.0337311 -0.788085 -0.944572 -1.60794 18.1055 7.68478 2.73235
