 1000 0.00274988 -0.000570945 -1.20119e-09 -0.000136843 0.00011204 -5.00094e-06 -9.89975e-07 1.69577e-05 -8.28085e-05 -4.80447e-06 0.000110405 5.83131e-10 -1.99099e-05 2.14862e-07 -1.68187e-10 -1.00535e-05 6.35545e-07 -9.83346e-10 -2.73836e-05 1.19681e-05 -5.87905e-10 9.08143e-07 -6.47139e-08 9.74332e-06 -0.000340625 8.55964e-05 -6.11865e-05 -0.000221716 0.000250296 1.64043e-06 -4.55307e-06 1.68397e-05 9.53411e-05 -0.000103074 0.00016235 -6.77509e-05 -5.80997e-06 9.26955e-07 -0.000144199 1.88916e-05 1.32274e-06 -1.98558e-05 -7.75099e-05 1.07408e-05 -6.8259e-06 -1.41568e-05 2.07505e-05 8.11139e-05 -7.09627e-05 -0.000279451 0.000227084 -6.66493e-05 8.62317e-05 0.000109069 -0.000135765 -4.76916e-05 1.31545e-05 -5.20303e-05 5.09268e-05 -2.9053e-06 2.18783e-07 2.71443e-05 8.26997e-06 -2.83376e-07 2.09773e-06 -3.95679e-06 1.07192e-06 4.39376e-07 -4.92789e-11 -1.67427e-05 5.86051e-06 2.10098e-07 -3.61626e-08 -3.28039e-07 9.4057e-06 8.56038e-07 -2.0708e-05 3.1727e-06 2.31517e-06 -1.8037e-05 -1.33192e-05 -0.000343263 2.5201e-05 8.45559e-06 -9.4761e-07 -8.74803e-06 -1.6031e-06 -6.90677e-07 2.31228e-06 8.93225e-06 -5.89853e-05 -0.000145744 -0.000259579 -0.000127443 -4.78421e-06 0.000139055 0.000480916 -0.00023264 -0.000167181 -0.000102809 6.71661e-05 -6.74366e-05 1.05843e-06 0.000103151 0.000130421 5.8353e-05 -6.40316e-05 -0.000167992 0.000243656 -0.000145342 2.77909e-05 -2.17531e-05 -1.05448e-05 1.33447e-05 3.71832e-05 1.46286e-05 -1.79179e-05 5.39677e-05 -4.20726e-05 1.82772e-05 -2.92821e-06 -5.07772e-06 1.26449e-05 8.2129e-06 -1.15053e-05 -2.07707e-05 0.000181626 -0.000132157 9.34864e-05 -5.03021e-06 1.68936e-05 2.87369e-05 4.90043e-06 3.06126e-05 -3.1811e-05 3.24034e-05 1.77083e-05 3.34272e-05 -2.34034e-05 -8.14731e-05 4.85597e-05 1.53576e-05 -1.6275e-06 5.47153e-06 -3.40729e-05 4.36462e-05 3.97519e-05 1.741e-06 3.69824e-05 1.36983e-05 -4.95257e-05 -6.18451e-06 -3.04945e-05 1.59463e-06 2.10891e-06 4.66266e-06 6.48467e-07 -1.12125e-07 1.88819e-05 3.19665e-05 3.42331e-05 -0.000572574 6.86667e-06 -5.68013e-05
 0.00274988 494.729 -101.57 0.000172955 25.9501 -21.2453 0.97351 0.316245 -5.65643 14.8451 1.08246 -25.1388 -0.000136328 3.47364 -0.0257038 -7.43764e-05 3.00632 -0.154043 2.09177e-05 2.72049 -1.19011 7.55747e-06 1.48989 -0.33662 18.87 36.4063 -9.48736 6.46624 23.2333 -26.2505 11.8478 2.75334 -11.8131 10.0814 14.4924 -24.5608 6.36179 1.24093 -0.13618 21.7051 -3.1959 -0.193063 11.1865 5.97138 -1.04315 1.85593 3.24522 -4.79258 1.31313 9.13858 13.6852 -13.1409 0.833073 -2.8156 2.47673 -2.65444 6.1358 3.78335 7.78159 -10.7797 0.353083 -0.0265665 -1.80541 2.11316 0.00252276 -2.22591 0.285012 -0.0756333 -0.0542 -3.6195e-05 3.4042 -1.17931 0.924431 0.046803 -1.23381 -1.01971 -0.0500044 1.44381 0.0683461 -0.0920983 0.698318 -0.816254 -0.0608967 0.0114417 1.37409 -0.137537 0.216651 0.122524 0.0297535 -0.153575 2.21387 -4.23607 7.55938 17.7752 11.1657 1.3183 -31.021 19.2256 -9.1527 18.0114 11.3333 -0.945615 -1.41534 -1.98164 -4.64364 3.56164 3.82632 1.74931 -8.54109 3.79716 -1.2581 0.498119 -1.55251 -0.96823 -0.452205 -0.433018 0.170247 1.92576 0.51074 -0.692813 0.346802 0.232961 0.149546 -0.915056 0.589693 0.00272848 -0.925818 2.86916 -5.91306 2.77188 -0.571735 -0.492055 -1.0765 -3.84349 -1.35575 -2.43457 -1.69575 -1.86824 -0.048305 -0.426456 -1.27723 -1.74228 -1.83723 -0.628956 -0.527341 -2.29569 -0.080003 -1.72928 -3.68735 -0.798352 -0.225588 -2.30709 -0.901953 -1.31935 -1.22718 -1.04461 -1.09203 0.59046 -0.282898 -1.94479 -4.1617 -4.61351 73.82 -23.0396 4.66307
 -0.000570945 -101.57 21.9824 -3.59203e-05 -5.38284 4.40692 -0.204999 -0.0664533 1.18956 -3.07733 -0.224546 5.21488 2.89606e-05 -0.735972 0.00536924 1.56615e-05 -0.63419 0.0324462 -4.39617e-06 -0.575725 0.251802 -1.57973e-06 -0.318534 0.0718928 -3.90836 -7.54277 1.96559 -1.343 -4.81428 5.43949 -2.45164 -0.573306 2.4586 -2.08873 -3.0039 5.09076 -1.32527 -0.266744 0.0286775 -4.4964 0.652129 0.040066 -2.32268 -1.25196 0.218105 -0.389105 -0.678283 1.00175 -0.274696 -1.89153 -2.83211 2.71964 -0.174663 0.581407 -0.513736 0.550836 -1.27158 -0.783977 -1.61193 2.23315 -0.0736765 0.00554999 0.374945 -0.437466 -0.000587949 0.463389 -0.0588939 0.0156271 0.0113257 7.66082e-06 -0.722402 0.250089 -0.195915 -0.00989755 0.261326 0.209518 0.0100327 -0.291588 -0.0151661 0.0187373 -0.142035 0.172623 0.0132216 -0.00242949 -0.285673 0.028591 -0.046186 -0.0253687 -0.00615501 0.0317922 -0.458473 0.87689 -1.56324 -3.67924 -2.31355 -0.269051 6.42325 -3.98493 1.89602 -3.72699 -2.34431 0.195631 0.293297 0.410013 0.96073 -0.738427 -0.79284 -0.361849 1.76965 -0.787763 0.260999 -0.103439 0.321697 0.200675 0.0934502 0.0894421 -0.0356477 -0.398584 -0.106093 0.14346 -0.0718236 -0.0483149 -0.0306736 0.189018 -0.122026 -0.000550781 0.191855 -0.595507 1.22527 -0.57454 0.118269 0.101761 0.222945 0.795803 0.280668 0.50382 0.350548 0.386423 0.00962774 0.0880063 0.265084 0.360742 0.380629 0.129873 0.109148 0.475424 0.0160914 0.358546 0.762987 0.165039 0.0466971 0.478074 0.186326 0.273146 0.253749 0.216329 0.226127 -0.122286 0.0585714 0.402541 0.862711 0.954551 -15.3104 4.81545 -0.962704
 -1.20119e-09 0.000172955 -3.59203e-05 1000 -0.00105904 0.000869671 -9.95036e-07 5.86332e-10 3.86528e-06 6.5275e-05 5.20782e-06 -0.000118395 3.83941e-10 -5.7538e-06 6.84097e-09 -1.04619e-11 -2.24864e-07 1.01928e-08 6.75227e-12 -7.27457e-06 3.10403e-06 1.19392e-10 -9.29411e-06 1.96674e-06 7.05473e-05 4.00162e-05 -1.10733e-05 2.1162e-07 -2.47636e-06 2.58182e-06 0.000154473 1.85273e-05 -8.66451e-05 0.000205701 -1.37689e-05 7.59566e-06 1.51157e-05 -3.78877e-06 1.18523e-07 1.71747e-05 -3.54434e-06 2.54914e-07 8.13264e-05 -1.01411e-05 1.62206e-07 2.70741e-06 4.1285e-06 -6.22812e-06 1.0723e-05 2.7259e-05 -3.75705e-05 1.81679e-05 -2.92532e-05 -2.41667e-05 9.67133e-05 -0.00011077 2.93395e-05 -1.1799e-05 4.54349e-05 -4.3338e-05 -1.24454e-06 -5.16922e-08 2.85761e-05 -5.67892e-05 4.47309e-06 -0.000103823 -5.89545e-06 1.51544e-06 8.59995e-07 9.76012e-11 -1.51501e-05 4.93421e-06 -2.79082e-06 -1.06174e-07 3.28257e-06 -1.34759e-05 -1.36589e-06 3.20031e-05 1.7469e-06 1.83089e-07 -1.76858e-06 -8.93693e-06 -0.000153114 1.09991e-05 2.36342e-05 -2.32072e-06 -1.35485e-06 -3.44372e-07 -2.23125e-07 5.71911e-07 -2.47579e-05 -5.01686e-05 -2.42871e-05 -3.2843e-05 -1.31242e-05 3.33269e-06 6.51463e-05 -1.85899e-05 -4.35579e-05 3.97111e-05 1.49433e-05 -2.18252e-05 4.42174e-06 5.4971e-05 -3.01287e-05 0.000113491 -3.85195e-05 -1.29521e-06 -1.04017e-05 -6.87383e-06 1.54335e-06 -2.56227e-07 1.36068e-05 -4.45131e-06 2.62116e-05 -1.88271e-05 -6.23191e-07 8.58159e-06 3.7016e-05 -3.98926e-05 -2.42667e-05 4.13332e-05 4.21363e-05 4.4559e-05 -8.36255e-05 -0.000207517 -7.87762e-05 0.000136426 -3.32422e-05 0.00014036 -1.03185e-05 4.66732e-06 3.0126e-05 2.21973e-05 1.3456e-05 -3.63955e-06 2.71489e-05 -7.00572e-06 5.96916e-05 -4.85038e-05 -0.0001132 -3.06552e-06 -6.14735e-05 6.75203e-05 6.67171e-05 3.43895e-06 -6.62445e-06 -7.0064e-06 -2.49819e-05 6.48419e-05 4.63871e-05 -0.000110456 4.87898e-05 -3.21581e-05 -4.60385e-06 -1.00626e-06 -1.23864e-06 -4.76757e-06 2.50546e-06 -1.60741e-05 -4.63313e-05 -6.44492e-05 0.000477277 -3.37602e-07 4.76815e-05
 -0.000136843 25.9501 -5.38284 -0.00105904 407.412 -332.097 0.254761 0.0837834 -1.30892 9.84593 0.730702 -16.9192 6.10438e-05 -0.937444 -0.0085619 -6.12423e-07 0.181068 -0.0183992 2.78948e-05 -1.83746 0.789007 3.80738e-05 -2.10293 0.452497 12.2588 22.0486 -5.76035 4.38879 14.4509 -16.3333 12.406 1.11713 -5.37963 9.13261 9.19146 -15.7694 1.76752 -0.878877 0.00177104 11.6435 -3.43422 -0.0911423 7.15772 0.665983 -0.266372 0.191603 0.601221 -0.883446 -1.57023 3.31492 -1.2683 -0.145661 1.02762 -3.11096 1.41411 -1.37953 4.37624 2.31424 5.37597 -7.28569 0.0576351 -0.000455209 -1.84141 -1.64526 0.255725 -8.12713 -0.695697 0.187328 0.102647 1.68297e-05 -1.83135 0.590924 -0.0736669 -0.000573545 0.0840067 -1.65742 -0.129001 3.24811 0.0768776 -0.0341879 0.265765 -2.37927 -2.81506 0.216132 1.74586 -0.172917 0.181306 0.0589894 0.0145563 -0.074171 1.30053 -1.4932 1.52949 2.8946 1.50963 2.26581 1.99089 -1.26681 -1.45954 7.0373 2.27725 -1.81888 -0.84391 0.645307 -1.80167 3.19867 -0.261144 -0.691956 -0.810854 1.34034 -0.0043834 -0.596927 -1.0539 -1.76131 0.466252 0.591029 -0.137398 0.136854 2.38376 -1.1611 -1.56568 -0.426696 -0.253811 2.79534 2.92631 -1.72239 -1.39464 3.69979 -7.62513 3.21278 0.305348 -0.0347006 -0.626936 -1.15701 -0.737193 -0.325693 -0.383424 -1.5469 0.461982 0.468044 0.0836763 -0.755805 -1.38292 -0.117886 -0.134584 -0.481236 0.487245 -0.734812 -3.4758 -0.276522 1.39586 -2.13351 -0.153093 -0.987422 -0.729221 -0.539811 -0.537261 0.265491 -0.149577 -1.66743 -3.28953 -4.03691 58.2665 -12.282 4.38633
 0.00011204 -21.2453 4.40692 0.000869671 -332.097 273.192 -0.209844 -0.0689836 1.07901 -8.06078 -0.598308 13.8537 -4.97709e-05 0.762755 0.00702126 5.70227e-07 -0.151729 0.0152259 -2.28559e-05 1.50106 -0.644547 -3.1174e-05 1.71851 -0.36977 -10.0337 -18.0485 4.71527 -3.59445 -11.8292 13.3702 -10.1547 -0.915451 4.40754 -7.47604 -7.52397 12.9086 -1.44833 0.716804 -0.00132753 -9.52924 2.80847 0.0746097 -5.85973 -0.548896 0.21853 -0.158303 -0.493848 0.725708 1.28605 -2.71333 1.0384 0.119005 -0.841844 2.54629 -1.15771 1.12945 -3.58189 -1.8942 -4.40055 5.96367 -0.0474583 0.000398061 1.50727 1.34738 -0.20938 6.65399 0.569646 -0.153386 -0.0841116 -1.37252e-05 1.49324 -0.481745 0.0586694 0.00039721 -0.0667126 1.35592 0.105465 -2.65577 -0.0632666 0.0278841 -0.216766 1.94914 2.3035 -0.176867 -1.42955 0.141587 -0.148624 -0.0482833 -0.0119124 0.0607075 -1.06419 1.22224 -1.25162 -2.36888 -1.23556 -1.85439 -1.62993 1.03727 1.19492 -5.76111 -1.86375 1.4891 0.69062 -0.528501 1.47489 -2.61868 0.213908 0.566333 0.663921 -1.09694 0.00338 0.488516 0.862531 1.44167 -0.381713 -0.483449 0.112422 -0.112045 -1.95123 0.950482 1.2818 0.349078 0.207706 -2.28832 -2.39463 1.41087 1.14194 -3.02912 6.24142 -2.6303 -0.24991 0.0283778 0.513064 0.946904 0.603379 0.266418 0.313568 1.2661 -0.378419 -0.383053 -0.0679316 0.618722 1.13236 0.0960215 0.109851 0.393846 -0.398907 0.601804 2.84478 0.225969 -1.14269 1.74682 0.124808 0.808249 0.596735 0.441873 0.439782 -0.217275 0.1224 1.36483 2.69327 3.30426 -47.7061 10.0737 -3.58922
 -5.00094e-06 0.97351 -0.204999 -9.95036e-07 0.254761 -0.209844 999.844 -0.0898385 0.899719 0.301464 0.00499955 -0.0686982 1.40806e-05 -0.294335 4.09113e-05 8.01251e-06 -0.257121 0.0113856 -1.15187e-06 -0.32033 0.13788 1.95993e-06 -0.330999 0.0713663 0.098653 0.709334 -0.182123 0.0721283 0.833954 -0.942843 1.07725 -0.132386 0.447264 0.960899 0.18596 -0.373869 -0.0668254 -0.141349 0.00535378 -0.414536 -0.00424529 0.00322908 -0.141475 -0.370515 0.0480053 -0.139751 -0.177076 0.260971 0.172452 -0.339965 -0.444452 0.437216 -0.0452517 -1.75708 0.674967 -0.62313 -0.336416 -0.387376 0.167436 0.0550221 -0.0530017 0.00479649 -0.0905499 0.0363883 -0.00415911 0.12875 0.00121954 -0.000278005 -0.00461163 4.36917e-06 -0.505824 0.167399 -0.171438 -0.00766529 0.23218 -0.121342 -0.0207511 0.480845 0.00946998 -0.00130734 0.00723279 0.138896 -0.491332 0.0353192 -0.218418 0.0209905 0.0363316 0.00255884 3.47601e-06 -0.00258597 -0.3059 -0.210627 -0.23937 -0.390536 -0.193577 -0.0349756 0.64559 0.764833 -1.0986 0.0948238 0.12028 0.274463 0.425149 -0.111614 -0.177379 0.130894 0.213039 -0.220194 -0.0385803 -0.0132021 -0.0205237 -0.0295962 -0.0516898 -0.0307034 -0.0729085 -0.12741 0.345619 -0.517646 0.125677 -0.02237 0.0193675 -0.0497436 0.0674371 -0.0284656 -0.0419346 -0.0626025 -0.14377 0.12262 0.280446 -0.219406 0.0482702 0.0626564 0.116332 -0.594159 0.217205 -0.178946 0.0778801 0.183765 -0.393334 -0.110432 -0.0368749 0.318555 -0.153895 0.180519 0.206823 -0.0294604 0.06299 0.0219155 0.082209 0.0422015 0.356494 0.420575 0.0598679 -0.112973 -0.085079 0.0279116 0.0312677 -0.0795861 0.0316066 -0.362149 -0.567172 -0.930634 7.89522 4.52932 1.33367
 -9.89975e-07 0.316245 -0.0664533 5.86332e-10 0.0837834 -0.0689836 -0.0898385 3.64989 -52.3515 0.0871179 0.00101745 -0.00996627 4.04593e-06 -0.0827977 -1.76864e-06 2.46069e-06 -0.0732015 0.00324076 1.36973e-07 -0.0773376 0.0332797 8.65194e-07 -0.100474 0.021748 -0.0101087 0.356382 -0.0901966 0.0284385 0.260966 -0.294884 0.266351 -0.0495718 0.177549 0.188593 0.138165 -0.240256 -0.00823735 -0.0401366 0.00123863 -0.1071 -0.00182901 0.000637402 -0.0676584 -0.0858649 0.0112148 -0.0374936 -0.0507562 0.0748143 0.0538643 -0.116561 -0.187364 0.175614 0.0414951 -0.578988 0.105325 -0.0683181 -0.100388 -0.125006 0.0310659 0.0416726 -0.0169067 0.00193309 -0.107284 0.0720211 -0.00151125 -0.0156006 0.000653012 -0.000145016 -0.00168652 1.36772e-06 -0.147725 0.0489178 -0.0495417 -0.00220496 0.0667912 -0.0470038 -0.00734135 0.16733 -0.00220375 -0.00137811 0.00949669 0.0550688 0.016345 -0.000933385 -0.0466564 0.0044767 0.0162065 0.00128107 0.000519382 -0.00181507 -0.0904081 -0.0885581 -0.0537982 -0.0617286 -0.0217311 -0.00148519 0.44311 -0.0885757 -0.338905 0.0725258 0.0738084 0.295853 0.118084 -0.0406464 -0.228998 -0.0690843 0.1262 -0.0570003 0.00845087 -0.0121818 -0.0204208 -0.0246204 -0.0349311 -0.0153079 -0.0308253 -0.0949184 0.192779 -0.149015 0.0184564 -0.0261262 0.0507646 -0.027591 0.0282893 -0.0166037 0.00746684 -0.00829458 -0.0919486 0.0170482 0.021059 -0.0499244 0.0268185 0.0371916 0.0350516 -0.123114 0.0250147 -0.0131565 0.00626823 -0.0386508 -0.109683 0.0406465 0.0794167 0.0881137 -0.0115906 0.0352284 0.00845312 -0.0568031 -0.0640096 0.126776 -0.0301672 0.102372 0.172768 0.0451604 -0.0620396 -0.0416386 -0.0264553 0.00564052 0.0117534 -0.0244034 0.0092635 -0.112323 -0.133375 -0.256224 2.4657 1.39645 0.414578
 1.69577e-05 -5.65643 1.18956 3.86528e-06 -1.30892 1.07901 0.899719 -52.3515 991.741 -1.53449 -0.00660094 -0.104462 -7.95687e-05 1.63712 -0.000253928 -4.71136e-05 1.43613 -0.0637957 -9.18338e-07 1.51201 -0.650845 -1.64164e-05 1.9428 -0.420684 0.204668 -6.54162 1.65562 -0.470294 -4.77248 5.39266 -5.00212 0.985379 -3.55011 -3.53551 -2.48072 4.32389 0.167102 0.834489 -0.0270105 2.0168 0.0853512 -0.0124808 1.30892 1.76087 -0.230524 0.76398 1.01329 -1.49512 -1.06173 2.19043 3.50701 -3.28866 -0.722839 10.8224 -1.98591 1.29694 1.90131 2.343 -0.562501 -0.803279 0.323539 -0.0367985 1.98165 -1.33779 0.0287373 0.263922 -0.0166147 0.00388117 0.0330308 -2.74842e-05 2.91831 -0.967302 0.989648 0.0443201 -1.33609 0.883082 0.13804 -3.145 0.0401323 0.0231669 -0.158033 -1.16075 -0.258176 0.0147185 0.887532 -0.085165 -0.311463 -0.0237808 -0.00967814 0.0337304 1.68763 1.64957 0.996388 1.15882 0.437366 0.0444111 -8.27233 1.6031 6.31244 -1.2301 -1.28368 -5.55187 -2.21267 0.757039 4.26599 1.28649 -2.35331 1.07192 -0.169378 0.220543 0.384067 0.460049 0.652593 0.285855 0.570337 1.76279 -3.60297 2.78565 -0.345513 0.482462 -0.951866 0.513826 -0.535515 0.309201 -0.142236 0.151771 1.71179 -0.312888 -0.412566 0.935649 -0.504632 -0.698547 -0.661293 2.30211 -0.476467 0.248874 -0.11683 0.719954 2.05645 -0.754456 -1.49001 -1.66098 0.209805 -0.659598 -0.163722 1.05814 1.19499 -2.37962 0.561493 -1.91444 -3.23498 -0.853808 1.16334 0.779107 0.495995 -0.110303 -0.22432 0.457793 -0.173253 2.10013 2.47825 4.79358 -45.6962 -26.7234 -7.78404
 -8.28085e-05 14.8451 -3.07733 6.5275e-05 9.84593 -8.06078 0.301464 0.0871179 -1.53449 893.023 -7.10863 148.965 6.48726e-05 -1.48723 2.5249e-05 3.19341e-05 -1.07341 0.0477899 1.87226e-05 -1.43216 0.618172 8.34977e-06 -1.64918 0.358989 6.86248 6.9223 -1.85439 1.86321 5.15818 -5.83402 5.34419 1.08053 -4.71312 6.01816 3.42234 -6.06456 0.982339 -0.175132 -0.00907834 6.03755 -1.89084 -0.0414424 3.45746 0.0836783 -0.0910816 0.347992 0.492371 -0.72992 1.25477 1.48159 -5.04411 3.16209 -0.546896 -2.73952 3.00721 -3.2621 2.80642 2.60843 1.04873 -2.73341 0.477752 -0.0319056 -2.98463 4.36725 0.0087357 -4.82409 -0.131636 0.0354477 -0.0121457 -4.40899e-06 -0.525139 0.162416 0.16304 0.0127118 -0.309262 -0.763758 -0.0649495 1.8189 -0.374505 -0.241733 1.84544 -0.408157 -6.6326 0.484732 -0.0488497 0.00151276 0.566284 0.00331027 -0.00926347 0.00597108 -0.14278 -6.54697 -0.812359 4.38272 6.4686 7.95868 -8.48809 -3.43345 1.2741 17.398 6.01559 -10.4912 2.89165 -1.70388 -3.31806 3.11528 8.80139 13.7504 -16.6873 1.83128 2.04755 0.836295 -0.459199 -0.863433 -0.828993 2.88768 -5.15094 0.312766 3.33487 -3.42399 0.984652 0.0711318 -1.63835 0.0697433 -0.261628 1.2843 -5.14003 9.25695 -10.4997 7.08729 -2.05422 -0.932358 1.38156 -5.53656 0.391432 -3.53359 -1.40144 1.13085 -0.268921 -0.54223 -0.997138 -1.11567 -1.24192 1.1067 -0.056706 -2.76401 0.122008 1.0836 -1.47606 0.0860072 -2.00169 1.13614 1.64959 -1.52038 -2.88791 -0.986139 -0.925465 0.192236 -0.0268806 -0.900766 -1.05011 2.38783 33.6855 -9.53791 2.23491
 -4.80447e-06 1.08246 -0.224546 5.20782e-06 0.730702 -0.598308 0.00499955 0.00101745 -0.00660094 -7.10863 2.32867 -33.8147 5.07868e-06 -0.112559 -1.52611e-05 2.70245e-06 -0.0844464 0.00368814 1.54557e-06 -0.132309 0.057003 9.39089e-07 -0.143333 0.0310726 0.281036 0.802243 -0.206988 0.162314 0.547884 -0.619235 0.334623 0.0274712 -0.132968 0.174766 0.394506 -0.661174 0.0576733 -0.026998 -0.000127554 0.187493 -0.0813806 -0.00153545 0.052966 0.0279813 -0.0060834 -0.00143661 0.00505023 -0.00750383 -0.0912955 0.0729263 0.0164129 -0.0340281 0.0544814 -0.301573 -0.0124307 0.0426535 0.111681 -0.00829281 0.162917 -0.175729 0.00337711 -0.00025424 -0.0731491 0.0993327 0.000961547 -0.140966 -0.00428844 0.00119504 -0.000569595 1.97665e-07 -0.0651461 0.0208998 -0.0112388 -0.000229462 0.0106788 -0.00296401 0.000609543 -0.00838001 -0.0108864 -0.00751233 0.0564702 -0.0737746 0.19692 -0.0137375 0.0272945 -0.00290044 0.0239568 0.00274871 0.00094172 -0.00372095 -0.0254334 -0.497217 0.128961 0.690162 0.63454 0.647707 -0.445622 -0.134467 -0.197202 0.504457 0.142159 -0.173203 0.376563 0.025121 -0.464554 -0.254538 0.138875 0.427747 -0.20953 -0.00930664 -0.0388559 -0.0201556 -0.0508907 -0.0594269 -0.0675998 0.0766812 -0.151165 -0.0470771 0.112993 -0.0985081 -0.00160925 -0.0259999 -0.0530074 -0.00447038 0.0600263 -0.0105726 -0.139255 0.303933 -0.295306 0.0347171 -0.00716727 -0.0471895 0.0362963 -0.246318 0.0263009 -0.0705511 -0.0371319 -0.0321028 -0.0832712 0.0242736 -0.00685453 -0.0654568 -0.0555126 -0.00898347 0.0215738 -0.0804204 0.00947711 0.00802483 -0.106112 0.00389931 0.0574452 -0.000371267 -0.0351369 -0.0367904 -0.0466072 -0.0256917 -0.025444 -0.000358882 0.000236547 -0.0929002 -0.156832 -0.233153 2.77778 0.0408261 0.283925
 0.000110405 -25.1388 5.21488 -0.000118395 -16.9192 13.8537 -0.0686982 -0.00996627 -0.104462 148.965 -33.8147 785.997 -0.000123022 2.73097 4.4942e-05 -6.46999e-05 2.06833 -0.0906918 -3.47938e-05 3.21139 -1.38389 -2.07276e-05 3.43982 -0.745915 -6.62124 -18.4673 4.76729 -3.74305 -12.6138 14.2567 -7.94215 -0.58326 2.88501 -4.21062 -9.03128 15.1508 -1.33718 0.746062 -0.00237708 -4.43409 1.99953 0.0353798 -1.24325 -0.461548 0.117234 0.0992729 -0.0514142 0.0754197 2.09847 -1.74614 -0.138447 0.63087 -1.14035 6.98738 0.177194 -0.858687 -2.66316 0.098277 -3.74002 4.09075 -0.0926077 0.00680869 1.83494 -2.41181 -0.0237756 3.43856 0.0861982 -0.0241882 0.0173016 -5.77519e-06 1.65065 -0.531559 0.319516 0.00794497 -0.322371 -0.00163478 -0.0208349 0.342642 0.243356 0.171178 -1.2872 1.80539 -4.29962 0.298994 -0.626403 0.0666156 -0.536784 -0.0627659 -0.0211925 0.0846536 0.597068 11.5733 -3.04832 -15.9589 -14.4345 -14.8218 10.3754 3.24206 4.58696 -12.7073 -3.51025 4.40037 -8.70996 -0.509433 10.7419 5.71585 -3.47647 -10.2707 5.38643 0.148629 0.819112 0.429539 1.18251 1.39746 1.57842 -1.85436 3.64778 1.06277 -2.69491 2.37512 0.00729578 0.596472 1.27428 0.0969139 -1.35753 0.202323 3.36565 -7.27311 7.11724 -1.03504 0.234965 1.11046 -0.876981 5.81968 -0.616713 1.73242 0.899943 0.700774 1.92054 -0.535504 0.184544 1.52892 1.31272 0.171473 -0.488731 1.93197 -0.219204 -0.219649 2.47477 -0.0911764 -1.24435 -0.0293855 0.747678 0.893083 1.16315 0.623741 0.615554 0.00186144 -0.00518194 2.15033 3.60752 5.22389 -64.6489 -0.424822 -6.54487
 5.83131e-10 -0.000136328 2.89606e-05 3.83941e-10 6.10438e-05 -4.97709e-05 1.40806e-05 4.04593e-06 -7.95687e-05 6.48726e-05 5.07868e-06 -0.000123022 1000 8.12487e-05 -6.17524e-06 -9.76277e-10 4.77981e-05 -1.7761e-06 2.91109e-10 3.53515e-05 -1.51106e-05 -1.53452e-12 4.4293e-05 -9.3696e-06 -0.000271185 -0.000567497 0.00014866 -3.02999e-05 -0.000184723 0.000208676 -9.39289e-05 2.89099e-05 -0.000107123 -0.000137433 4.20312e-05 -5.9392e-05 0.00011759 3.09498e-05 -1.02349e-06 -0.000317627 0.000133678 3.38397e-06 -2.38359e-05 0.000172103 -2.01905e-05 2.91945e-05 4.00431e-05 -5.93808e-05 9.26603e-05 -9.24535e-06 -0.000205435 0.000151792 2.91441e-05 5.93012e-05 -6.24358e-06 2.09323e-06 0.000136262 -3.57701e-05 -3.73103e-05 5.36466e-05 -2.5398e-06 2.73699e-07 -2.86225e-05 1.39687e-06 1.21161e-06 -5.01015e-05 -1.01233e-06 2.71602e-07 -5.24352e-07 -5.92759e-10 7.31451e-05 -2.38946e-05 1.49315e-05 6.2659e-07 -1.84193e-05 2.46538e-05 3.78993e-06 -9.26918e-05 1.14399e-06 1.42781e-06 -1.19486e-05 -4.92339e-05 0.000255812 -1.79632e-05 7.88001e-06 -6.63416e-07 1.14457e-05 -9.50595e-07 -1.56714e-07 1.11727e-06 -5.47483e-05 -6.64179e-05 3.2821e-05 9.70921e-05 4.91615e-05 1.85347e-05 -1.19621e-05 1.24968e-06 -0.000104647 -1.20639e-06 3.64126e-06 0.000246529 0.000143982 -0.000125641 -8.48623e-05 4.45736e-05 3.1824e-05 6.20018e-05 5.30494e-05 -1.13753e-05 -9.62437e-05 -1.09324e-05 6.41439e-05 3.0923e-05 -5.19237e-05 -2.7976e-05 -7.54244e-05 3.65264e-05 3.07341e-05 1.94404e-05 -2.55655e-06 -1.0784e-05 -2.97209e-05 8.73324e-07 -1.73943e-05 -2.5653e-05 -3.20326e-05 -3.10007e-05 -2.65123e-05 -3.83795e-05 -1.10365e-05 6.36812e-06 1.68136e-05 3.33622e-05 2.62718e-05 2.30608e-05 1.17217e-05 -2.92585e-06 -3.97093e-05 -4.50007e-05 -1.83311e-05 9.25486e-06 2.44027e-05 -5.87775e-06 -3.8977e-05 -1.2097e-06 -8.48251e-06 -1.32574e-06 -7.38559e-06 -1.11841e-05 5.12816e-07 2.23163e-05 3.21203e-05 -1.88643e-05 -5.2252e-06 -1.22286e-05 -8.12762e-06 -2.75215e-06 5.12108e-06 3.28299e-05 6.13281e-05 8.54668e-05 -0.000766493 -0.000333837 -0.00011677
 -1.99099e-05 3.47364 -0.735972 -5.7538e-06 -0.937444 0.762755 -0.294335 -0.0827977 1.63712 -1.48723 -0.112559 2.73097 8.12487e-05 997.993 -2.65989 1.69109e-05 -1.09091 0.0412604 -1.03703e-05 -0.701906 0.299337 -5.95937e-06 -0.874476 0.183715 8.12951 13.8456 -3.65523 0.810549 4.69376 -5.30358 3.03815 -0.629092 2.2554 4.61048 -0.180245 -0.0330156 -3.45104 -0.798193 0.0295659 6.54466 -3.1066 -0.0740838 0.796311 -4.82245 0.565534 -0.708235 -0.984865 1.45921 -1.98928 1.19552 4.22795 -3.46551 -1.19855 -0.739735 0.920206 -1.02017 -3.79316 1.58302 0.801961 -1.5686 0.04119 -0.00350689 0.66247 0.153716 -0.0266159 0.930178 0.0111377 -0.00286504 0.0168618 1.17723e-05 -1.59237 0.518577 -0.283997 -0.0113501 0.336665 -0.630003 -0.089941 2.20543 -0.0129469 -0.0262759 0.225614 1.3577 -8.40106 0.600314 -0.144612 0.0112191 -0.309575 0.0206857 0.00366711 -0.024563 1.90713 2.06767 -0.464502 -1.9789 -0.948681 -0.215957 0.812314 0.345245 2.19083 -0.119746 -0.115084 -4.67539 -3.88381 2.15362 3.25978 -0.829779 -0.79366 -1.6697 -0.368865 0.53819 1.98523 0.324853 -1.41126 -1.26263 1.53523 1.13856 2.00472 -0.847614 -0.641556 -0.202004 0.137127 0.220267 0.661986 0.0871641 0.514918 0.663795 0.767614 0.613823 0.644771 0.780241 0.196505 -0.299043 -0.651726 -0.955475 -0.615559 -0.552491 -0.417407 -0.122778 0.487972 0.524422 0.0989299 -0.0582239 -0.233341 0.174329 0.692292 -0.082249 -0.00323449 -0.292204 -0.0168642 0.0161476 -0.235855 -1.02345 -1.42209 -0.103773 -0.107945 0.0716265 0.006171 0.226043 -0.186418 -0.594438 -1.20538 -1.60177 14.1038 5.70479 2.09619
 2.14862e-07 -0.0257038 0.00536924 6.84097e-09 -0.0085619 0.00702126 4.09113e-05 -1.76864e-06 -0.000253928 2.5249e-05 -1.52611e-05 4.4942e-05 -6.17524e-06 -2.65989 0.824358 2.33013e-07 -0.0060663 0.000318781 2.36555e-08 -0.00268092 0.00117696 5.90004e-08 -0.00407377 0.000914377 -0.0334428 -0.0578574 0.0152162 -0.00588776 -0.0245839 0.0277779 -0.0132475 -6.55226e-05 0.0012957 -0.0184823 -0.00546914 0.0103177 0.00173005 -0.00169398 0.000157681 -0.0354044 0.00800375 0.000370379 -0.0111309 0.00610386 -0.000439741 4.85404e-05 -0.00057733 0.000835464 0.00339692 -0.0058585 -0.0169271 0.0143315 0.00201697 0.00031599 -0.00540879 0.00635252 0.00700871 -0.00655496 -0.00548881 0.00924095 -0.000441998 3.68333e-05 -0.000839958 -0.000779649 4.33929e-05 -0.00104526 9.3605e-05 -2.57329e-05 -4.36362e-05 6.72786e-08 -0.00433372 0.00151935 -0.00040362 -1.72214e-05 0.000442058 0.00102329 9.12177e-05 -0.00258956 -0.000264862 -0.000204254 0.00143159 -0.00434345 0.0306768 -0.00218313 -0.000224113 3.14046e-05 0.000215233 -8.2135e-05 -1.40335e-05 9.70018e-05 -0.00697698 -0.00458436 3.97741e-05 0.00357405 0.0021295 0.000885495 -0.00160584 -0.00138396 -0.00695278 -0.00207 0.000273234 0.0163479 0.0129433 -0.00713656 -0.0110607 0.00228474 0.00229233 0.00545528 0.00134087 -0.00230523 -0.00673915 -0.00075962 0.00540009 0.00471494 -0.0054261 -0.00423451 -0.00689234 0.00299816 0.00209692 0.000365061 -0.0005564 -0.000873464 -0.00204807 -0.000422903 -0.00187934 -0.00230357 -0.00243276 -0.00228058 -0.00163592 -0.00287767 -0.000575127 0.00121995 0.00262073 0.00358318 0.00235483 0.00193118 0.00132518 0.00017844 -0.00181096 -0.00166401 0.000367162 0.000724392 0.00116784 -0.000599039 -0.00212058 0.000518293 9.06081e-05 0.0016181 0.000250119 0.000248802 0.00107839 0.00377752 0.00480053 0.000544514 0.000441999 -9.20892e-07 0.000228145 -0.000921432 0.000689525 0.00199076 0.00461696 0.00501459 -0.0635588 0.00560211 -0.00570845
 -1.68187e-10 -7.43764e-05 1.56615e-05 -1.04619e-11 -6.12423e-07 5.70227e-07 8.01251e-06 2.46069e-06 -4.71136e-05 3.19341e-05 2.70245e-06 -6.46999e-05 -9.76277e-10 1.69109e-05 2.33013e-07 1000 2.42483e-05 -3.51332e-06 -3.61097e-10 2.36662e-05 -1.01049e-05 -5.59312e-10 2.88697e-05 -6.1006e-06 3.18038e-05 -1.02757e-06 -3.25187e-07 -1.0019e-05 -5.80636e-05 6.55566e-05 1.7947e-05 1.31715e-05 -5.41605e-05 6.74443e-05 1.3569e-07 -5.37213e-06 -2.1697e-05 6.6045e-06 -1.05953e-07 -9.40618e-05 2.5305e-05 7.69445e-07 -1.85133e-05 7.49554e-06 -2.31455e-07 8.35719e-06 1.2981e-05 -1.92124e-05 7.1545e-05 -6.82719e-06 -0.000191393 0.000141011 -2.37293e-05 7.80686e-05 3.37575e-05 -4.70522e-05 1.42932e-05 2.87572e-05 -3.49318e-05 2.06835e-05 5.83901e-06 -4.35483e-07 -7.35619e-06 1.84915e-05 -7.74393e-08 -1.68463e-05 -2.37013e-06 6.18602e-07 4.51687e-07 -4.2412e-10 3.4751e-05 -1.13814e-05 1.01477e-05 4.72694e-07 -1.38437e-05 2.51515e-06 1.06534e-06 -2.69968e-05 2.03242e-06 2.0276e-06 -1.63765e-05 -4.4175e-06 -0.00030961 2.30622e-05 1.48617e-05 -1.42518e-06 9.21484e-07 -8.90719e-07 -1.89595e-07 1.08947e-06 -1.45192e-05 -1.9578e-05 6.06219e-05 0.000110804 6.54094e-05 5.09126e-05 4.55889e-05 4.81229e-06 -0.000161631 -6.23047e-05 -1.85103e-05 0.00025026 -8.23563e-06 0.000130435 -5.89352e-05 -4.60037e-09 6.93554e-05 -2.82981e-05 3.48987e-05 -1.91239e-05 -4.01209e-05 -2.8409e-05 -1.6311e-05 3.05306e-06 1.58746e-05 5.43583e-05 -2.4096e-05 -7.23343e-06 -3.94821e-05 -1.48678e-06 7.93781e-06 7.66231e-06 -9.27145e-06 -3.65541e-06 -1.87897e-05 -8.57482e-06 -1.75356e-05 -2.41975e-05 -3.58568e-05 -7.2267e-06 -1.37978e-05 -4.17509e-06 -5.31211e-06 7.00087e-06 3.97999e-06 -1.29041e-05 -1.24928e-05 -1.15192e-05 -1.23553e-05 -3.0163e-05 -4.24591e-05 -6.4674e-07 4.59761e-06 -9.79371e-06 1.08441e-06 5.72594e-06 -1.59518e-05 2.14834e-05 -1.46446e-06 -2.11768e-05 -1.34252e-05 -1.92687e-05 -1.04106e-05 -1.90863e-05 -4.64395e-06 -1.16701e-05 -1.00565e-05 8.15588e-06 1.10731e-06 2.41345e-05 4.49427e-05 5.9025e-05 -0.000521806 -0.00030733 -8.90913e-05
 -1.00535e-05 3.00632 -0.63419 -2.24864e-07 0.181068 -0.151729 -0.257121 -0.0732015 1.43613 -1.07341 -0.0844464 2.06833 4.77981e-05 -1.09091 -0.0060663 2.42483e-05 996.914 -46.6487 -1.4771e-07 -0.679758 0.290343 3.60397e-06 -0.813464 0.172069 3.44125 4.05373 -1.09214 0.460979 2.83092 -3.19974 1.77029 -0.382915 1.38494 2.3072 0.351909 -0.740903 -1.15832 -0.449801 0.0163979 2.82267 -1.34866 -0.0313812 1.22748 -2.48109 0.271293 -0.4201 -0.612117 0.904873 -1.39133 1.74692 3.41179 -3.06454 -0.364434 -1.23637 0.402212 -0.358092 -2.09859 0.836385 1.09416 -1.54531 -0.191918 0.0187022 -0.0336826 0.103103 -0.0114396 0.380551 0.0345361 -0.00876931 -0.00201249 1.17334e-05 -1.17003 0.382638 -0.297505 -0.0131484 0.389786 -0.380508 -0.0631897 1.5662 -0.0921555 -0.0601633 0.48751 0.593824 1.21624 -0.0959039 -0.320172 0.0289249 -0.108662 0.0281406 0.00488172 -0.0333082 1.56579 2.09949 -1.07063 -2.84025 -1.62164 -1.02222 -0.417998 0.83125 3.57132 1.33703 0.356883 -6.77403 -2.46075 -0.257685 3.79529 1.23776 -3.35224 -3.1477 2.53696 -0.100528 1.16049 0.63771 0.230309 -0.297884 -0.556988 0.665284 0.655547 0.186185 0.610589 0.417138 0.0211178 -0.0188167 0.313156 0.2088 0.780739 0.533577 0.635976 0.66698 0.874687 0.537101 0.411593 0.242813 -0.205179 -1.35089 -0.362992 -0.0426614 0.109725 0.10018 0.227066 0.274634 0.491416 0.171733 0.231363 -0.307425 -0.0336228 0.0411809 0.288425 -0.598426 -0.852842 0.285463 0.174039 -0.31893 -0.698435 -0.550297 -0.272884 -0.0127405 0.0332891 0.0391235 -0.151295 -0.620662 -1.0691 -1.50688 13.8713 7.2612 2.25982
 6.35545e-07 -0.154043 0.0324462 1.01928e-08 -0.0183992 0.0152259 0.0113856 0.00324076 -0.0637957 0.0477899 0.00368814 -0.0906918 -1.7761e-06 0.0412604 0.000318781 -3.51332e-06 -46.6487 3.06054 2.77634e-08 0.0274527 -0.0116966 -1.08099e-07 0.0327863 -0.00689417 -0.166732 -0.200128 0.0538309 -0.0246609 -0.140398 0.158691 -0.0858785 0.0166265 -0.0594544 -0.111278 -0.0208413 0.0421021 0.051095 0.0190715 -0.000649586 -0.140116 0.0623385 0.00155298 -0.0629798 0.11089 -0.0119009 0.0179119 0.0258964 -0.0382797 0.0639534 -0.0842821 -0.164299 0.14769 0.0160944 0.0579769 -0.0198653 0.0179745 0.0956783 -0.0403861 -0.0540201 0.0761636 0.00881732 -0.00086289 0.00255037 -0.00505297 0.00051025 -0.0166185 -0.00141291 0.000355337 0.000108775 -4.4251e-07 0.048629 -0.0158333 0.0129276 0.000570551 -0.0169906 0.0174868 0.00283371 -0.0705909 0.00367015 0.00245382 -0.0201056 -0.0290531 -0.0576794 0.00454997 0.0145974 -0.00131429 0.00454376 -0.00134778 -0.000233231 0.00159471 -0.0745784 -0.100243 0.0485366 0.135467 0.0787123 0.0496022 0.0199869 -0.0396675 -0.168411 -0.068697 -0.0190183 0.323031 0.117195 0.011884 -0.180496 -0.059091 0.159404 0.150012 -0.120736 0.00472007 -0.055324 -0.0301234 -0.0105526 0.0144347 0.0265256 -0.031839 -0.0312015 -0.00880492 -0.0290092 -0.0199074 -0.000917193 0.000879211 -0.0146689 -0.00998189 -0.0371112 -0.0253507 -0.0300866 -0.0318994 -0.0411179 -0.0256731 -0.0194854 -0.0113868 0.0100757 0.0645171 0.0175205 0.00208027 -0.00524974 -0.0048685 -0.0109146 -0.0130938 -0.0229041 -0.00775383 -0.0106338 0.0145691 0.00166839 -0.00183984 -0.0137001 0.0289191 0.0405768 -0.0133893 -0.00806895 0.0154565 0.0331617 0.0262853 0.0130006 0.000794182 -0.00138677 -0.00195192 0.00721592 0.0295321 0.0514797 0.0714636 -0.675856 -0.321506 -0.106251
 -9.83346e-10 2.09177e-05 -4.39617e-06 6.75227e-12 2.78948e-05 -2.28559e-05 -1.15187e-06 1.36973e-07 -9.18338e-07 1.87226e-05 1.54557e-06 -3.47938e-05 2.91109e-10 -1.03703e-05 2.36555e-08 -3.61097e-10 -1.4771e-07 2.77634e-08 1000 -3.42305e-06 2.20103e-06 -4.93583e-10 5.85707e-06 -1.31039e-06 6.653e-05 -6.66509e-06 3.32625e-07 6.94121e-06 4.83845e-05 -5.47216e-05 6.96717e-05 5.8196e-06 -2.85997e-05 0.00014229 -4.17846e-05 5.82098e-05 -3.69415e-05 -3.22498e-06 3.30966e-07 -4.24193e-05 5.92675e-07 1.75329e-07 -2.09122e-06 -3.85403e-05 4.94408e-06 -2.76067e-06 -2.29191e-06 3.36065e-06 3.63877e-05 1.2982e-05 -7.5927e-05 5.04572e-05 -3.39322e-05 2.29297e-05 6.40898e-05 -7.7151e-05 -2.79422e-05 2.54233e-05 -6.01955e-06 -6.45225e-06 1.12661e-06 8.65745e-08 -2.14707e-05 8.77527e-06 -1.54014e-07 -2.43163e-06 -1.70165e-06 4.39197e-07 3.47519e-07 -1.26299e-10 -2.3265e-06 7.26833e-07 -1.81921e-07 2.95788e-08 -1.12458e-06 1.17485e-06 3.21029e-07 -6.50422e-06 1.21063e-06 7.81243e-07 -5.83243e-06 3.81521e-06 -0.00034628 2.53357e-05 6.93946e-06 -6.84372e-07 1.1395e-06 -6.16124e-07 -2.09247e-07 8.32256e-07 1.60752e-06 -3.61215e-05 -4.62541e-05 -7.2877e-05 -2.15301e-05 1.72938e-05 7.73463e-05 0.000370117 -0.000181477 -6.58065e-05 -3.61059e-05 -6.05154e-05 -7.93646e-05 0.000118662 2.72257e-05 3.23295e-06 6.88678e-05 2.79758e-06 -3.24772e-05 9.08794e-06 3.11339e-05 -1.54143e-05 -1.36545e-05 -7.89847e-06 -1.46314e-06 9.99321e-06 1.28041e-05 -8.21798e-06 2.1684e-06 -6.01673e-07 1.22797e-05 1.52361e-05 6.69398e-06 5.779e-06 -1.38883e-05 -6.5623e-06 -6.12597e-07 -1.50479e-06 9.17287e-06 -5.98348e-06 1.31176e-05 3.6514e-06 2.98975e-07 -4.97287e-06 -6.14995e-07 -9.3471e-06 4.03548e-06 1.69383e-05 2.34101e-06 -4.65497e-05 -4.60619e-05 2.3266e-05 1.2343e-05 -1.17579e-05 6.95689e-06 1.45946e-05 -8.52831e-06 3.60554e-05 -9.58851e-06 8.20315e-07 -7.78218e-06 -2.25355e-05 -2.14774e-05 -2.34895e-05 -6.74182e-06 -4.93871e-06 -3.55187e-06 3.00811e-06 -2.60568e-07 2.65351e-06 1.10928e-05 2.90349e-06 -4.77806e-05 -4.65062e-05 -1.03579e-05
 -2.73836e-05 2.72049 -0.575725 -7.27457e-06 -1.83746 1.50106 -0.32033 -0.0773376 1.51201 -1.43216 -0.132309 3.21139 3.53515e-05 -0.701906 -0.00268092 2.36662e-05 -0.679758 0.0274527 -3.42305e-06 838.871 -362.501 1.25573e-05 -1.76572 0.383563 -1.03281 4.82453 -1.20363 -0.172816 0.038776 -0.0431994 -0.0127292 -0.717054 2.85735 -0.338242 2.68984 -4.39253 0.216126 -0.317901 0.00589884 0.705004 -0.355194 -0.00597472 -0.518569 -0.354768 0.044404 -0.327923 -0.414644 0.613793 -0.588451 -0.903488 1.9069 -1.07585 1.06696 -3.36376 -1.47693 2.05224 -0.577736 -1.64739 0.657153 0.24192 -0.173462 0.0179055 -0.646297 -0.944406 0.0323104 -0.177104 -0.0202373 0.00571061 -0.00881612 1.02403e-05 -1.25912 0.420147 -0.541789 -0.0268937 0.795526 -0.435017 -0.0681855 1.56074 -0.142889 -0.0587059 0.456671 -1.50482 3.63728 -0.247897 -0.390632 0.0386686 0.125815 0.0401513 -0.00319489 -0.0373108 -0.485779 2.8229 1.94536 1.29265 -0.942289 -0.483225 -33.2688 14.988 0.934111 3.07232 1.21624 3.80897 -6.43989 1.07779 2.24199 -1.04759 0.177264 -1.14154 -0.252379 -0.0798996 1.29904 0.29509 0.199083 0.608864 0.973593 0.145578 -0.20473 -0.514909 0.982549 -0.311322 -0.139584 -0.0372625 0.706468 1.46913 -0.351981 -0.00710197 0.341599 0.223895 0.76003 -0.831481 0.127167 0.0982249 0.41785 -0.442589 0.162804 0.615735 0.684286 0.42719 0.257089 1.15352 0.86912 -0.400012 -0.235636 -0.880814 -0.0888585 0.101983 -0.0148356 1.65811 -0.350276 0.469791 1.0374 0.434189 0.149352 -0.967193 -0.439231 -0.0331113 0.157207 -0.380838 0.0661572 -0.838701 -0.853445 -1.77937 18.959 9.56488 3.04631
 1.19681e-05 -1.19011 0.251802 3.10403e-06 0.789007 -0.644547 0.13788 0.0332797 -0.650845 0.618172 0.057003 -1.38389 -1.51106e-05 0.299337 0.00117696 -1.01049e-05 0.290343 -0.0116966 2.20103e-06 -362.501 158.21 -5.46502e-06 0.762799 -0.165697 0.446764 -2.09524 0.522745 0.0737553 -0.0207655 0.0231967 0.00459997 0.309459 -1.2331 0.145836 -1.16898 1.90906 -0.0943086 0.135382 -0.00244474 -0.305784 0.152611 0.00260334 0.223733 0.149566 -0.0186854 0.140466 0.177819 -0.2632 0.254624 0.39162 -0.826715 0.466461 -0.462486 1.45803 0.640485 -0.889904 0.249224 0.713766 -0.285607 -0.103816 0.0748521 -0.00773243 0.280939 0.409404 -0.0140421 0.0781879 0.00890371 -0.00250997 0.00374916 -4.37917e-06 0.542958 -0.181163 0.233645 0.0115918 -0.342997 0.188224 0.0295076 -0.675463 0.0607118 0.0251905 -0.195935 0.655116 -1.57558 0.107367 0.168762 -0.0167075 -0.0537354 -0.0174062 0.0013876 0.0161722 0.210581 -1.22013 -0.844946 -0.565265 0.406919 0.21664 14.4266 -6.5051 -0.402192 -1.33148 -0.529433 -1.65024 2.79186 -0.467975 -0.971788 0.453973 -0.0774199 0.494627 0.109812 0.0346547 -0.563452 -0.127816 -0.086193 -0.26386 -0.421886 -0.0630158 0.088665 0.223207 -0.425994 0.134924 0.0605474 0.0160513 -0.306064 -0.636886 0.152664 0.00315442 -0.147954 -0.0973152 -0.329165 0.360296 -0.0552268 -0.0426022 -0.181019 0.191878 -0.0704901 -0.267031 -0.296777 -0.185374 -0.111594 -0.500001 -0.376365 0.173447 0.102248 0.381559 0.03842 -0.0443249 0.00627509 -0.718387 0.151663 -0.203688 -0.449593 -0.188068 -0.0650033 0.419144 0.190192 0.0143893 -0.0681004 0.165038 -0.0286792 0.363532 0.370631 0.771174 -8.23478 -4.12 -1.31904
 -5.87905e-10 7.55747e-06 -1.57973e-06 1.19392e-10 3.80738e-05 -3.1174e-05 1.95993e-06 8.65194e-07 -1.64164e-05 8.34977e-06 9.39089e-07 -2.07276e-05 -1.53452e-12 -5.95937e-06 5.90004e-08 -5.59312e-10 3.60397e-06 -1.08099e-07 -4.93583e-10 1.25573e-05 -5.46502e-06 1000 1.76408e-05 -3.89498e-06 0.000111174 -0.000124874 2.93251e-05 1.30115e-05 6.07709e-05 -6.87634e-05 8.91551e-05 1.06842e-05 -4.76677e-05 0.000170033 1.70244e-05 -4.04356e-05 -4.75804e-05 -2.98932e-06 4.98037e-07 -7.53536e-05 6.7459e-06 4.38862e-07 9.7954e-06 -4.97579e-05 5.86329e-06 -1.30594e-06 -1.93188e-06 2.72421e-06 2.21658e-05 6.30278e-05 -4.81641e-05 1.33284e-05 -5.57236e-05 3.38882e-05 0.000114011 -0.00013677 -3.22018e-05 4.67025e-05 -1.25189e-05 -1.11343e-05 2.43548e-07 1.45209e-07 -1.45956e-05 1.2028e-05 -4.67599e-08 -9.62623e-06 -1.83652e-06 4.91031e-07 4.38644e-07 -2.21084e-10 1.08532e-05 -3.76764e-06 3.46232e-06 2.01437e-07 -5.64824e-06 -1.15728e-06 2.92393e-07 -5.78208e-06 2.08088e-06 1.17142e-06 -8.93145e-06 1.06305e-05 -0.00033091 2.43415e-05 4.25712e-06 -4.49597e-07 -1.51528e-07 -6.32189e-07 -2.24594e-07 8.63988e-07 1.32493e-05 -4.79547e-06 7.08326e-06 9.06776e-06 1.56645e-05 2.63858e-05 8.52256e-05 9.89924e-05 -9.9961e-05 -6.48579e-05 -2.97561e-05 -2.58611e-05 -1.25776e-05 9.74494e-05 8.24316e-05 -2.44915e-05 3.38733e-05 -4.64472e-05 0.000117652 -3.5843e-05 4.89534e-06 1.60829e-07 -2.00853e-06 -3.83691e-06 1.11475e-05 4.04496e-05 1.3866e-05 -9.4153e-07 -2.14053e-05 2.57966e-05 1.38887e-06 5.63532e-06 -2.07622e-06 4.67722e-06 1.42902e-06 1.959e-06 -2.15265e-06 -1.19611e-05 1.04812e-05 -1.01025e-05 1.70642e-06 -9.08154e-06 -1.65863e-05 -4.00951e-06 5.61289e-06 -4.76849e-06 9.75951e-06 7.31596e-06 -2.27638e-05 -9.86263e-05 -6.35879e-05 3.47667e-05 1.42657e-05 1.02459e-06 2.98536e-06 7.61054e-06 -1.2565e-05 -5.2149e-06 4.342e-06 -1.74726e-05 -1.66706e-05 -3.08761e-05 -3.80594e-05 -2.63054e-05 -1.11349e-05 -1.12363e-05 -1.05941e-05 8.62315e-06 -1.58631e-06 1.08904e-05 1.31652e-05 1.93136e-05 -0.000232199 -0.00014533 -4.06946e-05
 9.08143e-07 1.48989 -0.318534 -9.29411e-06 -2.10293 1.71851 -0.330999 -0.100474 1.9428 -1.64918 -0.143333 3.43982 4.4293e-05 -0.874476 -0.00407377 2.88697e-05 -0.813464 0.0327863 5.85707e-06 -1.76572 0.762799 1.76408e-05 952.935 -207.694 -0.937595 12.2488 -3.0776 0.0640032 0.892084 -1.00457 -3.31136 -1.06171 4.45497 -3.18123 1.25986 -1.83503 0.382957 -0.378954 0.00104074 2.38202 -0.823209 -0.021166 -2.114 0.453135 -0.0219722 -0.326967 -0.413195 0.615692 -0.72863 -2.27537 1.42133 -0.252596 1.74663 -4.7173 -2.89465 3.84368 -0.185945 -2.62967 0.546553 0.893542 -0.129346 0.0104488 0.0267298 -0.334291 -0.0146875 0.910471 0.0337192 -0.00907721 -0.014744 1.43808e-05 -1.33746 0.448879 -0.456057 -0.0226567 0.657772 -0.399241 -0.0713918 1.62674 -0.152689 -0.0740594 0.579593 -0.481696 2.78681 -0.201789 -0.272475 0.0280589 0.0340582 0.0363437 0.00139176 -0.038079 -0.757147 0.968121 -0.653971 -1.91231 -1.51015 -0.974746 -9.02962 3.59059 1.93733 2.95724 1.30012 1.38215 -6.87627 -0.759613 4.35311 -0.107432 -2.1678 -6.82268 1.61164 0.776939 -0.718867 -0.485077 -0.300627 0.308888 -0.276192 -1.01521 -0.984792 0.540995 1.40099 -0.741495 -0.148498 -0.118065 0.247549 -0.187051 0.194076 0.0388822 0.109221 0.497563 0.198811 0.175877 0.279508 0.639204 1.03728 0.556011 0.218701 0.219347 0.117499 0.149315 0.341441 2.33739 1.69264 -0.485397 -0.310613 -0.113832 0.359983 0.302692 0.374745 0.991668 0.100179 0.572323 2.18681 1.49488 0.670631 -0.470852 -0.0189101 0.296935 0.422252 -0.544972 0.0865206 -0.933465 -1.09108 -1.99107 20.9912 10.7787 3.39566
