 1000 0.00218466 -0.000417093 -1.26381e-09 -0.000109471 9.18952e-05 5.94473e-07 4.77134e-07 -1.23035e-05 -7.96564e-05 -4.12712e-06 9.06946e-05 -2.46198e-10 -3.7638e-06 1.70254e-07 -6.93418e-10 6.07741e-06 -1.23571e-07 -9.6368e-10 -8.60219e-06 3.70914e-06 -7.12433e-10 1.71704e-05 -3.91247e-06 2.93307e-05 -0.000315268 7.07795e-05 -5.61103e-05 -0.000214451 0.000226089 -1.25309e-05 3.88154e-06 -1.68479e-05 0.000100487 -0.000102852 0.000158189 -7.39191e-05 4.34389e-06 3.66592e-07 -0.000111723 1.73371e-05 7.89105e-07 6.84942e-06 -7.05278e-05 8.51156e-06 -1.65439e-06 -7.77145e-06 8.53132e-06 7.80041e-05 -6.09433e-05 -0.000210572 0.000158104 -6.29409e-05 0.000100726 9.80456e-05 -0.000113661 -3.52055e-05 1.71728e-05 -3.74897e-05 2.66482e-05 -9.18845e-07 -5.79052e-08 5.18361e-05 6.50979e-06 -5.08832e-07 1.09947e-05 -3.98253e-06 8.4173e-07 2.6155e-07 -2.96824e-10 1.55896e-05 -5.6286e-06 7.81191e-06 2.58833e-07 -9.08838e-06 -1.20352e-06 -1.87175e-07 3.26603e-06 3.33957e-06 3.65948e-06 -2.07811e-05 5.13885e-06 -0.000292058 1.62756e-05 6.95033e-06 -6.52406e-07 -8.2846e-06 -1.00827e-06 -3.83174e-07 1.40202e-06 1.36673e-05 2.73741e-05 -5.10945e-05 -0.000172876 -0.000109479 1.47865e-05 1.18865e-05 0.000476232 -0.000190779 -0.000199365 -9.2703e-05 5.31433e-05 -7.04507e-05 -1.23547e-05 0.000102852 0.000128154 6.90062e-05 -6.84628e-05 -0.000185207 0.000257463 -0.000158245 3.64931e-05 -1.99517e-05 -1.02149e-05 1.49249e-05 3.94336e-05 2.4489e-05 -1.16534e-05 5.90799e-05 -4.73146e-05 1.21616e-05 -9.68846e-06 -1.17831e-05 1.07673e-05 9.36411e-06 -1.12327e-05 -2.04924e-05 0.000190652 -0.000150102 0.000100521 -1.00512e-05 8.74303e-06 2.18441e-05 -5.10248e-06 2.50893e-05 -4.60881e-05 2.69059e-05 9.60936e-06 3.04287e-05 -1.9699e-05 -7.17675e-05 4.34698e-05 1.14683e-05 -7.50556e-06 -1.24585e-06 -4.61979e-05 3.51539e-05 2.8726e-05 -4.6637e-06 3.09142e-05 6.8819e-06 -6.06513e-05 -1.19809e-05 -3.71478e-05 -4.18007e-06 -1.9403e-06 9.27142e-08 6.18247e-06 -4.06922e-07 2.10582e-05 3.1681e-05 2.46023e-05 -0.000651062 4.07699e-05 -6.06042e-05
 0.00218466 546.245 -103.127 0.000257868 26.9976 -22.6589 0.0655309 0.0423349 -0.459173 18.4871 1.17335 -26.1658 -3.96952e-06 0.915092 -0.0211251 1.06625e-05 0.328319 -0.0289883 3.8708e-05 -0.85228 0.34367 4.60461e-05 -1.61184 0.365493 17.5821 35.3053 -8.21721 6.19836 24.5112 -25.8634 15.9458 1.18953 -6.16558 10.4941 14.8501 -24.4991 8.71896 -0.30714 -0.0649476 17.4071 -2.91909 -0.121712 8.18987 5.50902 -0.82865 1.24215 1.97466 -2.2044 0.515103 8.48656 10.9155 -9.6652 0.353517 -2.90525 2.22602 -2.20096 4.74314 4.73226 7.27232 -8.43589 0.248275 -0.00852287 -4.17741 1.4943 0.0970266 -3.88253 0.481605 -0.0992801 -0.0290891 9.54855e-06 -2.19642 0.784105 -0.280805 -0.00700436 0.285164 0.625082 0.100303 -1.76673 0.191707 -0.107245 0.59387 -2.34226 1.27076 -0.0605722 1.84032 -0.138406 -0.371971 0.0990981 0.0119459 -0.111966 1.76393 -3.43146 2.78741 11.8585 10.5024 -1.02981 -28.5768 19.3357 -9.33199 11.6796 7.54168 0.843253 -0.790723 -1.11604 -4.38892 3.78905 4.0233 2.06204 -8.39642 3.9133 -1.21884 1.11386 -1.11194 -0.483591 -0.148505 -0.415099 0.152757 2.12147 0.811891 -0.569551 0.533245 0.465614 0.451207 -0.316579 0.736264 0.324062 -0.707944 3.22685 -6.05251 3.04359 -0.217615 0.12003 -0.424467 -3.28081 -0.750299 -1.68795 -1.18468 -1.49922 0.400694 -0.0798634 -1.13776 -1.63591 -1.60773 -0.265124 -0.195812 -1.93573 0.429257 -1.47049 -3.23698 -0.275926 0.145619 -1.99167 -0.20727 -0.829915 -0.735485 -0.686596 -0.737366 0.553721 -0.0971859 -2.22005 -4.90619 -4.59457 95.7324 -42.9325 4.44556
 -0.000417093 -103.127 20.5706 -4.92975e-05 -5.15404 4.32573 -0.0173701 -0.00923939 0.112143 -3.52525 -0.223997 4.99524 1.58661e-06 -0.194212 0.00408129 -1.69649e-06 -0.0765 0.0061401 -7.47083e-06 0.146852 -0.0589567 -8.7992e-06 0.293642 -0.066471 -3.34835 -6.72614 1.56547 -1.18617 -4.67054 4.92823 -3.03247 -0.230942 1.19256 -1.99887 -2.83146 4.67111 -1.6642 0.0481125 0.0128055 -3.31455 0.545999 0.0232414 -1.56479 -1.06335 0.159551 -0.243538 -0.384404 0.429104 -0.100368 -1.61469 -2.07787 1.83969 -0.0691833 0.552197 -0.423771 0.419064 -0.904319 -0.901053 -1.3859 1.60733 -0.0476441 0.00164936 0.794744 -0.284052 -0.0185352 0.740818 -0.0914543 0.0188519 0.00560014 -1.69777e-06 0.395366 -0.140724 0.0468912 0.00108833 -0.0467824 -0.120579 -0.0194409 0.343232 -0.0375743 0.019955 -0.11045 0.448467 -0.242754 0.0115639 -0.351103 0.0264058 0.0698568 -0.0188695 -0.00226996 0.0213151 -0.335734 0.652306 -0.529648 -2.2553 -2.00176 0.198438 5.44128 -3.68417 1.77781 -2.22363 -1.43483 -0.160201 0.150857 0.21231 0.834981 -0.722016 -0.766383 -0.392282 1.59966 -0.746243 0.232465 -0.212406 0.211903 0.092289 0.0281856 0.0790419 -0.0293941 -0.403672 -0.155021 0.108585 -0.101343 -0.0885924 -0.0856061 0.0600012 -0.140172 -0.0613826 0.135026 -0.615791 1.15345 -0.580015 0.0414492 -0.0228572 0.0807909 0.62477 0.142875 0.321286 0.225043 0.28502 -0.0766947 0.0148502 0.21728 0.311619 0.306331 0.0502206 0.037191 0.368728 -0.0820858 0.280277 0.615894 0.0522837 -0.027833 0.379489 0.0391361 0.158028 0.139847 0.13075 0.140412 -0.105411 0.0184964 0.422767 0.935442 0.875682 -18.2507 8.20485 -0.845104
 -1.26381e-09 0.000257868 -4.92975e-05 1000 -0.00151805 0.00127695 -8.88258e-06 -1.94699e-06 4.59856e-05 9.953e-05 7.03205e-06 -0.000154713 1.61291e-09 -3.19835e-05 2.61176e-08 6.06037e-10 -2.02359e-05 8.41338e-07 1.68675e-10 -3.81848e-05 1.59563e-05 4.16605e-10 -3.99885e-05 9.3099e-06 0.000111189 8.52891e-05 -2.061e-05 5.5036e-06 3.95807e-05 -4.19634e-05 0.000215596 4.2958e-06 -3.50694e-05 0.000224821 4.12963e-06 -2.12755e-05 5.43551e-05 -1.7292e-05 4.36763e-07 4.64568e-05 -1.38599e-05 1.21795e-07 9.29302e-05 -4.98226e-06 -5.47682e-07 -4.00158e-06 -6.15143e-06 6.66248e-06 6.56932e-06 3.81743e-05 -2.73015e-05 8.36733e-06 -2.28576e-05 -1.98772e-05 8.52158e-05 -9.06213e-05 4.04812e-05 1.30584e-05 5.59053e-05 -5.50972e-05 -6.89187e-07 -8.82873e-08 -7.18897e-06 -6.15294e-05 7.0156e-06 -0.000162924 -2.89076e-06 5.63649e-07 5.15351e-07 3.24612e-10 -6.94291e-05 2.5733e-05 -1.39436e-05 -4.86437e-07 1.51614e-05 -7.29958e-06 -8.14128e-07 1.80054e-05 2.27315e-06 -3.37341e-07 1.71353e-06 -3.00965e-05 -0.00013761 7.39982e-06 3.28498e-05 -2.45331e-06 -3.57455e-06 -7.29854e-08 -1.12856e-07 1.86992e-07 -1.79814e-05 -4.11575e-05 -9.80801e-06 -1.48216e-05 -1.40941e-05 7.24575e-06 9.43462e-05 -5.84883e-05 -4.75318e-05 7.50504e-05 2.4851e-05 -4.69545e-05 -1.7044e-06 4.0918e-05 -3.73141e-05 0.000120837 -3.12873e-05 -3.80498e-06 -2.17546e-05 2.88304e-06 4.72313e-06 -2.7546e-06 5.10762e-06 -1.84356e-05 2.54096e-05 -1.95208e-05 -4.94753e-06 1.12655e-05 4.04607e-05 -4.04915e-05 -3.39551e-05 3.7602e-05 4.35728e-05 6.08906e-05 -7.11988e-05 -0.000213077 -8.7091e-05 0.000141922 -6.06479e-05 0.000148085 -1.71353e-06 3.74303e-06 2.31584e-05 1.68734e-05 9.7572e-06 -8.82605e-07 2.12615e-05 -1.47188e-05 6.69953e-05 -3.43859e-05 -8.4958e-05 -1.63526e-05 -6.96571e-05 6.10934e-05 6.12913e-05 1.34586e-06 -6.11951e-06 -7.5247e-06 -2.35478e-05 6.69997e-05 4.72824e-05 -0.000115718 5.07227e-05 -3.07919e-05 -4.02686e-06 -2.76168e-06 -3.66747e-06 -4.00723e-06 8.10389e-07 -2.09369e-05 -5.67432e-05 -6.17543e-05 0.000800158 -0.00026755 4.78972e-05
 -0.000109471 26.9976 -5.15404 -0.00151805 425.75 -355.823 -0.836012 -0.199672 4.54143 11.2744 0.720684 -16.0119 0.000176808 -3.539 -0.00227212 7.21524e-05 -2.22068 0.0874487 2.76384e-05 -4.60467 1.92594 5.30681e-05 -4.71611 1.10085 10.4617 19.9686 -4.65618 3.4079 14.4228 -15.2221 15.6608 -0.693671 1.82396 8.88904 8.44768 -14.1183 5.01579 -2.08742 0.0410377 8.24469 -2.84535 -0.0480057 4.81383 0.807421 -0.204708 -0.805372 -0.853757 0.936476 -0.843687 2.7031 -1.48505 0.308833 0.917517 -3.21224 1.00344 -0.854372 3.42341 2.85991 4.83221 -5.49437 0.01925 0.00647578 -4.20265 -1.85685 0.350293 -9.33608 -0.183515 0.0396479 0.0392679 3.75084e-05 -7.15272 2.65363 -1.37999 -0.0479295 1.52385 -0.247722 -0.0118189 0.457789 0.136602 -0.0610596 0.343631 -3.81918 -0.325255 0.0290302 2.07389 -0.155242 -0.199589 0.0491527 0.00570518 -0.055314 0.77519 -0.987707 1.01262 1.69423 -0.396998 0.747634 4.08885 -1.90848 -1.3198 5.88324 1.68302 -1.70825 -0.412091 0.956513 -1.68827 3.09052 -0.435865 -0.673225 -0.874886 1.0363 0.175975 -0.347537 -0.736936 -1.45491 0.340155 0.208311 -0.29669 0.0573437 2.36791 -0.901079 -1.735 -0.598285 -0.632456 2.62249 2.9183 -1.55692 -1.34154 3.9271 -7.53042 2.78208 0.386553 0.225107 -0.350019 -0.87277 -0.525263 0.106386 -0.101598 -1.39251 0.663179 0.659808 0.287811 -0.811838 -1.40558 -0.0190133 -0.0254631 -0.292335 0.704628 -0.640275 -3.15435 -0.0441759 1.55887 -2.03421 0.279225 -0.732444 -0.466739 -0.415731 -0.41938 0.22001 -0.0430655 -1.80905 -3.72499 -3.62554 74.7411 -30.4146 3.84568
 9.18952e-05 -22.6589 4.32573 0.00127695 -355.823 299.924 0.699797 0.16711 -3.8016 -9.46274 -0.604977 13.4412 -0.000148136 2.96414 0.00192257 -6.04491e-05 1.85922 -0.0731941 -2.32149e-05 3.85981 -1.61439 -4.45353e-05 3.95343 -0.922814 -8.77765 -16.7559 3.90705 -2.86211 -12.1026 12.7733 -13.1399 0.580612 -1.52442 -7.45903 -7.08909 11.8477 -4.20865 1.74891 -0.0343292 -6.91592 2.38502 0.0402833 -4.0395 -0.680472 0.172118 0.673771 0.714055 -0.783196 0.708803 -2.26786 1.24588 -0.259091 -0.770506 2.69531 -0.841683 0.716577 -2.8723 -2.39939 -4.05496 4.61038 -0.0163559 -0.00541811 3.52557 1.55883 -0.293984 7.83503 0.154194 -0.033311 -0.0329982 -3.1435e-05 5.9943 -2.22383 1.15574 0.0401367 -1.27618 0.207062 0.00977843 -0.381349 -0.115003 0.0510668 -0.287391 3.20535 0.271661 -0.0242952 -1.74045 0.130282 0.167418 -0.0412429 -0.00478537 0.0464109 -0.650092 0.82862 -0.849397 -1.42108 0.333052 -0.627304 -3.43078 1.60164 1.10785 -4.93759 -1.41237 1.43372 0.345636 -0.802795 1.41685 -2.59355 0.365855 0.564746 0.734385 -0.869348 -0.147849 0.291502 0.61824 1.22078 -0.28543 -0.174409 0.248916 -0.0481761 -1.98693 0.75623 1.45608 0.501845 0.530588 -2.20066 -2.44802 1.30752 1.12609 -3.29581 6.31859 -2.3349 -0.324304 -0.188866 0.293564 0.73225 0.440712 -0.089357 0.0850025 1.1683 -0.556784 -0.553658 -0.240999 0.681346 1.17977 0.0155111 0.0210135 0.245259 -0.591293 0.537471 2.64644 0.0366693 -1.30816 1.70725 -0.234763 0.61458 0.391515 0.348821 0.351891 -0.184533 0.0361188 1.518 3.12636 3.04269 -62.7257 25.5349 -3.22628
 5.94473e-07 0.0655309 -0.0173701 -8.88258e-06 -0.836012 0.699797 999.867 -0.0758323 0.703934 -0.260414 -0.0244834 0.598575 1.1914e-05 -0.268866 -7.0939e-05 6.9404e-06 -0.219005 0.00895109 -1.51104e-06 -0.271482 0.113181 9.7063e-07 -0.281572 0.0653318 0.287005 0.624712 -0.146768 0.026315 0.61325 -0.648353 0.816292 -0.0762325 0.266838 1.05294 -0.0169396 -0.0389829 -0.100019 -0.0990343 0.00301594 0.265892 -0.168843 -0.00040376 0.127853 -0.374228 0.0400778 -0.143588 -0.150032 0.164858 0.192958 -0.129007 -0.473074 0.352941 -0.0880328 -1.61689 0.987411 -0.944618 -0.216146 -0.166275 0.0160852 0.0611854 -0.082012 0.0070395 -0.54354 0.142116 -0.0042755 0.0471861 -0.0191159 0.00391285 -0.000905151 2.17159e-06 -0.406678 0.149809 -0.157507 -0.00599674 0.194565 -0.235248 -0.0308399 0.631607 -0.0122 -0.0105612 0.0590436 0.0980399 -0.79337 0.0413392 -0.216484 0.0159407 0.123617 0.00278261 4.48713e-05 -0.00285179 -0.238611 -0.286538 -0.197485 -0.322525 -0.142286 0.0622934 0.298592 0.936703 -1.31208 0.402844 0.226181 0.192381 0.469927 -0.216756 -0.176953 0.0742367 0.259264 -0.249637 0.0228748 -0.0122038 -0.0282053 -0.0455934 -0.075691 -0.0321824 -0.0646198 -0.116792 0.343884 -0.479878 0.0854419 -0.0273859 0.0719875 -0.0622966 0.0560957 -0.0688296 -0.072953 0.0307426 -0.12182 -0.011343 0.359509 -0.231369 0.0476643 0.0901277 0.105886 -0.640968 0.224982 -0.219494 0.0792168 0.188958 -0.355353 -0.109329 -0.0237888 0.314642 -0.136184 0.134535 0.173799 -0.037124 0.0542182 0.0208298 0.132346 0.000630876 0.382262 0.419589 0.00445295 -0.125034 -0.085993 0.0276309 0.0315375 -0.0976405 0.0115316 -0.373481 -0.463758 -0.535145 7.62815 4.88039 1.35277
 4.77134e-07 0.0423349 -0.00923939 -1.94699e-06 -0.199672 0.16711 -0.0758323 3.12454 -47.242 -0.0635307 -0.00620777 0.151422 2.8302e-06 -0.0620743 -3.59096e-05 1.79253e-06 -0.051737 0.00211151 -5.95124e-09 -0.0533601 0.0222248 4.43774e-07 -0.070175 0.0163262 0.0402071 0.277042 -0.0636259 0.0159117 0.174552 -0.184381 0.166264 -0.0246202 0.093147 0.194232 0.0622187 -0.111755 -0.0170429 -0.0230324 0.000506316 0.0760512 -0.0418768 -0.000307923 0.010188 -0.0740321 0.00774737 -0.0313197 -0.0350849 0.038436 0.0513746 -0.0445399 -0.161571 0.120853 0.0176744 -0.452446 0.184291 -0.164867 -0.0554294 -0.0514415 -0.0149082 0.0357483 -0.020167 0.00213494 -0.207416 0.0829672 -0.000836928 -0.0270462 -0.00494765 0.0010159 -0.000320053 5.92105e-07 -0.0971303 0.0357807 -0.0372097 -0.00140887 0.0457839 -0.0641247 -0.00823338 0.166779 -0.0073342 -0.00362868 0.0202536 0.0285179 -0.0644814 0.00329252 -0.0395216 0.00291617 0.0368239 0.00104014 0.000327627 -0.0013784 -0.0609754 -0.0866186 -0.0528233 -0.0636759 -0.0125979 0.0213265 0.294588 0.00382916 -0.332189 0.120253 0.0751162 0.203587 0.0865552 -0.0451484 -0.166003 -0.0576845 0.105427 -0.0561559 0.0185373 -0.00950261 -0.0163751 -0.020452 -0.0306334 -0.0101669 -0.0218862 -0.0800155 0.158149 -0.115975 0.00866706 -0.0264512 0.0555397 -0.0236115 0.0217587 -0.0251698 -0.00173133 0.0182914 -0.0665048 -0.0157997 0.0392319 -0.0515374 0.0220915 0.0370529 0.0306777 -0.108585 0.0222667 -0.0155366 0.00631359 -0.0224549 -0.0866958 0.0198255 0.0572449 0.0737755 -0.00267129 0.0233714 0.00304492 -0.0467758 -0.0556643 0.107049 -0.0178489 0.0757781 0.151275 0.0427995 -0.0569761 -0.035912 -0.0203787 0.00507622 0.0103314 -0.0263605 0.00291037 -0.0966613 -0.0854126 -0.110899 1.99084 1.25162 0.350603
 -1.23035e-05 -0.459173 0.112143 4.59856e-05 4.54143 -3.8016 0.703934 -47.242 993.809 1.50373 0.146278 -3.534 -6.27277e-05 1.3868 0.000387188 -3.85635e-05 1.1464 -0.0471038 1.7184e-06 1.17901 -0.491374 -9.22475e-06 1.52904 -0.355987 -0.832693 -5.6096 1.28891 -0.251237 -3.47389 3.66954 -3.42111 0.56046 -2.14493 -4.03954 -1.15576 2.10225 0.377444 0.555349 -0.0137969 -1.63315 0.938046 0.00619599 -0.203986 1.69145 -0.179178 0.725981 0.795957 -0.874316 -1.11883 0.915729 3.35826 -2.5084 -0.324952 9.36978 -3.86527 3.4668 1.17011 1.06461 0.338137 -0.766291 0.426281 -0.0448629 4.27965 -1.72425 0.0188293 0.518059 0.104858 -0.021528 0.00709316 -1.3609e-05 2.16939 -0.800395 0.840958 0.0320524 -1.03559 1.36661 0.174722 -3.53781 0.157131 0.075366 -0.420834 -0.702609 1.45373 -0.0740132 0.837395 -0.0617695 -0.786984 -0.0213459 -0.00679998 0.0283646 1.25691 1.8132 1.08942 1.30979 0.273255 -0.464344 -6.09461 -0.114426 6.87828 -2.43385 -1.50183 -4.23533 -1.79384 0.940146 3.42446 1.19109 -2.18069 1.17539 -0.399875 0.18926 0.345862 0.429214 0.637764 0.211293 0.44711 1.64232 -3.27818 2.4094 -0.175543 0.54232 -1.15953 0.486739 -0.459855 0.522748 0.0350584 -0.38718 1.3709 0.343491 -0.83772 1.07467 -0.459485 -0.769387 -0.638266 2.25462 -0.469441 0.33007 -0.12625 0.46703 1.80822 -0.398869 -1.19143 -1.5437 0.0481086 -0.480792 -0.0641962 0.969095 1.15755 -2.22784 0.371184 -1.56656 -3.13821 -0.894023 1.19324 0.749831 0.427602 -0.107527 -0.216479 0.546349 -0.0600589 2.00141 1.73969 2.27567 -40.6115 -26.7879 -7.30321
 -7.96564e-05 18.4871 -3.52525 9.953e-05 11.2744 -9.46274 -0.260414 -0.0635307 1.50373 875.059 -7.76415 157.732 0.000124106 -2.69847 0.0021741 7.19214e-05 -2.14598 0.0908908 2.10504e-05 -2.95042 1.2355 2.31871e-05 -3.18944 0.747251 5.74012 7.12182 -1.68428 1.73753 6.06828 -6.408 8.2736 -0.0241472 -0.507244 6.16817 3.44767 -5.92884 3.94338 -0.835094 0.00743981 4.18042 -1.29938 -0.0215164 2.58912 1.24262 -0.196882 -0.0256182 -0.0695375 0.0698748 1.27606 2.07151 -4.23359 2.30289 -0.457355 -2.73762 2.54337 -2.54085 3.15572 3.15569 0.836151 -2.12545 0.545608 -0.0235628 -5.20833 4.06008 0.129038 -6.56574 0.11662 -0.0241193 -0.0177496 9.80455e-06 -3.55012 1.31285 -0.575544 -0.0156982 0.528089 1.28589 0.158266 -2.9064 -0.216937 -0.27115 1.53039 -1.31264 -3.94648 0.225965 0.287331 -0.022483 0.350458 0.0086689 -0.00984493 0.0011491 -0.462471 -1.73213 -3.28716 -2.02572 7.1118 9.10689 -9.75751 -2.18372 -3.5419 26.0696 7.04486 -11.8598 3.47581 -1.50395 -3.44962 2.57407 8.38377 14.317 -16.1028 0.591049 2.40777 1.01616 -0.489513 -0.897084 -0.999639 2.45267 -5.22334 0.358423 3.25424 -3.46763 0.716561 -0.0605365 -1.9154 0.0558676 -0.42958 1.51849 -5.40647 9.25552 -11.0071 7.16557 -2.14529 -0.917531 1.39664 -5.38678 0.310345 -3.24086 -1.36118 1.17587 -0.0794529 -0.132148 -0.548864 -1.39209 -1.51185 1.07103 -0.0728103 -2.73849 0.143465 1.00028 -1.2905 0.14636 -2.10579 1.10817 1.8155 -1.45597 -2.8638 -1.02501 -0.963506 0.189313 0.000252105 -0.979393 -1.42344 3.13841 48.345 -27.3005 1.56075
 -4.12712e-06 1.17335 -0.223997 7.03205e-06 0.720684 -0.604977 -0.0244834 -0.00620777 0.146278 -7.76415 2.48022 -35.7021 7.88616e-06 -0.171811 8.85563e-05 4.52385e-06 -0.135043 0.00563402 1.36382e-06 -0.196886 0.0823353 1.50216e-06 -0.212442 0.0496516 0.263617 0.778456 -0.179696 0.148399 0.578069 -0.610165 0.47678 -0.0263123 0.079127 0.210563 0.383676 -0.628754 0.202306 -0.0622333 0.00077005 0.139721 -0.0636175 -0.000914485 0.0318413 0.0729924 -0.010327 -0.027123 -0.0238013 0.0260088 -0.0809179 0.0912683 0.0048361 -0.0259077 0.0363823 -0.28334 0.0205681 -0.00106621 0.119077 0.0326714 0.140665 -0.139546 0.00119166 0.000218235 -0.210292 0.0884831 0.00523107 -0.217768 0.00924542 -0.00187853 -0.00100026 8.10582e-07 -0.218098 0.0805861 -0.0494492 -0.00157828 0.0518553 0.0790694 0.010119 -0.197187 -0.000857393 -0.00504569 0.0280613 -0.115693 0.254124 -0.013499 0.0444467 -0.00346394 0.0144022 0.00234468 0.000522403 -0.00289006 -0.028604 -0.306823 -0.145863 0.240176 0.678905 0.677248 -0.478162 -0.0635948 -0.26707 0.552867 0.083142 -0.167026 0.374234 0.0569895 -0.425704 -0.257058 0.10687 0.432098 -0.189204 -0.0145221 -0.0212024 -0.00345796 -0.0419426 -0.0504866 -0.0704908 0.0665543 -0.137269 -0.0434999 0.111205 -0.0887007 0.00135291 -0.0220996 -0.0534691 -0.00191655 0.0529748 0.013869 -0.133454 0.312066 -0.29787 0.0446625 0.00225479 -0.0341764 0.0505051 -0.23404 0.0375896 -0.0495315 -0.0220694 -0.0133275 -0.062426 0.0347328 -0.014411 -0.0609975 -0.0486334 0.000767317 0.0310268 -0.0681019 0.0238127 0.0211188 -0.089519 0.0168118 0.0665231 0.01216 -0.0139518 -0.021643 -0.0295745 -0.0156328 -0.0155606 -0.00668638 0.000607029 -0.0982871 -0.165446 -0.182583 3.43361 -0.74057 0.255666
 9.06946e-05 -26.1658 4.99524 -0.000154713 -16.0119 13.4412 0.598575 0.151422 -3.534 157.732 -35.7021 794.83 -0.000181219 3.95926 -0.00233661 -0.000103295 3.1233 -0.130603 -2.96434e-05 4.53519 -1.89685 -3.28131e-05 4.86892 -1.1382 -5.94727 -17.2016 3.9724 -3.27165 -12.7799 13.4896 -10.8135 0.650179 -2.01932 -4.82996 -8.41878 13.8095 -4.55831 1.49963 -0.0215777 -3.17992 1.51079 0.0200824 -0.725808 -1.47874 0.212882 0.689391 0.599205 -0.657831 1.78889 -2.07776 0.105581 0.4446 -0.719085 6.29609 -0.548154 0.122026 -2.72612 -0.822658 -3.09105 3.11283 -0.0405885 -0.00428446 4.8368 -2.0663 -0.120425 5.03224 -0.218459 0.0444402 0.0247321 -1.8815e-05 5.02673 -1.85814 1.16994 0.0377306 -1.23392 -1.85385 -0.235495 4.58992 0.00552649 0.106428 -0.592127 2.70499 -5.39467 0.285953 -0.983509 0.0766277 -0.30385 -0.0514762 -0.011106 0.0630848 0.642617 6.8656 3.20385 -5.37154 -14.8661 -14.9166 10.7232 1.47641 6.04357 -13.2662 -1.97326 4.09246 -8.32717 -1.19939 9.44535 5.54641 -2.62525 -9.96704 4.69303 0.295111 0.382966 0.0377684 0.935816 1.14076 1.57617 -1.54995 3.19114 0.938094 -2.54506 2.05917 -0.056275 0.484873 1.23422 0.0346447 -1.14718 -0.353739 3.10504 -7.15444 6.89446 -1.21859 0.0186521 0.776509 -1.15668 5.30443 -0.840572 1.18975 0.529297 0.255762 1.37501 -0.757232 0.325041 1.37354 1.11108 -0.0505152 -0.678796 1.5794 -0.526694 -0.502333 2.00328 -0.37507 -1.39276 -0.305981 0.247712 0.519899 0.739361 0.374817 0.370612 0.140679 -0.013395 2.18326 3.65382 3.87982 -76.6946 17.0428 -5.65012
 -2.46198e-10 -3.96952e-06 1.58661e-06 1.61291e-09 0.000176808 -0.000148136 1.1914e-05 2.8302e-06 -6.27277e-05 0.000124106 7.88616e-06 -0.000181219 1000 7.6583e-05 -6.42382e-06 -8.18096e-10 4.12131e-05 -1.39505e-06 2.72384e-10 3.06257e-05 -1.26826e-05 1.3327e-10 3.76749e-05 -8.59215e-06 -0.00027305 -0.000524559 0.000123223 -2.54128e-05 -0.000165817 0.000175031 -7.06255e-05 1.98323e-05 -7.86044e-05 -0.0001377 4.79496e-05 -6.82884e-05 0.000105174 2.126e-05 -4.55904e-07 -0.000360667 0.000143269 2.72664e-06 -5.44931e-05 0.00015098 -1.57062e-05 3.10558e-05 3.73509e-05 -4.12223e-05 0.000104763 -7.48364e-05 -0.000201195 0.00015533 3.46366e-05 4.3369e-05 -4.06084e-05 4.10011e-05 9.4245e-05 -5.8704e-05 -3.03846e-05 4.84772e-05 1.11277e-06 -1.41623e-07 2.95978e-05 4.25233e-08 8.94527e-07 -2.93115e-05 5.7828e-07 -1.28537e-07 -4.08833e-07 -2.33893e-10 5.87212e-05 -2.14347e-05 1.37337e-05 4.8378e-07 -1.51151e-05 3.27995e-05 4.64551e-06 -9.76343e-05 3.23016e-06 2.47113e-06 -1.46456e-05 -5.55238e-05 0.000247826 -1.28238e-05 2.74302e-06 -1.31168e-07 3.21692e-06 -8.6909e-07 -4.65518e-08 9.23435e-07 -5.91029e-05 -4.40188e-05 6.77593e-06 4.22909e-05 8.93874e-06 -1.46381e-05 7.24846e-06 2.40285e-05 -9.53605e-05 -8.88166e-05 -3.24643e-05 0.000170896 0.000152781 -5.8008e-05 -6.89349e-05 6.65315e-05 5.17283e-05 8.32711e-05 3.98525e-05 -1.39772e-05 -9.14353e-05 -1.63762e-05 5.99307e-05 4.8009e-05 -2.97364e-05 -3.19642e-05 -8.96789e-05 3.36813e-05 3.45409e-05 1.39977e-05 6.57381e-06 7.38962e-06 -2.58981e-05 -1.18109e-06 -1.43163e-05 -3.27285e-05 -3.12717e-05 -1.7939e-05 -3.08963e-05 -3.40655e-05 -1.28488e-05 2.87384e-06 1.66429e-05 3.19225e-05 2.43493e-05 1.70942e-05 1.53909e-05 3.17359e-06 -2.62542e-05 -2.78318e-05 -1.37117e-05 1.08739e-05 2.16095e-05 1.21325e-06 -3.09824e-05 6.13921e-07 -3.53295e-06 3.48263e-06 -4.52163e-07 -2.27564e-06 3.43335e-06 2.29488e-05 3.54945e-05 -1.47791e-05 -2.26168e-06 -7.8643e-06 -4.15494e-06 -6.57379e-06 2.87286e-06 3.06059e-05 4.61766e-05 4.57833e-05 -0.000720615 -0.000263996 -0.000104036
 -3.7638e-06 0.915092 -0.194212 -3.19835e-05 -3.539 2.96414 -0.268866 -0.0620743 1.3868 -2.69847 -0.171811 3.95926 7.6583e-05 997.939 -2.83741 1.34233e-05 -1.00524 0.0347591 -1.11131e-05 -0.653145 0.269798 -9.70178e-06 -0.78 0.17672 8.79982 13.7365 -3.25255 0.719454 4.56344 -4.81804 2.68083 -0.457812 1.73757 5.00454 -0.45438 0.409905 -3.44175 -0.578967 0.0148228 7.96817 -3.5242 -0.0645636 1.57933 -4.63611 0.485714 -0.83177 -1.01086 1.11536 -2.37975 2.68885 4.3901 -3.6725 -1.41576 -0.436082 1.75583 -1.87871 -2.95385 2.23733 0.8332 -1.57926 -0.0385402 0.00495495 -0.446439 0.139776 -0.0201614 0.584268 -0.0236442 0.00518434 0.0133285 3.34098e-06 -1.33417 0.485376 -0.279908 -0.00942615 0.29475 -0.850011 -0.11769 2.47564 -0.04503 -0.0409263 0.248295 1.82715 -9.37145 0.500684 -0.0484849 0.00128111 -0.153906 0.0200213 0.00133693 -0.021538 2.08409 1.4422 0.0719924 -0.674904 0.204718 0.785967 0.317829 -0.0812729 2.12533 1.46099 0.583896 -3.5166 -4.17063 0.94548 3.28768 -1.19425 -1.32899 -2.21199 -0.387485 0.637595 2.04436 0.407303 -1.53598 -1.68201 1.28156 1.3474 2.34115 -0.786877 -0.737981 -0.0739276 -0.00569079 -0.0315193 0.641655 0.239993 0.511635 0.848815 0.837782 0.399497 0.789323 0.795682 0.256659 -0.222859 -0.660261 -0.958319 -0.635603 -0.550744 -0.550337 -0.311502 0.234789 0.214101 -0.0767246 -0.13858 -0.212772 0.00858638 0.483102 -0.225758 -0.193105 -0.434529 -0.205138 -0.141193 -0.312927 -1.10596 -1.62781 -0.28402 -0.228397 -0.0384232 -0.095569 0.389709 -0.100879 -0.597928 -0.996125 -0.956949 14.4356 4.65298 2.00752
 1.70254e-07 -0.0211251 0.00408129 2.61176e-08 -0.00227212 0.00192257 -7.0939e-05 -3.59096e-05 0.000387188 0.0021741 8.85563e-05 -0.00233661 -6.42382e-06 -2.83741 0.825578 2.56606e-07 -0.00600154 0.000301924 1.85494e-08 -0.00258792 0.00110481 5.08485e-08 -0.00380209 0.000920167 -0.0366203 -0.0595007 0.0140228 -0.00622723 -0.0255227 0.0269418 -0.0134562 -0.000248125 0.00205063 -0.0204963 -0.0050399 0.00939609 0.00255655 -0.00171525 0.000148098 -0.0381302 0.00942518 0.000304709 -0.0123631 0.0068966 -0.00049492 -6.12785e-05 -0.000766619 0.000860064 0.00449915 -0.0111482 -0.0191992 0.0159665 0.00299547 -0.000311489 -0.0076659 0.00836034 0.00574782 -0.00911123 -0.00601866 0.00888621 -0.000138652 9.23695e-07 0.00220136 -0.000353664 1.12263e-06 1.26652e-07 0.000233767 -4.96156e-05 -4.72128e-05 5.67925e-08 -0.00391782 0.00152941 -0.000529396 -1.79139e-05 0.000531572 0.0013415 0.000138666 -0.00322387 -0.000237808 -0.000241576 0.00126979 -0.00506574 0.0345489 -0.0018416 -0.000480912 4.3915e-05 3.28287e-05 -8.17103e-05 -4.52974e-06 8.69706e-05 -0.00770826 -0.00311054 -0.0016359 -0.00017229 -0.000443513 -0.00105079 -0.00041718 -0.000207518 -0.00688342 -0.00741124 -0.00232022 0.0130329 0.0144888 -0.00340732 -0.0117019 0.00372903 0.00428783 0.00748906 0.00159646 -0.00262825 -0.0073985 -0.00129765 0.00588019 0.00624796 -0.00478248 -0.00497757 -0.00832574 0.00284207 0.00242912 1.29251e-05 4.20919e-05 -6.4449e-05 -0.00213212 -0.00104219 -0.00202247 -0.00290444 -0.00278002 -0.00182643 -0.00209286 -0.00313318 -0.000834856 0.00095173 0.00260469 0.00370705 0.00244645 0.001934 0.00176605 0.00079664 -0.00110046 -0.000833991 0.000919919 0.00100674 0.00114637 -0.000128944 -0.00163099 0.00100422 0.000661597 0.00212436 0.000848891 0.000686246 0.00127602 0.00414152 0.00558409 0.00108182 0.00082927 0.000293536 0.000518574 -0.00151882 0.000373515 0.00224698 0.00459621 0.00407261 -0.0729926 0.00936296 -0.00619538
 -6.93418e-10 1.06625e-05 -1.69649e-06 6.06037e-10 7.21524e-05 -6.04491e-05 6.9404e-06 1.79253e-06 -3.85635e-05 7.19214e-05 4.52385e-06 -0.000103295 -8.18096e-10 1.34233e-05 2.56606e-07 1000 2.14238e-05 -3.54469e-06 -3.69465e-10 1.84321e-05 -7.62529e-06 -5.18373e-10 2.53053e-05 -5.7887e-06 2.40035e-05 -1.66276e-05 3.37626e-06 -1.11229e-05 -5.51155e-05 5.81453e-05 2.5122e-05 9.20465e-06 -4.1463e-05 5.56138e-05 1.76959e-06 -6.76752e-06 -2.30836e-05 5.01389e-06 -3.49759e-08 -0.000130755 3.47963e-05 7.25989e-07 -3.07775e-05 5.46965e-06 1.67942e-07 7.32899e-06 9.76186e-06 -1.06413e-05 6.93988e-05 -2.77108e-05 -0.000149353 0.000107847 -2.02033e-05 7.5971e-05 7.76358e-06 -1.43149e-05 9.2138e-06 1.47909e-05 -2.3748e-05 1.44187e-05 8.37304e-06 -5.94663e-07 2.7975e-05 1.0116e-05 -1.47828e-08 -7.37261e-06 -1.34773e-06 2.69398e-07 2.54509e-07 -3.12085e-10 2.97864e-05 -1.09097e-05 9.17551e-06 3.60843e-07 -1.14381e-05 9.59757e-06 1.68086e-06 -3.58882e-05 5.03131e-06 4.35279e-06 -2.50991e-05 1.74328e-05 -0.000366655 2.07288e-05 1.3254e-05 -9.68483e-07 -4.5918e-06 -5.99333e-07 -3.04747e-08 6.35073e-07 -1.99267e-05 -9.11418e-05 1.19546e-05 0.000103412 9.54173e-05 6.92647e-05 4.66423e-05 1.20369e-05 -0.000122515 -0.00019788 -6.17816e-05 0.00021347 -2.35056e-05 0.00014452 -2.92002e-05 9.07358e-06 0.000102336 -1.97716e-05 4.88418e-05 -1.60451e-05 -2.49581e-05 -1.42355e-05 -7.39148e-06 9.59414e-06 1.1561e-05 5.37385e-05 -2.04656e-05 3.15837e-07 -4.03938e-05 6.7968e-06 7.28377e-06 1.38501e-05 -8.15017e-06 -6.65898e-07 -1.6196e-05 -1.03987e-05 -1.43698e-05 -2.34254e-05 -3.23543e-05 -7.33769e-06 -1.21206e-05 -3.55307e-06 -1.11381e-06 1.28781e-05 7.56116e-06 -9.13682e-06 -8.47797e-06 -1.19735e-05 -1.07233e-05 -2.23392e-05 -3.26512e-05 1.1349e-06 4.38696e-06 -6.55483e-06 4.07292e-06 7.07912e-06 -1.07522e-05 2.6726e-05 2.90125e-06 -1.74763e-05 -1.02422e-05 -1.7948e-05 -7.45872e-06 -2.13708e-05 -4.74909e-06 -9.05441e-06 -7.24881e-06 9.75257e-06 1.0183e-06 2.50072e-05 3.72042e-05 3.31132e-05 -0.000498635 -0.00034334 -9.13598e-05
 6.07741e-06 0.328319 -0.0765 -2.02359e-05 -2.22068 1.85922 -0.219005 -0.051737 1.1464 -2.14598 -0.135043 3.1233 4.12131e-05 -1.00524 -0.00600154 2.14238e-05 997.283 -44.0806 -5.15245e-07 -0.550857 0.22801 1.28465e-06 -0.688162 0.157388 3.64189 4.20692 -1.01278 0.391508 2.51351 -2.65514 1.4308 -0.2504 0.958391 2.57582 0.0843046 -0.29665 -1.08334 -0.306261 0.00770669 3.88583 -1.5901 -0.0290195 1.59242 -2.2222 0.216048 -0.434733 -0.535372 0.587713 -1.26604 2.28237 2.37202 -2.20556 -0.477728 -1.03076 1.12605 -1.14338 -1.54269 1.32555 0.846126 -1.25018 -0.236414 0.0202911 -1.02267 0.282341 -0.0080166 0.102387 -0.000132748 0.0002778 0.00121436 6.23176e-06 -0.938214 0.342746 -0.271308 -0.010267 0.324496 -0.547826 -0.0788407 1.67201 -0.138971 -0.0968133 0.562856 0.410228 1.3394 -0.0807136 -0.229765 0.0154394 0.0638448 0.0217232 0.000557641 -0.0224717 1.45838 2.37055 -0.0148103 -1.86668 -1.39834 -0.706732 -0.613883 0.396621 2.42397 3.69267 1.131 -5.45304 -2.39207 -0.677097 3.30567 1.15622 -3.57284 -3.58101 2.44034 -0.0505191 0.860718 0.46463 0.15867 -0.221476 -0.523745 0.67062 0.533192 0.0363799 0.466564 0.437179 0.152845 -0.0303928 0.339328 0.19771 0.700585 0.629961 0.584717 0.380293 0.927995 0.442539 0.377436 0.30163 -0.185204 -1.28861 -0.39497 -0.0841739 -0.0101925 0.0171224 0.113362 0.053066 0.281443 0.0594523 0.197273 -0.422142 -0.16059 -0.0635196 0.0986044 -0.675961 -0.983159 0.0968982 -0.0593245 -0.477977 -0.868413 -0.651144 -0.354822 -0.111753 -0.0568965 0.109652 -0.0712377 -0.620993 -0.822837 -0.798919 13.4057 7.10991 2.20098
 -1.23571e-07 -0.0289883 0.0061401 8.41338e-07 0.0874487 -0.0731941 0.00895109 0.00211151 -0.0471038 0.0908908 0.00563402 -0.130603 -1.39505e-06 0.0347591 0.000301924 -3.54469e-06 -44.0806 2.82239 1.77902e-08 0.0207704 -0.00857119 -3.47921e-08 0.026162 -0.00595034 -0.166373 -0.196229 0.0471622 -0.0206707 -0.119361 0.126083 -0.0669045 0.00988346 -0.0370818 -0.117235 -0.00846959 0.0209402 0.0448743 0.0117525 -0.000244009 -0.178149 0.0693224 0.00133996 -0.0748635 0.0934369 -0.00890112 0.0170943 0.0208156 -0.0228108 0.0551125 -0.10352 -0.109033 0.101042 0.0203884 0.045779 -0.0506462 0.0514715 0.0660151 -0.060135 -0.0402607 0.0584566 0.0103601 -0.000893382 0.0463908 -0.0125116 0.000307348 -0.00309223 0.000114982 -3.5319e-05 -4.4207e-05 -2.06032e-07 0.0362208 -0.0131673 0.0108597 0.000411636 -0.0130663 0.0234753 0.00332607 -0.07083 0.00545765 0.00382755 -0.0223685 -0.0186103 -0.0614724 0.00369095 0.00976422 -0.00065214 -0.00311796 -0.00098668 -2.49833e-05 0.00102033 -0.0655713 -0.105862 -0.00184976 0.0827645 0.064761 0.03346 0.0276119 -0.0181203 -0.107904 -0.168763 -0.0525876 0.245799 0.107536 0.0300059 -0.148527 -0.0521762 0.16058 0.161159 -0.109689 0.00228268 -0.0389262 -0.0208559 -0.00688803 0.0101271 0.0236325 -0.0301743 -0.02396 -0.00169546 -0.0210652 -0.0196734 -0.0066551 0.00136709 -0.0150281 -0.00897207 -0.0315406 -0.0281565 -0.0260968 -0.0174798 -0.0411167 -0.0200892 -0.0168988 -0.0134513 0.00850839 0.0581819 0.0179631 0.00377193 0.000344002 -0.000937006 -0.00529713 -0.00256236 -0.0122227 -0.00225987 -0.00849588 0.0188637 0.00718647 0.00294183 -0.00451086 0.0307962 0.0441661 -0.00427969 0.00276542 0.0216806 0.038829 0.0292926 0.0159295 0.00514615 0.00269788 -0.00498907 0.00320528 0.0280579 0.0380584 0.036671 -0.623972 -0.295063 -0.0981291
 -9.6368e-10 3.8708e-05 -7.47083e-06 1.68675e-10 2.76384e-05 -2.32149e-05 -1.51104e-06 -5.95124e-09 1.7184e-06 2.10504e-05 1.36382e-06 -2.96434e-05 2.72384e-10 -1.11131e-05 1.85494e-08 -3.69465e-10 -5.15245e-07 1.77902e-08 1000 -1.03653e-05 5.40588e-06 -4.31238e-10 2.75383e-06 -6.86382e-07 7.37592e-05 -7.75622e-06 5.16202e-07 4.09334e-06 4.06373e-05 -4.29606e-05 6.44792e-05 4.20172e-06 -2.28097e-05 0.000135033 -4.21861e-05 5.87088e-05 -3.70366e-05 -1.61782e-06 1.80871e-07 -3.42064e-05 -7.82319e-07 3.65168e-08 2.44936e-06 -3.75852e-05 4.30727e-06 -4.55792e-06 -4.30147e-06 4.75754e-06 2.72263e-05 1.29515e-05 -4.5852e-05 2.7262e-05 -3.02445e-05 2.14738e-05 5.37106e-05 -5.97045e-05 -2.48891e-05 2.7217e-05 6.94372e-08 -1.06968e-05 2.13134e-07 1.59235e-07 -1.10785e-05 3.56987e-06 1.32872e-08 -1.81534e-06 -1.51271e-06 3.06086e-07 2.01671e-07 -1.30736e-10 -2.14474e-06 7.32072e-07 -1.12366e-06 -2.05475e-08 3.20544e-07 -2.9787e-06 -2.14707e-07 5.02747e-06 1.12597e-06 1.35586e-06 -7.47432e-06 1.42897e-05 -0.000304822 1.69276e-05 6.00192e-06 -4.62685e-07 5.0738e-07 -3.57443e-07 -1.12773e-07 4.73797e-07 1.014e-05 3.31241e-06 -2.13988e-05 -6.37482e-05 -2.41673e-05 1.88798e-05 -5.34362e-05 0.000377677 -0.000120741 -0.000112308 -4.54025e-05 -4.18997e-05 -8.88519e-05 0.000111936 2.59909e-05 2.95179e-06 7.30759e-05 4.79089e-08 -3.44408e-05 1.01414e-05 3.66738e-05 -1.02166e-05 -1.14873e-05 -4.5847e-06 -1.51977e-06 8.72257e-06 1.55638e-05 -6.75181e-06 1.05298e-05 5.85679e-06 7.38691e-06 1.11743e-05 5.27323e-06 9.62915e-06 -1.11642e-05 -5.23703e-06 2.67606e-06 -3.1902e-06 5.54697e-06 -3.93525e-06 9.0506e-06 -4.14115e-07 -2.90961e-06 -7.09023e-06 -1.80378e-06 -9.07877e-06 1.98549e-06 1.62658e-05 3.05532e-07 -3.58257e-05 -3.69591e-05 2.16065e-05 1.18712e-05 -1.10301e-05 9.22142e-06 1.71785e-05 -5.9671e-06 3.65337e-05 -8.19659e-06 2.36988e-06 -9.04436e-06 -2.64271e-05 -2.34171e-05 -2.3361e-05 -7.05522e-06 -4.35565e-06 -2.55585e-06 5.48493e-06 -4.44966e-07 1.13571e-06 6.15298e-06 -2.47186e-06 -1.30007e-05 -2.83601e-05 -4.72896e-06
 -8.60219e-06 -0.85228 0.146852 -3.81848e-05 -4.60467 3.85981 -0.271482 -0.0533601 1.17901 -2.95042 -0.196886 4.53519 3.06257e-05 -0.653145 -0.00258792 1.84321e-05 -0.550857 0.0207704 -1.03653e-05 847.47 -355.328 6.03205e-06 -1.42108 0.332681 -0.434536 4.57481 -1.03309 -0.209135 -0.171573 0.180265 -0.350457 -0.470375 2.03074 0.24016 1.9443 -3.1266 0.14759 -0.245243 0.00304444 2.18391 -0.746816 -0.00967745 0.0152882 -0.34814 0.0317649 -0.306124 -0.298548 0.32875 -0.214295 -0.463954 0.618642 -0.290793 0.772647 -2.80748 -0.406019 0.65482 -0.223518 -0.999666 0.12187 0.308447 -0.204944 0.0204419 -2.1622 -0.598899 0.0347399 -0.570589 -0.0426796 0.00890226 -0.00198146 5.52134e-06 -1.07143 0.398664 -0.480181 -0.0195659 0.621827 -0.612284 -0.0778811 1.5771 -0.143194 -0.0601919 0.344758 -1.5415 2.3462 -0.120867 -0.253395 0.0198619 0.336145 0.0317367 -0.006977 -0.0250004 -0.22186 -0.710918 1.747 4.02509 0.284333 -0.619265 -30.8346 12.6188 -0.2763 2.28474 0.783799 3.35616 -5.92553 1.01344 2.26239 -0.940137 0.19639 -1.14171 -0.0500643 -0.00449648 1.22159 0.234259 0.145103 0.572972 0.936246 0.367659 -0.0144654 -0.573702 0.851389 -0.118567 0.0787172 -0.0334561 0.630893 1.34409 -0.280228 0.226373 0.435968 0.0723615 1.02019 -0.76258 0.200666 0.21621 0.451439 -0.292885 0.243071 0.677023 0.695944 0.555295 0.401003 1.02715 0.730356 -0.369026 -0.0366113 -0.817159 -0.12028 0.160713 -0.105962 1.67678 -0.366786 0.444673 0.944668 0.380972 0.0751049 -0.860186 -0.318497 0.00776876 0.202734 -0.476554 0.0196392 -0.783099 -0.472331 -0.753171 17.56 8.10548 2.73817
 3.70914e-06 0.34367 -0.0589567 1.59563e-05 1.92594 -1.61439 0.113181 0.0222248 -0.491374 1.2355 0.0823353 -1.89685 -1.26826e-05 0.269798 0.00110481 -7.62529e-06 0.22801 -0.00857119 5.40588e-06 -355.328 150.518 -2.57279e-06 0.59547 -0.139396 0.182111 -1.92829 0.435456 0.0864674 0.067373 -0.0707643 0.145448 0.196657 -0.848977 -0.101697 -0.821624 1.32128 -0.0627982 0.100981 -0.00118802 -0.91677 0.312298 0.00407387 -0.00653471 0.142363 -0.0128793 0.126817 0.123689 -0.136156 0.0901076 0.195628 -0.260523 0.122395 -0.324932 1.18101 0.171878 -0.276627 0.0930449 0.420374 -0.0523926 -0.128682 0.0858964 -0.00857635 0.909622 0.252291 -0.0146699 0.241538 0.0179741 -0.0037491 0.000793431 -2.2818e-06 0.44792 -0.166649 0.200654 0.00817267 -0.259826 0.256499 0.0326447 -0.66111 0.0590501 0.025 -0.143188 0.65064 -0.987281 0.0508521 0.106058 -0.00831629 -0.140274 -0.013352 0.00293719 0.010516 0.0934309 0.30069 -0.734687 -1.69551 -0.12198 0.267535 12.9743 -5.31417 0.118048 -0.95991 -0.331684 -1.41097 2.49253 -0.427064 -0.95139 0.395327 -0.0832126 0.479866 0.0215763 0.00193836 -0.514256 -0.0985871 -0.0610153 -0.240974 -0.393644 -0.154419 0.00602498 0.241195 -0.358318 0.0498715 -0.0329216 0.0139938 -0.265165 -0.565422 0.117887 -0.0949819 -0.183212 -0.0309594 -0.428648 0.320507 -0.0845267 -0.0910015 -0.189888 0.123217 -0.102193 -0.284952 -0.292965 -0.233836 -0.168932 -0.432219 -0.30689 0.155284 0.0155224 0.343358 0.0503598 -0.0677648 0.0442856 -0.704979 0.154016 -0.187202 -0.397363 -0.160204 -0.0320357 0.361586 0.133705 -0.00331088 -0.0852968 0.200433 -0.00826849 0.329486 0.199828 0.317709 -7.40823 -3.38175 -1.15063
 -7.12433e-10 4.60461e-05 -8.7992e-06 4.16605e-10 5.30681e-05 -4.45353e-05 9.7063e-07 4.43774e-07 -9.22475e-06 2.31871e-05 1.50216e-06 -3.28131e-05 1.3327e-10 -9.70178e-06 5.08485e-08 -5.18373e-10 1.28465e-06 -3.47921e-08 -4.31238e-10 6.03205e-06 -2.57279e-06 1000 1.22006e-05 -2.37789e-06 0.000120455 -9.65856e-05 1.99013e-05 9.51332e-06 5.3951e-05 -5.70572e-05 7.80385e-05 6.65444e-06 -3.2884e-05 0.000165834 4.64255e-06 -1.84006e-05 -4.87795e-05 -1.79601e-06 2.99782e-07 -5.62662e-05 2.03552e-06 1.36436e-07 1.15432e-05 -5.05822e-05 5.41884e-06 -3.99242e-06 -4.97088e-06 5.45857e-06 1.216e-05 5.07192e-05 -1.92551e-05 -8.00182e-07 -4.94956e-05 3.34437e-05 9.08742e-05 -0.000100954 -3.02869e-05 4.77486e-05 -1.35571e-06 -1.77609e-05 1.04983e-06 3.97742e-08 5.4126e-06 6.71156e-06 -2.13655e-08 -2.99526e-06 -1.19372e-06 2.5141e-07 2.58624e-07 -1.72554e-10 7.55993e-06 -2.94431e-06 2.17181e-06 1.07327e-07 -3.37034e-06 -2.44134e-06 -9.50189e-08 2.64441e-06 2.11249e-06 1.66531e-06 -9.32198e-06 2.81255e-05 -0.000305733 1.70457e-05 2.5928e-06 -2.30596e-07 -2.51382e-06 -3.59492e-07 -1.03959e-07 4.67027e-07 2.01054e-05 -5.97773e-06 1.97356e-06 1.05646e-05 2.74081e-05 3.57941e-05 3.83135e-05 0.000102312 -4.56723e-05 -9.15013e-05 -3.30901e-05 -1.8834e-05 -2.86645e-05 9.20118e-05 8.63692e-05 -1.96686e-05 3.42604e-05 -5.58539e-05 0.000109332 -2.63134e-05 7.17026e-06 3.62767e-06 3.86294e-06 -5.79729e-07 7.78177e-06 3.51077e-05 1.37702e-05 9.86829e-06 -1.55374e-05 2.51843e-05 -1.49245e-06 6.8683e-06 1.31084e-08 9.97057e-06 7.42185e-06 4.99926e-06 3.81561e-06 -1.00712e-05 6.52458e-06 -7.09509e-06 1.29889e-06 -8.96178e-06 -1.66974e-05 -6.24869e-06 9.69673e-07 -1.07224e-05 5.65248e-06 3.1e-06 -1.7983e-05 -8.16319e-05 -4.91273e-05 2.76872e-05 5.60558e-06 -7.42574e-06 -3.68468e-06 2.72545e-06 -1.32467e-05 -5.98508e-06 1.71597e-06 -1.7665e-05 -1.70529e-05 -3.28881e-05 -3.9193e-05 -2.80685e-05 -1.36458e-05 -1.17669e-05 -1.13078e-05 1.30437e-05 -9.88191e-07 8.45968e-06 6.35339e-06 4.91823e-06 -0.000165885 -0.000121705 -3.13249e-05
 1.71704e-05 -1.61184 0.293642 -3.99885e-05 -4.71611 3.95343 -0.281572 -0.070175 1.52904 -3.18944 -0.212442 4.86892 3.76749e-05 -0.78 -0.00380209 2.53053e-05 -0.688162 0.026162 2.75383e-06 -1.42108 0.59547 1.22006e-05 946.272 -222.271 -0.420544 10.8977 -2.46379 0.0343093 0.683855 -0.719762 -2.99164 -0.736795 3.3378 -2.41053 1.02467 -1.47886 0.424318 -0.305359 -0.000516471 3.21841 -1.02535 -0.017845 -1.45832 0.503509 -0.0394876 -0.303854 -0.310974 0.343647 -0.433787 -1.32979 0.424124 0.0748513 1.418 -4.23148 -1.59842 2.05519 0.111083 -2.02624 -0.0587597 0.882877 -0.185317 0.0159293 -1.61067 -0.0771943 -0.0120401 0.431047 -0.0126997 0.00240507 -0.00485559 9.01962e-06 -1.15192 0.430776 -0.414908 -0.0171586 0.540621 -0.52856 -0.0751462 1.51133 -0.166039 -0.091283 0.522549 -0.801433 2.50733 -0.140639 -0.17442 0.0148184 0.264388 0.029642 -0.00286463 -0.0270202 -0.612071 0.254286 -0.0885693 -0.791408 -1.20312 -0.864219 -8.36998 2.59629 0.489008 3.6041 1.34973 1.79574 -6.16118 -1.37341 4.21865 -0.253195 -1.95358 -6.68694 1.4482 0.642514 -0.788645 -0.632181 -0.512679 0.185925 -0.178552 -0.850603 -1.02801 0.248751 1.11643 -0.579023 -0.0957818 -0.246929 0.165081 -0.327851 0.0472432 0.210878 0.118524 0.221504 0.430024 0.0886854 0.277622 0.682994 1.01648 0.66879 0.371928 0.351889 0.246514 0.30812 0.363563 1.94344 1.36018 -0.445312 -0.0581337 -0.0705724 0.336546 0.345285 0.297146 1.06068 0.132867 0.555599 2.03159 1.46707 0.64555 -0.354048 0.0862036 0.311805 0.434392 -0.704125 0.0317049 -0.890237 -0.71064 -0.894782 19.5566 9.75711 3.13803
