 1000 0.00235963 -0.000463273 -1.4181e-09 -0.000131757 0.000110166 -3.47631e-06 -5.50567e-07 9.13208e-06 -8.90146e-05 -4.93927e-06 0.000110485 2.81036e-10 -1.44728e-05 2.00492e-07 -3.76269e-10 -3.46163e-06 3.05927e-07 -9.5048e-10 -2.1879e-05 9.38008e-06 -6.24765e-10 5.15739e-06 -1.06432e-06 2.32978e-05 -0.000323354 7.59036e-05 -6.02545e-05 -0.00021772 0.000236587 -4.24753e-06 -2.46931e-06 9.40181e-06 9.88623e-05 -0.000107745 0.000168435 -6.25089e-05 -7.21292e-07 5.72162e-07 -0.000119912 1.78645e-05 9.48525e-07 2.55568e-06 -7.03364e-05 8.89984e-06 -5.75072e-06 -1.30214e-05 1.56073e-05 7.90101e-05 -5.9746e-05 -0.000228473 0.000175272 -6.59699e-05 8.99281e-05 0.000108094 -0.000127982 -3.20846e-05 1.848e-05 -4.50612e-05 3.47468e-05 -1.37118e-06 3.23331e-08 3.23639e-05 7.31264e-06 -1.13043e-07 -1.92772e-06 -3.32826e-06 7.62168e-07 2.43427e-07 -1.50794e-10 -7.38771e-06 2.90777e-06 2.23629e-06 5.98971e-08 -2.986e-06 6.94088e-06 7.36704e-07 -1.5869e-05 3.72051e-06 3.40048e-06 -2.12214e-05 -7.00146e-06 -0.000286083 1.7328e-05 1.05611e-05 -9.86295e-07 -8.66284e-06 -1.14639e-06 -4.64376e-07 1.62345e-06 9.24518e-06 2.688e-05 -6.84473e-05 -0.000204336 -0.000120771 7.83965e-06 4.84634e-05 0.000479803 -0.000204651 -0.000213516 -0.000105748 6.21602e-05 -7.58743e-05 -9.61709e-06 0.000104175 0.000130334 6.47451e-05 -6.18602e-05 -0.000171913 0.000251503 -0.000148755 3.89396e-05 -1.75304e-05 -8.99548e-06 2.04484e-05 3.86262e-05 1.72632e-05 -1.89126e-05 5.61435e-05 -4.84611e-05 1.23866e-05 -1.32046e-05 -1.17269e-05 9.87264e-06 4.28104e-06 -1.10501e-05 -2.32332e-05 0.000185929 -0.000143212 9.28697e-05 -5.07984e-06 1.29313e-05 2.43733e-05 -1.24722e-06 2.38441e-05 -4.33084e-05 2.7619e-05 1.28432e-05 2.8861e-05 -1.99172e-05 -7.47564e-05 4.53243e-05 1.28654e-05 -4.20571e-06 2.91378e-06 -3.72389e-05 4.27051e-05 3.39858e-05 9.33792e-07 3.42101e-05 8.482e-06 -5.77762e-05 -1.29585e-05 -3.48252e-05 -2.03491e-06 -4.85954e-07 1.53205e-06 4.25839e-06 -3.06163e-07 2.12512e-05 3.28399e-05 4.32745e-05 -0.000602065 -5.53247e-05 -6.7281e-05
 0.00235963 529.127 -102.715 0.000248576 27.2091 -22.7484 0.990883 0.288248 -5.52211 17.3441 1.17539 -26.5714 -0.00011373 3.11506 -0.0262132 -5.9133e-05 2.3761 -0.121252 2.85216e-05 2.00086 -0.861644 2.14341e-05 1.11019 -0.268002 19.07 36.1067 -8.79901 6.83939 23.9012 -25.9964 13.2139 2.55889 -11.6636 10.6369 15.2196 -25.4928 5.97206 0.665938 -0.0997309 20.1202 -3.452 -0.151062 9.72293 4.83101 -0.811001 2.05523 3.21229 -3.88602 0.379834 8.79673 11.8951 -10.8225 0.450877 -3.09446 2.68114 -2.76238 4.22401 4.53507 7.39303 -9.1075 0.0987104 -0.00112389 -2.61983 1.88662 0.0268731 -2.24494 0.275881 -0.0614375 -0.0157809 -2.01748e-05 2.67973 -1.01306 0.908154 0.0392461 -1.09455 -1.01388 -0.0582482 1.47952 0.0860429 -0.0957992 0.587771 -0.660118 -0.831636 0.0538925 1.35662 -0.112495 -0.0383349 0.105875 0.0175167 -0.12443 2.18032 -3.6977 3.57301 13.6605 11.2121 0.000388266 -29.9807 20.1293 -9.74659 14.4053 8.92164 0.236433 -1.04251 -1.42018 -4.42789 3.81271 4.08521 2.06354 -8.43453 4.05822 -1.23731 0.916515 -1.28116 -0.634736 -0.0989601 -0.179938 0.238461 2.00429 0.82426 -0.609164 0.631007 0.496984 0.601259 -0.500917 0.930435 0.263312 -0.690498 3.07633 -6.09942 3.06201 -0.370138 -0.128989 -0.601241 -3.6154 -0.946182 -2.18397 -1.50683 -1.71926 0.202734 -0.391345 -1.32907 -1.725 -1.57658 -0.524406 -0.349652 -2.19261 0.102098 -1.36267 -3.68647 -0.540781 0.0225382 -2.1662 -0.767538 -1.14499 -1.09194 -0.820293 -0.870604 0.614607 -0.202937 -2.22339 -4.38173 -5.19537 78.7838 -17.7028 5.78796
 -0.000463273 -102.715 21.0493 -4.88013e-05 -5.33664 4.46174 -0.197951 -0.0574222 1.10133 -3.39843 -0.230555 5.21207 2.30155e-05 -0.627744 0.00518492 1.18667e-05 -0.47751 0.0242988 -5.68048e-06 -0.404713 0.174202 -4.23717e-06 -0.228172 0.0549653 -3.73436 -7.07273 1.72357 -1.34386 -4.68249 5.09299 -2.58477 -0.504267 2.29709 -2.08355 -2.98252 4.99567 -1.17665 -0.140179 0.0199738 -3.94056 0.666095 0.0296521 -1.90997 -0.961331 0.160768 -0.408224 -0.636155 0.769601 -0.077267 -1.72154 -2.32786 2.11802 -0.0904291 0.603836 -0.525651 0.541801 -0.829376 -0.888339 -1.44855 1.78441 -0.0198225 0.000256669 0.513331 -0.36898 -0.005344 0.441968 -0.0538768 0.0119973 0.00315758 4.07123e-06 -0.543043 0.20506 -0.183138 -0.00789792 0.220678 0.196842 0.0110407 -0.282102 -0.0178058 0.0183767 -0.112722 0.133488 0.162826 -0.0105672 -0.266578 0.0221039 0.00632861 -0.0207268 -0.00342469 0.0243548 -0.426908 0.723292 -0.698393 -2.67232 -2.19696 0.002973 5.86926 -3.94367 1.90875 -2.81854 -1.74488 -0.0462217 0.204374 0.277816 0.866069 -0.747185 -0.800209 -0.403589 1.65216 -0.795765 0.242681 -0.17972 0.251012 0.124438 0.0192191 0.0350784 -0.0470521 -0.392193 -0.161678 0.11924 -0.123458 -0.0973149 -0.117347 0.0976407 -0.182045 -0.0514587 0.135341 -0.603583 1.19494 -0.599937 0.0723887 0.0251996 0.117811 0.707761 0.185259 0.427315 0.294461 0.336183 -0.0399957 0.0763141 0.26082 0.337732 0.308918 0.102339 0.0684609 0.429359 -0.0203927 0.267365 0.721162 0.10567 -0.00435561 0.424491 0.149873 0.224139 0.213459 0.160662 0.170506 -0.120374 0.0397279 0.435082 0.858868 1.01657 -15.4478 3.51087 -1.13012
 -1.4181e-09 0.000248576 -4.88013e-05 1000 -0.00137679 0.00115395 -1.11645e-06 1.14129e-08 4.45663e-06 0.000104472 7.42995e-06 -0.000165939 6.24394e-10 -1.092e-05 -1.16845e-08 8.12967e-11 -3.21091e-06 1.12322e-07 7.62912e-11 -1.26562e-05 5.30218e-06 1.99331e-10 -1.4676e-05 3.3036e-06 0.000102901 7.11639e-05 -1.81108e-05 9.15091e-06 2.79435e-05 -3.06177e-05 0.000184763 1.79932e-05 -9.03046e-05 0.000221665 7.10059e-06 -2.66967e-05 1.87428e-05 -7.82239e-06 2.11036e-07 4.12431e-05 -1.26326e-05 1.04087e-07 8.85885e-05 -1.4762e-05 6.25267e-07 3.19358e-06 3.74582e-06 -4.66201e-06 1.94572e-06 3.36009e-05 -2.30049e-05 6.43063e-06 -2.65546e-05 -2.7322e-05 9.47354e-05 -0.000103488 2.58518e-05 4.81081e-06 4.94409e-05 -4.89558e-05 -2.31121e-06 4.62495e-08 1.12159e-05 -5.73932e-05 5.67106e-06 -0.000132333 -5.1382e-06 1.10442e-06 6.97168e-07 1.15651e-10 -2.22886e-05 7.88464e-06 -3.88933e-06 -1.38165e-07 4.38752e-06 -1.65654e-05 -1.76642e-06 3.83857e-05 1.60929e-06 -1.41331e-07 6.73329e-07 -9.02522e-06 -0.000136577 8.00591e-06 2.65143e-05 -2.1616e-06 -1.40854e-06 -1.0289e-07 -1.33314e-07 2.37889e-07 -2.57505e-05 -3.85178e-05 -1.46025e-05 -2.11035e-05 -9.92255e-06 9.6332e-06 7.38961e-05 -3.80449e-05 -5.06479e-05 7.98888e-05 2.92024e-05 -3.57321e-05 6.16764e-06 4.27457e-05 -3.54783e-05 0.000117589 -3.22442e-05 -3.60926e-06 -1.62537e-05 -5.23609e-06 6.02391e-06 3.24687e-06 1.0469e-05 -6.97331e-06 2.94651e-05 -2.51918e-05 1.6904e-06 -4.86057e-07 3.53749e-05 -4.69501e-05 -2.89506e-05 3.8482e-05 4.62337e-05 5.39223e-05 -7.38109e-05 -0.000212108 -8.288e-05 0.000136769 -5.12797e-05 0.000144138 -7.81977e-06 -8.09623e-08 2.18329e-05 1.28758e-05 7.47324e-06 -8.39576e-06 2.3474e-05 -1.25142e-05 6.20043e-05 -3.8188e-05 -9.83147e-05 -1.55084e-05 -6.78197e-05 6.39615e-05 6.67201e-05 4.51713e-06 -4.6897e-06 -2.03593e-06 -2.58168e-05 6.65899e-05 4.64958e-05 -0.000113589 4.95776e-05 -3.01658e-05 -5.06816e-06 -1.60218e-06 -2.92096e-06 -4.23492e-06 1.92441e-06 -2.13587e-05 -5.29549e-05 -6.42196e-05 0.000635081 1.75328e-06 6.3789e-05
 -0.000131757 27.2091 -5.33664 -0.00137679 420.031 -349.698 0.112973 0.0418236 -0.54454 11.6329 0.781855 -17.6282 7.64436e-05 -1.38398 -0.00756501 1.18762e-05 -0.300132 0.00352834 2.07021e-05 -1.94037 0.81626 3.2893e-05 -2.13638 0.485463 11.8714 21.0553 -5.14314 4.27692 14.3934 -15.6602 13.0645 0.870369 -4.60377 9.08765 9.3347 -15.8035 1.47743 -1.16238 0.016743 10.1703 -3.40917 -0.0656519 5.69528 -0.31279 -0.0981419 0.104332 0.374625 -0.457798 -1.49292 2.90406 -1.16475 0.010246 0.850347 -3.62716 1.27033 -1.14099 2.32803 2.69709 4.87389 -5.85589 -0.134228 0.0157 -2.58842 -1.61175 0.279149 -7.83087 -0.452662 0.102696 0.0638151 1.46129e-05 -2.20744 0.780194 -0.216155 -0.0064142 0.248393 -1.58375 -0.147069 3.31345 0.0924553 -0.0388087 0.243732 -1.78418 -2.27425 0.142479 1.64566 -0.135099 0.00561509 0.052926 0.00894623 -0.0623921 1.10968 -0.952892 0.808513 1.95021 0.87696 1.81282 2.77222 -1.12801 -1.86398 7.46598 2.3725 -1.92246 -0.616173 0.812061 -1.76067 3.15023 -0.296911 -0.59247 -0.941538 1.27567 0.0847296 -0.445874 -0.88738 -1.57418 0.459893 0.468849 -0.224338 0.00418433 2.48807 -1.03962 -1.60285 -0.509327 -0.338592 2.62001 3.11615 -1.61706 -1.32073 3.84814 -7.72416 2.99566 0.288197 0.0723315 -0.404271 -1.14994 -0.611742 -0.296264 -0.343653 -1.5454 0.552561 0.426118 0.0828466 -0.882801 -1.32464 -0.1965 -0.0957868 -0.498764 0.486041 -0.478224 -3.55608 -0.203314 1.52128 -2.12185 -0.159603 -0.973244 -0.755948 -0.48112 -0.483811 0.264697 -0.102044 -1.88791 -3.40046 -4.43038 61.2327 -6.66585 5.35252
 0.000110166 -22.7484 4.46174 0.00115395 -349.698 293.677 -0.0958396 -0.0353387 0.462901 -9.72538 -0.653757 14.74 -6.37085e-05 1.1522 0.00633764 -9.85049e-06 0.24732 -0.00278723 -1.73295e-05 1.61892 -0.681024 -2.75058e-05 1.78285 -0.405118 -9.92288 -17.6009 4.29931 -3.57734 -12.032 13.091 -10.9205 -0.72853 3.85243 -7.59701 -7.80324 13.2107 -1.23633 0.96925 -0.0138897 -8.49999 2.84735 0.0548841 -4.76154 0.257998 0.0824684 -0.0888657 -0.315095 0.385039 1.24859 -2.4275 0.973663 -0.00861472 -0.711477 3.0316 -1.06201 0.953933 -1.94638 -2.25441 -4.07442 4.89522 0.111964 -0.0131053 2.16345 1.34804 -0.233412 6.54757 0.378554 -0.0858822 -0.0534023 -1.21775e-05 1.83937 -0.650034 0.178874 0.00529041 -0.205508 1.32311 0.122796 -2.7668 -0.0776201 0.0323103 -0.202929 1.49298 1.90022 -0.119055 -1.37602 0.112962 -0.00482534 -0.0442399 -0.0074764 0.0521508 -0.927295 0.796531 -0.675648 -1.62979 -0.732991 -1.51518 -2.31758 0.943328 1.55834 -6.24153 -1.98307 1.60727 0.514927 -0.679038 1.47193 -2.63372 0.248329 0.495168 0.787218 -1.06616 -0.0710158 0.372625 0.74165 1.31584 -0.384477 -0.391595 0.187472 -0.00355157 -2.07981 0.869108 1.34006 0.425565 0.282967 -2.19033 -2.60412 1.35276 1.1044 -3.21731 6.45657 -2.50459 -0.240887 -0.0604659 0.337854 0.961096 0.511337 0.247496 0.287011 1.2917 -0.462163 -0.356172 -0.068753 0.73803 1.10767 0.163797 0.0797657 0.416859 -0.406344 0.400085 2.97222 0.169585 -1.27174 1.77412 0.132935 0.813543 0.631747 0.402186 0.40444 -0.221221 0.0852762 1.57807 2.8431 3.7033 -51.1964 5.59163 -4.47301
 -3.47631e-06 0.990883 -0.197951 -1.11645e-06 0.112973 -0.0958396 999.818 -0.09057 0.992141 0.364404 0.00523765 -0.0717022 1.54605e-05 -0.338346 9.03011e-05 9.95118e-06 -0.300228 0.0128235 -1.17809e-06 -0.376237 0.158683 2.25916e-06 -0.384178 0.0875777 0.112397 0.627267 -0.15162 0.030546 0.793212 -0.863487 1.10343 -0.139435 0.50572 0.942552 0.165152 -0.33111 -0.0560305 -0.141849 0.00495546 -0.42679 0.00463616 0.00264523 -0.169797 -0.341187 0.0421866 -0.183717 -0.22201 0.266403 0.164067 -0.335241 -0.386502 0.363632 -0.00834653 -1.70387 0.655376 -0.592059 -0.317157 -0.338918 0.142219 0.0329575 -0.0552069 0.00455321 -0.162639 0.0691428 -0.00594751 0.148059 -0.00364323 0.000823355 -0.00370525 3.84638e-06 -0.574024 0.206468 -0.20917 -0.0084387 0.264472 -0.0923764 -0.0187778 0.397827 -0.00306912 -0.00935595 0.0563459 0.0921745 -0.385882 0.0227004 -0.212735 0.0170044 0.0622517 0.0029815 1.0316e-05 -0.00301844 -0.294017 -0.207947 -0.173907 -0.367775 -0.259569 -0.0545131 0.413079 0.867491 -1.26826 0.393115 0.241206 0.208451 0.474954 -0.179953 -0.219181 0.0764089 0.240392 -0.216302 -0.0303715 -0.0321757 -0.0168954 -0.0204498 -0.0532846 -0.0318385 -0.0869267 -0.16258 0.331615 -0.476754 0.121319 -0.0447044 0.0110833 -0.0658522 0.0442679 -0.0620449 -0.0511086 -0.0586145 -0.145901 0.0777252 0.293414 -0.21388 0.0469869 0.079016 0.129505 -0.629304 0.223596 -0.202091 0.09393 0.195037 -0.351968 -0.0814658 -0.0260001 0.305579 -0.147085 0.16191 0.206081 -0.0330745 0.0750674 0.0272916 0.126084 0.0340219 0.390488 0.434846 0.0519146 -0.105677 -0.0817064 0.0364241 0.0400548 -0.102359 0.0236726 -0.390976 -0.593747 -0.942008 8.54437 4.80766 1.43624
 -5.50567e-07 0.288248 -0.0574222 1.14129e-08 0.0418236 -0.0353387 -0.09057 3.24134 -48.392 0.097894 0.001292 -0.0171922 3.92707e-06 -0.084166 7.34758e-06 2.69267e-06 -0.0760991 0.00325098 8.96589e-08 -0.0834466 0.0351848 8.15876e-07 -0.101401 0.0231703 -0.00159511 0.29226 -0.0695117 0.0167476 0.22806 -0.248117 0.248642 -0.0433347 0.164034 0.171037 0.114329 -0.197151 -0.00612587 -0.0356283 0.00103201 -0.102074 0.00147347 0.000465702 -0.06677 -0.0696659 0.00867207 -0.0438909 -0.0562424 0.0674018 0.045654 -0.103923 -0.145794 0.130919 0.0406922 -0.492727 0.0979138 -0.0689993 -0.0852442 -0.101628 0.0224213 0.0281914 -0.0145372 0.00154812 -0.109 0.0672462 -0.00154123 -7.61629e-06 -0.00081505 0.000190967 -0.00112184 1.05376e-06 -0.147026 0.0528989 -0.0529752 -0.00212814 0.0667224 -0.0294814 -0.00553319 0.114954 -0.00508055 -0.00347251 0.0209466 0.0314491 0.0379128 -0.00203412 -0.0408064 0.00326326 0.0208462 0.00116529 0.0003677 -0.00154526 -0.0775653 -0.075202 -0.0453872 -0.0681864 -0.0410073 -0.00855566 0.336962 -0.0247406 -0.342565 0.140097 0.0910338 0.22374 0.0987041 -0.0424695 -0.192896 -0.0640484 0.109365 -0.0498524 0.00656763 -0.0150734 -0.0149552 -0.0162244 -0.0277903 -0.0116676 -0.0292004 -0.0949645 0.163526 -0.120528 0.0177961 -0.0311936 0.0412844 -0.0258714 0.0191614 -0.0239773 0.0051363 -0.00742089 -0.0777203 0.0062915 0.0227262 -0.0467144 0.0228626 0.0355471 0.0369188 -0.113239 0.0232756 -0.014485 0.0104635 -0.0246607 -0.0894565 0.0325773 0.0620605 0.0751705 -0.00655239 0.0302406 0.0102232 -0.0491214 -0.0529752 0.112668 -0.0186552 0.0879037 0.160557 0.0470369 -0.0500829 -0.0334227 -0.0213996 0.00710239 0.01251 -0.0282376 0.00618126 -0.106046 -0.126181 -0.238316 2.33012 1.29889 0.390417
 9.13208e-06 -5.52211 1.10133 4.45663e-06 -0.54454 0.462901 0.992141 -48.392 991.978 -1.86836 -0.0118806 0.0236889 -8.39633e-05 1.80947 -0.000509255 -5.6176e-05 1.62221 -0.0695657 -2.91453e-07 1.77334 -0.747974 -1.67495e-05 2.13709 -0.488548 0.0576148 -5.77391 1.3733 -0.262078 -4.49008 4.88485 -5.04051 0.936129 -3.56636 -3.46009 -2.19509 3.79641 0.1347 0.805115 -0.0245566 2.08044 0.0216174 -0.00995885 1.39477 1.55953 -0.194537 0.965299 1.21439 -1.45733 -0.976904 2.10913 2.95053 -2.6502 -0.776122 9.95529 -1.99287 1.41015 1.74649 2.06204 -0.431526 -0.594413 0.298821 -0.0316627 2.17601 -1.35364 0.0319201 -0.0291664 0.0147152 -0.00346778 0.0238181 -2.30023e-05 3.15344 -1.13563 1.14696 0.0462977 -1.44592 0.596959 0.112649 -2.33904 0.103024 0.0689058 -0.415546 -0.748701 -0.712242 0.038432 0.837978 -0.0670098 -0.433568 -0.0233684 -0.00741246 0.0310272 1.56716 1.52791 0.906674 1.37239 0.859053 0.174023 -6.80193 0.46657 6.90961 -2.75777 -1.77519 -4.53686 -1.9985 0.859163 3.88495 1.29137 -2.20342 1.01607 -0.143694 0.299693 0.306177 0.329433 0.562209 0.236437 0.58626 1.90934 -3.30231 2.43723 -0.357797 0.625682 -0.836016 0.521814 -0.39206 0.484724 -0.103966 0.147944 1.56505 -0.118445 -0.479206 0.948648 -0.464457 -0.7208 -0.750904 2.29012 -0.478757 0.296473 -0.210806 0.49687 1.81543 -0.652503 -1.26029 -1.53269 0.126801 -0.611309 -0.211198 0.98959 1.06955 -2.28426 0.373381 -1.77598 -3.24907 -0.959953 1.01584 0.676781 0.434285 -0.147389 -0.256575 0.57232 -0.125049 2.14264 2.53462 4.81542 -46.6936 -26.8228 -7.91916
 -8.90146e-05 17.3441 -3.39843 0.000104472 11.6329 -9.72538 0.364404 0.097894 -1.86836 880.752 -7.53887 154.722 5.98805e-05 -1.36782 -0.000706697 3.12494e-05 -0.966431 0.0406524 1.62882e-05 -1.16341 0.491024 7.68882e-06 -1.45392 0.333566 7.14125 7.42817 -1.85337 2.17044 5.73589 -6.24508 6.15926 1.01461 -4.71876 6.23469 3.90437 -6.77826 1.32001 -0.230442 -0.00792063 5.49275 -1.7559 -0.0313966 3.34635 0.125901 -0.0855208 0.507385 0.671431 -0.815094 0.902568 1.44215 -3.8877 2.28055 -0.385437 -2.35942 2.22987 -2.30471 2.005 2.53357 1.47747 -2.60487 0.437533 -0.0272996 -2.13562 4.17939 0.0311548 -4.16876 -0.0482015 0.0109076 -0.00595813 -7.11473e-06 -0.260712 0.0799961 0.223365 0.0138188 -0.366903 -0.457312 -0.0397488 1.09298 -0.327593 -0.27738 1.71717 0.0674487 -5.93232 0.357582 -0.177746 0.0109749 0.398906 0.00749849 -0.00849504 0.000972355 -0.185558 -2.9865 -2.84781 -0.136541 6.9214 8.64631 -9.83206 -1.90532 -2.67442 25.3835 7.62144 -11.7333 3.21558 -1.65416 -3.41512 2.81027 8.62783 14.2603 -16.3314 1.05502 2.28649 0.930214 -0.496077 -0.905005 -0.876117 2.73871 -5.19658 0.270159 3.41902 -3.46143 0.742476 0.0987911 -1.72657 0.0296448 -0.113632 1.11028 -5.3009 9.37274 -11.0322 7.26246 -2.157 -1.06571 1.38355 -5.54591 0.292191 -3.56952 -1.44994 1.05788 -0.248482 -0.360595 -0.909682 -1.32623 -1.40156 1.02775 -0.0825128 -2.87987 0.0583985 0.970209 -1.54281 0.0494855 -2.11758 1.00484 1.56724 -1.58636 -3.04716 -1.07412 -1.02581 0.236014 -0.0232692 -1.01234 -1.54454 0.610656 36.4924 -8.73054 2.60767
 -4.93927e-06 1.17539 -0.230555 7.42995e-06 0.781855 -0.653757 0.00523765 0.001292 -0.0118806 -7.53887 2.42978 -35.1004 4.77225e-06 -0.106326 -5.80615e-05 2.63623e-06 -0.0786735 0.00326155 1.15523e-06 -0.113877 0.0479954 8.11532e-07 -0.130995 0.029938 0.296137 0.798872 -0.193034 0.172303 0.569103 -0.619215 0.381343 0.0247725 -0.130142 0.200443 0.411347 -0.682897 0.0749051 -0.0320064 2.45772e-05 0.162896 -0.0744667 -0.00119765 0.0419949 0.029117 -0.0056864 0.000497327 0.0120196 -0.0147542 -0.102706 0.0740755 0.0274115 -0.0381688 0.0531556 -0.295379 -0.00155363 0.0254303 0.0617937 0.0117219 0.153493 -0.150639 -0.000540228 0.000184159 -0.0850391 0.105091 0.00131479 -0.122328 7.58045e-05 1.83143e-05 -0.000452444 5.36924e-08 -0.0568434 0.0196679 -0.0118695 -0.00024598 0.0110161 -0.00779174 0.000357694 -0.00138159 -0.00742089 -0.00627724 0.0384694 -0.0509826 0.204324 -0.0118369 0.0261909 -0.00233698 0.0226139 0.0024812 0.000659536 -0.00316631 -0.0218858 -0.368261 -0.0922908 0.379084 0.666296 0.655419 -0.493509 -0.0547415 -0.258406 0.569108 0.113344 -0.168137 0.372127 0.0458551 -0.439502 -0.254498 0.120401 0.435535 -0.196788 -0.00861813 -0.0266318 -0.00931455 -0.0431639 -0.0508081 -0.0677361 0.0735519 -0.140081 -0.0460578 0.118036 -0.0935849 0.00393996 -0.0193759 -0.0462042 -0.00615395 0.0640534 0.00400219 -0.133106 0.312875 -0.303004 0.0461556 -0.00193733 -0.0396336 0.0495896 -0.242605 0.0348203 -0.0639446 -0.0292942 -0.0211125 -0.0685956 0.0288137 -0.0159701 -0.0643018 -0.0470801 -0.00453181 0.0297907 -0.0758993 0.0174082 0.0231795 -0.102571 0.0124318 0.0666984 0.00846211 -0.0275797 -0.0293448 -0.0403215 -0.0174155 -0.0174292 -0.00456634 0.000338035 -0.101708 -0.166594 -0.246578 2.96496 0.155263 0.316636
 0.000110485 -26.5714 5.21207 -0.000165939 -17.6282 14.74 -0.0717022 -0.0171922 0.0236889 154.722 -35.1004 792.764 -0.000112735 2.5185 0.000986749 -6.16337e-05 1.88062 -0.0783803 -2.52238e-05 2.70343 -1.13979 -1.73936e-05 3.07493 -0.703033 -6.78759 -17.9053 4.32868 -3.86569 -12.7562 13.8796 -8.78112 -0.508328 2.73872 -4.67102 -9.16838 15.2343 -1.70336 0.832466 -0.00515129 -3.74847 1.78064 0.026741 -0.970756 -0.485891 0.107785 0.0653743 -0.209664 0.256646 2.31415 -1.70358 -0.415505 0.729085 -1.11796 6.62863 -0.0380504 -0.489221 -1.44272 -0.344572 -3.44601 3.42092 -0.0046267 -0.0030413 1.98143 -2.47442 -0.031149 2.8871 -0.0111628 0.00169574 0.0126588 -2.02208e-06 1.41336 -0.491352 0.327801 0.00797127 -0.320713 0.126959 -0.0134154 0.137772 0.159923 0.138024 -0.846463 1.25619 -4.33883 0.250756 -0.579637 0.0518457 -0.499821 -0.0552112 -0.0143491 0.0701277 0.497767 8.34859 2.03353 -8.56985 -14.7747 -14.6202 11.2112 1.30558 5.91665 -13.8485 -2.71529 4.17874 -8.38965 -0.962665 9.88703 5.56253 -2.96929 -10.182 4.93862 0.154726 0.512994 0.172767 0.975506 1.16336 1.53677 -1.73307 3.29994 1.01068 -2.73787 2.19761 -0.11304 0.426567 1.08852 0.131576 -1.41743 -0.124917 3.1393 -7.28011 7.10812 -1.27055 0.112399 0.913846 -1.15126 5.57416 -0.788878 1.53587 0.698512 0.436334 1.53859 -0.631635 0.376113 1.46479 1.09199 0.0653732 -0.66038 1.77945 -0.391854 -0.545994 2.32582 -0.280314 -1.41416 -0.22334 0.557482 0.701482 0.993003 0.422216 0.420597 0.0942089 -0.00716474 2.28945 3.74822 5.44495 -67.1257 -2.92648 -7.09744
 2.81036e-10 -0.00011373 2.30155e-05 6.24394e-10 7.64436e-05 -6.37085e-05 1.54605e-05 3.92707e-06 -8.39633e-05 5.98805e-05 4.77225e-06 -0.000112735 1000 8.32389e-05 -6.41973e-06 -1.04758e-09 4.81503e-05 -1.73346e-06 2.74671e-10 3.7291e-05 -1.56256e-05 5.93176e-11 4.44786e-05 -9.96661e-06 -0.000269705 -0.000542862 0.000133125 -2.74774e-05 -0.000183768 0.00019987 -9.96627e-05 2.56966e-05 -9.98297e-05 -0.000134649 2.92693e-05 -3.87588e-05 0.000113663 2.67274e-05 -7.56784e-07 -0.000298558 0.000129331 2.73501e-06 -2.36306e-05 0.000159493 -1.77242e-05 3.45895e-05 4.43325e-05 -5.34048e-05 0.000106751 -4.81831e-05 -0.000215781 0.000162892 2.53209e-05 5.84756e-05 -1.03398e-05 7.18792e-06 0.000118138 -4.63735e-05 -3.95067e-05 5.43846e-05 -8.4844e-07 7.30472e-08 -9.38456e-06 2.07581e-06 1.23908e-06 -4.39641e-05 -1.93078e-07 3.66914e-08 -3.1611e-07 -3.92333e-10 7.07901e-05 -2.51844e-05 1.7079e-05 6.4983e-07 -1.98628e-05 2.36467e-05 3.79533e-06 -8.38571e-05 3.22245e-06 2.51984e-06 -1.63824e-05 -5.59045e-05 0.000237589 -1.35662e-05 4.84144e-06 -3.08893e-07 7.4651e-06 -9.44514e-07 -9.11039e-08 1.04449e-06 -6.01481e-05 -6.34355e-05 2.53805e-06 5.32352e-05 2.94098e-05 2.20946e-06 1.84941e-06 2.51012e-05 -0.00010209 -7.11818e-05 -2.77282e-05 0.000193345 0.000143528 -7.89389e-05 -7.72381e-05 5.41416e-05 4.70593e-05 7.31177e-05 4.80288e-05 -1.02292e-05 -9.69972e-05 -1.75328e-05 6.66692e-05 5.32701e-05 -3.40854e-05 -3.31535e-05 -8.47203e-05 3.43826e-05 2.83948e-05 1.52761e-05 8.5626e-06 2.07726e-06 -2.44838e-05 2.5676e-06 -1.22478e-05 -2.19968e-05 -2.79439e-05 -2.30069e-05 -2.84223e-05 -3.76937e-05 -1.23757e-05 4.06773e-06 1.44565e-05 3.19432e-05 2.25104e-05 1.83239e-05 1.45343e-05 -2.25575e-06 -3.13555e-05 -3.70209e-05 -1.44101e-05 1.05548e-05 2.18755e-05 -9.1287e-07 -3.25841e-05 3.95387e-06 -3.15765e-06 5.15211e-06 7.72193e-07 -3.25276e-06 4.20855e-06 2.62995e-05 3.72932e-05 -1.46333e-05 -1.6379e-06 -9.2321e-06 -4.93568e-06 -5.22838e-06 4.71283e-06 3.35809e-05 5.86176e-05 8.10242e-05 -0.000782269 -0.000340964 -0.000119515
 -1.44728e-05 3.11506 -0.627744 -1.092e-05 -1.38398 1.1522 -0.338346 -0.084166 1.80947 -1.36782 -0.106326 2.5185 8.32389e-05 997.839 -2.83323 1.85122e-05 -1.13967 0.0417182 -1.08059e-05 -0.792374 0.331431 -7.75794e-06 -0.917042 0.204339 8.48114 13.8161 -3.41468 0.761626 4.84958 -5.27573 3.25997 -0.583969 2.19412 4.84216 -0.04044 -0.25757 -3.52376 -0.70418 0.022259 6.58708 -3.18399 -0.0640821 0.942778 -4.75768 0.527066 -0.88105 -1.13609 1.36792 -2.35472 2.0874 4.56866 -3.75768 -1.21235 -0.712468 1.14729 -1.23655 -3.41203 1.92533 0.923425 -1.63457 -0.00349404 0.00119537 0.239395 0.0781828 -0.0246638 0.807189 -0.00729155 0.00193329 0.0120802 7.13079e-06 -1.59593 0.566273 -0.34466 -0.0126461 0.387455 -0.609771 -0.0921456 2.04257 -0.0529663 -0.0460802 0.304823 1.70352 -8.63296 0.5057 -0.0887913 0.00468872 -0.231244 0.021332 0.00218394 -0.0237169 2.02476 1.69709 0.128953 -0.90872 -0.306405 0.350765 0.467328 0.0768728 2.16414 1.18251 0.49404 -3.91026 -4.08454 1.28112 3.23315 -1.10103 -1.15449 -2.00019 -0.456304 0.601974 2.06306 0.427815 -1.49431 -1.59448 1.33563 1.24615 2.24468 -0.771711 -0.669715 -0.156302 -0.0370677 0.0271494 0.638186 0.189568 0.552875 0.712344 0.796397 0.5448 0.658455 0.827654 0.224075 -0.262812 -0.636743 -1.00158 -0.645174 -0.587104 -0.516411 -0.262403 0.314298 0.323352 -0.0438152 -0.147133 -0.231641 0.0526748 0.558521 -0.209317 -0.138817 -0.384733 -0.174931 -0.0896462 -0.283118 -1.08747 -1.56913 -0.234337 -0.216361 -0.00574474 -0.0654464 0.333532 -0.16141 -0.647877 -1.20324 -1.58916 15.3337 6.2253 2.28747
 2.00492e-07 -0.0262132 0.00518492 -1.16845e-08 -0.00756501 0.00633764 9.03011e-05 7.34758e-06 -0.000509255 -0.000706697 -5.80615e-05 0.000986749 -6.41973e-06 -2.83323 0.825547 2.48559e-07 -0.00584717 0.000301938 2.28423e-08 -0.00240395 0.00103771 5.44477e-08 -0.00373917 0.000888551 -0.0361218 -0.059992 0.0147687 -0.00623406 -0.0260622 0.0283509 -0.0146683 -3.1257e-05 0.00123889 -0.0201653 -0.00607346 0.0112362 0.0027239 -0.00156088 0.000145209 -0.0355512 0.0086644 0.000322424 -0.0113138 0.00711745 -0.000546679 0.000176505 -0.000421769 0.000512122 0.00445426 -0.0093994 -0.0194921 0.0162533 0.00240732 0.000249213 -0.00630125 0.00706779 0.00683608 -0.0082478 -0.0062044 0.00934558 -0.000236631 1.29461e-05 0.000200309 -0.000355921 2.70748e-05 -0.000804397 0.000196455 -4.5142e-05 -4.58996e-05 5.6799e-08 -0.00371833 0.00141909 -0.000381796 -1.34604e-05 0.00037014 0.00101654 0.000100572 -0.00255062 -0.00017751 -0.000200104 0.00113349 -0.00493612 0.0331577 -0.00193512 -0.000313556 3.42658e-05 0.000142109 -8.61549e-05 -8.36588e-06 9.53315e-05 -0.00770397 -0.00381957 -0.00169596 0.000495992 0.000641529 -0.000226136 -0.000770731 -0.000759862 -0.00706932 -0.00655243 -0.00193366 0.0144308 0.0142656 -0.00452536 -0.0115973 0.00334042 0.00364855 0.00682875 0.00170783 -0.00260557 -0.00740747 -0.00125416 0.0058309 0.0059824 -0.00504436 -0.00481273 -0.00805251 0.00285697 0.00226245 0.000220855 1.58777e-05 -0.000303254 -0.00215246 -0.000875802 -0.00215894 -0.00258385 -0.00269315 -0.00217871 -0.00176662 -0.00320203 -0.000717437 0.00112486 0.00263152 0.00387244 0.00252581 0.00212252 0.0017306 0.000685719 -0.00128847 -0.00107074 0.000865429 0.00102152 0.00119995 -0.000221257 -0.00178896 0.000985887 0.000558717 0.00201454 0.000813157 0.000609471 0.00127712 0.00418054 0.00553921 0.000997729 0.000835583 0.000239734 0.00047149 -0.00136802 0.000616346 0.00230276 0.00494192 0.00551991 -0.0710037 0.0026344 -0.00681102
 -3.76269e-10 -5.9133e-05 1.18667e-05 8.12967e-11 1.18762e-05 -9.85049e-06 9.95118e-06 2.69267e-06 -5.6176e-05 3.12494e-05 2.63623e-06 -6.16337e-05 -1.04758e-09 1.85122e-05 2.48559e-07 1000 2.70819e-05 -3.78356e-06 -3.77305e-10 2.53775e-05 -1.06351e-05 -5.94983e-10 3.20286e-05 -7.20153e-06 2.75159e-05 -1.85676e-05 3.96525e-06 -1.11368e-05 -6.68394e-05 7.26563e-05 6.11407e-06 1.29566e-05 -5.53132e-05 5.98904e-05 -7.99333e-06 8.68008e-06 -2.31649e-05 7.37173e-06 -1.30975e-07 -8.584e-05 2.36422e-05 6.15003e-07 -1.45196e-05 5.88916e-06 -9.5304e-08 1.05455e-05 1.50213e-05 -1.79909e-05 7.31428e-05 -1.69703e-05 -0.000168638 0.000121354 -2.65473e-05 7.57818e-05 3.23979e-05 -4.24809e-05 1.82568e-05 2.13156e-05 -3.25471e-05 2.00743e-05 7.13236e-06 -4.84645e-07 2.51114e-07 1.49266e-05 9.30005e-08 -1.53314e-05 -2.14612e-06 4.66258e-07 4.14874e-07 -4.10968e-10 3.99118e-05 -1.42626e-05 1.2483e-05 5.19417e-07 -1.5923e-05 2.7005e-06 1.14174e-06 -2.59023e-05 4.97377e-06 4.04523e-06 -2.56809e-05 8.96664e-06 -0.000390213 2.38487e-05 1.40135e-05 -1.11331e-06 -1.19369e-06 -7.36695e-07 -8.06836e-08 8.24271e-07 -1.13683e-05 -0.000105299 1.29882e-05 0.000104799 9.1722e-05 6.86752e-05 3.85817e-05 8.66103e-06 -0.000127423 -0.000164911 -5.42253e-05 0.000227158 -1.23525e-05 0.000142766 -4.0311e-05 4.74529e-06 8.60552e-05 -2.66477e-05 4.74968e-05 -1.19045e-05 -2.82679e-05 -2.37007e-05 -1.79824e-05 4.81104e-06 1.70471e-05 5.56567e-05 -1.37163e-05 -3.67001e-09 -3.82857e-05 5.9705e-06 1.36906e-05 1.31411e-05 -7.00513e-06 -4.02203e-06 -1.80898e-05 -8.94253e-06 -1.36219e-05 -2.44e-05 -2.86776e-05 -4.84717e-06 -1.22666e-05 -2.8283e-06 -3.17322e-06 1.12802e-05 6.43132e-06 -9.56269e-06 -1.00049e-05 -1.02003e-05 -1.3697e-05 -2.89844e-05 -3.43363e-05 2.71605e-07 6.60837e-06 -4.20392e-06 7.56779e-06 1.14997e-05 -1.04785e-05 2.70462e-05 1.38886e-06 -1.88846e-05 -1.01743e-05 -1.57332e-05 -8.9613e-06 -1.86544e-05 -2.898e-06 -8.29064e-06 -7.16351e-06 9.22285e-06 9.44243e-07 2.59833e-05 4.59081e-05 6.04965e-05 -0.000557628 -0.00033364 -9.61273e-05
 -3.46163e-06 2.3761 -0.47751 -3.21091e-06 -0.300132 0.24732 -0.300228 -0.0760991 1.62221 -0.966431 -0.0786735 1.88062 4.81503e-05 -1.13967 -0.00584717 2.70819e-05 997.027 -45.1648 -2.62736e-07 -0.729131 0.305636 3.36712e-06 -0.86311 0.194053 3.42492 4.19236 -1.05291 0.409818 2.83511 -3.08531 1.94983 -0.365671 1.38758 2.39181 0.432531 -0.861371 -1.10625 -0.399271 0.0125042 2.6525 -1.29378 -0.0262667 1.08175 -2.2821 0.237908 -0.508364 -0.677029 0.812324 -1.35698 1.89587 2.8241 -2.49798 -0.303389 -1.21248 0.502359 -0.466331 -1.8745 1.01512 1.05328 -1.38923 -0.20067 0.0171584 -0.298749 0.158075 -0.0127116 0.335084 0.0220836 -0.00457416 -0.00250001 9.33924e-06 -1.22183 0.435705 -0.355169 -0.0142632 0.438798 -0.324814 -0.059362 1.3297 -0.138729 -0.095098 0.607884 0.471005 1.90866 -0.118527 -0.259361 0.0191222 -0.0339292 0.0240537 0.00169968 -0.0259763 1.44381 2.58746 -0.155647 -2.26016 -1.7135 -0.968988 -0.518552 0.543668 2.72892 3.35777 1.09377 -5.88044 -2.39779 -0.561936 3.37336 1.14834 -3.52691 -3.42924 2.41234 -0.0922244 0.968448 0.554816 0.206417 -0.24349 -0.575685 0.601819 0.545798 0.116227 0.55784 0.397448 0.032192 -0.0427741 0.306359 0.191507 0.760361 0.496101 0.572541 0.546684 0.828188 0.496983 0.375938 0.267853 -0.166164 -1.3351 -0.396843 -0.0961093 0.0300092 0.0401836 0.15386 0.149187 0.32355 0.0620798 0.187008 -0.382629 -0.0999891 -0.0486842 0.163073 -0.658212 -0.950495 0.166243 0.0164292 -0.429283 -0.796063 -0.614626 -0.346008 -0.0819361 -0.0303073 0.0782322 -0.115526 -0.665703 -1.07079 -1.54484 14.8556 7.74958 2.42386
 3.05927e-07 -0.121252 0.0242988 1.12322e-07 0.00352834 -0.00278723 0.0128235 0.00325098 -0.0695657 0.0406524 0.00326155 -0.0783803 -1.73346e-06 0.0417182 0.000301938 -3.78356e-06 -45.1648 2.92151 1.7382e-08 0.0290746 -0.0121636 -1.21137e-07 0.0343794 -0.00769731 -0.160987 -0.200371 0.0502496 -0.0218805 -0.136469 0.148513 -0.0915727 0.0152647 -0.0571821 -0.111833 -0.0241944 0.0467444 0.0471521 0.0161837 -0.000460101 -0.127576 0.0578218 0.00125838 -0.0541293 0.0985359 -0.0100838 0.0209548 0.0277295 -0.0332433 0.0605325 -0.0886287 -0.132308 0.117014 0.012924 0.0549678 -0.0238968 0.0224009 0.0826334 -0.0475355 -0.0505872 0.0663965 0.00900982 -0.000773525 0.0145086 -0.00730171 0.000542612 -0.0140036 -0.000840951 0.000171115 0.000117914 -3.429e-07 0.0495514 -0.017609 0.0149011 0.000599006 -0.0184883 0.014391 0.00256609 -0.0577805 0.00564408 0.00389022 -0.0249946 -0.0220158 -0.0877861 0.00544959 0.0114219 -0.000838216 0.00110382 -0.00111729 -7.88769e-05 0.00120653 -0.0666777 -0.118533 0.00471 0.103114 0.0803704 0.0458147 0.0240342 -0.0253694 -0.124503 -0.158028 -0.0521064 0.271554 0.110538 0.0254871 -0.155389 -0.0531429 0.162374 0.15819 -0.1112 0.00417581 -0.0447831 -0.0254157 -0.00917898 0.0114122 0.0265245 -0.0279262 -0.0251777 -0.00533495 -0.0257116 -0.018386 -0.00140521 0.00192958 -0.0139383 -0.00891333 -0.0350606 -0.0228354 -0.0262357 -0.0254028 -0.0376533 -0.0230452 -0.0172359 -0.0121945 0.00793075 0.0617601 0.0185181 0.00448142 -0.00141 -0.00195398 -0.00720378 -0.00690557 -0.014421 -0.00246098 -0.00825864 0.0175742 0.00466715 0.00237216 -0.00749607 0.0307617 0.043826 -0.00748001 -0.000566278 0.0200587 0.0366205 0.0284162 0.0159684 0.00394831 0.00158663 -0.00371072 0.00534031 0.0307034 0.050015 0.071185 -0.700239 -0.334797 -0.110586
 -9.5048e-10 2.85216e-05 -5.68048e-06 7.62912e-11 2.07021e-05 -1.73295e-05 -1.17809e-06 8.96589e-08 -2.91453e-07 1.62882e-05 1.15523e-06 -2.52238e-05 2.74671e-10 -1.08059e-05 2.28423e-08 -3.77305e-10 -2.62736e-07 1.7382e-08 1000 -9.14882e-06 4.82498e-06 -4.4171e-10 3.49834e-06 -8.42977e-07 7.14499e-05 -4.57382e-06 -1.97334e-07 5.38742e-06 4.27776e-05 -4.65946e-05 6.54686e-05 4.37777e-06 -2.34848e-05 0.000136535 -4.18803e-05 5.87348e-05 -3.59073e-05 -2.25367e-06 2.22667e-07 -2.89554e-05 -2.38696e-06 3.50913e-08 3.87684e-06 -3.812e-05 4.51563e-06 -3.84478e-06 -3.61159e-06 4.34147e-06 2.93921e-05 1.42962e-05 -5.3857e-05 3.29461e-05 -3.32193e-05 1.98745e-05 6.12018e-05 -6.99412e-05 -2.34676e-05 2.74589e-05 -3.6552e-06 -8.38429e-06 6.54987e-07 1.27448e-07 -2.03081e-05 5.68302e-06 5.91489e-08 -5.59581e-06 -1.45709e-06 3.15838e-07 2.4733e-07 -1.18483e-10 -2.43775e-06 8.23127e-07 -7.58075e-07 -6.64905e-10 -2.39881e-07 2.72697e-07 2.31011e-07 -4.08016e-06 1.53026e-06 1.37284e-06 -8.33744e-06 9.98171e-06 -0.00030271 1.82513e-05 7.09101e-06 -5.8336e-07 6.4716e-07 -4.00865e-07 -1.49046e-07 5.54117e-07 6.46708e-06 6.14014e-06 -2.57677e-05 -7.19244e-05 -2.70353e-05 1.69115e-05 -2.55395e-05 0.000380014 -0.000146565 -0.000111318 -4.82814e-05 -4.18099e-05 -8.38154e-05 0.000107222 2.76756e-05 9.64336e-07 7.71784e-05 -8.17426e-07 -1.65666e-05 7.03305e-06 3.17586e-05 -1.25833e-05 -1.18888e-05 -4.89878e-06 -3.57053e-06 1.11459e-05 2.00976e-05 -2.63286e-06 6.79895e-06 -7.26968e-07 1.06123e-05 1.36856e-05 7.93679e-06 9.61517e-06 -9.58108e-06 -2.6688e-06 3.13973e-06 -1.4126e-06 9.14376e-06 -3.12486e-06 1.21755e-05 1.5294e-06 -7.84215e-07 -6.17518e-06 -2.69857e-06 -1.14621e-05 -2.61986e-06 1.05476e-05 -1.19713e-06 -4.19832e-05 -4.01977e-05 2.3111e-05 1.38208e-05 -8.62094e-06 9.31561e-06 1.75448e-05 -7.43809e-06 3.43011e-05 -9.89485e-06 -2.10017e-06 -1.05761e-05 -2.25665e-05 -2.08006e-05 -2.13153e-05 -5.74163e-06 -4.52097e-06 -3.06832e-06 4.99637e-06 -4.62067e-07 1.96729e-06 9.15715e-06 2.98708e-06 -3.0515e-05 -4.12094e-05 -8.03002e-06
 -2.1879e-05 2.00086 -0.404713 -1.26562e-05 -1.94037 1.61892 -0.376237 -0.0834466 1.77334 -1.16341 -0.113877 2.70343 3.7291e-05 -0.792374 -0.00240395 2.53775e-05 -0.729131 0.0290746 -9.14882e-06 844.519 -357.627 9.56474e-06 -1.68361 0.386297 -0.833023 4.63878 -1.08852 -0.202689 0.226101 -0.245656 0.29753 -0.626434 2.61224 -0.121935 2.54515 -4.12854 0.10926 -0.328658 0.00695818 0.458974 -0.322004 -0.00358775 -0.702976 -0.363439 0.0456582 -0.410696 -0.481539 0.579103 -0.407405 -0.977169 1.19055 -0.5395 1.06123 -3.12924 -1.34323 1.75851 -0.604924 -1.45756 0.494884 0.217788 -0.159389 0.0153605 -0.901069 -0.773635 0.0234162 -0.0940682 -0.0184524 0.00432318 -0.00779517 9.17112e-06 -1.37114 0.496491 -0.596017 -0.0257841 0.795807 -0.402204 -0.0651084 1.35937 -0.145767 -0.0681828 0.426956 -1.53028 3.46919 -0.193476 -0.319416 0.0266012 0.191462 0.034878 -0.00600776 -0.0291507 -0.373347 0.22773 2.0071 3.52194 -0.168579 -0.649957 -31.755 13.3072 -0.130799 2.95598 1.10228 3.41281 -6.01703 1.03402 2.14089 -1.01368 0.180471 -1.08154 -0.217692 -0.062178 1.26068 0.297764 0.193344 0.578868 0.894661 0.204355 -0.112804 -0.518055 0.96112 -0.232005 -0.0983841 -0.0503522 0.620535 1.35636 -0.253405 -0.000536481 0.365756 0.243234 0.811189 -0.740221 0.16804 0.166455 0.492782 -0.374046 0.215978 0.630318 0.713914 0.525377 0.381153 1.12448 0.755175 -0.415754 -0.113192 -0.812579 -0.0663498 0.129579 -0.0486654 1.66554 -0.364188 0.488629 1.00773 0.416956 0.15029 -0.870666 -0.366416 0.00684178 0.19754 -0.467823 0.0438905 -0.866108 -0.856783 -1.86757 19.6336 9.69221 3.13781
 9.38008e-06 -0.861644 0.174202 5.30218e-06 0.81626 -0.681024 0.158683 0.0351848 -0.747974 0.491024 0.0479954 -1.13979 -1.56256e-05 0.331431 0.00103771 -1.06351e-05 0.305636 -0.0121636 4.82498e-06 -357.627 152.988 -4.09303e-06 0.712546 -0.163485 0.352629 -1.97467 0.463388 0.084662 -0.100197 0.108868 -0.127368 0.264721 -1.1038 0.0508519 -1.08442 1.75915 -0.047037 0.13727 -0.00285227 -0.195263 0.135464 0.00153723 0.297488 0.150343 -0.0188824 0.172474 0.202438 -0.243415 0.17287 0.415074 -0.505848 0.229262 -0.450701 1.32912 0.570788 -0.747204 0.255745 0.618739 -0.211108 -0.0914564 0.0674548 -0.00650688 0.38353 0.328813 -0.00999704 0.0414924 0.0079333 -0.00185749 0.00325378 -3.84749e-06 0.579219 -0.209721 0.251731 0.0108861 -0.336086 0.170508 0.0276018 -0.576331 0.0607856 0.0286722 -0.17953 0.652445 -1.4726 0.0821154 0.135204 -0.0112618 -0.0804692 -0.0148182 0.0025544 0.012383 0.158514 -0.0944069 -0.852814 -1.49948 0.0693464 0.283175 13.4948 -5.66013 0.0575716 -1.25458 -0.470181 -1.4491 2.55634 -0.440033 -0.909415 0.430434 -0.0773075 0.459176 0.0928424 0.0263698 -0.535941 -0.126451 -0.0820596 -0.245881 -0.379991 -0.0867913 0.0477909 0.220038 -0.408423 0.0984773 0.0418032 0.0212562 -0.263489 -0.576297 0.107673 0.000262378 -0.155294 -0.103656 -0.344312 0.314258 -0.0715131 -0.0707581 -0.209254 0.158913 -0.0916864 -0.267901 -0.303433 -0.223396 -0.162095 -0.477707 -0.320451 0.176641 0.0481649 0.344908 0.0280568 -0.0551806 0.0204892 -0.70721 0.15453 -0.207639 -0.428023 -0.176999 -0.0641108 0.36973 0.15544 -0.00290382 -0.0838979 0.198672 -0.018642 0.367916 0.364667 0.793342 -8.35672 -4.09239 -1.3316
 -6.24765e-10 2.14341e-05 -4.23717e-06 1.99331e-10 3.2893e-05 -2.75058e-05 2.25916e-06 8.15876e-07 -1.67495e-05 7.68882e-06 8.11532e-07 -1.73936e-05 5.93176e-11 -7.75794e-06 5.44477e-08 -5.94983e-10 3.36712e-06 -1.21137e-07 -4.4171e-10 9.56474e-06 -4.09303e-06 1000 1.55551e-05 -3.26319e-06 0.00012068 -0.000105924 2.29578e-05 1.02128e-05 5.04677e-05 -5.50134e-05 7.84367e-05 8.54937e-06 -4.04976e-05 0.000168444 1.62972e-06 -1.42204e-05 -4.80343e-05 -1.75381e-06 3.40937e-07 -4.58578e-05 -6.4605e-07 1.41459e-07 1.70162e-05 -5.09772e-05 5.58797e-06 -2.38572e-06 -2.91196e-06 3.45354e-06 1.48567e-05 5.97918e-05 -2.81976e-05 2.02502e-06 -5.40383e-05 3.39749e-05 0.000103867 -0.000118896 -2.78486e-05 5.155e-05 -6.84247e-06 -1.62126e-05 -7.77361e-08 1.63189e-07 -1.44675e-05 6.7537e-06 1.74869e-07 -9.96854e-06 -1.4991e-06 3.38549e-07 3.68283e-07 -1.98063e-10 1.05693e-05 -3.95983e-06 3.6677e-06 1.82107e-07 -5.44101e-06 -1.3106e-06 2.13266e-07 -3.50635e-06 2.32645e-06 1.70132e-06 -1.04585e-05 2.20978e-05 -0.000317582 1.91863e-05 3.77679e-06 -3.39724e-07 -1.07485e-06 -4.05277e-07 -1.20866e-07 5.30666e-07 1.81795e-05 1.98968e-06 9.76582e-06 2.07661e-05 2.9849e-05 3.59718e-05 5.0999e-05 9.4643e-05 -6.65243e-05 -9.58448e-05 -3.74804e-05 -2.19983e-05 -2.79106e-05 9.22447e-05 8.17126e-05 -2.47072e-05 3.0186e-05 -5.20716e-05 0.000115381 -2.78614e-05 4.03461e-06 1.8544e-06 -2.97429e-07 4.46455e-07 9.35207e-06 4.87979e-05 1.10055e-05 1.47274e-06 -2.06065e-05 2.12943e-05 -6.37207e-07 5.97543e-06 9.56476e-07 8.82575e-06 7.42177e-06 7.58946e-06 5.3361e-06 -1.2856e-05 1.30366e-05 -8.56055e-06 3.61382e-07 -9.653e-06 -1.75169e-05 -6.47381e-06 2.07455e-06 -1.1104e-05 4.19363e-06 5.90934e-06 -1.69642e-05 -8.822e-05 -5.24956e-05 3.02332e-05 1.00302e-05 -3.39356e-06 -1.41647e-06 6.30866e-06 -1.12198e-05 -4.55283e-06 3.15376e-06 -1.78532e-05 -1.89467e-05 -3.35223e-05 -4.03066e-05 -2.69082e-05 -1.21399e-05 -1.10988e-05 -1.04223e-05 1.23026e-05 -1.51219e-06 1.00354e-05 1.25784e-05 2.03788e-05 -0.000210229 -0.000137676 -3.76964e-05
 5.15739e-06 1.11019 -0.228172 -1.4676e-05 -2.13638 1.78285 -0.384178 -0.101401 2.13709 -1.45392 -0.130995 3.07493 4.44786e-05 -0.917042 -0.00373917 3.20286e-05 -0.86311 0.0343794 3.49834e-06 -1.68361 0.712546 1.55551e-05 947.982 -218.268 -0.807735 11.2518 -2.65128 0.0467652 1.09027 -1.18286 -2.51694 -0.899945 3.94912 -2.81373 1.50375 -2.25075 0.364145 -0.381809 0.0026939 1.6326 -0.636196 -0.0134382 -2.19871 0.492816 -0.0275049 -0.404068 -0.482595 0.582269 -0.614746 -1.99605 0.957988 -0.0806384 1.73057 -4.48822 -2.61912 3.29746 -0.275987 -2.48196 0.365632 0.796047 -0.126969 0.00949704 -0.232519 -0.226643 -0.0243918 0.97463 0.0158045 -0.00363942 -0.0113505 1.2612e-05 -1.42814 0.519272 -0.521153 -0.0227585 0.695488 -0.366504 -0.0683006 1.41566 -0.172689 -0.0970402 0.608849 -0.680339 3.40748 -0.201798 -0.229676 0.0201931 0.116232 0.0323013 -0.00173228 -0.0308483 -0.726366 0.725882 -0.083851 -1.18428 -1.57554 -1.10494 -8.60536 2.88644 0.740201 3.93655 1.58217 1.64118 -6.31671 -1.20253 4.14368 -0.258838 -2.03832 -6.6843 1.39419 0.644272 -0.751008 -0.549878 -0.419519 0.22649 -0.254403 -1.00101 -1.05859 0.374446 1.27797 -0.682734 -0.231958 -0.220661 0.156188 -0.31435 0.142471 -0.00916845 0.0749735 0.432917 0.232546 0.15828 0.266643 0.651838 1.07437 0.602834 0.321566 0.284658 0.235091 0.271664 0.37753 2.11812 1.43133 -0.492764 -0.148513 -0.057558 0.390905 0.31725 0.349893 1.02979 0.124324 0.599607 2.11059 1.49384 0.709633 -0.362479 0.0442148 0.320475 0.441757 -0.673803 0.0629306 -0.96956 -1.11732 -2.11144 21.7354 11.178 3.52818
