 1000 0.00242747 -0.000478474 -1.42777e-09 -0.000133734 0.000111865 -3.63276e-06 -5.84019e-07 9.7766e-06 -8.9543e-05 -4.96837e-06 0.000111274 3.13921e-10 -1.49936e-05 2.08177e-07 -4.01028e-10 -3.50306e-06 3.1299e-07 -9.73401e-10 -2.25063e-05 9.66577e-06 -6.65077e-10 5.24095e-06 -1.07767e-06 1.75639e-05 -0.0003361 7.94294e-05 -6.18507e-05 -0.000222631 0.000242889 -5.30396e-06 -2.64126e-06 1.0159e-05 9.79252e-05 -0.000110267 0.000172953 -6.39206e-05 -8.42767e-07 6.02844e-07 -0.000123986 1.85569e-05 9.86018e-07 -1.9743e-06 -7.03098e-05 9.02265e-06 -5.9459e-06 -1.32324e-05 1.60347e-05 8.26711e-05 -6.31179e-05 -0.000239275 0.000184222 -6.61692e-05 9.65829e-05 0.00010598 -0.000126676 -3.28439e-05 2.00342e-05 -4.74959e-05 3.65923e-05 -1.48953e-06 6.31211e-08 2.91973e-05 4.92544e-06 -1.41754e-07 7.62054e-07 -3.51308e-06 8.07962e-07 2.62975e-07 -1.67069e-10 -7.83509e-06 3.07607e-06 2.17943e-06 5.99859e-08 -2.94416e-06 7.15523e-06 7.43207e-07 -1.61365e-05 3.93019e-06 3.47212e-06 -2.19723e-05 -7.88768e-06 -0.000312074 1.9079e-05 9.42945e-06 -8.93207e-07 -8.32889e-06 -1.19448e-06 -4.91033e-07 1.6987e-06 1.65538e-05 6.75182e-06 -7.90034e-05 -0.000214111 -0.000122818 9.17498e-06 5.38499e-05 0.000486572 -0.000206103 -0.000214857 -0.000107252 6.79148e-05 -7.38752e-05 -2.70524e-06 0.000103108 0.000129306 6.86592e-05 -6.73441e-05 -0.000184898 0.000257786 -0.000150335 3.41341e-05 -2.158e-05 -1.47277e-05 1.34244e-05 3.94713e-05 2.25525e-05 -1.23762e-05 6.0354e-05 -4.44598e-05 1.48878e-05 -7.42955e-06 -1.03197e-05 1.26569e-05 7.96129e-06 -8.22923e-06 -1.60737e-05 0.000189729 -0.000145475 9.7902e-05 -7.77079e-06 1.31495e-05 2.45236e-05 6.10714e-07 2.46649e-05 -4.34179e-05 2.68407e-05 1.18269e-05 3.06752e-05 -2.23953e-05 -7.4923e-05 4.73672e-05 1.14844e-05 -6.80488e-06 2.2795e-07 -4.19611e-05 3.81325e-05 3.29008e-05 9.42841e-07 3.67483e-05 1.17693e-05 -5.67594e-05 -1.1442e-05 -3.51597e-05 -1.54589e-06 -4.59952e-07 2.04244e-06 3.44843e-06 -6.30675e-07 2.14756e-05 3.49651e-05 4.37145e-05 -0.000610102 -5.32598e-05 -6.78344e-05
 0.00242747 527.045 -102.716 0.000241641 27.0404 -22.6167 0.990589 0.289534 -5.53245 17.1737 1.16737 -26.4375 -0.000115561 3.14143 -0.0262655 -5.78424e-05 2.40603 -0.123029 2.72735e-05 2.0318 -0.876556 2.12408e-05 1.12594 -0.271248 19.0862 36.1234 -8.85147 6.81975 23.8323 -26.0242 13.163 2.55912 -11.6545 10.6297 15.1517 -25.4396 6.02186 0.692215 -0.101661 20.2722 -3.4544 -0.153618 9.8385 4.89576 -0.825025 2.05151 3.22187 -3.93546 0.425653 8.84411 11.9619 -10.9234 0.440649 -3.05195 2.71238 -2.80981 4.3483 4.52638 7.40406 -9.19773 0.109302 -0.00202984 -2.63797 1.88604 0.0275055 -2.29549 0.27726 -0.0622225 -0.0170833 -2.06645e-05 2.70712 -1.02151 0.909065 0.0396151 -1.10187 -0.972337 -0.0531089 1.37886 0.0925423 -0.0924579 0.573795 -0.690392 -0.864078 0.0563906 1.36044 -0.113825 -0.0307424 0.106259 0.0179576 -0.125265 2.2008 -3.74438 3.70945 13.8705 11.1961 0.0363804 -30.0509 20.1337 -9.71454 14.5419 9.01203 0.168996 -1.05779 -1.43758 -4.44638 3.81086 4.08603 2.05299 -8.42721 4.06706 -1.23816 0.880817 -1.29539 -0.639088 -0.104034 -0.178476 0.245435 2.00232 0.810654 -0.601386 0.623921 0.491415 0.583731 -0.506647 0.920586 0.26118 -0.691904 3.05515 -6.07432 3.04896 -0.374788 -0.14514 -0.627969 -3.623 -0.966582 -2.19579 -1.51608 -1.72574 0.187886 -0.398461 -1.33152 -1.723 -1.58718 -0.53029 -0.363537 -2.19803 0.0887969 -1.38569 -3.68612 -0.558682 0.00154526 -2.18044 -0.781159 -1.15479 -1.09711 -0.831891 -0.881515 0.618312 -0.162273 -2.20101 -4.35162 -5.12652 78.3978 -18.139 5.69691
 -0.000478474 -102.716 21.13 -4.76265e-05 -5.32461 4.45353 -0.198628 -0.0578953 1.10751 -3.37845 -0.22989 5.20637 2.34655e-05 -0.635293 0.00521547 1.16523e-05 -0.485201 0.0247429 -5.45404e-06 -0.412309 0.177797 -4.21516e-06 -0.232087 0.0557981 -3.75233 -7.10404 1.74071 -1.34526 -4.68751 5.11865 -2.58506 -0.506292 2.30432 -2.09038 -2.98101 5.00501 -1.19109 -0.145858 0.0204328 -3.98602 0.669236 0.0302723 -1.94019 -0.97781 0.164163 -0.409033 -0.640475 0.782352 -0.0865605 -1.73765 -2.3502 2.14623 -0.0887794 0.597897 -0.533842 0.553238 -0.857001 -0.890139 -1.45644 1.80921 -0.0219892 0.000436586 0.51891 -0.370347 -0.00548733 0.453615 -0.0543629 0.0121992 0.00342779 4.1873e-06 -0.550453 0.207477 -0.183971 -0.00800014 0.222929 0.189479 0.0100807 -0.26353 -0.0191512 0.0177974 -0.110422 0.139914 0.16984 -0.0110996 -0.268388 0.0224539 0.0048601 -0.0208845 -0.00352487 0.0246153 -0.432617 0.735344 -0.727947 -2.72421 -2.20249 -0.0040563 5.90632 -3.9602 1.91002 -2.85652 -1.76954 -0.0331651 0.208184 0.282333 0.873139 -0.749788 -0.803544 -0.403117 1.65728 -0.800661 0.24381 -0.173412 0.2548 0.125783 0.0202959 0.0349323 -0.0486065 -0.393363 -0.159647 0.118186 -0.122555 -0.0966083 -0.114368 0.0991563 -0.180832 -0.0512416 0.136154 -0.601816 1.19474 -0.599754 0.0735877 0.0284711 0.123527 0.712059 0.189999 0.431328 0.297441 0.338787 -0.037238 0.0780115 0.262333 0.338678 0.312225 0.103897 0.0714565 0.432122 -0.0178653 0.272947 0.72395 0.109602 -0.000251104 0.428968 0.153136 0.22695 0.215319 0.163576 0.173323 -0.121577 0.0318929 0.432412 0.856368 1.0071 -15.4333 3.61056 -1.11671
 -1.42777e-09 0.000241641 -4.76265e-05 1000 -0.00136209 0.00114211 -1.01642e-06 2.96704e-08 3.98162e-06 0.000100495 7.22438e-06 -0.000161574 6.039e-10 -1.06313e-05 -9.78261e-09 6.15518e-11 -2.76527e-06 9.52243e-08 7.1212e-11 -1.20729e-05 5.06947e-06 1.85313e-10 -1.43425e-05 3.22528e-06 9.91857e-05 7.26495e-05 -1.85086e-05 9.01487e-06 2.79861e-05 -3.07771e-05 0.000180354 1.77714e-05 -8.90041e-05 0.000215081 4.60486e-06 -2.22807e-05 1.88764e-05 -7.53569e-06 2.13786e-07 3.64497e-05 -1.11025e-05 1.48269e-07 8.45914e-05 -1.24735e-05 4.23931e-07 3.42158e-06 3.94587e-06 -4.94873e-06 3.55176e-06 3.37198e-05 -2.57685e-05 8.2569e-06 -2.43879e-05 -2.94999e-05 9.01015e-05 -9.84985e-05 2.70018e-05 3.50828e-06 4.83865e-05 -4.78122e-05 -2.11262e-06 3.93017e-08 1.02699e-05 -5.51663e-05 5.70068e-06 -0.000135734 -5.21511e-06 1.12926e-06 7.01986e-07 1.06526e-10 -2.15054e-05 7.59882e-06 -3.68991e-06 -1.31372e-07 4.17819e-06 -1.57975e-05 -1.66204e-06 3.64056e-05 1.62665e-06 -9.45792e-08 3.94199e-07 -9.27042e-06 -0.000160095 9.49595e-06 2.80823e-05 -2.30675e-06 -1.35693e-06 -1.46593e-07 -1.3836e-07 2.86801e-07 -1.86428e-05 -4.7514e-05 -1.9777e-05 -2.79525e-05 -1.23807e-05 8.78425e-06 7.34331e-05 -4.29262e-05 -4.93734e-05 7.49962e-05 2.72475e-05 -3.6947e-05 -6.2541e-06 4.73843e-05 -3.68819e-05 0.000120121 -3.35994e-05 -3.1205e-06 -1.86456e-05 1.4482e-06 4.38101e-06 -1.01918e-06 1.07086e-05 -4.22243e-06 2.70772e-05 -2.39127e-05 -1.05534e-06 9.8062e-06 3.83912e-05 -4.13524e-05 -2.27806e-05 4.41877e-05 5.01426e-05 5.91549e-05 -7.08739e-05 -0.000208825 -8.28743e-05 0.000139126 -5.67587e-05 0.00014511 -5.64344e-06 3.33872e-06 2.61398e-05 1.61458e-05 1.0004e-05 -5.0123e-06 1.5987e-05 -1.80481e-05 5.91976e-05 -3.73974e-05 -9.66243e-05 -1.46955e-05 -6.67097e-05 6.21431e-05 6.55281e-05 2.61899e-06 -6.73394e-06 -2.86093e-06 -2.50399e-05 6.69177e-05 4.76631e-05 -0.000113074 4.64216e-05 -3.27688e-05 -6.24009e-06 -2.31119e-06 -2.84279e-06 -4.98313e-06 1.17736e-06 -2.09649e-05 -5.03351e-05 -6.2326e-05 0.000625311 -8.75677e-07 6.24901e-05
 -0.000133734 27.0404 -5.32461 -0.00136209 418.762 -348.783 0.121549 0.0440679 -0.590065 11.4812 0.775552 -17.5168 7.53801e-05 -1.36017 -0.00760434 1.1652e-05 -0.276846 0.0025436 2.16301e-05 -1.93262 0.814746 3.26101e-05 -2.1328 0.484014 11.9098 21.0972 -5.18183 4.28065 14.3616 -15.6875 13.0311 0.873154 -4.61305 9.1008 9.29115 -15.7697 1.51548 -1.15102 0.0161234 10.3119 -3.42669 -0.0672232 5.79915 -0.265437 -0.106459 0.112103 0.39201 -0.482844 -1.49081 2.95098 -1.1806 0.00333273 0.832428 -3.57718 1.31639 -1.19947 2.4516 2.7021 4.88719 -5.92556 -0.127439 0.0152448 -2.6116 -1.62254 0.27935 -7.88509 -0.461241 0.105415 0.065171 1.49574e-05 -2.19281 0.773738 -0.206722 -0.00603179 0.237041 -1.54367 -0.141024 3.20396 0.0968673 -0.0367372 0.233548 -1.82141 -2.3557 0.14888 1.65254 -0.136882 0.0110488 0.0529858 0.00916975 -0.0626792 1.13175 -0.982851 0.828512 1.99668 0.917181 1.83611 2.75521 -1.13416 -1.83635 7.43878 2.35868 -1.92399 -0.630014 0.808311 -1.76393 3.16152 -0.29119 -0.595842 -0.925033 1.28647 0.0815906 -0.454062 -0.89657 -1.58563 0.467137 0.486526 -0.214713 0.0110317 2.47423 -1.03659 -1.59644 -0.502044 -0.333758 2.63567 3.10834 -1.61177 -1.31614 3.82671 -7.70774 3.00202 0.290365 0.0659448 -0.420537 -1.1487 -0.619962 -0.299338 -0.348487 -1.54675 0.543094 0.420675 0.0774044 -0.876136 -1.32737 -0.196167 -0.104368 -0.500001 0.480382 -0.496138 -3.55312 -0.213305 1.5058 -2.12996 -0.167887 -0.977323 -0.755702 -0.48708 -0.489228 0.269163 -0.0820156 -1.86804 -3.37295 -4.36631 60.9035 -7.06964 5.27078
 0.000111865 -22.6167 4.45353 0.00114211 -348.783 293.033 -0.103035 -0.0372282 0.501097 -9.60251 -0.648757 14.653 -6.28462e-05 1.13281 0.00637306 -9.66924e-06 0.22798 -0.00196564 -1.81127e-05 1.61314 -0.680049 -2.72795e-05 1.78062 -0.404082 -9.95909 -17.6431 4.33345 -3.58192 -12.0104 13.1193 -10.8971 -0.731155 3.86175 -7.61116 -7.77005 13.188 -1.26866 0.96016 -0.0133771 -8.62193 2.86319 0.0562206 -4.85035 0.218519 0.0894576 -0.095381 -0.329737 0.406134 1.24734 -2.46773 0.98733 -0.00284451 -0.696785 2.99107 -1.10095 1.00323 -2.05048 -2.25953 -4.08722 4.9555 0.106331 -0.0127297 2.18372 1.35761 -0.233676 6.5956 0.385883 -0.0881912 -0.0545588 -1.247e-05 1.82794 -0.644923 0.171083 0.00497336 -0.196121 1.29014 0.117794 -2.67642 -0.0813409 0.030594 -0.194504 1.52471 1.96912 -0.124457 -1.38235 0.1145 -0.00937187 -0.0443082 -0.00766638 0.0524125 -0.946133 0.821915 -0.692648 -1.66932 -0.766921 -1.53528 -2.30432 0.948859 1.53588 -6.22137 -1.97233 1.60922 0.526714 -0.676187 1.47526 -2.64425 0.24365 0.498194 0.773745 -1.07563 -0.0684194 0.379627 0.749641 1.32596 -0.390696 -0.406538 0.179504 -0.0092774 -2.0691 0.866936 1.33526 0.419651 0.279044 -2.20433 -2.59867 1.3489 1.10101 -3.20073 6.44551 -2.51095 -0.2428 -0.0551515 0.351593 0.960461 0.518421 0.250168 0.29117 1.29337 -0.454437 -0.351768 -0.0642291 0.73276 1.11041 0.163585 0.0869732 0.418065 -0.401782 0.41523 2.97097 0.178008 -1.25933 1.78164 0.139913 0.817291 0.631802 0.407336 0.409137 -0.225046 0.0685669 1.56211 2.82128 3.65127 -50.9424 5.93163 -4.40651
 -3.63276e-06 0.990589 -0.198628 -1.01642e-06 0.121549 -0.103035 999.82 -0.0903094 0.982839 0.360736 0.00535327 -0.0745575 1.5427e-05 -0.335085 8.93585e-05 9.77679e-06 -0.296727 0.0127262 -1.12365e-06 -0.371667 0.157087 2.31544e-06 -0.379386 0.0863628 0.114301 0.633313 -0.153883 0.0336866 0.79376 -0.867493 1.09934 -0.137626 0.497676 0.944974 0.165757 -0.333181 -0.0599096 -0.141011 0.00496608 -0.421147 0.00251762 0.00264779 -0.166981 -0.344916 0.0427944 -0.181079 -0.219152 0.265618 0.165393 -0.331626 -0.390897 0.366986 -0.0101418 -1.7085 0.659681 -0.597988 -0.320164 -0.337749 0.140341 0.0352024 -0.0553065 0.00460033 -0.165321 0.0694641 -0.00583574 0.145032 -0.00366542 0.000835553 -0.00369011 3.93399e-06 -0.567613 0.203841 -0.206137 -0.00835766 0.261564 -0.0963594 -0.019054 0.405893 -0.00322851 -0.00912934 0.0555847 0.0959974 -0.394876 0.0234746 -0.212806 0.0171608 0.0621532 0.00296567 1.64064e-05 -0.00300869 -0.29342 -0.208375 -0.176756 -0.369348 -0.253715 -0.0509642 0.422476 0.863651 -1.26349 0.387039 0.240383 0.211251 0.473133 -0.177949 -0.218014 0.0790932 0.240095 -0.217193 -0.0307271 -0.0309304 -0.0174121 -0.0207506 -0.0536509 -0.0325863 -0.0866169 -0.160362 0.33283 -0.478311 0.120928 -0.0438425 0.0123984 -0.0654729 0.0453195 -0.0605684 -0.0511368 -0.0569214 -0.145678 0.0790247 0.293478 -0.214688 0.0468576 0.0781065 0.128095 -0.628626 0.223022 -0.20157 0.0925039 0.193772 -0.35447 -0.0837884 -0.0265323 0.305884 -0.147525 0.162278 0.205309 -0.0333473 0.073951 0.0272871 0.123329 0.0338632 0.388369 0.433743 0.0510813 -0.106725 -0.0823906 0.0354732 0.0390119 -0.100962 0.0186815 -0.388936 -0.589673 -0.932376 8.49148 4.79741 1.42949
 -5.84019e-07 0.289534 -0.0578953 2.96704e-08 0.0440679 -0.0372282 -0.0903094 3.25688 -48.5491 0.0972341 0.00131691 -0.0177585 3.93466e-06 -0.0837936 7.22036e-06 2.65965e-06 -0.0755915 0.00324258 1.06663e-07 -0.0826473 0.0349211 8.42932e-07 -0.100736 0.0229873 -0.00111468 0.295583 -0.0706789 0.0175609 0.229087 -0.250218 0.248673 -0.0431631 0.163092 0.172203 0.115141 -0.199019 -0.00715202 -0.035597 0.00103817 -0.100844 0.0008498 0.000465582 -0.0663499 -0.0710205 0.0088685 -0.0434623 -0.05581 0.0675593 0.0462409 -0.103462 -0.147929 0.13273 0.0406311 -0.496527 0.0991196 -0.0700954 -0.0864857 -0.101693 0.0220915 0.0289853 -0.014682 0.00157074 -0.110332 0.0678732 -0.0015325 -0.00112106 -0.000817567 0.000193485 -0.00112835 1.0882e-06 -0.146178 0.0525114 -0.0524854 -0.00211878 0.066337 -0.0308209 -0.00565092 0.118067 -0.00518362 -0.00343688 0.0209644 0.0329844 0.0357647 -0.00192971 -0.0410032 0.00330759 0.0209141 0.00117043 0.000374697 -0.00155754 -0.0777308 -0.0761735 -0.0458633 -0.0677825 -0.0393429 -0.00764923 0.340839 -0.0271473 -0.343432 0.140629 0.0921437 0.226741 0.0993126 -0.0427446 -0.194693 -0.0642217 0.110348 -0.0503791 0.00661689 -0.0148534 -0.0151832 -0.0164277 -0.0281199 -0.0120391 -0.0293939 -0.0948735 0.164871 -0.121566 0.0176729 -0.0309919 0.0419018 -0.0259992 0.0195013 -0.0236829 0.00514572 -0.00707497 -0.078282 0.00647639 0.0227857 -0.0469828 0.0229882 0.0355591 0.0366102 -0.113847 0.0231872 -0.0146122 0.0100768 -0.0254292 -0.0904499 0.0326258 0.0626826 0.0756248 -0.00679236 0.0302761 0.00984962 -0.0496336 -0.0536208 0.113274 -0.0193794 0.0883723 0.160895 0.0467261 -0.0509554 -0.0339721 -0.0217878 0.00682676 0.0122296 -0.027959 0.00488743 -0.10609 -0.125762 -0.237028 2.32913 1.30314 0.390774
 9.7766e-06 -5.53245 1.10751 3.98162e-06 -0.590065 0.501097 0.982839 -48.5491 991.998 -1.84973 -0.0124265 0.0362796 -8.38402e-05 1.79551 -0.000503535 -5.53006e-05 1.6061 -0.0691577 -6.30947e-07 1.75064 -0.739949 -1.72631e-05 2.11577 -0.48302 0.0472985 -5.82269 1.39233 -0.278307 -4.49684 4.91152 -5.02522 0.929572 -3.53528 -3.47299 -2.20505 3.82252 0.155684 0.80207 -0.0246295 2.04912 0.0343401 -0.00992953 1.3821 1.58297 -0.198102 0.953091 1.20139 -1.45628 -0.985899 2.09315 2.98411 -2.67824 -0.772167 10.0006 -2.01113 1.42812 1.76651 2.05669 -0.423409 -0.608794 0.300972 -0.0320356 2.19603 -1.36195 0.0316414 -0.0068972 0.0146302 -0.00348452 0.0238857 -2.36777e-05 3.12524 -1.12372 1.1329 0.0459586 -1.43323 0.622703 0.114706 -2.39531 0.104841 0.0679333 -0.414283 -0.778853 -0.666705 0.0361816 0.83947 -0.067715 -0.433549 -0.0233985 -0.00752952 0.0311762 1.56544 1.54218 0.913361 1.36015 0.822651 0.155785 -6.85801 0.512623 6.90496 -2.7584 -1.79077 -4.5832 -2.00441 0.861892 3.90872 1.29067 -2.21622 1.02337 -0.144237 0.294215 0.309783 0.332412 0.567022 0.243148 0.588228 1.90134 -3.31893 2.45037 -0.354307 0.61964 -0.845882 0.522723 -0.397797 0.477263 -0.103934 0.140403 1.57134 -0.121886 -0.478817 0.950963 -0.465513 -0.718785 -0.742378 2.29513 -0.475492 0.298151 -0.202279 0.51077 1.82964 -0.651349 -1.2688 -1.53699 0.131153 -0.610059 -0.203051 0.996772 1.07919 -2.28945 0.386936 -1.77981 -3.24562 -0.950681 1.03028 0.685732 0.440782 -0.141413 -0.250148 0.564894 -0.0985582 2.13682 2.51798 4.77422 -46.5219 -26.8327 -7.90194
 -8.9543e-05 17.1737 -3.37845 0.000100495 11.4812 -9.60251 0.360736 0.0972341 -1.84973 881.232 -7.52154 154.59 6.01132e-05 -1.3777 -0.000646642 3.1727e-05 -0.977576 0.0413653 1.6687e-05 -1.1772 0.497963 7.65275e-06 -1.47014 0.33688 7.15235 7.40743 -1.85891 2.15388 5.69835 -6.2288 6.12822 1.00944 -4.6925 6.23198 3.86384 -6.72805 1.32453 -0.229408 -0.00802239 5.556 -1.7694 -0.0320604 3.38044 0.130331 -0.0871907 0.500438 0.664895 -0.815002 0.92236 1.43663 -3.93396 2.31682 -0.402109 -2.33884 2.26052 -2.34818 2.05668 2.52562 1.47902 -2.62935 0.439755 -0.0277681 -2.15363 4.16762 0.0305757 -4.19866 -0.0508103 0.0115857 -0.00615021 -7.03372e-06 -0.283033 0.0880436 0.219967 0.013784 -0.364555 -0.444654 -0.0383385 1.06888 -0.329011 -0.27615 1.72926 0.0366039 -6.00073 0.365262 -0.173323 0.0107359 0.401627 0.00717693 -0.00848413 0.00128577 -0.176258 -3.13891 -2.7783 0.0680865 6.85052 8.55567 -9.74775 -1.95351 -2.51548 25.1006 7.57074 -11.7097 3.21675 -1.65254 -3.42214 2.82234 8.64892 14.2517 -16.3685 1.11798 2.27437 0.898078 -0.516719 -0.895724 -0.862536 2.7555 -5.19436 0.274881 3.41042 -3.4513 0.744449 0.102187 -1.72366 0.0379778 -0.113558 1.10558 -5.28915 9.35993 -11.0005 7.25688 -2.14936 -1.06208 1.38229 -5.54074 0.29598 -3.56803 -1.4452 1.06192 -0.251284 -0.368036 -0.918049 -1.31303 -1.39413 1.03356 -0.0812441 -2.87484 0.0617073 0.969659 -1.53659 0.0504847 -2.11622 1.00872 1.57275 -1.58328 -3.04036 -1.07155 -1.02324 0.235744 -0.0184716 -1.0036 -1.52785 0.630001 36.3039 -8.84387 2.57524
 -4.96837e-06 1.16737 -0.22989 7.22438e-06 0.775552 -0.648757 0.00535327 0.00131691 -0.0124265 -7.52154 2.42297 -35.0144 4.77409e-06 -0.106563 -5.47661e-05 2.66453e-06 -0.0788505 0.00328609 1.21157e-06 -0.114397 0.0483211 8.22948e-07 -0.131388 0.0299906 0.296255 0.79904 -0.194127 0.171806 0.566803 -0.619155 0.379184 0.0246848 -0.129621 0.199731 0.409197 -0.680877 0.0747787 -0.0317724 1.54976e-05 0.166749 -0.0753978 -0.00122835 0.0439882 0.0292089 -0.00575531 0.000555827 0.0119724 -0.0148282 -0.101948 0.0748249 0.0264539 -0.0379191 0.0526824 -0.294885 -0.000772192 0.0247224 0.064736 0.0117565 0.153484 -0.151963 -0.000362349 0.000170093 -0.0857517 0.104763 0.00132458 -0.123995 -9.83247e-05 5.77979e-05 -0.000449572 6.94007e-08 -0.0571445 0.0197523 -0.0117078 -0.000238096 0.0107893 -0.00713333 0.00044006 -0.0031545 -0.00749662 -0.00628921 0.0389786 -0.0522222 0.201432 -0.0117878 0.0263007 -0.00236599 0.0227395 0.00248448 0.000670087 -0.00318033 -0.0213531 -0.375529 -0.0845089 0.394968 0.663059 0.651812 -0.491437 -0.05684 -0.254595 0.564478 0.112258 -0.168116 0.373027 0.0453228 -0.440953 -0.254396 0.121798 0.435523 -0.197368 -0.0080992 -0.026493 -0.00967507 -0.0440117 -0.0513076 -0.0674838 0.0743226 -0.140109 -0.0458199 0.117524 -0.0933737 0.00397368 -0.0194065 -0.0462958 -0.00569714 0.0640222 0.00395506 -0.13285 0.311832 -0.301909 0.0455814 -0.00195442 -0.0398242 0.0488555 -0.242495 0.0344788 -0.064143 -0.0296025 -0.0215726 -0.0692339 0.0284709 -0.0155542 -0.0641748 -0.0472991 -0.0046682 0.0293089 -0.0759997 0.0170357 0.0224139 -0.102611 0.0119661 0.0661419 0.00792168 -0.0280586 -0.0296635 -0.0404855 -0.0177582 -0.0177722 -0.00425348 0.000220269 -0.100933 -0.165342 -0.243744 2.94816 0.145667 0.313772
 0.000111274 -26.4375 5.20637 -0.000161574 -17.5168 14.653 -0.0745575 -0.0177585 0.0362796 154.59 -35.0144 792.294 -0.000112984 2.52837 0.000913809 -6.24392e-05 1.88805 -0.0790971 -2.66005e-05 2.72021 -1.14939 -1.7728e-05 3.08904 -0.705379 -6.80307 -17.9408 4.36092 -3.86171 -12.7272 13.9029 -8.74841 -0.507233 2.73201 -4.66384 -9.13647 15.216 -1.70307 0.828953 -0.00499068 -3.84274 1.80527 0.0274838 -1.01764 -0.488278 0.10938 0.0636477 -0.208952 0.258028 2.30081 -1.72362 -0.393827 0.723966 -1.10859 6.62983 -0.0563806 -0.473141 -1.51256 -0.345563 -3.45221 3.45733 -0.00858771 -0.00272247 2.00141 -2.47133 -0.0313795 2.92997 -0.00730754 0.000836165 0.0126494 -2.35572e-06 1.42278 -0.494097 0.324529 0.00780983 -0.316084 0.112413 -0.0152819 0.178268 0.162088 0.138648 -0.859897 1.28577 -4.28142 0.249937 -0.583134 0.0525844 -0.503479 -0.0553758 -0.014611 0.0705594 0.486746 8.52809 1.86063 -8.94231 -14.7265 -14.5636 11.1828 1.35712 5.83882 -13.7691 -2.6979 4.18653 -8.42499 -0.952481 9.93796 5.57021 -3.0065 -10.2002 4.96237 0.141272 0.511375 0.182327 0.996993 1.17638 1.53363 -1.75381 3.30674 1.00713 -2.73126 2.19685 -0.113921 0.428079 1.09251 0.121526 -1.41931 -0.123786 3.13911 -7.26981 7.09598 -1.25992 0.112899 0.919741 -1.13698 5.58194 -0.782757 1.54329 0.706653 0.447341 1.55576 -0.624793 0.367916 1.46436 1.0987 0.0684951 -0.650837 1.78493 -0.384246 -0.530038 2.33098 -0.270416 -1.40435 -0.211811 0.569111 0.709915 0.998465 0.430631 0.429014 0.0874368 -0.00463401 2.27625 3.72666 5.39161 -66.8667 -2.72336 -7.04653
 3.13921e-10 -0.000115561 2.34655e-05 6.039e-10 7.53801e-05 -6.28462e-05 1.5427e-05 3.93466e-06 -8.38402e-05 6.01132e-05 4.77409e-06 -0.000112984 1000 8.33893e-05 -6.425e-06 -1.04324e-09 4.8399e-05 -1.75166e-06 2.81067e-10 3.76182e-05 -1.57967e-05 6.02885e-11 4.45388e-05 -9.96328e-06 -0.000273196 -0.00054609 0.000134677 -2.83699e-05 -0.000186098 0.000203203 -0.000101673 2.56353e-05 -9.93019e-05 -0.00013895 3.02382e-05 -4.01039e-05 0.00011459 2.7014e-05 -7.67012e-07 -0.000300309 0.000129969 2.78002e-06 -2.77926e-05 0.000162858 -1.81118e-05 3.44739e-05 4.43321e-05 -5.39461e-05 0.000106629 -4.69827e-05 -0.000216383 0.000163397 2.77396e-05 6.06492e-05 -1.66172e-05 1.40202e-05 0.000120022 -4.57116e-05 -3.96448e-05 5.45771e-05 -1.25806e-06 1.08204e-07 -9.99319e-06 4.24597e-06 1.22688e-06 -4.56385e-05 -1.78636e-07 3.05883e-08 -3.43346e-07 -4.22339e-10 7.12793e-05 -2.53174e-05 1.69578e-05 6.49182e-07 -1.97247e-05 2.37955e-05 3.79481e-06 -8.43625e-05 3.35366e-06 2.54292e-06 -1.67378e-05 -5.56286e-05 0.000220893 -1.27193e-05 4.83157e-06 -3.04065e-07 7.85595e-06 -9.26059e-07 -1.03433e-07 1.03837e-06 -5.80732e-05 -6.78695e-05 4.1077e-06 5.87925e-05 3.28035e-05 3.98913e-06 1.88253e-06 1.01552e-05 -9.98009e-05 -6.71815e-05 -2.57852e-05 0.000197296 0.000144428 -7.58456e-05 -7.72584e-05 5.8827e-05 4.52442e-05 7.10211e-05 5.46594e-05 -1.8538e-05 -0.000104556 -2.13023e-05 5.87357e-05 4.7635e-05 -3.64353e-05 -3.26555e-05 -8.40485e-05 3.68367e-05 3.46135e-05 2.25625e-05 1.27497e-05 5.80593e-06 -2.45133e-05 1.69367e-06 -1.59301e-05 -2.68163e-05 -2.97968e-05 -3.05728e-05 -2.5472e-05 -3.95673e-05 -1.26778e-05 2.83683e-06 1.4746e-05 3.5228e-05 2.61998e-05 2.37854e-05 1.29741e-05 1.34887e-06 -3.44629e-05 -3.66535e-05 -1.4405e-05 1.02801e-05 2.08533e-05 -2.50378e-06 -3.38704e-05 1.49015e-06 -5.37623e-06 4.00275e-06 9.43118e-07 -1.46761e-06 6.3124e-06 2.77708e-05 3.87861e-05 -1.31474e-05 -8.27588e-07 -8.72612e-06 -5.31953e-06 -5.82965e-06 3.64623e-06 3.35233e-05 5.84943e-05 8.03922e-05 -0.000780128 -0.000342038 -0.000119414
 -1.49936e-05 3.14143 -0.635293 -1.06313e-05 -1.36017 1.13281 -0.335085 -0.0837936 1.79551 -1.3777 -0.106563 2.52837 8.33893e-05 997.841 -2.83585 1.80087e-05 -1.13816 0.0418488 -1.08616e-05 -0.786631 0.329708 -8.04455e-06 -0.912736 0.203049 8.4865 13.8373 -3.43848 0.769362 4.84539 -5.29197 3.25579 -0.583988 2.19149 4.85429 -0.039486 -0.261458 -3.53505 -0.710058 0.0227873 6.59145 -3.18589 -0.0646624 0.944367 -4.78075 0.532125 -0.874742 -1.13174 1.3765 -2.34375 2.07219 4.56649 -3.76351 -1.22038 -0.708263 1.15653 -1.25147 -3.44115 1.92751 0.910905 -1.6369 -0.0023671 0.00111727 0.238043 0.084027 -0.0244049 0.800028 -0.00728095 0.00193678 0.0124224 7.68451e-06 -1.5943 0.564766 -0.340079 -0.0125189 0.383041 -0.612287 -0.0918919 2.04926 -0.052848 -0.0455782 0.305409 1.68973 -8.63255 0.511088 -0.0906301 0.00488427 -0.232987 0.0213715 0.00229476 -0.023869 2.03159 1.71326 0.120998 -0.936491 -0.327078 0.334581 0.49215 0.095591 2.17798 1.12251 0.469181 -3.95981 -4.08671 1.32362 3.24572 -1.09179 -1.1344 -1.9842 -0.445634 0.603875 2.05619 0.423415 -1.48834 -1.57463 1.35091 1.24521 2.23754 -0.774344 -0.668549 -0.157092 -0.029888 0.0348891 0.638969 0.187024 0.553178 0.716019 0.797249 0.545569 0.659798 0.825154 0.220862 -0.267658 -0.64299 -1.00437 -0.648716 -0.590701 -0.51673 -0.259696 0.317876 0.326501 -0.0421596 -0.144102 -0.232848 0.0539588 0.558848 -0.208394 -0.138209 -0.385248 -0.172728 -0.0910255 -0.28859 -1.09297 -1.57233 -0.233508 -0.215492 -0.00602744 -0.0657791 0.331856 -0.128168 -0.643301 -1.19659 -1.57067 15.2229 6.18807 2.27156
 2.08177e-07 -0.0262655 0.00521547 -9.78261e-09 -0.00760434 0.00637306 8.93585e-05 7.22036e-06 -0.000503535 -0.000646642 -5.47661e-05 0.000913809 -6.425e-06 -2.83585 0.825565 2.46217e-07 -0.00585494 0.000303407 2.3997e-08 -0.0024177 0.00104569 5.42602e-08 -0.00376237 0.000892785 -0.0361686 -0.0601204 0.0148809 -0.00624131 -0.0260571 0.0284574 -0.0146656 -3.38578e-05 0.00125308 -0.0202173 -0.00607257 0.0112669 0.00273873 -0.00155784 0.000145631 -0.0356567 0.00868009 0.000326187 -0.0113632 0.00716664 -0.000553349 0.000179063 -0.000414989 0.000508039 0.0044345 -0.00934198 -0.0194829 0.0162826 0.00243142 0.000230478 -0.00633668 0.00713486 0.00690476 -0.00824749 -0.00616882 0.00939177 -0.000244676 1.37059e-05 0.00020754 -0.000380186 2.6803e-05 -0.000780471 0.000193986 -4.49119e-05 -4.61741e-05 5.86044e-08 -0.00374309 0.00142628 -0.00038375 -1.36982e-05 0.000375209 0.00101897 9.99451e-05 -0.00255415 -0.000179017 -0.000199436 0.0011419 -0.00491444 0.0331736 -0.00195683 -0.000310674 3.43359e-05 0.000143089 -8.64139e-05 -8.79847e-06 9.6031e-05 -0.00773567 -0.00387278 -0.00166939 0.000583951 0.000686012 -0.000207525 -0.000846387 -0.000813722 -0.00712856 -0.0063623 -0.0018432 0.0146236 0.0142854 -0.00467506 -0.0116475 0.00331207 0.00358145 0.00678001 0.00167084 -0.00261592 -0.00738679 -0.00123382 0.00581747 0.00592103 -0.00509991 -0.00481263 -0.00803453 0.00286784 0.00226039 0.00022342 -5.97725e-06 -0.000328355 -0.00215314 -0.00086542 -0.00216084 -0.00259567 -0.00269794 -0.00218145 -0.00177465 -0.00319508 -0.000706523 0.00114439 0.00265793 0.00388618 0.00254223 0.00213741 0.00173187 0.00067597 -0.00130178 -0.00108243 0.000861565 0.00101295 0.00120619 -0.000225782 -0.00179097 0.000983167 0.000557054 0.0020196 0.000804736 0.000615426 0.00129886 0.00420376 0.00555463 0.000995957 0.000832901 0.000241789 0.000473411 -0.00136215 0.000489768 0.00228745 0.00492221 0.00546376 -0.0706801 0.00283896 -0.0067536
 -4.01028e-10 -5.78424e-05 1.16523e-05 6.15518e-11 1.1652e-05 -9.66924e-06 9.77679e-06 2.65965e-06 -5.53006e-05 3.1727e-05 2.66453e-06 -6.24392e-05 -1.04324e-09 1.80087e-05 2.46217e-07 1000 2.65449e-05 -3.75908e-06 -3.81513e-10 2.51311e-05 -1.05557e-05 -6.0528e-10 3.16948e-05 -7.11765e-06 2.9309e-05 -1.61158e-05 3.36773e-06 -1.08916e-05 -6.53322e-05 7.12935e-05 9.71991e-06 1.29841e-05 -5.56334e-05 6.33279e-05 -7.03293e-06 6.88684e-06 -2.36919e-05 7.0913e-06 -1.18656e-07 -8.62789e-05 2.34227e-05 6.21069e-07 -1.50693e-05 5.17007e-06 -8.21265e-09 1.02547e-05 1.45683e-05 -1.76269e-05 7.21267e-05 -1.13254e-05 -0.00016854 0.000119933 -2.7815e-05 8.24545e-05 3.32174e-05 -4.41666e-05 1.80577e-05 2.16229e-05 -3.46521e-05 2.20426e-05 7.19392e-06 -4.82971e-07 -1.64352e-06 1.50402e-05 1.35422e-07 -1.68829e-05 -2.12168e-06 4.65265e-07 4.12382e-07 -4.28502e-10 3.91659e-05 -1.39759e-05 1.22381e-05 5.13389e-07 -1.5715e-05 2.90371e-06 1.15479e-06 -2.62295e-05 4.63467e-06 3.83252e-06 -2.46465e-05 9.15133e-06 -0.000381027 2.34832e-05 1.53353e-05 -1.23277e-06 -1.22498e-06 -7.8976e-07 -8.98142e-08 8.87075e-07 -1.55383e-05 -8.26576e-05 2.40653e-05 0.000112646 9.18301e-05 6.73427e-05 3.97195e-05 5.8917e-06 -0.000139452 -0.000160165 -5.28758e-05 0.000219064 -1.76125e-05 0.000142003 -3.68016e-05 6.23348e-06 8.977e-05 -2.85424e-05 4.00701e-05 -2.11078e-05 -2.92045e-05 -2.60373e-05 -1.72947e-05 4.45323e-06 1.44001e-05 5.33944e-05 -1.40502e-05 1.53838e-06 -3.76286e-05 9.05491e-06 1.35465e-05 1.37632e-05 -6.13682e-06 8.22632e-07 -1.60774e-05 -6.36219e-06 -1.31102e-05 -2.20174e-05 -3.12557e-05 -4.15018e-06 -1.02233e-05 -1.03075e-06 -7.81333e-07 1.31886e-05 6.98633e-06 -8.7219e-06 -1.11556e-05 -1.28871e-05 -1.2785e-05 -3.06151e-05 -3.61117e-05 -4.44756e-07 5.32828e-06 -6.97012e-06 4.99638e-06 8.91876e-06 -1.15758e-05 2.81392e-05 1.70439e-06 -1.80242e-05 -1.1935e-05 -1.90758e-05 -1.0797e-05 -1.83474e-05 -3.1944e-06 -8.67417e-06 -7.42422e-06 9.11028e-06 9.82477e-07 2.59117e-05 4.70312e-05 6.02441e-05 -0.000556231 -0.000332393 -9.58201e-05
 -3.50306e-06 2.40603 -0.485201 -2.76527e-06 -0.276846 0.22798 -0.296727 -0.0755915 1.6061 -0.977576 -0.0788505 1.88805 4.8399e-05 -1.13816 -0.00585494 2.65449e-05 997.012 -45.3443 -2.0019e-07 -0.72313 0.303731 3.40778e-06 -0.857682 0.192509 3.44138 4.2036 -1.06159 0.415688 2.83465 -3.09696 1.94055 -0.364091 1.37975 2.39965 0.43056 -0.86103 -1.1186 -0.400859 0.012713 2.66945 -1.30056 -0.0265933 1.09339 -2.30102 0.240978 -0.504304 -0.674203 0.817176 -1.35986 1.90522 2.85418 -2.53028 -0.309869 -1.21178 0.51064 -0.476919 -1.8926 1.01869 1.04896 -1.39769 -0.200996 0.0173106 -0.300548 0.158399 -0.0124953 0.329712 0.0221284 -0.00461867 -0.00236919 9.87131e-06 -1.21538 0.432661 -0.350271 -0.0141298 0.433997 -0.331261 -0.0597673 1.34663 -0.138982 -0.0941449 0.609304 0.482057 1.88086 -0.118154 -0.261744 0.0194842 -0.0352758 0.024222 0.00185384 -0.026302 1.45534 2.59024 -0.18596 -2.29603 -1.70973 -0.967024 -0.505512 0.564544 2.77173 3.30197 1.07866 -5.9397 -2.40258 -0.560152 3.3937 1.15797 -3.51911 -3.41579 2.42584 -0.0935882 0.974937 0.564577 0.211448 -0.247971 -0.577918 0.60728 0.553045 0.120514 0.559475 0.39872 0.0322148 -0.04287 0.305699 0.192625 0.762167 0.501422 0.576434 0.550082 0.831425 0.497599 0.375627 0.264384 -0.171897 -1.34011 -0.399405 -0.0984322 0.0291208 0.0392408 0.153476 0.150137 0.327122 0.0650628 0.187116 -0.382652 -0.101265 -0.0481473 0.164295 -0.659079 -0.949954 0.167222 0.0178893 -0.430015 -0.798119 -0.61575 -0.345648 -0.0814414 -0.0296772 0.0787789 -0.0922905 -0.661949 -1.06518 -1.52786 14.7618 7.72448 2.41107
 3.1299e-07 -0.123029 0.0247429 9.52243e-08 0.0025436 -0.00196564 0.0127262 0.00324258 -0.0691577 0.0413653 0.00328609 -0.0790971 -1.75166e-06 0.0418488 0.000303407 -3.75908e-06 -45.3443 2.93809 1.37356e-08 0.0289174 -0.0121218 -1.22752e-07 0.0342616 -0.00765744 -0.162365 -0.201659 0.0508536 -0.0222093 -0.136956 0.149631 -0.0915024 0.01526 -0.0570857 -0.112623 -0.0241719 0.0468843 0.0478922 0.0163232 -0.000470959 -0.128875 0.0583653 0.00127899 -0.0548869 0.0997868 -0.0102597 0.0208754 0.0277316 -0.0335858 0.0608959 -0.0893991 -0.13421 0.118965 0.0132718 0.0551472 -0.0243665 0.0229746 0.0837766 -0.0478742 -0.0505835 0.0670623 0.00905619 -0.000783119 0.014647 -0.00734685 0.000535182 -0.0138115 -0.000845296 0.000173301 0.000112903 -3.65091e-07 0.0494622 -0.0175464 0.0147528 0.000595655 -0.018357 0.0147341 0.00259438 -0.0587597 0.00567839 0.00386615 -0.0251526 -0.0226158 -0.0868411 0.00545349 0.0115736 -0.000857594 0.00116657 -0.00112943 -8.63263e-05 0.0012263 -0.0674703 -0.119158 0.006136 0.105219 0.0805058 0.045884 0.0235268 -0.0264202 -0.126966 -0.156125 -0.0516103 0.275372 0.111195 0.0255051 -0.156941 -0.0537954 0.162654 0.158193 -0.112261 0.00425593 -0.045256 -0.025964 -0.00944668 0.0116668 0.0267335 -0.0282878 -0.0256108 -0.00555306 -0.0258861 -0.0185176 -0.00140956 0.0019423 -0.0139597 -0.00899911 -0.0352798 -0.023168 -0.0265186 -0.0256572 -0.0379541 -0.0231626 -0.0172895 -0.012081 0.00822851 0.0622327 0.0187097 0.00460526 -0.00137621 -0.00191858 -0.00721356 -0.00697732 -0.0146438 -0.00260948 -0.00829572 0.0176436 0.00474462 0.00235559 -0.00758261 0.030925 0.0439703 -0.00755465 -0.000634692 0.0201713 0.0368578 0.0285791 0.0160133 0.00394128 0.00156364 -0.00374981 0.00428271 0.0306485 0.049952 0.0706809 -0.698658 -0.334847 -0.110418
 -9.73401e-10 2.72735e-05 -5.45404e-06 7.1212e-11 2.16301e-05 -1.81127e-05 -1.12365e-06 1.06663e-07 -6.30947e-07 1.6687e-05 1.21157e-06 -2.66005e-05 2.81067e-10 -1.08616e-05 2.3997e-08 -3.81513e-10 -2.0019e-07 1.37356e-08 1000 -8.64427e-06 4.60512e-06 -4.59369e-10 3.86014e-06 -9.23834e-07 7.28443e-05 -5.85673e-06 8.0497e-08 5.55182e-06 4.3328e-05 -4.73814e-05 6.37789e-05 4.28746e-06 -2.29634e-05 0.0001364 -4.09289e-05 5.72917e-05 -3.6348e-05 -2.28924e-06 2.26797e-07 -3.03201e-05 -2.13112e-06 4.03433e-08 3.94951e-06 -3.86089e-05 4.58676e-06 -3.75667e-06 -3.49752e-06 4.24532e-06 3.03376e-05 1.38642e-05 -5.59476e-05 3.45642e-05 -3.35074e-05 2.03937e-05 6.14528e-05 -7.05296e-05 -2.39935e-05 2.91673e-05 -3.92654e-06 -9.00207e-06 2.7477e-07 1.60037e-07 -2.06336e-05 5.7904e-06 1.27062e-07 -7.82923e-06 -1.48045e-06 3.24699e-07 2.45392e-07 -1.26926e-10 -2.35857e-06 7.89455e-07 -6.66787e-07 3.86265e-09 -3.6201e-07 2.5651e-07 2.22583e-07 -3.82788e-06 1.39476e-06 1.30037e-06 -7.9859e-06 9.881e-06 -0.000309746 1.88549e-05 7.18834e-06 -5.95216e-07 6.54257e-07 -4.11062e-07 -1.59854e-07 5.75398e-07 6.3661e-06 3.22664e-06 -2.75353e-05 -7.34621e-05 -2.69663e-05 1.7316e-05 -1.7208e-05 0.000381474 -0.000141192 -0.000106009 -4.69417e-05 -4.91336e-05 -8.08017e-05 0.000119796 2.80334e-05 -1.55044e-06 7.6126e-05 2.97404e-06 -2.56177e-05 1.02336e-05 3.7318e-05 -7.70195e-06 -9.81961e-06 -1.20003e-05 -2.11386e-06 9.90427e-06 8.59962e-06 -8.91567e-06 6.88155e-06 4.88201e-06 1.05066e-05 1.31707e-05 5.42128e-06 1.09164e-05 -9.38722e-06 -3.6001e-06 1.98805e-06 -1.57804e-06 7.90066e-06 -7.80194e-06 1.2846e-05 1.51129e-06 -9.3552e-07 -5.48527e-06 -2.24438e-06 -9.68164e-06 -3.11099e-06 1.36772e-05 -2.07258e-06 -3.88549e-05 -3.53952e-05 2.16524e-05 1.19464e-05 -1.2125e-05 6.05663e-06 1.55419e-05 -8.25423e-06 3.28096e-05 -1.0203e-05 -1.73647e-07 -7.70685e-06 -2.35594e-05 -2.20049e-05 -2.30685e-05 -6.66979e-06 -5.07888e-06 -3.0565e-06 4.89001e-06 -3.67978e-07 2.17926e-06 9.95614e-06 3.09262e-06 -3.51251e-05 -4.37706e-05 -8.79927e-06
 -2.25063e-05 2.0318 -0.412309 -1.20729e-05 -1.93262 1.61314 -0.371667 -0.0826473 1.75064 -1.1772 -0.114397 2.72021 3.76182e-05 -0.786631 -0.0024177 2.51311e-05 -0.72313 0.0289174 -8.64427e-06 843.957 -358.144 9.66707e-06 -1.68269 0.38556 -0.82899 4.65695 -1.09867 -0.198195 0.220698 -0.240699 0.280844 -0.626543 2.6114 -0.125082 2.54805 -4.14205 0.101435 -0.326531 0.00691712 0.483508 -0.329069 -0.0037815 -0.689759 -0.374679 0.0470392 -0.406115 -0.477219 0.579743 -0.4137 -0.965396 1.21546 -0.559798 1.05877 -3.136 -1.33518 1.75769 -0.61362 -1.45506 0.49573 0.220363 -0.160805 0.0155423 -0.902539 -0.778942 0.0239544 -0.104264 -0.0191291 0.00451075 -0.00771747 9.39686e-06 -1.35921 0.491431 -0.590959 -0.0257397 0.792917 -0.408309 -0.0653874 1.37275 -0.148505 -0.0683575 0.433279 -1.52999 3.46489 -0.195272 -0.321985 0.0270342 0.191225 0.0350854 -0.00588053 -0.029489 -0.373793 0.318902 2.02409 3.46425 -0.177386 -0.61416 -31.8595 13.3856 -0.0964645 2.99544 1.12307 3.43741 -6.0621 1.03064 2.14697 -1.01993 0.181315 -1.08091 -0.217138 -0.0660028 1.26242 0.301697 0.196464 0.577078 0.896154 0.203939 -0.115662 -0.517517 0.959197 -0.235657 -0.100587 -0.050759 0.623285 1.36134 -0.25833 0.00164154 0.364771 0.240389 0.808364 -0.74577 0.165183 0.161933 0.486406 -0.380414 0.210734 0.626235 0.709073 0.518286 0.373096 1.12192 0.757043 -0.416662 -0.119601 -0.818042 -0.0709792 0.125628 -0.0507306 1.66256 -0.36669 0.485128 1.00573 0.414058 0.146245 -0.877484 -0.371421 0.0032907 0.194393 -0.461917 0.0342502 -0.862958 -0.850528 -1.84899 19.543 9.69057 3.12808
 9.66577e-06 -0.876556 0.177797 5.06947e-06 0.814746 -0.680049 0.157087 0.0349211 -0.739949 0.497963 0.0483211 -1.14939 -1.57967e-05 0.329708 0.00104569 -1.05557e-05 0.303731 -0.0121218 4.60512e-06 -358.144 153.529 -4.14666e-06 0.713667 -0.16352 0.351671 -1.98655 0.468688 0.0829468 -0.0980877 0.106983 -0.120538 0.265334 -1.10581 0.0523095 -1.08792 1.76858 -0.0438234 0.136659 -0.00284044 -0.206123 0.138758 0.00162302 0.29249 0.155434 -0.0195065 0.170908 0.201042 -0.244195 0.175905 0.410943 -0.517518 0.238384 -0.450608 1.3348 0.568573 -0.74844 0.259976 0.618989 -0.211913 -0.0927402 0.0681952 -0.00659746 0.384957 0.331762 -0.0102465 0.0459112 0.00823891 -0.00194159 0.00322725 -3.9505e-06 0.575396 -0.208023 0.250127 0.0108905 -0.335579 0.173459 0.0277787 -0.583236 0.0620734 0.0288084 -0.182587 0.653708 -1.47388 0.0830523 0.13658 -0.0114693 -0.0805409 -0.0149378 0.00250564 0.0125531 0.159041 -0.13337 -0.861896 -1.47815 0.0733068 0.26855 13.5677 -5.7055 0.0430957 -1.27402 -0.480017 -1.46263 2.58092 -0.439527 -0.913925 0.434004 -0.0778286 0.459878 0.0928023 0.0280538 -0.537806 -0.128389 -0.0835604 -0.245637 -0.381427 -0.0867961 0.0491092 0.220274 -0.408464 0.100239 0.0428301 0.0214738 -0.265214 -0.579629 0.109997 -0.000661616 -0.155202 -0.102662 -0.343838 0.317284 -0.070448 -0.0689822 -0.206981 0.161956 -0.0896486 -0.26673 -0.302014 -0.220849 -0.159006 -0.477622 -0.321922 0.177399 0.0509945 0.34796 0.0300862 -0.053616 0.0214106 -0.707432 0.155918 -0.206587 -0.428075 -0.176139 -0.0625266 0.373411 0.157896 -0.00139824 -0.0827352 0.196578 -0.0145782 0.36735 0.362775 0.787109 -8.3358 -4.10023 -1.33025
 -6.65077e-10 2.12408e-05 -4.21516e-06 1.85313e-10 3.26101e-05 -2.72795e-05 2.31544e-06 8.42932e-07 -1.72631e-05 7.65275e-06 8.22948e-07 -1.7728e-05 6.02885e-11 -8.04455e-06 5.42602e-08 -6.0528e-10 3.40778e-06 -1.22752e-07 -4.59369e-10 9.66707e-06 -4.14666e-06 1000 1.57796e-05 -3.32857e-06 0.000122341 -0.000103551 2.24804e-05 1.05938e-05 5.18303e-05 -5.67157e-05 7.61471e-05 8.31774e-06 -3.93031e-05 0.000169883 2.97502e-06 -1.6579e-05 -4.91764e-05 -1.95457e-06 3.53343e-07 -4.93968e-05 -9.95089e-08 1.65187e-07 1.6787e-05 -5.21395e-05 5.74355e-06 -2.40329e-06 -3.03695e-06 3.64303e-06 1.46862e-05 6.28978e-05 -2.81377e-05 9.78774e-07 -5.52518e-05 3.50879e-05 0.000105948 -0.000121766 -2.78751e-05 5.298e-05 -8.82839e-06 -1.52026e-05 5.14114e-07 1.20323e-07 -1.45811e-05 5.84476e-06 1.7093e-07 -9.21297e-06 -1.54292e-06 3.51168e-07 3.7506e-07 -2.12079e-10 1.06358e-05 -3.98027e-06 3.76467e-06 1.87028e-07 -5.62235e-06 -1.10081e-06 2.43933e-07 -4.10433e-06 2.51766e-06 1.75114e-06 -1.08559e-05 2.18801e-05 -0.000327564 1.99911e-05 4.91491e-06 -4.36193e-07 -1.35214e-06 -4.41115e-07 -1.40317e-07 5.86105e-07 1.60658e-05 2.47626e-06 1.10192e-05 2.29724e-05 3.11505e-05 3.73806e-05 5.44193e-05 0.000102191 -6.50483e-05 -0.000100111 -3.99986e-05 -2.77503e-05 -3.26237e-05 8.8898e-05 9.13867e-05 -2.02102e-05 3.31047e-05 -4.7742e-05 0.000112064 -2.20342e-05 6.81585e-06 4.88307e-06 4.1181e-06 -3.12159e-06 8.1996e-06 4.11667e-05 6.7889e-06 2.88674e-06 -1.67576e-05 2.22463e-05 -2.15687e-06 3.01621e-06 2.40904e-07 8.25262e-06 3.31654e-06 6.62503e-06 4.93622e-06 -9.8756e-06 4.90935e-06 -5.69337e-06 1.70454e-06 -8.71555e-06 -1.66206e-05 -6.5413e-06 1.67758e-06 -1.02855e-05 3.01911e-06 4.04848e-06 -1.88188e-05 -8.77176e-05 -5.0701e-05 3.08231e-05 9.88041e-06 -4.68054e-06 -1.64582e-06 5.96843e-06 -1.11052e-05 -3.51977e-06 2.95698e-06 -1.80609e-05 -2.0132e-05 -3.40525e-05 -4.24695e-05 -2.82105e-05 -1.30777e-05 -1.16293e-05 -1.0969e-05 1.22259e-05 -1.10063e-06 1.03372e-05 1.35857e-05 2.10943e-05 -0.000216032 -0.0001422 -3.88175e-05
 5.24095e-06 1.12594 -0.232087 -1.43425e-05 -2.1328 1.78062 -0.379386 -0.100736 2.11577 -1.47014 -0.131388 3.08904 4.45388e-05 -0.912736 -0.00376237 3.16948e-05 -0.857682 0.0342616 3.86014e-06 -1.68269 0.713667 1.57796e-05 948.116 -218.002 -0.796814 11.3046 -2.67819 0.0519532 1.08588 -1.18273 -2.54916 -0.901824 3.9562 -2.81511 1.49528 -2.24118 0.352798 -0.379769 0.00260337 1.68078 -0.650387 -0.0138912 -2.18314 0.477657 -0.0259344 -0.399482 -0.47794 0.582593 -0.619116 -1.99549 0.97702 -0.0908472 1.72708 -4.4914 -2.61258 3.30416 -0.284244 -2.47188 0.369104 0.798544 -0.127686 0.00960978 -0.231629 -0.226459 -0.0238958 0.967083 0.0159081 -0.00368934 -0.0113395 1.30561e-05 -1.41576 0.514025 -0.514876 -0.0226303 0.690001 -0.375047 -0.0688596 1.4356 -0.175467 -0.0968999 0.615413 -0.665465 3.38126 -0.202374 -0.231868 0.0205282 0.115474 0.0325277 -0.0015783 -0.0312326 -0.719303 0.754956 -0.0987527 -1.21899 -1.56743 -1.08997 -8.63045 2.92338 0.784859 3.94307 1.59311 1.63219 -6.36354 -1.19875 4.16265 -0.251514 -2.04248 -6.6932 1.41088 0.649388 -0.749799 -0.537342 -0.404154 0.227372 -0.259531 -0.997684 -1.05143 0.382592 1.28124 -0.685027 -0.225351 -0.215574 0.159895 -0.309428 0.144667 -0.00287215 0.0773142 0.434021 0.231397 0.158044 0.265442 0.648667 1.06784 0.596235 0.312223 0.275809 0.22528 0.262817 0.371901 2.12207 1.43766 -0.494503 -0.157613 -0.0636874 0.384255 0.3122 0.345707 1.0234 0.118659 0.594149 2.10852 1.48755 0.701112 -0.371145 0.0378981 0.315724 0.436674 -0.664815 0.0486012 -0.965649 -1.11005 -2.08958 21.6307 11.1638 3.51543
