 1000 0.00220583 -0.000425794 -1.22195e-09 -0.000108984 9.17211e-05 4.70944e-07 4.69233e-07 -1.19269e-05 -7.82101e-05 -4.0974e-06 9.06545e-05 -2.32823e-10 -3.71872e-06 1.69563e-07 -6.51041e-10 5.8045e-06 -1.14431e-07 -9.67966e-10 -9.40312e-06 4.07185e-06 -7.11949e-10 1.6618e-05 -3.77875e-06 2.33228e-05 -0.000318307 7.25547e-05 -5.66603e-05 -0.000215949 0.000230064 -1.37082e-05 3.94344e-06 -1.69572e-05 9.64614e-05 -0.00010172 0.00015746 -7.19028e-05 3.97138e-06 3.96419e-07 -0.000117815 1.92507e-05 8.67286e-07 3.39363e-06 -6.79983e-05 8.38217e-06 -1.58524e-06 -7.38205e-06 8.32431e-06 7.82334e-05 -6.51667e-05 -0.000214207 0.000163504 -5.93493e-05 8.765e-05 9.49448e-05 -0.00011031 -3.47572e-05 1.43137e-05 -3.77525e-05 2.85687e-05 -1.54995e-06 -6.5938e-09 4.9457e-05 6.14796e-06 -4.59538e-07 9.9043e-06 -4.02875e-06 8.70985e-07 2.63568e-07 -3.01041e-10 1.50448e-05 -5.41069e-06 7.34189e-06 2.44021e-07 -8.60063e-06 -8.49699e-07 -1.31443e-07 2.07462e-06 3.36655e-06 3.59534e-06 -2.09708e-05 2.24199e-06 -0.000299109 1.70773e-05 6.01917e-06 -5.96226e-07 -7.75426e-06 -1.0673e-06 -4.28101e-07 1.50674e-06 1.84213e-05 1.7102e-05 -6.54493e-05 -0.000198549 -0.000121413 8.43194e-06 1.34424e-05 0.000478202 -0.000192095 -0.000204081 -9.64214e-05 5.44647e-05 -7.68739e-05 -8.23109e-06 0.000101812 0.000128697 6.21843e-05 -6.60122e-05 -0.000181306 0.000255179 -0.000147474 3.58629e-05 -2.16236e-05 -1.41517e-05 1.78305e-05 4.0577e-05 2.69176e-05 -1.64246e-05 5.97773e-05 -4.38261e-05 1.42224e-05 -8.35948e-06 -1.2137e-05 1.03185e-05 9.60602e-06 -1.23334e-05 -1.80329e-05 0.000186896 -0.000144365 9.39333e-05 -8.69259e-06 1.0274e-05 2.2627e-05 -4.62187e-06 2.31662e-05 -4.40939e-05 2.98587e-05 1.92202e-05 3.49521e-05 -1.343e-05 -7.11607e-05 4.79992e-05 1.16324e-05 -5.93017e-06 1.00841e-07 -4.23043e-05 3.84264e-05 3.34168e-05 3.23182e-07 3.37491e-05 8.22369e-06 -5.83115e-05 -1.26983e-05 -3.60394e-05 -3.21402e-06 -1.53593e-07 1.93635e-06 4.96e-06 -1.14487e-06 2.00133e-05 3.04506e-05 2.35393e-05 -0.000634181 6.11801e-05 -5.6436e-05
 0.00220583 541.243 -103.317 0.000249286 26.8723 -22.6117 0.0375725 0.0346707 -0.300075 18.2154 1.15921 -26.0135 -3.15937e-06 0.962545 -0.0212179 8.93805e-06 0.347046 -0.02994 3.96233e-05 -0.85157 0.345843 4.77832e-05 -1.65271 0.374677 17.5895 35.3713 -8.3477 6.15291 24.3888 -26.0049 15.8992 1.15647 -6.02042 10.411 14.7257 -24.4337 8.87929 -0.242465 -0.0695285 17.5491 -2.85913 -0.126266 8.39636 5.68701 -0.863518 1.21852 1.98935 -2.27901 0.635645 8.52402 11.1107 -9.93954 0.384784 -2.70005 2.19569 -2.19971 4.95866 4.67412 7.35436 -8.68298 0.311194 -0.0139655 -3.9334 1.53415 0.0918357 -3.86704 0.480657 -0.101488 -0.0332338 1.1019e-05 -2.23427 0.795752 -0.305271 -0.00793222 0.315044 0.677382 0.105014 -1.88972 0.193585 -0.104958 0.596524 -2.39095 1.33046 -0.0648009 1.86583 -0.143999 -0.353767 0.100938 0.013243 -0.115133 1.80933 -3.51143 3.05516 12.3356 10.4567 -0.971294 -28.6915 19.3192 -9.2345 11.9968 7.70694 0.742238 -0.791207 -1.17439 -4.36184 3.77186 3.99036 2.04426 -8.38961 3.8823 -1.18694 1.10824 -1.13326 -0.536572 -0.169674 -0.409208 0.161617 2.14037 0.776395 -0.54956 0.50346 0.464334 0.405151 -0.325453 0.719517 0.303382 -0.720201 3.22526 -6.01909 3.01909 -0.22515 0.0768902 -0.490543 -3.29875 -0.80259 -1.71381 -1.20843 -1.52165 0.351406 -0.0890164 -1.14548 -1.63259 -1.64598 -0.265993 -0.225748 -1.94862 0.411575 -1.57072 -3.22165 -0.319487 0.0883079 -2.0332 -0.221436 -0.850726 -0.747295 -0.721698 -0.774044 0.563313 -0.196613 -2.15009 -4.89341 -4.54277 95.0888 -44.9905 4.13418
 -0.000425794 -103.317 20.8267 -4.8184e-05 -5.18663 4.36428 -0.0120574 -0.0078516 0.0822277 -3.51198 -0.223739 5.02094 1.43691e-06 -0.205172 0.0041437 -1.39045e-06 -0.0807167 0.00638755 -7.72452e-06 0.148582 -0.0600861 -9.22965e-06 0.305011 -0.069038 -3.38695 -6.81342 1.60796 -1.19035 -4.69871 5.01009 -3.05712 -0.227091 1.1776 -2.00504 -2.83885 4.71025 -1.7135 0.0363178 0.0138299 -3.37879 0.540648 0.0243773 -1.62185 -1.10921 0.16803 -0.241456 -0.391284 0.448248 -0.124637 -1.63981 -2.13839 1.91283 -0.0759966 0.518846 -0.422705 0.42355 -0.955651 -0.899858 -1.41697 1.67266 -0.0602784 0.00271539 0.756689 -0.294915 -0.0177384 0.746016 -0.0922791 0.0194834 0.00646101 -1.99459e-06 0.407361 -0.144676 0.0523248 0.00128352 -0.053225 -0.131918 -0.0205478 0.370496 -0.0383356 0.0197558 -0.112227 0.46275 -0.256738 0.0124964 -0.359907 0.0277768 0.0670694 -0.0194328 -0.00254483 0.0221608 -0.348207 0.675 -0.587012 -2.37224 -2.01511 0.189468 5.52373 -3.72197 1.77877 -2.30927 -1.48257 -0.142556 0.152632 0.225895 0.839028 -0.726735 -0.768557 -0.393216 1.61611 -0.74857 0.22891 -0.213677 0.218365 0.103512 0.0325633 0.0787692 -0.0314274 -0.411785 -0.149907 0.105944 -0.0967525 -0.0893396 -0.0777114 0.0623768 -0.138509 -0.0580958 0.138879 -0.622307 1.1598 -0.58174 0.0433594 -0.0148113 0.0944009 0.635153 0.154516 0.329832 0.23212 0.292507 -0.0680559 0.016793 0.221173 0.314429 0.317078 0.0509517 0.0433644 0.3753 -0.0795875 0.302654 0.619794 0.0612484 -0.0171145 0.391687 0.0423117 0.16379 0.143676 0.138953 0.149026 -0.108427 0.0378352 0.413994 0.943312 0.875401 -18.3286 8.6908 -0.794615
 -1.22195e-09 0.000249286 -4.8184e-05 1000 -0.00149942 0.00126454 -9.02545e-06 -2.02178e-06 4.71198e-05 9.46214e-05 6.74911e-06 -0.000149278 1.60638e-09 -3.13251e-05 3.00168e-08 6.04475e-10 -2.02085e-05 8.55243e-07 1.93958e-10 -3.81095e-05 1.60338e-05 4.17229e-10 -4.00961e-05 9.32352e-06 0.000106965 8.19782e-05 -2.00863e-05 5.21924e-06 3.85399e-05 -4.12911e-05 0.000216406 4.2759e-06 -3.52005e-05 0.000226685 1.90073e-06 -1.80358e-05 5.51672e-05 -1.67589e-05 4.16224e-07 4.52891e-05 -1.29451e-05 1.17719e-07 9.27386e-05 -3.2691e-06 -7.66253e-07 -4.13099e-06 -6.03048e-06 6.73049e-06 6.32017e-06 3.83915e-05 -2.60068e-05 7.35466e-06 -2.49678e-05 -1.73378e-05 9.03365e-05 -9.71446e-05 4.11059e-05 1.28005e-05 5.74387e-05 -5.75329e-05 -2.44977e-07 -1.19755e-07 -4.84586e-06 -5.84957e-05 6.75485e-06 -0.000160341 -3.06371e-06 6.11805e-07 5.28516e-07 3.38981e-10 -6.95665e-05 2.57089e-05 -1.39534e-05 -4.94571e-07 1.53237e-05 -7.17485e-06 -7.83789e-07 1.74297e-05 1.96788e-06 -3.78756e-07 1.98698e-06 -3.00905e-05 -0.000129694 7.16707e-06 3.22838e-05 -2.4765e-06 -3.32567e-06 -5.58126e-08 -1.29422e-07 1.86597e-07 -2.08866e-05 -4.13663e-05 -1.36082e-05 -2.33922e-05 -1.80032e-05 4.314e-06 9.30723e-05 -5.94955e-05 -4.29515e-05 7.33961e-05 2.42752e-05 -4.08266e-05 -6.63648e-06 4.68057e-05 -4.11964e-05 0.00011575 -3.81349e-05 -4.95354e-06 -2.25707e-05 6.11119e-06 1.16126e-05 4.56675e-06 1.53198e-05 -7.98641e-06 3.22555e-05 -2.34835e-05 -1.47703e-06 5.34024e-06 3.72334e-05 -4.00754e-05 -3.23222e-05 4.01747e-05 4.51902e-05 6.05857e-05 -7.1186e-05 -0.000213516 -8.7134e-05 0.000137451 -5.36499e-05 0.000142927 -3.2309e-06 1.76489e-06 2.17463e-05 1.73521e-05 9.39676e-06 -2.57793e-06 2.32804e-05 -1.55403e-05 6.45942e-05 -3.2132e-05 -9.18111e-05 -1.73021e-05 -7.16667e-05 6.12528e-05 6.33944e-05 3.3306e-06 -4.40086e-06 -6.76015e-06 -2.37154e-05 6.58516e-05 4.67484e-05 -0.000116642 5.28447e-05 -2.88029e-05 -3.22332e-06 -2.30892e-06 -2.88417e-06 -3.82457e-06 1.91289e-06 -2.01384e-05 -5.67367e-05 -6.07711e-05 0.000783708 -0.000278338 4.49493e-05
 -0.000108984 26.8723 -5.18663 -0.00149942 422.562 -354.062 -0.862615 -0.210303 4.71871 11.0711 0.711694 -15.9118 0.000179456 -3.54622 -0.00215565 7.20278e-05 -2.2481 0.0897898 2.99495e-05 -4.71011 1.98347 5.40456e-05 -4.82961 1.12612 10.4956 20.0491 -4.74038 3.40237 14.3795 -15.3359 15.7115 -0.750743 2.04474 8.86216 8.36482 -14.0653 5.19364 -2.07325 0.0398958 8.30925 -2.81117 -0.050074 4.98092 0.956436 -0.227988 -0.818735 -0.856816 0.968371 -0.836284 2.74272 -1.48324 0.289419 0.918926 -2.98846 0.987821 -0.858604 3.66164 2.82727 4.92355 -5.69337 0.0761306 0.00185443 -3.9478 -1.85778 0.344167 -9.35415 -0.200496 0.0442114 0.0398381 4.00527e-05 -7.31686 2.70654 -1.40453 -0.0494808 1.5659 -0.192041 -0.00452037 0.31404 0.138022 -0.0594155 0.34314 -3.91005 -0.353736 0.0322659 2.10764 -0.161885 -0.202556 0.0496507 0.00632877 -0.0564464 0.81822 -0.971523 1.00876 1.70695 -0.245336 0.829704 4.04684 -1.94468 -1.23045 5.80088 1.61945 -1.69721 -0.406467 0.939747 -1.66836 3.08383 -0.429176 -0.682165 -0.855751 1.05094 0.175375 -0.363013 -0.754273 -1.4682 0.347749 0.232107 -0.283922 0.085337 2.3695 -0.896341 -1.74601 -0.579247 -0.636569 2.6691 2.90285 -1.57164 -1.34323 3.92792 -7.50831 2.80773 0.396704 0.207662 -0.387966 -0.865176 -0.546981 0.105778 -0.108816 -1.40062 0.627745 0.658988 0.271422 -0.792806 -1.42456 -0.00117813 -0.041972 -0.292813 0.708526 -0.732658 -3.12556 -0.0669097 1.51215 -2.05896 0.284563 -0.73654 -0.46055 -0.434082 -0.438191 0.231793 -0.0888287 -1.74176 -3.72584 -3.58344 74.3485 -32.7216 3.52903
 9.17211e-05 -22.6117 4.36428 0.00126454 -354.062 299.216 0.724026 0.176489 -3.96073 -9.31611 -0.598966 13.3916 -0.00015075 2.97799 0.00182923 -6.05036e-05 1.88719 -0.075355 -2.52176e-05 3.95855 -1.66698 -4.54703e-05 4.05919 -0.946473 -8.82877 -16.8669 3.98796 -2.86476 -12.0973 12.902 -13.2165 0.630138 -1.71416 -7.45567 -7.03764 11.8337 -4.3691 1.74154 -0.0334578 -6.98811 2.36248 0.0421269 -4.19046 -0.807491 0.192138 0.686825 0.718548 -0.812066 0.704405 -2.30704 1.24762 -0.243453 -0.773672 2.51403 -0.830749 0.722021 -3.08002 -2.37813 -4.14221 4.78965 -0.0642449 -0.00154441 3.32033 1.56362 -0.289588 7.87044 0.168874 -0.0372362 -0.0335645 -3.36547e-05 6.14797 -2.27413 1.17944 0.0415471 -1.31491 0.160786 0.00367069 -0.261505 -0.116483 0.049826 -0.287754 3.29005 0.2964 -0.0270823 -1.77333 0.136208 0.170321 -0.0417681 -0.00532226 0.0474831 -0.687965 0.817167 -0.848346 -1.43546 0.206367 -0.69793 -3.40431 1.63622 1.03555 -4.88107 -1.36254 1.42812 0.341805 -0.790763 1.40374 -2.59462 0.361174 0.573728 0.720181 -0.883912 -0.147725 0.305274 0.634417 1.2351 -0.292557 -0.194879 0.238817 -0.0718447 -1.99339 0.7542 1.4691 0.487123 0.53541 -2.24554 -2.44135 1.32327 1.13042 -3.30502 6.31631 -2.36251 -0.333677 -0.174681 0.326239 0.727749 0.460115 -0.0890749 0.091295 1.17814 -0.528411 -0.554386 -0.22783 0.667087 1.19878 0.000550468 0.0349545 0.246293 -0.596097 0.616562 2.62906 0.0558883 -1.27224 1.73248 -0.239854 0.619615 0.387322 0.365158 0.368622 -0.194922 0.0746936 1.46532 3.13512 3.01511 -62.557 27.5409 -2.96826
 4.70944e-07 0.0375725 -0.0120574 -9.02545e-06 -0.862615 0.724026 999.873 -0.0748465 0.67262 -0.304711 -0.0260887 0.638604 1.1604e-05 -0.261856 -6.60837e-05 6.46618e-06 -0.209103 0.0086392 -1.45487e-06 -0.258792 0.108602 8.71155e-07 -0.269208 0.0623681 0.303319 0.643797 -0.153356 0.0344745 0.613648 -0.655551 0.796305 -0.0720346 0.249257 1.06606 -0.024239 -0.0287542 -0.102867 -0.0969769 0.00298797 0.303491 -0.178861 -0.000592939 0.152123 -0.381093 0.0409479 -0.135489 -0.142469 0.160892 0.195198 -0.117028 -0.480249 0.358417 -0.104481 -1.60984 1.00188 -0.967396 -0.207748 -0.165351 0.0224359 0.0570825 -0.0818299 0.00706185 -0.532762 0.139372 -0.00413391 0.0437135 -0.0179872 0.00377418 -0.000818404 2.13539e-06 -0.392101 0.143946 -0.14856 -0.00569742 0.184789 -0.241538 -0.0311365 0.646223 -0.00977528 -0.00905394 0.0518206 0.103356 -0.825129 0.0442295 -0.216942 0.0163662 0.117314 0.00272134 7.21337e-05 -0.00281756 -0.234182 -0.295589 -0.203294 -0.320617 -0.124292 0.0748079 0.336935 0.924037 -1.29618 0.38216 0.217816 0.201226 0.461181 -0.209947 -0.173363 0.0822447 0.255996 -0.251659 0.025805 -0.00791594 -0.0303755 -0.0506215 -0.0777443 -0.0316809 -0.06047 -0.108596 0.349582 -0.491545 0.0848935 -0.0213433 0.0745546 -0.059272 0.0583609 -0.062669 -0.0719929 0.0317008 -0.120919 -0.00866815 0.363281 -0.234871 0.0484564 0.086492 0.0999597 -0.638298 0.222755 -0.217916 0.0754307 0.185046 -0.365777 -0.116735 -0.0277544 0.318145 -0.138151 0.136791 0.170676 -0.0375392 0.0514379 0.0142253 0.127821 -0.00124939 0.374012 0.414586 0.00233498 -0.128677 -0.0873613 0.024425 0.0290716 -0.0928057 0.0222222 -0.364147 -0.454264 -0.521444 7.4622 4.71097 1.31526
 4.69233e-07 0.0346707 -0.0078516 -2.02178e-06 -0.210303 0.176489 -0.0748465 3.16605 -47.6728 -0.076748 -0.00675791 0.164937 2.78954e-06 -0.0611639 -3.48445e-05 1.69429e-06 -0.0499087 0.002059 1.17287e-08 -0.0506253 0.021223 4.31312e-07 -0.0680565 0.0158138 0.0446315 0.286252 -0.066668 0.0179252 0.175929 -0.18778 0.162268 -0.0240729 0.0907648 0.198718 0.0613258 -0.111299 -0.0177994 -0.0227981 0.000499448 0.087504 -0.0451769 -0.000368459 0.0166069 -0.076583 0.00802467 -0.0297103 -0.0336247 0.0378618 0.0526043 -0.0418731 -0.165921 0.124418 0.0142908 -0.456333 0.188919 -0.170572 -0.0538065 -0.051625 -0.013322 0.0353617 -0.0205105 0.00217212 -0.207538 0.083859 -0.000851243 -0.0290322 -0.00469383 0.000988717 -0.000311147 5.94536e-07 -0.0947904 0.0348009 -0.0354521 -0.00135123 0.043906 -0.0667371 -0.00843982 0.173237 -0.00683621 -0.0033055 0.0188996 0.0309919 -0.073317 0.00387503 -0.0399639 0.00301925 0.0356062 0.00104589 0.000350008 -0.00140678 -0.0603709 -0.0917427 -0.0540451 -0.0608611 -0.00702413 0.0248026 0.30825 -0.00351674 -0.333844 0.120833 0.0759383 0.210371 0.0876253 -0.0449903 -0.169888 -0.0580518 0.106908 -0.05725 0.0200883 -0.00849626 -0.017609 -0.0226773 -0.032216 -0.0104624 -0.0212298 -0.0787203 0.162164 -0.120461 0.00825867 -0.0250847 0.0570382 -0.0234027 0.0226093 -0.0238166 -0.00140038 0.0187045 -0.0677214 -0.015697 0.0403393 -0.0526075 0.0226925 0.0367279 0.0292242 -0.109599 0.0218223 -0.0155611 0.00516166 -0.0247838 -0.0901388 0.0195726 0.0582664 0.0755287 -0.00326072 0.023773 0.00173451 -0.0479504 -0.0574368 0.106924 -0.0190611 0.0765532 0.151296 0.0412128 -0.0593127 -0.0375388 -0.0211116 0.00430326 0.00986142 -0.0252992 0.00568713 -0.0955126 -0.083921 -0.108904 1.97443 1.22362 0.345468
 -1.19269e-05 -0.300075 0.0822277 4.71198e-05 4.71871 -3.96073 0.67262 -47.6728 993.916 1.76363 0.156194 -3.78085 -6.11813e-05 1.35356 0.000366725 -3.60398e-05 1.09589 -0.0455188 1.3605e-06 1.10875 -0.465109 -8.84221e-06 1.46794 -0.341336 -0.918582 -5.75058 1.33994 -0.292655 -3.47248 3.70643 -3.30794 0.543473 -2.07326 -4.09824 -1.12803 2.07462 0.391269 0.545869 -0.0135883 -1.85785 0.999088 0.00740107 -0.335365 1.73126 -0.183756 0.684408 0.75751 -0.855263 -1.1351 0.852082 3.41816 -2.55936 -0.249877 9.36792 -3.92774 3.5554 1.12551 1.05823 0.302437 -0.75164 0.430303 -0.0452962 4.24665 -1.72687 0.0188977 0.554822 0.0983471 -0.0207127 0.00685695 -1.35139e-05 2.09806 -0.771479 0.795269 0.0305352 -0.98595 1.40887 0.177392 -3.6398 0.1452 0.0677423 -0.387508 -0.751425 1.62322 -0.0855098 0.83966 -0.0634197 -0.754148 -0.021277 -0.00719905 0.0286978 1.23289 1.90255 1.10466 1.23964 0.155625 -0.530114 -6.32081 0.0350685 6.85121 -2.42095 -1.50255 -4.33778 -1.80004 0.928256 3.47389 1.18791 -2.19191 1.18756 -0.428464 0.166481 0.368236 0.471154 0.664845 0.215549 0.429325 1.60068 -3.33199 2.48045 -0.165646 0.509194 -1.18045 0.478163 -0.473573 0.490292 0.0277201 -0.392598 1.38355 0.338458 -0.853323 1.08712 -0.467829 -0.755955 -0.602773 2.25562 -0.456191 0.327756 -0.101305 0.510735 1.863 -0.389891 -1.20173 -1.56621 0.0595957 -0.484714 -0.0366867 0.984677 1.18391 -2.20611 0.393166 -1.56864 -3.111 -0.853515 1.23109 0.776808 0.439031 -0.0907236 -0.204963 0.519702 -0.116275 1.96023 1.69288 2.21398 -39.9063 -25.9934 -7.13429
 -7.82101e-05 18.2154 -3.51198 9.46214e-05 11.0711 -9.31611 -0.304711 -0.076748 1.76363 876.399 -7.70245 157.279 0.000129558 -2.7776 0.00249543 7.38804e-05 -2.24239 0.0963004 2.31499e-05 -3.07887 1.29813 2.49311e-05 -3.32605 0.778397 5.73872 7.05263 -1.69225 1.68109 5.99854 -6.40085 8.29605 -0.0834763 -0.263034 6.12342 3.36476 -5.828 4.03681 -0.841755 0.00726127 4.15435 -1.2773 -0.0220549 2.62892 1.29131 -0.205761 -0.0698636 -0.118618 0.128873 1.34127 1.9901 -4.30514 2.38624 -0.450905 -2.59201 2.51483 -2.53967 3.24728 3.09262 0.912458 -2.2274 0.579887 -0.0275315 -4.9668 4.07227 0.119015 -6.48117 0.111562 -0.0235962 -0.019721 1.02069e-05 -3.75589 1.38558 -0.619915 -0.0175874 0.584691 1.24446 0.150012 -2.78137 -0.236107 -0.27577 1.59796 -1.40111 -4.01002 0.235343 0.308806 -0.0247891 0.344595 0.00811735 -0.0098026 0.00166275 -0.45311 -2.11098 -3.10474 -1.50854 6.7946 8.72015 -9.50879 -2.34223 -3.07491 25.5335 7.07671 -11.7462 3.39288 -1.53857 -3.40002 2.64325 8.4071 14.2659 -16.1177 0.624697 2.40175 1.07163 -0.429181 -0.91222 -1.01303 2.46784 -5.22297 0.365002 3.27139 -3.46026 0.720077 -0.0501628 -1.92063 0.0711584 -0.428983 1.47268 -5.39611 9.29408 -10.9698 7.1573 -2.13143 -0.920303 1.38536 -5.38161 0.313823 -3.23902 -1.34864 1.17716 -0.103307 -0.150959 -0.588768 -1.36353 -1.50778 1.09187 -0.070364 -2.72982 0.160994 0.953051 -1.26882 0.142698 -2.11344 1.10286 1.83843 -1.44431 -2.84485 -1.02681 -0.96494 0.19142 -0.00084594 -0.947413 -1.44829 3.04149 48.1952 -28.4475 1.40854
 -4.0974e-06 1.15921 -0.223739 6.74911e-06 0.711694 -0.598966 -0.0260887 -0.00675791 0.156194 -7.70245 2.45766 -35.432 8.13074e-06 -0.175337 0.000107174 4.57123e-06 -0.138958 0.00588035 1.44516e-06 -0.203142 0.085537 1.57777e-06 -0.218425 0.0509976 0.261885 0.777095 -0.181862 0.146099 0.572569 -0.610706 0.475623 -0.0293796 0.0916179 0.206303 0.378099 -0.623058 0.207053 -0.0622914 0.000756147 0.139388 -0.0628358 -0.000939086 0.0347865 0.075591 -0.0107881 -0.0283904 -0.0258289 0.0291048 -0.0789145 0.0908213 0.00482311 -0.0263772 0.0368591 -0.276012 0.0176067 0.00187895 0.125398 0.0307992 0.143707 -0.144669 0.00326518 3.86381e-05 -0.197324 0.089175 0.00493589 -0.21564 0.00898489 -0.00186837 -0.00106172 8.29475e-07 -0.227422 0.0838239 -0.0508314 -0.00164646 0.0537846 0.0770138 0.00972936 -0.192139 -0.00140036 -0.00530457 0.0302736 -0.12111 0.251939 -0.0136911 0.045298 -0.00361919 0.0138302 0.00235725 0.000552497 -0.00293315 -0.0273248 -0.327536 -0.127564 0.281768 0.664591 0.659028 -0.468297 -0.0690627 -0.255298 0.53905 0.0854454 -0.164925 0.372931 0.0544035 -0.426152 -0.255262 0.10883 0.430001 -0.18765 -0.0142548 -0.0232229 -0.00477202 -0.0407382 -0.0501095 -0.0695611 0.0674972 -0.137754 -0.0429789 0.111374 -0.087896 0.0012174 -0.0216261 -0.0540788 -0.000545782 0.0531327 0.012395 -0.13308 0.311422 -0.295267 0.0434556 0.00252481 -0.034673 0.0485147 -0.232872 0.0365612 -0.0493677 -0.0225168 -0.0146351 -0.0645761 0.034419 -0.0132369 -0.0602711 -0.0495552 0.00121266 0.0299496 -0.068023 0.0236497 0.0167395 -0.0884264 0.0156786 0.0646211 0.010405 -0.0140504 -0.0220176 -0.0294173 -0.0164553 -0.0163087 -0.00573212 0.0011004 -0.0951997 -0.164946 -0.18024 3.40176 -0.827524 0.241983
 9.06545e-05 -26.0135 5.02094 -0.000149278 -15.9118 13.3916 0.638604 0.164937 -3.78085 157.279 -35.432 793.82 -0.000187844 4.06362 -0.00277169 -0.000104954 3.23138 -0.137031 -3.16334e-05 4.70541 -1.98159 -3.46479e-05 5.0339 -1.17554 -5.94606 -17.2761 4.0448 -3.24105 -12.7367 13.5851 -10.8575 0.723819 -2.31447 -4.76528 -8.34679 13.7679 -4.69375 1.51115 -0.0214838 -3.18993 1.50247 0.0207444 -0.79573 -1.54607 0.224327 0.721056 0.649135 -0.734276 1.7539 -2.07999 0.107599 0.45588 -0.732939 6.17053 -0.484864 0.0573165 -2.88635 -0.784301 -3.18027 3.24857 -0.0875498 -0.000233861 4.57255 -2.09509 -0.114269 5.01294 -0.214066 0.0445706 0.0263266 -1.93957e-05 5.26966 -1.94307 1.20796 0.0395121 -1.28508 -1.81746 -0.227935 4.50219 0.0183663 0.113324 -0.646978 2.84365 -5.38305 0.291849 -1.00886 0.0805849 -0.29258 -0.0520612 -0.0118408 0.0644171 0.618706 7.37219 2.81099 -6.333 -14.629 -14.5936 10.5645 1.61344 5.81078 -13.0486 -2.04569 4.0711 -8.34687 -1.14807 9.51314 5.53936 -2.68555 -9.98145 4.68962 0.290278 0.430273 0.0648386 0.913106 1.14049 1.56652 -1.58042 3.22223 0.93227 -2.56528 2.05468 -0.0534119 0.477593 1.25584 0.00454096 -1.15761 -0.321662 3.11625 -7.18627 6.87955 -1.19925 0.0127673 0.792623 -1.11952 5.31206 -0.822942 1.194 0.54241 0.286402 1.43198 -0.754177 0.302723 1.36553 1.13855 -0.0609955 -0.659106 1.5876 -0.526663 -0.407299 1.99138 -0.352082 -1.35901 -0.268825 0.250897 0.531357 0.740326 0.395639 0.389758 0.120462 -0.0244149 2.12798 3.66657 3.85579 -76.4668 19.0961 -5.37973
 -2.32823e-10 -3.15937e-06 1.43691e-06 1.60638e-09 0.000179456 -0.00015075 1.1604e-05 2.78954e-06 -6.11813e-05 0.000129558 8.13074e-06 -0.000187844 1000 7.71617e-05 -6.4094e-06 -7.83211e-10 4.09977e-05 -1.40406e-06 2.86361e-10 3.0301e-05 -1.26328e-05 1.45326e-10 3.74034e-05 -8.51787e-06 -0.000277049 -0.000531073 0.0001265 -2.60966e-05 -0.000165637 0.000176671 -6.82632e-05 2.01574e-05 -7.99145e-05 -0.000137292 4.80369e-05 -6.87784e-05 0.000106706 2.1825e-05 -4.89946e-07 -0.000363311 0.000144267 2.80319e-06 -5.781e-05 0.000154642 -1.62199e-05 3.05924e-05 3.72708e-05 -4.23091e-05 0.000104168 -7.2854e-05 -0.000203355 0.000158024 3.61276e-05 4.48308e-05 -4.17884e-05 4.24775e-05 9.55865e-05 -5.65122e-05 -3.12947e-05 4.94001e-05 8.24199e-07 -9.86015e-08 2.4865e-05 -4.9258e-07 9.57574e-07 -3.14073e-05 4.71077e-07 -1.06744e-07 -4.39775e-07 -2.49899e-10 5.89803e-05 -2.14616e-05 1.32609e-05 4.69254e-07 -1.45431e-05 3.30637e-05 4.62289e-06 -9.86009e-05 2.733e-06 2.2009e-06 -1.34614e-05 -5.55236e-05 0.000270175 -1.44252e-05 2.54349e-06 -1.13323e-07 4.28039e-06 -8.79184e-07 -7.33582e-08 9.60585e-07 -5.52819e-05 -4.34386e-05 1.17551e-05 5.54821e-05 1.69709e-05 -1.09954e-05 7.57157e-06 1.80778e-05 -0.000100398 -7.95158e-05 -2.95079e-05 0.000165711 0.000149016 -6.56256e-05 -7.28936e-05 6.40238e-05 4.76639e-05 8.16508e-05 5.11996e-05 -1.23138e-05 -9.94043e-05 -1.69208e-05 6.42146e-05 4.94457e-05 -3.3427e-05 -3.16155e-05 -9.13724e-05 3.34481e-05 3.27198e-05 1.43744e-05 3.35596e-06 4.65857e-06 -2.88079e-05 -1.52521e-06 -1.22591e-05 -3.18445e-05 -3.18364e-05 -2.13038e-05 -2.75092e-05 -3.44869e-05 -1.36932e-05 1.52374e-06 1.55284e-05 3.06134e-05 2.46946e-05 1.95848e-05 1.71382e-05 6.71568e-06 -2.37677e-05 -3.08047e-05 -1.4021e-05 9.27959e-06 1.73696e-05 -4.35628e-06 -3.32596e-05 8.14471e-07 -3.11827e-06 4.97756e-06 -7.60519e-07 -3.24901e-06 3.84291e-06 2.32201e-05 3.82772e-05 -1.29557e-05 -1.68428e-06 -7.31811e-06 -3.91488e-06 -6.46798e-06 5.18202e-06 2.98038e-05 4.65082e-05 4.50492e-05 -0.000709971 -0.000244588 -0.000100606
 -3.71872e-06 0.962545 -0.205172 -3.13251e-05 -3.54622 2.97799 -0.261856 -0.0611639 1.35356 -2.7776 -0.175337 4.06362 7.71617e-05 997.935 -2.85078 1.30012e-05 -1.00326 0.0351222 -1.12463e-05 -0.640933 0.266489 -9.85238e-06 -0.771852 0.174544 8.8332 13.811 -3.31569 0.737489 4.55274 -4.85707 2.65557 -0.460301 1.74351 5.03903 -0.474672 0.440378 -3.47031 -0.594072 0.0159862 8.01943 -3.54201 -0.0663343 1.60025 -4.69497 0.497501 -0.818165 -1.00657 1.1421 -2.36067 2.63724 4.40032 -3.71052 -1.44613 -0.39873 1.76079 -1.90276 -3.00614 2.23415 0.824637 -1.60605 -0.0320647 0.00437319 -0.395394 0.151846 -0.0202295 0.589124 -0.0209038 0.00471955 0.0139862 3.94866e-06 -1.33987 0.485824 -0.268961 -0.00907367 0.28313 -0.856651 -0.117118 2.49975 -0.0398338 -0.0382698 0.239843 1.79089 -9.43661 0.517474 -0.0527732 0.00163203 -0.168981 0.0202168 0.00163062 -0.0220317 2.10452 1.44425 0.0674747 -0.707735 0.14318 0.737554 0.377329 -0.0541911 2.17596 1.30441 0.521625 -3.60679 -4.16442 1.02053 3.30261 -1.14137 -1.27508 -2.18674 -0.380309 0.645885 2.05987 0.388452 -1.55342 -1.68076 1.30796 1.36594 2.33734 -0.801356 -0.749155 -0.0749034 0.0208157 -0.00328915 0.647674 0.234614 0.511498 0.851056 0.841482 0.404329 0.798142 0.789673 0.253905 -0.234879 -0.677434 -0.95943 -0.645273 -0.554673 -0.549409 -0.303847 0.242724 0.224834 -0.0742494 -0.130344 -0.21855 0.0161856 0.48636 -0.219748 -0.187287 -0.445951 -0.193605 -0.141879 -0.324691 -1.11892 -1.6307 -0.279606 -0.222628 -0.0386523 -0.0963914 0.383547 -0.198976 -0.580131 -0.986879 -0.936025 14.1421 4.30153 1.93517
 1.69563e-07 -0.0212179 0.0041437 3.00168e-08 -0.00215565 0.00182923 -6.60837e-05 -3.48445e-05 0.000366725 0.00249543 0.000107174 -0.00277169 -6.4094e-06 -2.85078 0.825671 2.54802e-07 -0.00602289 0.000306003 2.1039e-08 -0.002605 0.00111922 5.41651e-08 -0.00383581 0.000927018 -0.0368756 -0.0600054 0.0143392 -0.00624607 -0.0255429 0.0272459 -0.0134257 -0.000236666 0.00200636 -0.020666 -0.00496496 0.00934782 0.00260512 -0.001706 0.000149434 -0.0385841 0.00952524 0.000315118 -0.0125563 0.00705557 -0.000513451 -3.57923e-05 -0.000733907 0.00084385 0.00447979 -0.0109692 -0.0192465 0.0161471 0.00308119 -0.000464238 -0.00772776 0.00851235 0.00589452 -0.00910529 -0.00600525 0.0090754 -0.000173432 4.18928e-06 0.00204153 -0.000424741 3.91968e-06 -2.87848e-05 0.000225769 -4.91047e-05 -4.84374e-05 5.56771e-08 -0.00393743 0.00153255 -0.00052358 -1.81195e-05 0.000533254 0.00136725 0.000139922 -0.00329927 -0.000249478 -0.00024155 0.00130319 -0.00503471 0.0349012 -0.00190968 -0.000476919 4.47975e-05 5.80835e-05 -8.29662e-05 -5.71902e-06 8.9438e-05 -0.00781468 -0.00315417 -0.00159817 -3.76592e-05 -0.000317553 -0.000992947 -0.00058514 -0.000276031 -0.00709806 -0.00695245 -0.00210915 0.0134102 0.0145277 -0.00367835 -0.0117967 0.00355848 0.00411984 0.00743766 0.00158048 -0.00267183 -0.00748156 -0.00123249 0.00598058 0.00628413 -0.0048922 -0.00506595 -0.00834959 0.00290656 0.00248169 1.69101e-05 -5.08393e-05 -0.000161431 -0.002156 -0.00102173 -0.00202824 -0.00292207 -0.00280066 -0.00185198 -0.00213093 -0.00312559 -0.000826621 0.00100116 0.00268066 0.00373107 0.00249475 0.00196191 0.0017724 0.00077443 -0.00113006 -0.000870519 0.000916681 0.000985729 0.00117281 -0.000153442 -0.00164701 0.00098894 0.00064627 0.00217434 0.000813456 0.000694365 0.00132599 0.00420594 0.0056213 0.00107397 0.000815576 0.000299113 0.000527316 -0.00150117 0.000740192 0.00219017 0.00457175 0.00400999 -0.0721084 0.0105466 -0.00596328
 -6.51041e-10 8.93805e-06 -1.39045e-06 6.04475e-10 7.20278e-05 -6.05036e-05 6.46618e-06 1.69429e-06 -3.60398e-05 7.38804e-05 4.57123e-06 -0.000104954 -7.83211e-10 1.30012e-05 2.54802e-07 1000 2.05799e-05 -3.49824e-06 -3.58363e-10 1.774e-05 -7.38518e-06 -5.04938e-10 2.44508e-05 -5.58177e-06 2.44725e-05 -1.83781e-05 3.81177e-06 -1.0891e-05 -5.2312e-05 5.57651e-05 2.70042e-05 8.97371e-06 -4.05087e-05 5.77458e-05 2.70358e-06 -8.48149e-06 -2.27886e-05 4.70569e-06 -2.73184e-08 -0.000131731 3.48959e-05 7.48979e-07 -3.18796e-05 5.43173e-06 1.9343e-07 6.91918e-06 9.31748e-06 -1.04548e-05 6.93352e-05 -2.75808e-05 -0.000152756 0.000111264 -1.94034e-05 7.91726e-05 6.07485e-06 -1.29193e-05 7.81556e-06 1.65454e-05 -2.43391e-05 1.4447e-05 8.25266e-06 -5.82068e-07 2.45814e-05 1.11479e-05 2.42939e-08 -9.51714e-06 -1.36309e-06 2.81789e-07 2.4367e-07 -3.17259e-10 2.85488e-05 -1.04176e-05 8.52784e-06 3.40578e-07 -1.07226e-05 9.69832e-06 1.65304e-06 -3.59278e-05 4.73888e-06 4.07167e-06 -2.41946e-05 1.41416e-05 -0.000351897 2.04125e-05 1.27665e-05 -9.56051e-07 -4.16934e-06 -6.41929e-07 -4.31008e-08 6.90901e-07 -1.2151e-05 -7.87225e-05 1.9854e-05 0.000108908 9.20386e-05 6.50776e-05 4.31222e-05 4.59992e-06 -0.000125769 -0.000183864 -5.74166e-05 0.000219617 -1.22284e-05 0.000149181 -3.19793e-05 6.62582e-06 9.29278e-05 -2.02081e-05 5.35419e-05 -9.69386e-06 -2.04134e-05 -1.46357e-05 -1.33619e-05 6.89132e-06 8.1654e-06 4.78051e-05 -2.2861e-05 -1.90141e-06 -3.70257e-05 5.46111e-06 8.42556e-06 1.34397e-05 -8.38657e-06 1.23184e-06 -1.15556e-05 -9.8241e-06 -1.37823e-05 -1.65784e-05 -3.60701e-05 -9.04448e-06 -1.31265e-05 -5.23931e-06 -3.08604e-06 7.6272e-06 2.24013e-06 -1.31244e-05 -1.23901e-05 -1.41313e-05 -1.4175e-05 -2.71081e-05 -3.14521e-05 6.56619e-07 4.06534e-06 -8.97521e-06 3.13425e-06 7.19886e-06 -1.22965e-05 2.50788e-05 5.14457e-08 -1.9612e-05 -1.0092e-05 -1.67518e-05 -6.45653e-06 -1.95029e-05 -4.88925e-06 -9.20899e-06 -8.33669e-06 9.77899e-06 1.12765e-06 2.41671e-05 3.69262e-05 3.15276e-05 -0.000483403 -0.000328592 -8.80251e-05
 5.8045e-06 0.347046 -0.0807167 -2.02085e-05 -2.2481 1.88719 -0.209103 -0.0499087 1.09589 -2.24239 -0.138958 3.23138 4.09977e-05 -1.00326 -0.00602289 2.05799e-05 997.248 -44.5569 -5.89547e-07 -0.535602 0.223103 1.15756e-06 -0.674185 0.153862 3.69213 4.22999 -1.03296 0.405292 2.50624 -2.67516 1.38585 -0.247176 0.944432 2.59561 0.0611039 -0.263263 -1.09976 -0.308885 0.00803772 3.96932 -1.61474 -0.0301265 1.64884 -2.25993 0.221745 -0.422554 -0.528509 0.596684 -1.27333 2.30164 2.4445 -2.29013 -0.507948 -0.994287 1.13747 -1.16761 -1.55604 1.32914 0.857615 -1.2901 -0.234733 0.020359 -0.988082 0.278604 -0.00800878 0.102949 0.00229711 -0.000221033 0.00148877 6.61279e-06 -0.925387 0.33682 -0.257583 -0.00980597 0.309237 -0.559536 -0.079364 1.70715 -0.136236 -0.0933483 0.558501 0.432934 1.24284 -0.0774054 -0.23503 0.0162089 0.0498883 0.0222168 0.000942532 -0.0233578 1.49192 2.38066 -0.0744436 -1.95866 -1.40392 -0.702319 -0.583233 0.431566 2.53384 3.5467 1.09494 -5.54111 -2.43035 -0.643121 3.35506 1.16631 -3.55789 -3.57791 2.46348 -0.0401569 0.887562 0.455528 0.148177 -0.223819 -0.518965 0.691951 0.550128 0.0427318 0.470884 0.449019 0.153926 -0.0258025 0.338029 0.205348 0.706424 0.639597 0.596472 0.387833 0.942416 0.442932 0.381415 0.292487 -0.202176 -1.29504 -0.401244 -0.0843927 -0.0107028 0.0153548 0.108918 0.0555936 0.288743 0.0700199 0.196782 -0.41889 -0.165694 -0.060926 0.104546 -0.689403 -0.977295 0.098699 -0.0577694 -0.482717 -0.870984 -0.654093 -0.353853 -0.114484 -0.0603784 0.111163 -0.141689 -0.602799 -0.810406 -0.775229 13.1018 6.75444 2.12696
 -1.14431e-07 -0.02994 0.00638755 8.55243e-07 0.0897898 -0.075355 0.0086392 0.002059 -0.0455188 0.0963004 0.00588035 -0.137031 -1.40406e-06 0.0351222 0.000306003 -3.49824e-06 -44.5569 2.86548 2.43729e-08 0.0203378 -0.00844494 -2.96375e-08 0.0258352 -0.005862 -0.170381 -0.199309 0.0485904 -0.0214345 -0.120219 0.128319 -0.0655761 0.00987136 -0.0369779 -0.119336 -0.00744008 0.0195808 0.0460758 0.0120082 -0.000260571 -0.183832 0.0711813 0.00140538 -0.0782199 0.0961395 -0.00924422 0.0168032 0.0207839 -0.0234277 0.0560142 -0.105464 -0.113458 0.105954 0.0219446 0.0445932 -0.0516981 0.0531157 0.0673242 -0.0609067 -0.0411897 0.0609109 0.0103812 -0.000904661 0.0452942 -0.0124939 0.000312487 -0.00317146 1.38128e-05 -1.52894e-05 -5.64229e-05 -2.2437e-07 0.0360847 -0.0130683 0.0104145 0.000396903 -0.0125751 0.0242567 0.00338794 -0.073173 0.00539971 0.0037273 -0.0224226 -0.0198465 -0.0577076 0.00358013 0.010099 -0.000692318 -0.00254508 -0.00101959 -4.27974e-05 0.0010715 -0.0677877 -0.107535 0.000855799 0.0879277 0.0656896 0.0335659 0.0265327 -0.0198711 -0.114032 -0.164083 -0.0514925 0.252435 0.11043 0.0287891 -0.152359 -0.0531896 0.161619 0.162743 -0.111906 0.00183848 -0.0405614 -0.0206581 -0.0064775 0.0103474 0.0236686 -0.0314632 -0.024983 -0.00200035 -0.021482 -0.0204187 -0.0067734 0.00117224 -0.0151264 -0.00941218 -0.0321383 -0.0288905 -0.0269068 -0.0180071 -0.0422122 -0.0203202 -0.0172594 -0.0131777 0.00937211 0.0590939 0.0184395 0.00382301 0.000370614 -0.000865207 -0.00514864 -0.00270382 -0.0126894 -0.00276578 -0.00856476 0.018917 0.0074947 0.00285473 -0.00482906 0.0317386 0.0443679 -0.00440683 0.00272604 0.0221264 0.0393597 0.0297387 0.0160551 0.00532586 0.00288594 -0.0051096 0.00644264 0.0275264 0.0378944 0.035983 -0.616692 -0.282085 -0.0958038
 -9.67966e-10 3.96233e-05 -7.72452e-06 1.93958e-10 2.99495e-05 -2.52176e-05 -1.45487e-06 1.17287e-08 1.3605e-06 2.31499e-05 1.44516e-06 -3.16334e-05 2.86361e-10 -1.12463e-05 2.1039e-08 -3.58363e-10 -5.89547e-07 2.43729e-08 1000 -1.02531e-05 5.36301e-06 -4.37512e-10 2.94761e-06 -7.31502e-07 7.47293e-05 -2.53117e-06 -7.04148e-07 5.10115e-06 4.37892e-05 -4.67679e-05 6.70171e-05 4.29682e-06 -2.34018e-05 0.000135169 -3.97877e-05 5.50885e-05 -3.82892e-05 -1.93919e-06 1.97477e-07 -3.56398e-05 -8.89576e-07 3.82305e-08 8.31428e-07 -3.85119e-05 4.48232e-06 -4.67696e-06 -4.40979e-06 5.02086e-06 2.62052e-05 1.44168e-05 -4.57368e-05 2.69895e-05 -3.12137e-05 2.02837e-05 5.62492e-05 -6.29098e-05 -2.66365e-05 2.76979e-05 -2.3358e-07 -1.08733e-05 6.6063e-07 1.32115e-07 -1.21165e-05 2.96684e-06 -2.17737e-10 -1.08416e-06 -1.50285e-06 3.10064e-07 2.209e-07 -1.32082e-10 -1.99444e-06 6.7214e-07 -1.04249e-06 -1.46887e-08 2.20282e-07 -2.51699e-06 -1.34321e-07 3.53482e-06 1.19829e-06 1.37793e-06 -7.79643e-06 1.36526e-05 -0.000298468 1.69952e-05 7.75869e-06 -6.07255e-07 3.83605e-07 -3.52534e-07 -1.28268e-07 4.84362e-07 7.96634e-06 1.87746e-05 -1.34564e-05 -5.52016e-05 -2.12552e-05 1.8978e-05 -5.1372e-05 0.000373621 -0.000133761 -0.000117748 -4.81507e-05 -4.25178e-05 -9.14558e-05 0.000104931 2.72312e-05 -3.98128e-07 7.17292e-05 4.7642e-07 -2.79993e-05 5.92938e-06 3.19232e-05 -7.96313e-06 -7.3418e-06 -5.25629e-06 -4.237e-06 1.23112e-05 2.04525e-05 -4.9381e-06 6.99864e-06 2.04011e-06 7.73655e-06 1.2213e-05 7.35287e-06 1.016e-05 -1.20697e-05 -5.19093e-06 3.64589e-06 -3.71406e-06 9.19476e-06 -7.13525e-06 1.1775e-05 1.3312e-06 -1.092e-06 -5.94067e-06 -1.17999e-07 -1.02216e-05 -1.13217e-06 9.40902e-06 1.79424e-07 -3.8591e-05 -3.97696e-05 2.09141e-05 1.21547e-05 -8.09097e-06 1.05367e-05 1.87054e-05 -5.27602e-06 3.60006e-05 -9.64487e-06 1.12441e-06 -1.00342e-05 -2.6402e-05 -2.2905e-05 -2.2052e-05 -6.85413e-06 -4.34404e-06 -2.39834e-06 5.41783e-06 -7.74938e-07 1.39947e-06 6.9408e-06 -2.09855e-06 -2.06055e-05 -2.84781e-05 -5.50515e-06
 -9.40312e-06 -0.85157 0.148582 -3.81095e-05 -4.71011 3.95855 -0.258792 -0.0506253 1.10875 -3.07887 -0.203142 4.70541 3.0301e-05 -0.640933 -0.002605 1.774e-05 -0.535602 0.0203378 -1.02531e-05 845.74 -356.96 6.17688e-06 -1.42019 0.332071 -0.415809 4.61798 -1.05727 -0.201652 -0.20073 0.213376 -0.422276 -0.472583 2.04048 0.234721 1.93099 -3.12196 0.154698 -0.239573 0.00277128 2.2962 -0.771812 -0.0105563 0.0854898 -0.358192 0.0322112 -0.291759 -0.28638 0.324298 -0.234941 -0.432458 0.687227 -0.346825 0.749158 -2.7819 -0.401553 0.656278 -0.196075 -1.0044 0.154633 0.291183 -0.204352 0.0203978 -2.10008 -0.613874 0.0347003 -0.565878 -0.0417111 0.00892295 -0.00175318 5.38615e-06 -1.0502 0.389594 -0.466095 -0.0192746 0.61059 -0.631202 -0.0794884 1.63132 -0.137867 -0.0580356 0.341606 -1.5577 2.32473 -0.122578 -0.260378 0.0208324 0.320547 0.0322893 -0.00665751 -0.0258807 -0.21946 -0.541545 1.78651 3.92774 0.293583 -0.50108 -31.0946 12.802 -0.19403 2.36984 0.807565 3.37255 -5.93528 1.01758 2.27037 -0.937298 0.188932 -1.17175 -0.0489647 0.00731145 1.22011 0.212892 0.128258 0.576105 0.951743 0.371253 -0.0237247 -0.583076 0.851973 -0.119461 0.0762254 -0.0295624 0.637183 1.3601 -0.29113 0.225872 0.435378 0.0617146 1.02494 -0.781734 0.19677 0.203195 0.432884 -0.30186 0.229113 0.67059 0.684777 0.536409 0.374719 1.02224 0.733994 -0.36736 -0.0546085 -0.827377 -0.133728 0.15212 -0.107893 1.65361 -0.36694 0.433119 0.934709 0.368102 0.0653078 -0.879006 -0.332053 -0.00692456 0.187485 -0.458915 0.0392506 -0.764932 -0.46217 -0.731727 17.2653 7.73295 2.6629
 4.07185e-06 0.345843 -0.0600861 1.60338e-05 1.98347 -1.66698 0.108602 0.021223 -0.465109 1.29813 0.085537 -1.98159 -1.26328e-05 0.266489 0.00111922 -7.38518e-06 0.223103 -0.00844494 5.36301e-06 -356.96 152.203 -2.65081e-06 0.599109 -0.14008 0.175453 -1.9593 0.448581 0.0839361 0.0802365 -0.0852756 0.176807 0.198927 -0.858872 -0.100017 -0.821382 1.32802 -0.0662456 0.0992688 -0.00107982 -0.970341 0.324946 0.00447258 -0.0362626 0.147568 -0.0131495 0.121644 0.119405 -0.13517 0.099421 0.183614 -0.291285 0.14692 -0.317184 1.17801 0.171136 -0.279099 0.0820792 0.425193 -0.0665859 -0.122238 0.0862026 -0.00861322 0.889337 0.260288 -0.0147482 0.241121 0.0176884 -0.00378392 0.000701446 -2.23879e-06 0.442015 -0.163961 0.196085 0.00810521 -0.256852 0.266208 0.0335434 -0.688452 0.0571949 0.0242636 -0.142815 0.661857 -0.984735 0.051914 0.10971 -0.00878073 -0.134631 -0.0136745 0.00282146 0.0109584 0.0930437 0.231079 -0.756412 -1.66572 -0.126477 0.219364 13.1704 -5.42709 0.0840404 -1.00233 -0.34393 -1.42727 2.51319 -0.431641 -0.96109 0.396745 -0.0806016 0.495768 0.0212549 -0.00304313 -0.517046 -0.0901989 -0.0542941 -0.2439 -0.402813 -0.15696 0.00998722 0.246762 -0.360945 0.0505855 -0.0320835 0.0124352 -0.269589 -0.575951 0.123286 -0.0953975 -0.184178 -0.0266575 -0.433508 0.330744 -0.0834392 -0.0860974 -0.183297 0.12783 -0.0969662 -0.284122 -0.290185 -0.227393 -0.158924 -0.433008 -0.310472 0.155606 0.0232422 0.349962 0.0563851 -0.0645784 0.0453955 -0.699852 0.1551 -0.183555 -0.395787 -0.155824 -0.0281046 0.371951 0.140329 0.00288559 -0.0794093 0.194298 -0.0166356 0.323979 0.19685 0.310739 -7.33256 -3.24654 -1.1264
 -7.11949e-10 4.77832e-05 -9.22965e-06 4.17229e-10 5.40456e-05 -4.54703e-05 8.71155e-07 4.31312e-07 -8.84221e-06 2.49311e-05 1.57777e-06 -3.46479e-05 1.45326e-10 -9.85238e-06 5.41651e-08 -5.04938e-10 1.15756e-06 -2.96375e-08 -4.37512e-10 6.17688e-06 -2.65081e-06 1000 1.23118e-05 -2.44159e-06 0.000118878 -9.51445e-05 1.98563e-05 9.2984e-06 5.2861e-05 -5.64901e-05 8.03694e-05 6.84575e-06 -3.38263e-05 0.000163945 4.88262e-06 -1.88458e-05 -4.90995e-05 -2.10253e-06 3.32985e-07 -6.10153e-05 3.09768e-06 1.8085e-07 1.03015e-05 -5.09233e-05 5.55477e-06 -3.99018e-06 -5.13867e-06 5.78818e-06 1.20138e-05 5.08919e-05 -1.96124e-05 -8.07439e-07 -4.97042e-05 3.11163e-05 9.23377e-05 -0.000103249 -3.11869e-05 4.65104e-05 -1.86929e-06 -1.72659e-05 9.615e-07 4.55985e-08 4.71152e-06 7.3001e-06 -3.67867e-08 -3.14804e-06 -1.18813e-06 2.57235e-07 2.67486e-07 -1.75716e-10 7.37337e-06 -2.86448e-06 2.0782e-06 1.04964e-07 -3.25816e-06 -1.804e-06 -5.527e-09 9.2983e-07 2.34918e-06 1.70957e-06 -9.81129e-06 2.64659e-05 -0.000309739 1.77192e-05 2.84523e-06 -2.59744e-07 -2.605e-06 -3.75852e-07 -1.17645e-07 4.97525e-07 2.2165e-05 -5.98641e-07 6.17648e-06 1.51596e-05 2.74887e-05 3.47848e-05 3.94737e-05 9.55419e-05 -5.71617e-05 -9.93818e-05 -3.69558e-05 -3.00157e-05 -3.14806e-05 8.17193e-05 8.80788e-05 -2.6328e-05 3.21455e-05 -4.79972e-05 0.00011317 -2.60652e-05 6.15062e-06 5.03118e-06 1.79289e-06 -4.77697e-08 1.12837e-05 3.95348e-05 1.33908e-05 4.1275e-06 -1.29199e-05 2.76972e-05 7.49313e-07 7.25165e-06 3.9953e-06 1.09067e-05 1.12579e-05 6.50512e-06 5.48029e-06 -4.52787e-06 3.70814e-06 -6.80607e-06 5.33204e-07 -1.09573e-05 -1.74988e-05 -6.96322e-06 2.22737e-06 -1.07831e-05 6.90799e-06 5.62355e-06 -2.10633e-05 -8.21589e-05 -5.2417e-05 2.751e-05 4.91487e-06 -6.02348e-06 5.2579e-07 7.82772e-06 -1.03178e-05 -5.1194e-06 2.16894e-06 -1.71739e-05 -1.72655e-05 -3.09687e-05 -4.13245e-05 -2.80353e-05 -1.31956e-05 -1.12139e-05 -1.06614e-05 1.23707e-05 -2.13699e-06 8.37107e-06 5.72111e-06 4.28354e-06 -0.000165035 -0.000119112 -3.09183e-05
 1.6618e-05 -1.65271 0.305011 -4.00961e-05 -4.82961 4.05919 -0.269208 -0.0680565 1.46794 -3.32605 -0.218425 5.0339 3.74034e-05 -0.771852 -0.00383581 2.44508e-05 -0.674185 0.0258352 2.94761e-06 -1.42019 0.599109 1.23118e-05 946.411 -222.004 -0.397618 11.0351 -2.52933 0.0421329 0.652277 -0.693547 -3.11392 -0.745614 3.37737 -2.43331 0.976952 -1.40718 0.430829 -0.299548 -0.000947797 3.38206 -1.0646 -0.0192376 -1.39225 0.494824 -0.039701 -0.289534 -0.297877 0.338733 -0.446793 -1.33117 0.475758 0.0464836 1.3972 -4.20148 -1.60873 2.08582 0.145802 -2.02516 -0.0201601 0.873004 -0.183309 0.0157226 -1.53668 -0.0873365 -0.0118356 0.442362 -0.00989918 0.0018774 -0.00478845 9.09605e-06 -1.13295 0.422504 -0.398294 -0.0167029 0.523906 -0.551986 -0.0773455 1.57683 -0.162363 -0.0885492 0.521045 -0.787909 2.39321 -0.137697 -0.178111 0.0153895 0.246691 0.0299539 -0.00248793 -0.0277151 -0.599444 0.300888 -0.116823 -0.867225 -1.18403 -0.818897 -8.43241 2.66462 0.596354 3.6051 1.35831 1.76685 -6.20387 -1.3164 4.22927 -0.235701 -1.97865 -6.73313 1.47403 0.673667 -0.792475 -0.66029 -0.532062 0.200376 -0.164152 -0.840445 -1.02379 0.259675 1.1324 -0.577603 -0.0883659 -0.231411 0.173964 -0.308123 0.0548581 0.217181 0.126893 0.219881 0.438577 0.0826602 0.280358 0.676725 1.00284 0.666154 0.353769 0.342689 0.225906 0.28659 0.346277 1.96184 1.38036 -0.443531 -0.0791949 -0.0780887 0.322882 0.338942 0.294296 1.03258 0.130033 0.543767 2.02753 1.45306 0.633166 -0.372882 0.076332 0.302154 0.427205 -0.67988 0.0637245 -0.869588 -0.697958 -0.869503 19.2413 9.30557 3.051
