 1000 0.00251309 -0.000505508 -1.35882e-09 -0.000133314 0.000111669 -4.19124e-06 -7.33751e-07 1.2726e-05 -8.71131e-05 -4.93673e-06 0.000111901 4.00058e-10 -1.68303e-05 2.11558e-07 -3.13657e-10 -5.55749e-06 4.12553e-07 -9.80786e-10 -2.3787e-05 1.03298e-05 -6.37016e-10 3.81999e-06 -7.46205e-07 2.05512e-05 -0.000333348 8.054e-05 -6.16043e-05 -0.000220355 0.00024432 -3.17298e-07 -3.05414e-06 1.14546e-05 0.000101316 -0.000105756 0.000166559 -6.54783e-05 -2.43698e-06 6.94059e-07 -0.000128838 1.8248e-05 1.06623e-06 -7.6422e-06 -7.27138e-05 9.57877e-06 -6.56153e-06 -1.38575e-05 1.77551e-05 8.10622e-05 -6.40209e-05 -0.000248451 0.000194468 -6.48135e-05 9.10754e-05 0.000103572 -0.000125508 -3.86019e-05 1.84969e-05 -4.7568e-05 3.89826e-05 -1.52523e-06 8.02639e-08 2.80526e-05 7.94556e-06 -2.18237e-07 6.64267e-07 -3.56169e-06 8.60022e-07 2.76584e-07 -1.24121e-10 -1.08232e-05 4.10934e-06 1.43794e-06 2.66939e-08 -2.02761e-06 6.88537e-06 6.70478e-07 -1.51839e-05 3.8566e-06 3.22831e-06 -2.16615e-05 -9.42784e-06 -0.00030662 1.97659e-05 9.08976e-06 -9.06898e-07 -8.22886e-06 -1.35131e-06 -5.3827e-07 1.90473e-06 1.69551e-05 2.93759e-06 -9.44797e-05 -0.000234824 -0.000128617 3.59935e-06 8.12483e-05 0.000481422 -0.000215857 -0.000211366 -0.000110071 6.97652e-05 -6.42258e-05 4.21079e-06 0.000105043 0.000132881 6.45696e-05 -6.96036e-05 -0.000188084 0.00025534 -0.000149945 3.48986e-05 -1.86642e-05 -1.40004e-05 1.25745e-05 4.2478e-05 2.28005e-05 -1.44052e-05 5.77309e-05 -4.6789e-05 1.58244e-05 -9.22658e-06 -1.22598e-05 1.06236e-05 7.20666e-06 -8.33378e-06 -1.99358e-05 0.000183314 -0.00013503 9.26053e-05 -7.65319e-06 1.37422e-05 2.54146e-05 -3.30045e-07 2.58917e-05 -4.02595e-05 3.01346e-05 2.00659e-05 3.44062e-05 -2.11841e-05 -7.77657e-05 4.58683e-05 1.24685e-05 -7.68152e-06 8.30136e-07 -3.98703e-05 4.1832e-05 3.8038e-05 2.09411e-06 3.63586e-05 1.22681e-05 -5.42487e-05 -1.20826e-05 -3.44535e-05 -9.37281e-07 9.31878e-07 3.43254e-06 3.15367e-06 -9.74569e-07 2.03623e-05 3.43368e-05 4.02629e-05 -0.000594143 -2.69871e-05 -6.30593e-05
 0.00251309 516.96 -102.824 0.000223805 26.5308 -22.2218 0.998514 0.29907 -5.62545 16.452 1.13369 -25.9789 -0.000121842 3.26677 -0.0263645 -6.22276e-05 2.56953 -0.132361 2.91678e-05 2.21768 -0.966046 1.92407e-05 1.22631 -0.29216 19.0959 36.2555 -9.09384 6.73815 23.5936 -26.1832 12.8043 2.56873 -11.5876 10.5108 14.8529 -25.1497 6.19271 0.838557 -0.111584 20.7923 -3.40675 -0.165608 10.3098 5.23106 -0.894128 2.02702 3.25924 -4.20748 0.697708 9.0505 12.3205 -11.5025 0.41339 -2.8496 2.75996 -2.91458 4.97609 4.44622 7.48473 -9.68016 0.17971 -0.00835425 -2.65982 1.8981 0.0294279 -2.5555 0.287226 -0.0676501 -0.0247705 -2.45637e-05 2.86819 -1.06711 0.92501 0.0418291 -1.15412 -0.733735 -0.0248178 0.799571 0.116468 -0.0823937 0.540134 -0.787065 -0.778917 0.0550451 1.40104 -0.123177 -0.00858826 0.11053 0.0211309 -0.132778 2.2919 -3.92641 4.52668 15.0135 11.1593 0.271247 -30.3368 20.0236 -9.52179 15.4021 9.50308 -0.123979 -1.12015 -1.56811 -4.45693 3.76462 4.0299 1.98404 -8.4141 4.02019 -1.22136 0.809699 -1.36535 -0.74818 -0.158954 -0.183604 0.260599 2.00416 0.722261 -0.579365 0.567297 0.443918 0.472328 -0.554308 0.846644 0.233039 -0.728093 3.00349 -5.99462 2.98016 -0.408824 -0.240848 -0.781464 -3.6737 -1.08582 -2.26003 -1.57931 -1.7781 0.0949697 -0.435122 -1.33627 -1.71685 -1.65467 -0.554965 -0.436617 -2.22377 0.0307295 -1.53017 -3.68113 -0.653891 -0.103049 -2.25787 -0.840926 -1.2121 -1.12967 -0.907615 -0.957189 0.628682 -0.269464 -2.06706 -4.19836 -4.74603 76.3293 -21.1096 5.13499
 -0.000505508 -102.824 21.5701 -4.50192e-05 -5.33139 4.46549 -0.204031 -0.0609566 1.1477 -3.3032 -0.227828 5.22079 2.51825e-05 -0.672795 0.00534035 1.27534e-05 -0.527477 0.0271102 -5.94039e-06 -0.457544 0.19924 -3.8965e-06 -0.256448 0.0609983 -3.83157 -7.27659 1.82514 -1.35615 -4.73594 5.25577 -2.56641 -0.518495 2.3376 -2.10957 -2.98227 5.04968 -1.24988 -0.177985 0.0228441 -4.17256 0.673685 0.0333028 -2.0746 -1.06476 0.18139 -0.4121 -0.660682 0.852935 -0.142797 -1.81475 -2.47036 2.30641 -0.0850896 0.569684 -0.554372 0.585652 -1.00009 -0.892347 -1.50244 1.9431 -0.0365563 0.00171564 0.533865 -0.380471 -0.00597343 0.514854 -0.0574814 0.0135376 0.00504879 5.06152e-06 -0.593319 0.220532 -0.190547 -0.00859759 0.237615 0.145645 0.00464907 -0.153305 -0.0243449 0.0161677 -0.10595 0.161937 0.156594 -0.0110796 -0.282021 0.0247934 0.000479349 -0.0221705 -0.00423386 0.0266284 -0.459818 0.787079 -0.906688 -3.00971 -2.24029 -0.0511003 6.08517 -4.01982 1.91069 -3.08762 -1.90436 0.0248609 0.22497 0.314313 0.893221 -0.755973 -0.808843 -0.3976 1.68876 -0.807771 0.245465 -0.162707 0.274081 0.150252 0.0317126 0.0366414 -0.0526505 -0.401825 -0.145211 0.116207 -0.113747 -0.0890942 -0.0944171 0.110764 -0.169757 -0.046654 0.146201 -0.603827 1.20333 -0.598316 0.0819251 0.04825 0.156836 0.736881 0.217805 0.453109 0.316256 0.356276 -0.0193652 0.0869985 0.268684 0.344395 0.332152 0.110994 0.0875736 0.446178 -0.00657927 0.30749 0.737884 0.130951 0.0207105 0.453311 0.168305 0.243123 0.226295 0.18212 0.192056 -0.126154 0.0540514 0.414454 0.84318 0.951618 -15.3341 4.27734 -1.0272
 -1.35882e-09 0.000223805 -4.50192e-05 1000 -0.00130115 0.00109263 -8.27079e-07 7.03471e-08 3.00253e-06 9.11339e-05 6.69389e-06 -0.00015121 5.42069e-10 -9.13288e-06 -5.55046e-09 3.87621e-11 -1.88207e-06 6.38293e-08 7.84755e-11 -1.03176e-05 4.37763e-06 1.79674e-10 -1.28038e-05 2.85365e-06 9.26317e-05 6.65682e-05 -1.73923e-05 7.16111e-06 2.05292e-05 -2.30057e-05 0.000176253 1.80334e-05 -8.93582e-05 0.000214807 -3.64439e-07 -1.44956e-05 1.84631e-05 -6.52934e-06 1.8214e-07 3.57826e-05 -1.01968e-05 1.3554e-07 8.48756e-05 -1.1005e-05 2.23302e-07 3.35042e-06 4.26291e-06 -5.62865e-06 4.35745e-06 3.5707e-05 -2.75652e-05 8.73136e-06 -2.76615e-05 -2.89754e-05 9.69578e-05 -0.000107653 3.01589e-05 7.4389e-07 4.69508e-05 -4.71748e-05 -2.67875e-06 7.33352e-08 1.42247e-05 -5.68546e-05 5.42985e-06 -0.000129931 -5.42534e-06 1.23644e-06 7.49664e-07 1.16095e-10 -2.02042e-05 7.05315e-06 -3.23904e-06 -1.14202e-07 3.61437e-06 -1.36533e-05 -1.36299e-06 3.07846e-05 1.95761e-06 9.02636e-08 -8.50283e-07 -1.01163e-05 -0.00014438 9.03276e-06 2.71704e-05 -2.3473e-06 -1.52103e-06 -1.83855e-07 -1.37286e-07 3.23506e-07 -2.5332e-05 -4.00154e-05 -1.47938e-05 -1.996e-05 -7.4071e-06 9.9577e-06 8.13545e-05 -3.61611e-05 -5.38337e-05 5.96735e-05 2.14369e-05 -3.60546e-05 7.28308e-06 4.00866e-05 -3.42985e-05 0.000119179 -3.06884e-05 -3.79688e-06 -1.6343e-05 9.41388e-08 5.13603e-06 9.15738e-07 1.02866e-05 -8.62737e-06 2.71012e-05 -1.82562e-05 8.52313e-07 5.0108e-06 3.60393e-05 -4.10086e-05 -2.83495e-05 3.88248e-05 4.45028e-05 5.27111e-05 -7.42146e-05 -0.000210437 -8.26007e-05 0.000139817 -4.76997e-05 0.000142333 -8.37906e-06 2.81504e-06 2.6835e-05 1.77872e-05 9.52178e-06 -3.82047e-06 2.12358e-05 -1.56475e-05 6.20235e-05 -4.07621e-05 -0.000103304 -1.51101e-05 -6.7877e-05 6.05456e-05 6.30247e-05 1.58206e-06 -7.02454e-06 -4.10368e-06 -2.36744e-05 6.89996e-05 5.00932e-05 -0.000113799 4.84624e-05 -3.17286e-05 -5.56288e-06 -2.11747e-06 -2.54275e-06 -4.44341e-06 2.40783e-06 -1.92243e-05 -4.92267e-05 -5.82435e-05 0.000583895 -1.74971e-05 5.63445e-05
 -0.000133314 26.5308 -5.33139 -0.00130115 413.177 -344.603 0.16643 0.0562814 -0.830425 10.9048 0.754678 -17.2457 7.23182e-05 -1.26431 -0.00774036 7.74185e-06 -0.168488 -0.00214845 2.49092e-05 -1.91419 0.816363 3.43229e-05 -2.12835 0.479898 11.9949 21.3314 -5.36311 4.31724 14.3 -15.8749 12.8432 0.893978 -4.66738 9.10295 9.13771 -15.6501 1.65227 -1.08836 0.0127943 10.7278 -3.44569 -0.0739432 6.1976 0.0180927 -0.152912 0.145113 0.462725 -0.598653 -1.46788 3.15152 -1.2863 -0.0075361 0.777989 -3.35102 1.43971 -1.36788 3.11233 2.68925 4.98106 -6.3029 -0.0742959 0.0112891 -2.68137 -1.67724 0.280291 -8.21528 -0.506426 0.121288 0.0730086 1.62785e-05 -2.15652 0.751445 -0.160716 -0.00400156 0.177793 -1.34543 -0.111012 2.64276 0.107988 -0.0306213 0.206366 -2.02471 -2.53188 0.169479 1.71521 -0.149325 0.0177536 0.0544046 0.010672 -0.0656276 1.22737 -1.09686 0.955105 2.23239 1.10166 1.92926 2.64043 -1.18596 -1.67985 7.33109 2.28952 -1.91654 -0.665446 0.770123 -1.74641 3.17031 -0.274248 -0.625293 -0.872499 1.31887 0.0649478 -0.486695 -0.945676 -1.63877 0.4869 0.545127 -0.174913 0.0532705 2.4446 -1.03846 -1.58681 -0.4804 -0.324087 2.71771 3.05384 -1.61054 -1.32149 3.78019 -7.64801 3.04994 0.302693 0.0353802 -0.505968 -1.14099 -0.664824 -0.301161 -0.372456 -1.55887 0.492747 0.406249 0.0608061 -0.836003 -1.34631 -0.176942 -0.140854 -0.495401 0.469532 -0.605598 -3.52066 -0.256653 1.43514 -2.16324 -0.183112 -0.991699 -0.745869 -0.519606 -0.520054 0.28281 -0.139142 -1.75583 -3.25639 -4.03275 59.6271 -10.2282 4.76399
 0.000111669 -22.2218 4.46549 0.00109263 -344.603 289.948 -0.140692 -0.0475011 0.702784 -9.13346 -0.632184 14.4465 -6.03766e-05 1.05431 0.00649542 -6.41441e-06 0.137701 0.00195709 -2.08842e-05 1.60011 -0.682406 -2.87524e-05 1.77955 -0.401242 -10.0445 -17.8643 4.4914 -3.61751 -11.9758 13.2947 -10.7552 -0.749599 3.91256 -7.62376 -7.65252 13.1065 -1.38501 0.909079 -0.0106073 -8.98245 2.88318 0.0619277 -5.19089 -0.0185069 0.128482 -0.123058 -0.389291 0.503658 1.22994 -2.63915 1.07728 0.00621783 -0.652141 2.80596 -1.2058 1.14569 -2.60651 -2.25195 -4.17157 5.27846 0.0619764 -0.00943403 2.24521 1.40532 -0.234789 6.88136 0.424262 -0.101609 -0.0612032 -1.35926e-05 1.80034 -0.627265 0.132913 0.00328328 -0.146889 1.12599 0.0928388 -2.21041 -0.0907684 0.025527 -0.172042 1.69708 2.11955 -0.141887 -1.43678 0.125085 -0.0150122 -0.0455589 -0.00893519 0.0549555 -1.02754 0.918554 -0.799628 -1.86908 -0.92247 -1.61542 -2.21148 0.993554 1.407 -6.14003 -1.91719 1.60526 0.557133 -0.645173 1.46268 -2.65536 0.229808 0.523567 0.730847 -1.10429 -0.0545795 0.407493 0.791821 1.37234 -0.407806 -0.456193 0.14643 -0.0446551 -2.04723 0.869734 1.32908 0.402114 0.271334 -2.27615 -2.55673 1.34979 1.10705 -3.16632 6.40464 -2.55464 -0.253462 -0.029635 0.423624 0.955364 0.556717 0.252055 0.311655 1.30536 -0.412913 -0.340165 -0.0503998 0.700178 1.12784 0.147719 0.117648 0.414809 -0.393263 0.507472 2.94802 0.214562 -1.20194 1.81203 0.152869 0.830494 0.62447 0.435151 0.43553 -0.236795 0.116493 1.47036 2.72766 3.37715 -49.9451 8.58417 -3.98842
 -4.19124e-06 0.998514 -0.204031 -8.27079e-07 0.16643 -0.140692 999.831 -0.0892588 0.936899 0.344047 0.00594504 -0.0896115 1.4776e-05 -0.317643 7.66349e-05 8.94267e-06 -0.278619 0.0121625 -1.25779e-06 -0.347935 0.148721 1.98651e-06 -0.355528 0.0803535 0.111559 0.662452 -0.164434 0.0505214 0.804363 -0.893334 1.08145 -0.129335 0.458529 0.954506 0.17197 -0.347669 -0.0746102 -0.137337 0.00499999 -0.412031 -0.00204593 0.00273928 -0.16052 -0.356205 0.0449524 -0.166779 -0.203659 0.261312 0.171 -0.315444 -0.412046 0.385621 -0.0171843 -1.73764 0.681107 -0.624433 -0.33439 -0.336901 0.132032 0.0487518 -0.0554215 0.00482577 -0.176945 0.0708429 -0.00524338 0.128781 -0.00382751 0.000918807 -0.00362351 3.8826e-06 -0.533765 0.189282 -0.190826 -0.00789317 0.246368 -0.118252 -0.0205825 0.450769 -0.0035013 -0.00772039 0.0494685 0.115675 -0.432712 0.0272033 -0.212308 0.0180074 0.0610244 0.00287903 4.51255e-05 -0.00295046 -0.293262 -0.210699 -0.192121 -0.377775 -0.228007 -0.0365092 0.484087 0.845382 -1.23055 0.329933 0.221025 0.230492 0.459947 -0.163578 -0.209477 0.0919853 0.233973 -0.218686 -0.0324411 -0.0245112 -0.0198444 -0.0259071 -0.0541119 -0.0309583 -0.0824091 -0.150205 0.33941 -0.493235 0.121534 -0.0383085 0.0194348 -0.06155 0.0520047 -0.051312 -0.0510167 -0.0493718 -0.144989 0.0865711 0.293403 -0.218796 0.0469114 0.074133 0.121395 -0.625493 0.221729 -0.199824 0.0860897 0.188368 -0.370333 -0.0949726 -0.0288348 0.309835 -0.14984 0.165737 0.202237 -0.0330933 0.0692237 0.0233811 0.111716 0.0324529 0.379156 0.42934 0.0488817 -0.111885 -0.0847991 0.0320527 0.0361073 -0.0937758 0.0294447 -0.378089 -0.571501 -0.884136 8.25664 4.67217 1.38997
 -7.33751e-07 0.29907 -0.0609566 7.03471e-08 0.0562814 -0.0475011 -0.0892588 3.35542 -49.5335 0.0942043 0.0014315 -0.0204344 3.88049e-06 -0.0816921 4.90552e-06 2.50943e-06 -0.0729449 0.00318482 8.3308e-08 -0.078407 0.0335038 7.88825e-07 -0.0976033 0.0221229 -0.00273939 0.313449 -0.0766238 0.0220323 0.23666 -0.262686 0.249056 -0.042755 0.15954 0.176912 0.120838 -0.210433 -0.0109657 -0.0356445 0.00106561 -0.100254 -0.000576783 0.000488772 -0.0667084 -0.0758139 0.00963033 -0.0410389 -0.0533624 0.0684045 0.0490612 -0.101861 -0.158992 0.143043 0.041502 -0.519534 0.104355 -0.0739204 -0.0926998 -0.103982 0.020694 0.0340011 -0.0153997 0.00169208 -0.116918 0.0713762 -0.00149333 -0.00750027 -0.000833028 0.000209421 -0.00117253 1.10826e-06 -0.141635 0.050246 -0.0500295 -0.00206007 0.0643236 -0.0384645 -0.00632362 0.135957 -0.00551326 -0.00316812 0.0203734 0.0409746 0.0277274 -0.00152087 -0.0417201 0.00353761 0.0211021 0.00120281 0.000419608 -0.00163551 -0.0795932 -0.0816341 -0.0479625 -0.0650707 -0.0314134 -0.00353696 0.366291 -0.0415215 -0.346043 0.134834 0.093213 0.243831 0.103656 -0.0427549 -0.204344 -0.0662625 0.114289 -0.0520072 0.00737517 -0.0136557 -0.0171193 -0.0195012 -0.0303314 -0.0126493 -0.0295414 -0.0944592 0.172574 -0.129389 0.0176284 -0.029904 0.045268 -0.0264168 0.0218274 -0.0216731 0.00533558 -0.00538572 -0.0817446 0.00804752 0.0227683 -0.0485094 0.0239959 0.0359012 0.0352402 -0.117127 0.0231676 -0.0150296 0.00815417 -0.0298106 -0.0965239 0.0336391 0.0669262 0.0786694 -0.00796543 0.0310566 0.00831732 -0.0519691 -0.0569844 0.115766 -0.0225786 0.0911222 0.163486 0.0452886 -0.0552392 -0.0368294 -0.0233463 0.00604402 0.0117954 -0.0265594 0.00791692 -0.106386 -0.124326 -0.230741 2.33664 1.30912 0.392008
 1.2726e-05 -5.62545 1.1477 3.00253e-06 -0.830425 0.702784 0.936899 -49.5335 992.08 -1.75764 -0.0149452 0.096086 -8.09641e-05 1.71474 -0.000434593 -5.10331e-05 1.51837 -0.0665408 -1.20462e-08 1.62718 -0.695539 -1.57802e-05 2.00624 -0.454932 0.0777855 -6.06277 1.48206 -0.364943 -4.5609 5.06236 -4.93628 0.902639 -3.3908 -3.49956 -2.27762 3.97711 0.230632 0.788209 -0.0248119 1.99917 0.0624263 -0.0102269 1.3646 1.65069 -0.210193 0.883661 1.12694 -1.44649 -1.02377 2.02166 3.14415 -2.82985 -0.773118 10.2615 -2.0759 1.47658 1.8569 2.06138 -0.387296 -0.697229 0.309896 -0.0338792 2.28419 -1.40459 0.0302302 0.118265 0.0141528 -0.00359433 0.0243565 -2.36279e-05 2.9681 -1.05396 1.05932 0.0438562 -1.36341 0.765021 0.125961 -2.70699 0.109515 0.0610239 -0.392315 -0.929979 -0.497688 0.0274545 0.837793 -0.071039 -0.428533 -0.0235825 -0.00826397 0.0321033 1.57166 1.61728 0.936823 1.28188 0.650155 0.0754895 -7.22447 0.781117 6.81968 -2.57812 -1.76926 -4.83284 -2.05137 0.844375 4.02257 1.30544 -2.25064 1.03519 -0.15629 0.264296 0.341716 0.386319 0.599397 0.250131 0.579378 1.85577 -3.40635 2.55674 -0.347032 0.585945 -0.896275 0.520666 -0.436432 0.428262 -0.106011 0.103705 1.60873 -0.151159 -0.468966 0.962145 -0.476473 -0.711858 -0.701301 2.31499 -0.466127 0.300347 -0.160506 0.586932 1.91345 -0.658826 -1.32791 -1.56721 0.151473 -0.613802 -0.169266 1.02316 1.12424 -2.29477 0.442724 -1.79976 -3.23386 -0.904157 1.09453 0.728578 0.462833 -0.123577 -0.237052 0.526328 -0.156555 2.10139 2.44074 4.55706 -45.7671 -26.4408 -7.77413
 -8.71131e-05 16.452 -3.3032 9.11339e-05 10.9048 -9.13346 0.344047 0.0942043 -1.75764 884.094 -7.39048 153.352 6.3257e-05 -1.43601 -0.000317733 3.41355e-05 -1.03758 0.0451026 1.80975e-05 -1.26447 0.541378 9.44045e-06 -1.5552 0.354229 7.14905 7.29123 -1.87561 2.07916 5.54849 -6.16379 5.93754 0.994003 -4.58316 6.17348 3.6955 -6.50623 1.31196 -0.222144 -0.00843631 5.70552 -1.79893 -0.034677 3.46765 0.165616 -0.0958312 0.462105 0.621075 -0.80473 1.0444 1.37786 -4.20574 2.54773 -0.47468 -2.24052 2.37753 -2.51749 2.32533 2.46539 1.49987 -2.76301 0.457652 -0.0310084 -2.21894 4.13808 0.0257677 -4.35534 -0.0624328 0.0149572 -0.00767946 -6.15879e-06 -0.406782 0.131679 0.203531 0.0135792 -0.353749 -0.406874 -0.0338468 0.998883 -0.34521 -0.271266 1.79668 -0.0982501 -6.19179 0.397161 -0.132996 0.00795585 0.401925 0.00613279 -0.00847932 0.00233433 -0.142643 -3.95099 -2.38299 1.13633 6.5287 8.13493 -9.33387 -2.30745 -1.49785 23.4712 7.39641 -11.4469 3.10369 -1.68619 -3.36763 2.92972 8.70051 14.1324 -16.4368 1.28503 2.22945 0.924231 -0.471033 -0.909366 -0.854215 2.80783 -5.18148 0.286491 3.41347 -3.42751 0.771419 0.108425 -1.71734 0.0730596 -0.124117 1.06897 -5.25537 9.38012 -10.8855 7.23197 -2.11892 -1.05313 1.36253 -5.53099 0.308325 -3.56391 -1.43068 1.07139 -0.28181 -0.421171 -0.983184 -1.24868 -1.36312 1.06364 -0.0813517 -2.85069 0.080075 0.942794 -1.51123 0.0481029 -2.11397 1.01407 1.59732 -1.56718 -3.00329 -1.0681 -1.01718 0.233236 -0.0318923 -0.95076 -1.45061 0.731357 35.4496 -9.95546 2.35745
 -4.93673e-06 1.13369 -0.227828 6.69389e-06 0.754678 -0.632184 0.00594504 0.0014315 -0.0149452 -7.39048 2.38241 -34.5244 4.88004e-06 -0.108023 -3.62843e-05 2.67119e-06 -0.079971 0.00341419 1.27509e-06 -0.117666 0.0502941 8.69741e-07 -0.133368 0.0302557 0.291928 0.797766 -0.198322 0.169334 0.556859 -0.618194 0.364255 0.0243958 -0.126822 0.192587 0.399408 -0.669821 0.0717235 -0.0303333 -3.00671e-05 0.173596 -0.0770316 -0.00132853 0.0487371 0.0304585 -0.00610222 0.000709368 0.0110119 -0.0143795 -0.0977499 0.0788008 0.0216083 -0.0369268 0.0515922 -0.292142 -0.000876625 0.025653 0.0796029 0.0106755 0.153669 -0.158507 0.00119384 3.95244e-05 -0.0869787 0.103548 0.00135953 -0.133837 -0.000990665 0.000272182 -0.000437446 7.86414e-08 -0.0591529 0.02026 -0.0106566 -0.000187996 0.00934771 -0.00344365 0.000887182 -0.0131578 -0.00845394 -0.00658976 0.0431678 -0.058962 0.195283 -0.0119978 0.0276411 -0.00259412 0.0227853 0.00253865 0.000742378 -0.00330799 -0.0195825 -0.411541 -0.0383908 0.477843 0.646893 0.635076 -0.475739 -0.0724885 -0.235239 0.544881 0.118332 -0.167814 0.371776 0.0401843 -0.443966 -0.252404 0.125922 0.431649 -0.197283 -0.00741793 -0.0300472 -0.012365 -0.044542 -0.0525702 -0.0661151 0.0762701 -0.141354 -0.045521 0.116262 -0.092988 0.00380626 -0.0202486 -0.0475824 -0.00370193 0.0628783 0.00237027 -0.132917 0.30838 -0.297312 0.0425054 -0.00253181 -0.0412609 0.0444878 -0.241849 0.031946 -0.0651617 -0.0317407 -0.0247071 -0.0734569 0.026569 -0.0128758 -0.0636874 -0.0490409 -0.00543479 0.0264115 -0.0765099 0.0149889 0.0169145 -0.102603 0.00909368 0.0626283 0.00463869 -0.030343 -0.0316013 -0.0413997 -0.019936 -0.0198181 -0.00263636 0.000106035 -0.096071 -0.158907 -0.227591 2.86047 0.0585302 0.294453
 0.000111901 -25.9789 5.22079 -0.00015121 -17.2457 14.4465 -0.0896115 -0.0204344 0.096086 153.352 -34.5244 790.619 -0.000116682 2.59044 0.000505639 -6.31945e-05 1.93558 -0.0830277 -2.82334e-05 2.82732 -1.20885 -1.88476e-05 3.16821 -0.718989 -6.78442 -18.1188 4.5066 -3.85218 -12.6496 14.0431 -8.51026 -0.506742 2.70287 -4.55594 -9.02102 15.1425 -1.64992 0.807005 -0.00416735 -4.0415 1.86428 0.030076 -1.13592 -0.521089 0.117983 0.057638 -0.189395 0.246437 2.2289 -1.83451 -0.283085 0.704655 -1.09273 6.64602 -0.0568186 -0.496288 -1.87403 -0.322399 -3.49823 3.6495 -0.0443089 0.000303533 2.05404 -2.47246 -0.0322669 3.18945 0.0126988 -0.00387616 0.0127152 -2.61297e-06 1.48511 -0.510814 0.302702 0.0067361 -0.285756 0.030224 -0.02557 0.409642 0.187134 0.147792 -0.968798 1.45287 -4.19776 0.257156 -0.621422 0.0584387 -0.510062 -0.0572238 -0.0164144 0.0742442 0.453216 9.45057 0.824517 -10.928 -14.5206 -14.3416 10.9459 1.74369 5.4474 -13.4884 -2.88492 4.22738 -8.49059 -0.84538 10.1229 5.58864 -3.13573 -10.2288 5.02328 0.1225 0.599734 0.24424 1.01956 1.2201 1.52187 -1.81866 3.37435 1.0122 -2.73505 2.21468 -0.111208 0.453014 1.13496 0.0777302 -1.40936 -0.0871929 3.17739 -7.27826 7.07361 -1.20397 0.127116 0.963316 -1.05089 5.63389 -0.734557 1.5853 0.763448 0.523683 1.67087 -0.58695 0.314804 1.46949 1.15072 0.0864471 -0.592619 1.8175 -0.342543 -0.41112 2.35836 -0.208237 -1.34133 -0.139927 0.627037 0.762193 1.03053 0.485407 0.480716 0.0521268 -0.00193014 2.19233 3.62374 5.08972 -65.659 -0.7676 -6.6894
 4.00058e-10 -0.000121842 2.51825e-05 5.42069e-10 7.23182e-05 -6.03766e-05 1.4776e-05 3.88049e-06 -8.09641e-05 6.3257e-05 4.88004e-06 -0.000116682 1000 8.22616e-05 -6.37535e-06 -9.93068e-10 4.7576e-05 -1.74891e-06 2.8091e-10 3.68879e-05 -1.56682e-05 4.69501e-11 4.39389e-05 -9.75735e-06 -0.000267544 -0.000550371 0.000138798 -2.94174e-05 -0.000184596 0.000204832 -9.72064e-05 2.58783e-05 -9.95653e-05 -0.000136147 3.37192e-05 -4.61958e-05 0.000115131 2.77222e-05 -8.42072e-07 -0.000304007 0.000130455 2.91857e-06 -2.44151e-05 0.000163605 -1.86159e-05 3.28059e-05 4.28123e-05 -5.51867e-05 0.000101447 -3.7185e-05 -0.000211051 0.000159607 2.70365e-05 5.8978e-05 -1.34643e-05 1.06527e-05 0.000123805 -4.17676e-05 -3.72254e-05 5.23981e-05 -1.06659e-06 1.03934e-07 -1.03846e-05 1.90778e-06 1.19095e-06 -4.46174e-05 -2.98862e-07 6.43741e-08 -3.85616e-07 -4.46487e-10 7.04274e-05 -2.46927e-05 1.60594e-05 6.2599e-07 -1.89736e-05 2.50801e-05 3.82757e-06 -8.76095e-05 3.12122e-06 2.30217e-06 -1.61447e-05 -5.32679e-05 0.000232592 -1.42054e-05 4.81208e-06 -3.24244e-07 7.91587e-06 -9.60264e-07 -1.07267e-07 1.07664e-06 -6.16402e-05 -5.76749e-05 1.5189e-05 7.49187e-05 3.98777e-05 8.10871e-06 5.78156e-06 3.34006e-06 -0.000110475 -5.38057e-05 -2.05598e-05 0.000200062 0.000145187 -8.74898e-05 -7.74003e-05 5.74102e-05 4.2322e-05 7.16399e-05 5.40464e-05 -5.54852e-06 -9.65991e-05 -1.20233e-05 6.61505e-05 4.47161e-05 -3.94498e-05 -3.57013e-05 -8.27002e-05 3.8674e-05 2.48021e-05 1.64604e-05 4.26259e-06 -1.34178e-06 -2.68365e-05 4.86972e-07 -1.72743e-05 -2.58557e-05 -3.23264e-05 -2.59475e-05 -2.80019e-05 -4.02684e-05 -1.16506e-05 4.03976e-06 1.60162e-05 3.42593e-05 2.50196e-05 1.96542e-05 1.27913e-05 1.49695e-06 -3.36207e-05 -3.89526e-05 -1.60712e-05 9.87577e-06 2.13323e-05 -4.08017e-06 -3.78006e-05 5.86577e-08 -6.14555e-06 2.78843e-06 -1.35607e-06 -5.46543e-06 5.24525e-06 2.58006e-05 3.56249e-05 -1.48472e-05 -2.3405e-06 -9.80998e-06 -5.99407e-06 -4.66015e-06 5.91e-06 3.31765e-05 5.86839e-05 7.79623e-05 -0.000774214 -0.000335801 -0.000118005
 -1.68303e-05 3.26677 -0.672795 -9.13288e-06 -1.26431 1.05431 -0.317643 -0.0816921 1.71474 -1.43601 -0.108023 2.59044 8.22616e-05 997.871 -2.83007 1.69809e-05 -1.11914 0.0418461 -1.06929e-05 -0.749383 0.317552 -7.68007e-06 -0.884003 0.19502 8.44369 13.9168 -3.53866 0.800996 4.81091 -5.33958 3.19919 -0.584419 2.17243 4.84545 -0.0675379 -0.221669 -3.56848 -0.736323 0.0251053 6.61984 -3.19074 -0.0676627 0.912348 -4.84879 0.550845 -0.83177 -1.09664 1.41279 -2.26625 1.91174 4.51178 -3.7529 -1.23431 -0.725793 1.15988 -1.27 -3.58014 1.89369 0.842689 -1.62163 0.00472876 0.000526017 0.23184 0.11783 -0.0236124 0.778316 -0.00543415 0.00154442 0.0140865 8.26682e-06 -1.57449 0.550471 -0.314572 -0.0117174 0.357382 -0.635151 -0.0917048 2.10663 -0.0483357 -0.0411967 0.294917 1.61108 -8.66103 0.541246 -0.0971052 0.00575023 -0.242021 0.0215408 0.00283134 -0.0245817 2.03452 1.79557 0.0362107 -1.15504 -0.471162 0.223147 0.583976 0.169838 2.23238 0.758747 0.316004 -4.1594 -4.06246 1.52201 3.26715 -1.0065 -1.02987 -1.91121 -0.427553 0.602116 2.05631 0.394508 -1.48763 -1.52255 1.40506 1.24117 2.20127 -0.797634 -0.67366 -0.170602 0.0266886 0.0850723 0.649873 0.164867 0.542625 0.725059 0.795881 0.557822 0.665506 0.812924 0.212984 -0.28101 -0.661997 -1.00264 -0.65364 -0.589369 -0.502911 -0.232203 0.353508 0.363615 -0.0137974 -0.124021 -0.236339 0.0756676 0.580997 -0.181983 -0.114522 -0.372056 -0.142582 -0.0751777 -0.288446 -1.09246 -1.55807 -0.211606 -0.193873 0.00631692 -0.0544343 0.309057 -0.200223 -0.619769 -1.16541 -1.47935 14.7259 5.88623 2.18417
 2.11558e-07 -0.0263645 0.00534035 -5.55046e-09 -0.00774036 0.00649542 7.66349e-05 4.90552e-06 -0.000434593 -0.000317733 -3.62843e-05 0.000505639 -6.37535e-06 -2.83007 0.825522 2.43347e-07 -0.00593551 0.000311746 2.34881e-08 -0.00250431 0.00109432 5.64988e-08 -0.00388298 0.000914438 -0.0360392 -0.0604149 0.0153036 -0.00623713 -0.025887 0.028731 -0.0144397 -3.90398e-05 0.0012722 -0.0201575 -0.0059273 0.0111325 0.00270158 -0.00156806 0.000148523 -0.036101 0.0086985 0.000344177 -0.0114695 0.0072126 -0.00056329 0.000168591 -0.000418918 0.000536752 0.00424852 -0.00871534 -0.019141 0.0161916 0.00245597 0.000232165 -0.00635248 0.00725489 0.00717506 -0.00805974 -0.00594627 0.00950195 -0.000287511 1.82692e-05 0.000220171 -0.000527286 2.78337e-05 -0.000708274 0.000177173 -4.30227e-05 -4.78416e-05 6.00324e-08 -0.00390241 0.00146765 -0.000397226 -1.48804e-05 0.000403432 0.00104929 9.90213e-05 -0.00261379 -0.000195201 -0.000199734 0.00120875 -0.00482033 0.0332199 -0.00206862 -0.000302902 3.52331e-05 0.000149672 -8.74781e-05 -1.10316e-05 9.93597e-05 -0.00776143 -0.00411637 -0.00139775 0.00125563 0.00102479 -1.87749e-05 -0.00111355 -0.00100867 -0.00734186 -0.00517595 -0.00129596 0.0153274 0.0141881 -0.00534401 -0.0116932 0.00300808 0.00321493 0.00653188 0.00160007 -0.00261982 -0.00736695 -0.00111231 0.00584248 0.00576817 -0.00527984 -0.00480794 -0.0079086 0.00295068 0.00228474 0.000263489 -0.000196519 -0.000494592 -0.00216869 -0.000776265 -0.00211978 -0.00261194 -0.00268621 -0.00221855 -0.00179641 -0.00314799 -0.000676054 0.00120301 0.0027408 0.0038866 0.00257159 0.00214527 0.00168723 0.000583231 -0.00141648 -0.00119841 0.000773799 0.000948909 0.00122015 -0.000296909 -0.00185677 0.000893434 0.000479423 0.00198303 0.000701487 0.000570043 0.00131038 0.00420922 0.00551095 0.000928965 0.000763524 0.000209806 0.000443311 -0.00127726 0.000768008 0.00218767 0.00477957 0.00513739 -0.0683745 0.00387719 -0.00639717
 -3.13657e-10 -6.22276e-05 1.27534e-05 3.87621e-11 7.74185e-06 -6.41441e-06 8.94267e-06 2.50943e-06 -5.10331e-05 3.41355e-05 2.67119e-06 -6.31945e-05 -9.93068e-10 1.69809e-05 2.43347e-07 1000 2.52664e-05 -3.66785e-06 -3.61306e-10 2.37616e-05 -1.00851e-05 -5.62783e-10 3.00257e-05 -6.68193e-06 3.23329e-05 -1.10213e-05 2.14571e-06 -1.09665e-05 -6.21761e-05 6.89512e-05 1.41243e-05 1.24514e-05 -5.32842e-05 6.45264e-05 -4.84129e-06 3.19615e-06 -2.26995e-05 6.49232e-06 -1.04477e-07 -8.86206e-05 2.38167e-05 6.67528e-07 -1.39697e-05 4.36628e-06 7.82362e-08 9.33272e-06 1.36662e-05 -1.75262e-05 7.10098e-05 -1.17689e-05 -0.000173845 0.000125801 -2.55908e-05 8.0982e-05 2.80559e-05 -3.9003e-05 1.65398e-05 2.55103e-05 -3.24326e-05 1.86728e-05 6.4231e-06 -4.47509e-07 -1.93933e-06 1.61207e-05 1.32718e-07 -1.89116e-05 -1.9881e-06 4.55492e-07 3.90268e-07 -4.106e-10 3.64056e-05 -1.28146e-05 1.1053e-05 4.74592e-07 -1.44483e-05 4.61859e-06 1.28886e-06 -3.00273e-05 4.46336e-06 3.49301e-06 -2.38631e-05 3.91376e-06 -0.000355546 2.31463e-05 1.43092e-05 -1.2052e-06 -1.00548e-06 -8.53302e-07 -1.1237e-07 9.74046e-07 -1.3473e-05 -6.90148e-05 3.46535e-05 0.000117025 8.49086e-05 6.15924e-05 3.64925e-05 -5.13795e-06 -0.000146523 -0.000146018 -5.01066e-05 0.000223275 -1.63403e-05 0.000144464 -4.15167e-05 7.86825e-06 9.14126e-05 -2.1745e-05 4.91739e-05 -1.49002e-05 -2.96809e-05 -2.45197e-05 -1.76378e-05 1.233e-06 1.23347e-05 5.2642e-05 -1.72438e-05 -1.57265e-06 -3.43797e-05 6.29925e-06 1.466e-05 1.30227e-05 -6.95529e-06 -1.99338e-06 -1.9639e-05 -9.49374e-06 -1.72235e-05 -2.60144e-05 -3.00468e-05 -1.12193e-05 -1.02732e-05 -1.56347e-06 -1.64467e-06 1.11723e-05 7.35134e-06 -6.79774e-06 -9.92262e-06 -1.1591e-05 -1.54724e-05 -2.91162e-05 -3.5528e-05 -1.9291e-06 3.99813e-06 -8.0028e-06 3.95955e-06 9.23428e-06 -1.11922e-05 2.79817e-05 2.10701e-06 -1.69958e-05 -1.10051e-05 -1.76634e-05 -1.09995e-05 -2.1605e-05 -4.97874e-06 -1.01667e-05 -8.47121e-06 8.56867e-06 1.24439e-06 2.49145e-05 4.52278e-05 5.67408e-05 -0.000536601 -0.000318017 -9.20627e-05
 -5.55749e-06 2.56953 -0.527477 -1.88207e-06 -0.168488 0.137701 -0.278619 -0.0729449 1.51837 -1.03758 -0.079971 1.93558 4.7576e-05 -1.11914 -0.00593551 2.52664e-05 996.957 -46.1273 -2.99155e-07 -0.69175 0.293697 2.93317e-06 -0.827086 0.184054 3.46001 4.20093 -1.08644 0.442399 2.82854 -3.14043 1.87665 -0.35616 1.336 2.39241 0.414554 -0.84334 -1.15699 -0.407829 0.0136255 2.73704 -1.32381 -0.0281342 1.1321 -2.36305 0.252034 -0.477494 -0.65252 0.837946 -1.36659 1.91148 2.99938 -2.69112 -0.32397 -1.23155 0.523537 -0.49401 -1.9727 1.00832 1.02945 -1.43024 -0.201499 0.0180753 -0.313091 0.161256 -0.0116532 0.309765 0.0225388 -0.00494352 -0.00177711 9.9646e-06 -1.17417 0.412403 -0.324864 -0.0133407 0.408104 -0.371612 -0.0623509 1.44524 -0.138269 -0.0875819 0.602854 0.53615 1.70622 -0.113864 -0.271929 0.0213815 -0.041767 0.0253529 0.0027022 -0.0282987 1.50228 2.57443 -0.387774 -2.52572 -1.71652 -0.978353 -0.470418 0.654886 3.00183 2.85554 0.943235 -6.15003 -2.45662 -0.492261 3.49869 1.18745 -3.4758 -3.37153 2.46587 -0.0870617 1.02726 0.574529 0.211055 -0.255933 -0.576796 0.632095 0.585835 0.139946 0.573519 0.406722 0.0379043 -0.038517 0.307842 0.199343 0.767098 0.52848 0.595702 0.574423 0.849365 0.505433 0.38298 0.256559 -0.190663 -1.35304 -0.399365 -0.0908546 0.040409 0.0471789 0.164137 0.170466 0.364933 0.0892321 0.195764 -0.370508 -0.0958278 -0.031157 0.188135 -0.65067 -0.934038 0.188334 0.0487306 -0.412898 -0.78653 -0.609189 -0.333182 -0.0710578 -0.0204175 0.0725387 -0.147551 -0.64206 -1.03888 -1.44133 14.3466 7.46756 2.33705
 4.12553e-07 -0.132361 0.0271102 6.38293e-08 -0.00214845 0.00195709 0.0121625 0.00318482 -0.0665408 0.0451026 0.00341419 -0.0830277 -1.74891e-06 0.0418461 0.000311746 -3.66785e-06 -46.1273 3.01117 2.07932e-08 0.027956 -0.0118437 -9.46115e-08 0.0333977 -0.00739698 -0.165968 -0.204888 0.0529114 -0.0237042 -0.138865 0.154178 -0.0900218 0.0151964 -0.0562653 -0.114158 -0.0236873 0.0466699 0.0504798 0.0169424 -0.000519445 -0.134329 0.0604749 0.00137615 -0.0577023 0.104377 -0.0109313 0.0201143 0.0273093 -0.035049 0.0622139 -0.0911739 -0.143262 0.128546 0.0141611 0.056982 -0.025362 0.0241585 0.0888883 -0.0481444 -0.0505103 0.0698097 0.00921683 -0.000830028 0.015457 -0.00761548 0.000507392 -0.0131196 -0.000871603 0.000187718 8.94349e-05 -3.72522e-07 0.0484524 -0.0169535 0.0139139 0.000571578 -0.0175506 0.0168221 0.00275825 -0.0642532 0.00574243 0.00364972 -0.0252708 -0.0256072 -0.0800469 0.00534088 0.0122374 -0.000958096 0.00147431 -0.00120183 -0.000127883 0.00134127 -0.0708284 -0.120649 0.0157455 0.118064 0.0821792 0.0471063 0.0222691 -0.0310531 -0.139914 -0.13818 -0.046144 0.290005 0.115651 0.0227608 -0.164558 -0.0560957 0.163403 0.158827 -0.116063 0.0040221 -0.0484791 -0.0268591 -0.00956998 0.0122608 0.0271367 -0.029944 -0.027589 -0.00655451 -0.026975 -0.019213 -0.00169299 0.00177297 -0.0142866 -0.00946522 -0.0361069 -0.0248206 -0.0278761 -0.0272272 -0.0394566 -0.0239202 -0.0179301 -0.0119094 0.00926426 0.0639016 0.0190328 0.00433326 -0.00192717 -0.00231789 -0.00782705 -0.00804491 -0.0166721 -0.00379458 -0.00884473 0.0173749 0.00457563 0.00159649 -0.00882898 0.0310691 0.0439679 -0.00866931 -0.00208431 0.0197181 0.0369487 0.0287633 0.0157028 0.00352718 0.00116085 -0.00351861 0.00696423 0.0302198 0.0495407 0.0678116 -0.690533 -0.328478 -0.108772
 -9.80786e-10 2.91678e-05 -5.94039e-06 7.84755e-11 2.49092e-05 -2.08842e-05 -1.25779e-06 8.3308e-08 -1.20462e-08 1.80975e-05 1.27509e-06 -2.82334e-05 2.8091e-10 -1.06929e-05 2.34881e-08 -3.61306e-10 -2.99155e-07 2.07932e-08 1000 -7.55294e-06 4.12772e-06 -4.52911e-10 4.14974e-06 -9.83873e-07 7.13979e-05 -6.98734e-06 3.70397e-07 6.03785e-06 4.50941e-05 -5.01059e-05 6.69594e-05 4.68753e-06 -2.47441e-05 0.000138609 -4.27443e-05 6.04279e-05 -3.56268e-05 -2.62729e-06 2.6076e-07 -3.5395e-05 -7.49097e-07 9.44325e-08 -2.61957e-06 -3.5911e-05 4.47141e-06 -3.59647e-06 -3.31704e-06 4.26265e-06 3.10608e-05 1.53575e-05 -6.01417e-05 3.74695e-05 -3.38651e-05 1.99286e-05 6.27862e-05 -7.30423e-05 -2.42239e-05 2.56469e-05 -4.90812e-06 -6.86598e-06 -1.22632e-07 1.9343e-07 -2.14721e-05 6.48198e-06 3.14423e-08 -5.85159e-06 -1.42282e-06 3.26567e-07 2.46188e-07 -1.20418e-10 -2.86281e-06 9.64805e-07 -7.79012e-07 4.31768e-10 -2.69681e-07 1.40865e-06 3.51533e-07 -6.79536e-06 1.65109e-06 1.26358e-06 -8.21308e-06 7.31816e-06 -0.000305536 1.96186e-05 7.17664e-06 -6.22862e-07 7.72404e-07 -4.4321e-07 -1.71176e-07 6.19352e-07 6.41786e-06 -4.68719e-06 -3.03669e-05 -6.99998e-05 -2.3254e-05 1.86007e-05 9.4447e-06 0.000375848 -0.000154267 -0.000105082 -4.86518e-05 -5.27385e-05 -7.8533e-05 0.000115404 3.20527e-05 4.548e-06 7.87584e-05 5.69976e-07 -2.9443e-05 5.62576e-06 3.62966e-05 -1.35543e-05 -1.31591e-05 -4.47565e-06 -1.67401e-06 1.08747e-05 1.70474e-05 -5.03488e-06 5.11916e-06 3.89763e-06 1.09193e-05 1.1894e-05 4.47193e-06 7.29235e-06 -1.20046e-05 -2.61669e-06 1.57189e-06 -5.69585e-06 8.36677e-06 -5.67414e-06 9.74702e-06 -2.97858e-07 -3.18971e-06 -5.94939e-06 -9.19245e-07 -7.24668e-06 -6.42995e-07 1.43758e-05 -1.74637e-06 -4.47343e-05 -4.07107e-05 2.03796e-05 1.29378e-05 -1.1313e-05 6.29909e-06 1.59001e-05 -6.08749e-06 3.54777e-05 -8.52401e-06 7.42292e-07 -7.85072e-06 -2.39288e-05 -2.12767e-05 -2.14166e-05 -6.72854e-06 -4.92355e-06 -2.87064e-06 4.22241e-06 -6.81177e-07 2.00427e-06 9.64053e-06 2.76269e-06 -3.30935e-05 -3.90733e-05 -8.02274e-06
 -2.3787e-05 2.21768 -0.457544 -1.03176e-05 -1.91419 1.60011 -0.347935 -0.078407 1.62718 -1.26447 -0.117666 2.82732 3.68879e-05 -0.749383 -0.00250431 2.37616e-05 -0.69175 0.027956 -7.55294e-06 840.932 -360.911 9.53467e-06 -1.68076 0.382526 -0.881146 4.71863 -1.13788 -0.17867 0.172293 -0.19078 0.173467 -0.630876 2.61348 -0.182118 2.57911 -4.22135 0.0949934 -0.314535 0.00649283 0.564901 -0.34462 -0.00453101 -0.648336 -0.383463 0.0484836 -0.37777 -0.449704 0.578721 -0.452923 -0.914826 1.37047 -0.684359 1.07094 -3.20514 -1.33601 1.79713 -0.634555 -1.47546 0.506667 0.244128 -0.166008 0.0163641 -0.908102 -0.800602 0.0262099 -0.143906 -0.0235504 0.00578359 -0.00725199 9.17704e-06 -1.29285 0.461826 -0.564212 -0.0253454 0.776414 -0.46164 -0.0695509 1.50221 -0.154945 -0.0678841 0.456182 -1.53084 3.48004 -0.206767 -0.333156 0.0293387 0.189338 0.0364232 -0.00515813 -0.0315685 -0.393727 0.852625 2.08862 3.07139 -0.269819 -0.458037 -32.3729 13.8101 0.129601 3.12404 1.18725 3.51897 -6.15053 1.0366 2.16491 -1.02891 0.172324 -1.11092 -0.228921 -0.0630957 1.26561 0.283353 0.184996 0.585059 0.916238 0.191001 -0.139683 -0.525566 0.963208 -0.257716 -0.103775 -0.0497779 0.6423 1.38851 -0.28868 0.0109775 0.356267 0.22546 0.798333 -0.778007 0.15175 0.141325 0.45736 -0.404243 0.188791 0.615741 0.691131 0.483591 0.330649 1.11812 0.781324 -0.416608 -0.154697 -0.841824 -0.088842 0.112386 -0.0511864 1.65041 -0.370889 0.470878 1.00356 0.407364 0.133782 -0.911287 -0.39633 -0.0161633 0.174723 -0.433615 0.0563076 -0.845229 -0.824051 -1.75404 19.1802 9.45754 3.06184
 1.03298e-05 -0.966046 0.19924 4.37763e-06 0.816363 -0.682406 0.148721 0.0335038 -0.695539 0.541378 0.0502941 -1.20885 -1.56682e-05 0.317552 0.00109432 -1.00851e-05 0.293697 -0.0118437 4.12772e-06 -360.911 156.451 -4.1346e-06 0.721016 -0.164092 0.378157 -2.03552 0.490878 0.0755952 -0.0782333 0.086638 -0.0756583 0.27026 -1.11951 0.0774984 -1.11347 1.82256 -0.0415841 0.13307 -0.0026889 -0.243508 0.14704 0.00196441 0.277959 0.160994 -0.020341 0.160756 0.19157 -0.246496 0.19473 0.393836 -0.590117 0.294713 -0.460946 1.37966 0.5754 -0.773931 0.271923 0.634818 -0.219008 -0.104004 0.0711904 -0.00702354 0.391651 0.344838 -0.0113302 0.0634572 0.0102378 -0.00251312 0.00306155 -3.89823e-06 0.553559 -0.197726 0.241552 0.0108466 -0.332365 0.198321 0.029883 -0.645477 0.0655325 0.0289426 -0.19448 0.661577 -1.49706 0.0889352 0.14293 -0.0125887 -0.080654 -0.0156828 0.00222306 0.0135904 0.169427 -0.364407 -0.899744 -1.32615 0.114249 0.204421 13.9425 -5.95313 -0.0536161 -1.34395 -0.513083 -1.51428 2.64822 -0.447065 -0.932009 0.442785 -0.0748279 0.478022 0.0989212 0.0271271 -0.545268 -0.121942 -0.0795671 -0.251846 -0.39439 -0.0822102 0.0600112 0.226238 -0.414811 0.110874 0.0446968 0.0212944 -0.276398 -0.597895 0.124311 -0.0046723 -0.1533 -0.0973834 -0.343426 0.334767 -0.0654625 -0.0608847 -0.196817 0.174047 -0.0812159 -0.265227 -0.297711 -0.20841 -0.142523 -0.481386 -0.336017 0.179383 0.0666798 0.362147 0.0381244 -0.0485195 0.0218569 -0.71021 0.159494 -0.202786 -0.431979 -0.175247 -0.0578617 0.3922 0.170414 0.00696775 -0.0751992 0.186623 -0.024238 0.363868 0.355465 0.755164 -8.27349 -4.04661 -1.31679
 -6.37016e-10 1.92407e-05 -3.8965e-06 1.79674e-10 3.43229e-05 -2.87524e-05 1.98651e-06 7.88825e-07 -1.57802e-05 9.44045e-06 8.69741e-07 -1.88476e-05 4.69501e-11 -7.68007e-06 5.64988e-08 -5.62783e-10 2.93317e-06 -9.46115e-08 -4.52911e-10 9.53467e-06 -4.1346e-06 1000 1.55943e-05 -3.3514e-06 0.000119988 -0.000109193 2.43892e-05 1.14955e-05 5.52909e-05 -6.14736e-05 8.09438e-05 8.71161e-06 -4.09392e-05 0.000172203 5.63187e-06 -2.13995e-05 -4.78223e-05 -2.48198e-06 4.09277e-07 -5.80745e-05 2.28702e-06 2.60319e-07 1.37767e-05 -5.07536e-05 5.76247e-06 -2.24869e-06 -2.97655e-06 3.75809e-06 1.63888e-05 6.11587e-05 -3.29204e-05 4.32457e-06 -5.65649e-05 3.01918e-05 0.000111406 -0.000129335 -2.98486e-05 5.06172e-05 -6.6485e-06 -1.70915e-05 -5.12403e-07 1.92474e-07 -1.32849e-05 7.09374e-06 1.39174e-07 -9.85359e-06 -1.42444e-06 3.41492e-07 3.59594e-07 -2.03755e-10 9.73799e-06 -3.61974e-06 3.3163e-06 1.74917e-07 -5.13272e-06 8.78547e-08 3.72076e-07 -7.05237e-06 2.51393e-06 1.6039e-06 -1.05482e-05 1.75742e-05 -0.000306299 1.97396e-05 2.98222e-06 -2.96656e-07 -1.42054e-06 -4.99939e-07 -1.72501e-07 6.77873e-07 2.30102e-05 5.07005e-09 7.95375e-06 1.55154e-05 2.35048e-05 3.16353e-05 5.57679e-05 0.000101219 -7.60852e-05 -9.45708e-05 -3.94801e-05 -2.99044e-05 -2.48019e-05 9.0793e-05 8.66548e-05 -2.50429e-05 3.53679e-05 -5.00303e-05 0.000122683 -2.50106e-05 6.28801e-06 3.53342e-06 3.61595e-06 4.3451e-06 1.18387e-05 4.49883e-05 1.19121e-05 3.02605e-06 -1.7266e-05 2.67847e-05 -9.67838e-07 4.21582e-06 -1.41829e-06 9.23047e-06 5.46642e-06 7.74357e-06 4.07495e-06 -7.14678e-06 1.21347e-05 -7.36508e-06 1.16641e-07 -1.15065e-05 -2.01766e-05 -9.52122e-06 2.32259e-06 -7.91119e-06 5.71421e-06 7.20021e-06 -2.51302e-05 -9.23662e-05 -5.96105e-05 3.07306e-05 1.03122e-05 -2.27528e-06 5.71113e-07 8.27842e-06 -1.09798e-05 -6.13601e-06 1.90557e-06 -1.97812e-05 -1.87137e-05 -3.42358e-05 -4.07104e-05 -2.68946e-05 -1.26262e-05 -1.18994e-05 -1.11059e-05 1.10835e-05 -2.38482e-06 1.0165e-05 1.12443e-05 1.90222e-05 -0.000215138 -0.000137402 -3.81279e-05
 3.81999e-06 1.22631 -0.256448 -1.28038e-05 -2.12835 1.77955 -0.355528 -0.0976033 2.00624 -1.5552 -0.133368 3.16821 4.39389e-05 -0.884003 -0.00388298 3.00257e-05 -0.827086 0.0333977 4.14974e-06 -1.68076 0.721016 1.55943e-05 948.78 -216.665 -0.836259 11.5775 -2.80547 0.0714591 1.03476 -1.14517 -2.77678 -0.920756 4.01887 -2.90964 1.44222 -2.16206 0.333151 -0.368243 0.00190041 1.88256 -0.700861 -0.0159358 -2.15955 0.46562 -0.0245864 -0.371335 -0.44792 0.578929 -0.640976 -2.03098 1.07952 -0.135166 1.74807 -4.56249 -2.64895 3.40949 -0.290506 -2.47915 0.387157 0.839651 -0.129616 0.0100591 -0.223474 -0.230903 -0.0214286 0.939521 0.0158716 -0.00386578 -0.0113157 1.29355e-05 -1.34981 0.48442 -0.483197 -0.0218665 0.661511 -0.436463 -0.0737518 1.58358 -0.182479 -0.0941011 0.634034 -0.603007 3.20184 -0.202094 -0.236706 0.0219155 0.111567 0.0335032 -0.000752297 -0.0330508 -0.716381 0.876507 -0.210759 -1.44036 -1.55248 -1.03327 -8.77956 3.10886 1.05882 3.81752 1.58128 1.57977 -6.50098 -1.09393 4.20586 -0.2148 -2.07999 -6.75302 1.46123 0.695961 -0.748879 -0.547619 -0.39704 0.255118 -0.254591 -0.995755 -1.03684 0.420112 1.31693 -0.701036 -0.197253 -0.188639 0.18502 -0.276127 0.154921 0.0246867 0.0873852 0.441762 0.22896 0.155416 0.267058 0.644029 1.05045 0.581465 0.280987 0.255937 0.186529 0.223343 0.35218 2.17014 1.50208 -0.495268 -0.20061 -0.0825738 0.366374 0.303748 0.34453 1.00359 0.107192 0.579363 2.12045 1.47937 0.681005 -0.406013 0.0184585 0.304721 0.42848 -0.624955 0.0789552 -0.945765 -1.07854 -1.98089 21.2446 10.8718 3.43942
