 1000 0.00403044 -0.000349145 2.8325e-09 -0.000396183 0.000115103 -5.76086e-06 -6.3845e-06 5.0885e-05 -0.000166427 -1.94678e-05 0.000275722 1.207e-09 -1.47241e-05 1.32118e-07 8.19544e-10 -1.82037e-05 3.91706e-07 -2.34703e-10 -4.51158e-05 6.44876e-06 -4.39077e-11 -1.51709e-05 1.04462e-06 -0.00013428 -0.000494693 9.55042e-05 -6.31392e-05 -0.000412646 0.000283625 -4.30107e-05 -7.18219e-05 0.000186157 -2.35561e-05 -0.000201235 0.000238142 -5.59197e-05 7.41049e-08 7.77852e-07 -0.000257181 5.03651e-05 2.46071e-06 -6.47678e-05 -3.75287e-05 6.15571e-06 -9.31465e-06 -2.84602e-05 1.76111e-05 4.06746e-05 -8.31794e-05 -0.000233843 0.00021318 -3.2345e-05 4.1167e-05 5.03651e-05 -7.46413e-05 4.80935e-06 -2.31289e-05 -6.76955e-05 7.75173e-05 -4.97231e-06 2.11603e-07 2.14074e-05 1.5873e-05 -1.83443e-06 3.85187e-05 -1.38573e-06 3.04709e-07 3.22528e-07 9.04151e-10 -3.32597e-05 2.72816e-06 -5.9695e-06 -1.06984e-06 1.05656e-05 -1.24126e-05 -4.91706e-06 6.70836e-05 2.71954e-06 4.39612e-06 -2.13973e-05 -5.95454e-06 -0.000138934 6.31239e-06 -6.74956e-06 4.19923e-07 -2.07427e-05 -1.33981e-06 -5.01269e-07 1.85477e-06 -1.2835e-05 5.51228e-05 -7.02409e-05 -0.000234411 -0.000154356 5.83306e-06 4.01719e-05 0.000332281 -0.000113316 -0.000272438 -0.000130305 4.93472e-05 -2.69913e-05 2.95127e-05 4.99498e-05 6.51291e-05 1.79959e-05 -6.27392e-05 -8.7569e-05 0.000178466 -0.000128802 2.6254e-05 8.87793e-07 2.53606e-06 5.13042e-06 1.01173e-05 3.98697e-06 -2.41461e-05 4.33912e-05 -3.19983e-05 5.76064e-06 -1.3232e-05 -9.7427e-06 -9.11465e-07 3.83254e-06 -6.17566e-06 -1.84864e-05 0.000148231 -7.66738e-05 5.44949e-05 -8.63459e-07 1.24451e-05 2.32627e-05 2.31085e-05 3.07578e-05 -5.75251e-06 4.2417e-05 3.0659e-05 2.79577e-05 -8.5999e-06 -3.58651e-05 4.38861e-05 2.12587e-05 -5.94505e-06 7.06774e-06 -7.82046e-06 3.32488e-05 4.82412e-05 2.36916e-05 3.46455e-05 1.22064e-05 -2.75744e-05 3.28172e-06 -1.1523e-05 9.57102e-06 1.01626e-05 1.28312e-05 -4.78869e-06 1.26469e-06 1.64775e-05 5.56039e-05 2.85918e-05 -0.000757057 0.000179644 -9.64064e-05
 0.00403044 567.316 -47.6787 -0.000318347 41.25 -11.9814 0.620181 0.91154 -7.32736 16.8671 2.15227 -30.537 -0.000161829 1.75359 -0.0105991 -0.000150309 2.45555 -0.0432541 -3.90397e-05 2.99861 -0.432189 -6.46273e-05 2.39374 -0.154741 23.2594 42.9962 -8.50283 5.18691 33.5613 -23.0729 8.86095 8.84774 -23.1925 14.1341 19.7809 -24.1287 2.63651 0.206664 -0.0703959 24.473 -5.16268 -0.235764 10.2192 0.0894004 -0.290989 1.39152 3.13901 -1.94899 -0.0724361 9.22072 13.4583 -13.6715 -0.561109 -1.92021 3.68189 -5.12593 -1.1299 5.54138 7.33022 -9.77849 0.261458 -0.00279544 -2.51313 0.631066 0.204415 -5.54263 -0.0267472 0.00631314 -0.0167704 -0.000150089 4.42072 -0.348655 1.05697 0.178246 -1.85805 1.50138 0.564135 -7.67723 0.0846566 -0.0864735 0.427012 1.71081 -12.194 0.506887 2.06204 -0.150437 0.741474 0.100433 0.0212781 -0.122662 3.78141 -4.03238 4.9585 14.7983 9.75363 -0.940253 -24.4747 17.531 -11.3754 20.7095 10.3378 -1.06717 -1.93575 -2.73997 -2.37997 6.32296 5.22919 0.932711 -9.60192 5.35322 -0.924231 1.15394 -1.86921 -1.04449 0.641454 1.32229 0.794335 1.84138 0.806239 -0.224792 0.881075 0.766058 0.529599 0.217267 1.34769 0.143793 -0.562173 3.31455 -6.81253 4.00469 -0.4311 -0.389873 -1.16634 -3.72504 -1.53765 -3.06075 -2.65563 -2.44967 -0.0729531 -0.652546 -2.31014 -1.80877 -1.64434 -0.638643 -1.11677 -2.85035 -0.324715 -2.42401 -4.42241 -1.03015 -0.802647 -3.33707 -2.25249 -1.87009 -1.6742 -1.35591 -1.4627 1.09006 -0.256552 -1.25571 -4.13196 -2.88284 59.3314 -16.6751 7.13689
 -0.000349145 -47.6787 4.94018 2.7137e-05 -3.52397 1.02356 -0.0547694 -0.0799181 0.642773 -1.43864 -0.183927 2.6096 1.47451e-05 -0.160433 0.000910031 1.33293e-05 -0.21998 0.00383004 3.33746e-06 -0.267294 0.0384766 5.55701e-06 -0.212306 0.0136938 -1.98864 -3.67388 0.726554 -0.446085 -2.86716 1.97113 -0.757449 -0.756605 1.98327 -1.20889 -1.69047 2.06209 -0.236794 -0.026631 0.00640887 -2.09525 0.433113 0.0202224 -0.882586 -0.0253325 0.0270166 -0.123871 -0.277702 0.17235 0.00248176 -0.787366 -1.14853 1.16696 0.0461951 0.162917 -0.316071 0.440175 0.0908234 -0.473515 -0.627186 0.836588 -0.0222712 0.000234659 0.214776 -0.0540389 -0.0174708 0.473773 0.00237003 -0.000558658 0.00157222 1.32957e-05 -0.392495 0.0308456 -0.0937605 -0.0157745 0.164627 -0.127535 -0.048245 0.656567 -0.00809819 0.00673194 -0.0333257 -0.139621 1.04711 -0.0435397 -0.176466 0.0128797 -0.0652643 -0.00857041 -0.00181358 0.0104651 -0.323332 0.345416 -0.422795 -1.26378 -0.835106 0.0841564 2.09139 -1.50078 0.972092 -1.76665 -0.881263 0.0911287 0.165618 0.233625 0.202537 -0.540715 -0.447056 -0.0794583 0.820285 -0.458241 0.0795696 -0.0986143 0.159736 0.089172 -0.0551335 -0.113474 -0.0680469 -0.156878 -0.0690713 0.0190819 -0.0756219 -0.0656188 -0.0453833 -0.0186977 -0.11528 -0.0123778 0.0480839 -0.283879 0.582221 -0.342375 0.0367875 0.0333064 0.0996436 0.318163 0.131177 0.261417 0.226497 0.208903 0.00598419 0.055795 0.197716 0.154416 0.140366 0.0545824 0.0954075 0.243564 0.0277295 0.206904 0.377649 0.0879252 0.0684943 0.285229 0.192625 0.159819 0.142969 0.11579 0.124901 -0.0931767 0.0219278 0.107182 0.352693 0.246062 -5.06412 1.42295 -0.6092
 2.8325e-09 -0.000318347 2.7137e-05 1000 0.00260838 -0.000761376 -4.50278e-06 -5.62083e-06 4.57824e-05 -0.000115465 -1.37987e-05 0.000196713 2.24477e-10 -2.72978e-06 9.72383e-08 6.83056e-10 -1.22473e-05 2.82357e-07 -1.18092e-10 -2.24353e-06 3.73484e-07 -1.17384e-10 8.90494e-08 2.5616e-08 -0.00014022 -0.000337496 6.60878e-05 -5.31831e-05 -0.000320938 0.000220619 -4.4112e-06 -5.1309e-05 0.00013116 2.80255e-05 -0.000202703 0.000236816 4.46213e-06 8.89986e-06 4.5517e-08 -0.000206836 5.82596e-05 2.17939e-06 -3.17724e-05 4.54186e-06 1.1349e-06 1.53468e-06 -1.09024e-05 6.71951e-06 2.59881e-05 -4.26939e-05 -2.74273e-05 3.44626e-05 -2.98656e-05 -8.4563e-06 5.80497e-05 -8.17608e-05 9.86546e-06 -5.33019e-05 -3.27526e-05 5.67932e-05 3.52607e-06 -4.58389e-07 4.07467e-05 -6.08303e-06 -1.48646e-06 4.75522e-05 5.38718e-06 -1.22648e-06 -1.14833e-06 4.45821e-10 -1.45131e-05 1.26706e-06 -5.2894e-06 -9.03066e-07 9.21471e-06 -1.63904e-05 -6.41787e-06 8.72979e-05 -8.7002e-07 1.92628e-07 -1.2445e-06 7.22817e-06 -6.05575e-05 2.54336e-06 6.79725e-07 -2.30896e-08 -1.3775e-05 -1.02788e-06 -3.5756e-07 1.39577e-06 -4.94098e-05 9.8678e-06 -3.27487e-05 -9.33372e-05 -5.75151e-05 -4.29456e-05 3.47528e-05 1.83328e-05 -1.8356e-05 -8.06902e-05 -2.4471e-05 9.36032e-06 -1.9935e-05 5.34585e-05 3.13673e-06 7.20123e-05 -4.06301e-05 1.21098e-05 -3.5783e-06 -2.81319e-05 6.62968e-06 1.04065e-05 3.42597e-05 7.26097e-06 2.27425e-05 -3.95288e-05 -6.82211e-06 -3.67235e-06 -2.29996e-06 -9.56103e-06 1.08662e-05 5.41521e-05 4.28264e-05 -2.51746e-05 -0.000135515 -0.000205006 -5.72706e-05 0.00015387 -6.91023e-06 0.000156561 -3.14878e-05 1.29959e-05 3.72925e-05 3.22044e-05 2.5682e-05 -2.09893e-07 4.028e-05 7.53752e-06 4.12049e-05 -5.54351e-05 -9.01963e-05 6.30414e-06 -3.15461e-05 6.82509e-05 6.24243e-05 1.13548e-05 -7.87908e-06 2.11432e-05 3.14674e-05 7.4514e-05 2.63144e-05 -8.47642e-05 4.91033e-05 -6.42481e-06 9.36475e-06 1.03483e-05 1.10284e-05 -1.08463e-05 3.11279e-06 7.30536e-06 2.1116e-05 -2.01593e-05 -0.000376972 0.000140126 -4.13979e-05
 -0.000396183 41.25 -3.52397 0.00260838 617.352 -178.323 0.395315 0.558337 -4.43463 14.4768 1.88085 -26.6634 -1.15312e-06 0.0141607 -0.00828087 -7.58654e-05 1.13743 -0.0250985 -1.2653e-06 0.404082 -0.0649409 3.65538e-07 0.0615376 -0.010304 18.2474 33.2806 -6.58656 4.49792 26.7443 -18.3901 10.0769 7.60724 -20.0817 13.5591 16.535 -20.2718 -1.14492 -1.05426 0.0103482 15.8463 -4.7886 -0.149114 7.79073 -3.00037 0.111836 0.164835 0.852157 -0.538134 -2.06824 6.2027 1.99917 -3.45336 0.532461 -2.24272 2.18561 -2.96771 -1.88925 4.55861 6.20738 -8.18598 0.142631 0.00636251 -2.87762 -4.26067 0.578805 -12.7339 -0.810458 0.174477 0.167735 -4.05422e-05 1.16646 -0.111133 0.487753 0.0867039 -0.878202 1.48782 0.582472 -7.93273 0.100557 -0.0087507 0.059676 0.973379 -10.6519 0.448669 2.63475 -0.19004 0.758635 0.0673354 0.01754 -0.0855294 3.03575 -1.81667 1.636 4.62952 3.69779 4.47938 3.13537 -2.41228 -1.57596 10.6776 3.55196 -3.18901 -0.139408 0.608291 -1.75013 4.42886 0.0998333 -0.605183 -1.17444 2.60478 0.0180801 -0.667397 -1.77542 -2.1254 1.32067 1.82309 0.201145 0.331011 2.58963 -0.867981 -1.97527 -0.239617 0.314697 4.67925 3.76255 -1.95956 -1.54757 3.28114 -7.9679 3.74201 0.561315 -0.462607 -1.43074 -2.28778 -1.27206 -1.30923 -1.304 -2.42427 0.28354 0.267924 -0.745751 -1.40927 -1.94429 -0.165437 -0.645157 -1.06918 0.0117858 -2.08119 -4.7012 -0.864932 0.744579 -3.54103 -1.53961 -1.79887 -1.40473 -1.13368 -1.19341 0.790909 -0.201738 -1.20174 -3.88805 -2.68885 57.5296 -17.7164 6.70035
 0.000115103 -11.9814 1.02356 -0.000761376 -178.323 52.788 -0.11656 -0.164248 1.30511 -4.20213 -0.546416 7.7461 1.10804e-06 -0.013095 0.00240909 2.25048e-05 -0.340013 0.00741741 3.60963e-07 -0.124903 0.0199158 -1.03304e-07 -0.0238504 0.00335618 -5.30079 -9.66727 1.91325 -1.30978 -7.76813 5.34156 -2.92683 -2.21017 5.83439 -3.93903 -4.80289 5.88835 0.323305 0.299269 -0.00269845 -4.60583 1.3849 0.0433697 -2.27066 0.855933 -0.0306026 -0.0519466 -0.255597 0.161254 0.600673 -1.80163 -0.580964 1.00329 -0.156734 0.650711 -0.635918 0.863609 0.54363 -1.32389 -1.8038 2.37858 -0.0414165 -0.00184803 0.835733 1.23747 -0.168105 3.69834 0.236135 -0.0508334 -0.0488644 1.22026e-05 -0.351983 0.0332211 -0.145008 -0.0257067 0.260714 -0.431532 -0.169212 2.30452 -0.0301522 0.00184999 -0.0140043 -0.275705 3.09669 -0.130451 -0.765403 0.0552109 -0.221689 -0.0195522 -0.00509232 0.0248344 -0.88173 0.528199 -0.475181 -1.34443 -1.07421 -1.30153 -0.910012 0.700143 0.458094 -3.10177 -1.03104 0.926386 0.0407445 -0.176847 0.508053 -1.28654 -0.0292162 0.175577 0.341076 -0.756278 -0.00543163 0.193818 0.51552 0.617143 -0.383733 -0.529507 -0.0585248 -0.0959386 -0.751931 0.251883 0.573374 0.0692992 -0.0916109 -1.35872 -1.09227 0.569559 0.449568 -0.953252 2.31389 -1.08709 -0.162867 0.134411 0.415517 0.66449 0.369397 0.380296 0.378582 0.703884 -0.0824772 -0.0775859 0.217085 0.409423 0.564784 0.0479494 0.187317 0.310639 -0.00320328 0.604469 1.36522 0.251103 -0.216202 1.02864 0.447243 0.522481 0.407977 0.32928 0.346618 -0.229741 0.0585941 0.348991 1.12912 0.780918 -16.7066 5.14441 -1.94584
 -5.76086e-06 0.620181 -0.0547694 -4.50278e-06 0.395315 -0.11656 999.957 -0.0788503 0.430587 0.184574 0.0173741 -0.23063 1.01832e-05 -0.10756 -0.000215533 7.37073e-06 -0.124145 0.00131588 1.53947e-06 -0.198476 0.0272326 3.5062e-06 -0.158367 0.00918622 0.119457 0.318253 -0.0635496 0.0195146 0.520904 -0.359147 0.690287 -0.141476 0.326868 0.523902 0.101016 -0.150665 -0.05738 -0.0474314 0.00143918 -0.468428 0.0786852 0.00336932 -0.0507667 -0.155443 0.0171501 -0.0654009 -0.121118 0.0729733 0.0662254 -0.125213 -0.127129 0.139419 0.000815639 -0.802708 0.255867 -0.304296 -0.0943694 -0.164179 0.160899 -0.0795135 0.0390761 -0.00303932 0.122061 0.00267723 -0.00468714 0.122859 0.00254378 -0.000527499 -0.000961575 7.98458e-06 -0.246879 0.0162057 -0.0668234 -0.0107842 0.120771 -0.0695458 -0.0247067 0.348262 0.000337506 -0.0065945 0.0313428 0.0348826 -0.281711 0.013279 -0.0833236 0.00534002 0.018101 0.0015144 0.000127964 -0.00165568 -0.0898776 0.0765666 -0.0679249 -0.27069 -0.193541 -0.0441458 0.148038 0.815383 -0.747599 0.111871 0.0748522 0.00508987 0.300269 -0.143135 0.0464513 0.118351 0.141417 -0.112191 -0.0208317 0.0122555 0.0165572 -0.00432323 0.00222357 0.00702321 -0.016816 -0.0109721 0.107625 -0.190929 0.0624914 0.0318816 -0.0408056 0.00499986 -0.00888416 0.00176755 -0.00677876 -0.0303775 0.00676854 0.0494159 0.217259 -0.118121 0.0245687 -0.00708178 -0.0112196 -0.483482 0.193394 -0.246755 0.0678278 0.151108 -0.304513 -0.0594132 -0.110248 0.189314 -0.133222 0.104373 0.0916509 0.0459222 0.125435 -0.180747 0.146505 -0.143473 0.132819 0.25652 0.0760881 -0.0740848 -0.071577 -0.00917419 -0.0113377 -0.0341607 0.00545514 -0.106343 -0.406822 -0.445922 4.21718 -0.0013202 0.677467
 -6.3845e-06 0.91154 -0.0799181 -5.62083e-06 0.558337 -0.164248 -0.0788503 15.51 -119.308 0.244307 0.0191408 -0.252217 1.28395e-05 -0.133462 -0.000275613 9.49489e-06 -0.15109 0.00160666 3.09176e-06 -0.198039 0.0271414 5.75741e-06 -0.210024 0.0124085 -0.0066047 0.939384 -0.179096 0.046881 0.766018 -0.527515 0.711602 -0.242612 0.585997 0.347791 0.483795 -0.590547 -0.0362523 -0.0651519 0.00128922 -0.489741 0.0788126 0.00292291 -0.18399 -0.121523 0.0146519 -0.0759823 -0.155134 0.0930364 0.0913792 -0.16175 -0.2847 0.277412 0.130333 -1.09052 0.010676 0.0663 -0.108257 -0.238974 0.155017 -0.0387301 0.0169063 -0.00166076 0.134297 0.123423 -0.000877943 -0.0321311 0.00733901 -0.00151952 -0.00236696 1.07802e-05 -0.32022 0.0212623 -0.083203 -0.0134016 0.150412 -0.0975062 -0.0337674 0.469496 -0.0128597 -0.0141394 0.067095 0.0293962 0.255842 -0.00854593 -0.0690818 0.00415271 0.00802127 0.00316778 0.00173015 -0.00493321 -0.115626 -0.0317707 -0.0787524 -0.14855 -0.0608524 0.0120777 0.971274 0.000640233 -0.913114 0.270587 0.184778 0.708145 0.292667 -0.235817 -0.540293 -0.230105 0.370442 -0.0895622 0.0558001 -0.0179735 -0.0387579 -0.0591084 -0.0636888 -0.0146584 -0.0647273 -0.177024 0.43627 -0.236608 0.0232623 -0.0244476 0.0918855 -0.0236546 0.00919072 0.000574916 0.037045 -0.0235607 -0.171076 -0.0109367 0.0857124 -0.1517 0.130539 0.0715636 0.0441568 -0.325473 0.0399593 -0.123389 -0.0031828 -0.118846 -0.31514 0.153474 0.165003 0.210551 -0.0370078 0.0940763 -0.0445418 -0.155068 -0.0872037 0.0464432 -0.00712561 0.192845 0.421567 0.00115781 -0.193488 -0.0942839 -0.0545277 -0.0194567 -0.021287 -0.0512377 0.00674464 -0.141159 -0.53638 -0.399068 5.5233 0.254561 0.929506
 5.0885e-05 -7.32736 0.642773 4.57824e-05 -4.43463 1.30511 0.430587 -119.308 980.372 -1.9735 -0.148681 1.95108 -0.000107321 1.11764 0.00222833 -7.88946e-05 1.2638 -0.013528 -2.51302e-05 1.65487 -0.226915 -4.74751e-05 1.7424 -0.102999 0.0817378 -7.60225 1.44914 -0.363679 -6.18552 4.25974 -5.8359 2.02916 -4.90708 -2.82676 -3.89664 4.75801 0.304971 0.565893 -0.0118507 4.03972 -0.634248 -0.0243126 1.53725 1.0495 -0.126775 0.646076 1.30664 -0.78438 -0.769888 1.33088 2.3294 -2.27149 -1.04605 8.90083 -0.0808585 -0.550215 0.875832 1.95747 -1.25945 0.307409 -0.138078 0.0135883 -1.1021 -1.01051 0.00778657 0.247583 -0.0619274 0.0128331 0.0198579 -9.03894e-05 2.67884 -0.178232 0.701663 0.113371 -1.27049 0.803493 0.277685 -3.86077 0.104844 0.11496 -0.545465 -0.281641 -2.10629 0.0706256 0.569237 -0.0343129 -0.0509201 -0.0257988 -0.0141049 0.0401911 0.946749 0.25179 0.641425 1.2193 0.511364 -0.0961684 -7.92533 -0.0169425 7.43777 -2.14811 -1.47434 -5.79178 -2.39073 1.92392 4.40582 1.87898 -3.01941 0.733647 -0.459419 0.147408 0.316243 0.482116 0.517383 0.117796 0.528885 1.44514 -3.55965 1.92958 -0.189751 0.198486 -0.750139 0.192757 -0.0751192 -0.00411116 -0.3013 0.191222 1.39403 0.0907318 -0.707025 1.24016 -1.06713 -0.586064 -0.362741 2.65522 -0.330017 1.0057 0.0239056 0.968586 2.57513 -1.25344 -1.35158 -1.72441 0.300622 -0.769696 0.361115 1.26234 0.709029 -0.380527 0.0532153 -1.5752 -3.44319 -0.0142405 1.57584 0.767999 0.443497 0.156719 0.171679 0.419563 -0.0553109 1.15155 4.3767 3.25831 -45.0434 -2.10408 -7.58437
 -0.000166427 16.8671 -1.43864 -0.000115465 14.4768 -4.20213 0.184574 0.244307 -1.9735 906.227 -11.2356 152.651 3.92885e-05 -0.503552 -0.00185252 1.81371e-05 -0.379315 0.00318637 1.75596e-06 -0.346572 0.0468898 -9.36373e-07 -0.565812 0.0341359 5.95776 7.62883 -1.53571 1.24137 6.6032 -4.53975 2.32824 3.30182 -8.61926 5.91077 3.65766 -4.65896 -0.625369 -0.0252368 -0.00464676 4.78246 -1.63336 -0.04264 2.15438 -1.46988 0.10547 0.252366 0.49152 -0.306327 0.983132 3.758 -3.74013 1.84368 -0.418107 -3.46562 2.87001 -3.82277 -0.44758 4.1972 0.0592695 -1.98608 0.0825471 0.0250788 -4.6964 3.86286 0.220716 -7.50274 -0.17188 0.036823 -0.00329484 -3.12507e-05 0.591142 -0.0531995 0.241974 0.0542903 -0.560692 1.59403 0.517027 -6.9421 -0.292704 -0.37952 1.83922 1.31076 -8.74769 0.370337 0.471339 -0.0340892 1.01724 0.00246124 -0.0105715 0.00814272 0.19113 -2.92796 -2.0318 -0.180091 5.95202 7.09261 -11.4835 -0.727009 -1.79999 25.1031 9.29826 -12.4782 3.0453 -1.64508 -2.75428 3.9569 8.16895 13.5036 -16.5679 1.58439 2.28922 1.02118 -0.583275 -1.00297 -0.568512 2.78314 -4.94411 0.362062 3.13112 -3.44819 1.31654 0.00678102 -1.58982 0.175107 -0.55094 1.49291 -5.14488 9.58252 -11.0486 7.78338 -2.3974 -0.798895 0.866724 -4.75142 -0.025725 -3.16713 -1.8278 0.910209 -0.180738 -0.440397 -0.708215 -1.42893 -1.34636 1.00964 -0.570079 -2.76542 -0.129047 0.599171 -1.39444 -0.161701 -2.52985 0.622444 1.4638 -1.84803 -2.97387 -1.20312 -1.1679 0.351362 -0.0397827 -0.376869 -0.59519 6.6996 24.6525 -18.0522 1.28226
 -1.94678e-05 2.15227 -0.183927 -1.37987e-05 1.88085 -0.546416 0.0173741 0.0191408 -0.148681 -11.2356 4.56709 -52.0251 5.44751e-06 -0.0674165 -0.000280426 2.8788e-06 -0.0549252 0.00036921 8.5438e-07 -0.0693005 0.00924489 7.4837e-07 -0.100176 0.00584945 0.613042 1.5379 -0.3007 0.209692 1.27222 -0.874854 0.265618 0.332691 -0.867272 0.412069 0.851405 -1.02684 -0.0642683 -0.0249466 -0.000333791 0.402987 -0.165617 -0.003893 0.0974974 -0.146465 0.0117173 -0.0028309 0.0309995 -0.0196545 -0.16079 0.24537 0.163426 -0.20225 0.0126878 -0.35348 0.0347462 -0.024108 -0.125495 0.0965491 0.228926 -0.266528 0.0229515 -0.00130464 -0.0701261 0.115005 0.0136388 -0.409887 -0.0101048 0.00223098 -0.000567076 -2.75662e-06 0.0528953 -0.00519032 0.0113602 0.00355773 -0.0342655 0.171533 0.0518864 -0.715548 -0.00723915 -0.014735 0.0708596 0.0365155 0.0444806 -0.00157565 0.0820596 -0.00652618 0.0775064 0.00364796 0.00126394 -0.00494889 0.0318536 -0.660427 -0.0874067 0.759286 1.24455 1.12146 -1.2161 -0.0916662 -0.534282 1.66859 0.652938 -0.510556 0.639073 -0.00547358 -0.762412 -0.347909 0.270924 0.877935 -0.464853 0.0260764 -0.03409 -0.0168962 -0.103768 -0.11941 -0.0859542 0.194958 -0.257514 -0.0847532 0.203304 -0.148728 0.0102629 -0.02322 -0.101757 0.0269643 0.108447 0.00525798 -0.252974 0.590193 -0.58894 0.151612 -0.0266686 -0.0902436 0.0364974 -0.436644 0.0247982 -0.163813 -0.109716 -0.071795 -0.145937 0.0351314 -0.0752226 -0.119063 -0.0986341 0.00759379 -0.00214483 -0.163127 0.00734071 -0.0442344 -0.189803 -0.0180575 0.034371 -0.0490628 -0.082697 -0.0896197 -0.106921 -0.0706155 -0.0761943 0.0165303 -0.00464589 -0.0829255 -0.286193 -0.170304 3.69824 -0.681429 0.496899
 0.000275722 -30.537 2.6096 0.000196713 -26.6634 7.7461 -0.23063 -0.252217 1.95108 152.651 -52.0251 740.689 -8.09273e-05 0.999181 0.00395539 -4.31535e-05 0.831924 -0.0059491 -1.21299e-05 1.05333 -0.140993 -1.05913e-05 1.46943 -0.0859445 -8.71601 -21.7259 4.24892 -2.96188 -17.9601 12.3505 -3.83927 -4.685 12.2187 -5.90473 -11.9898 14.4663 0.94518 0.421367 0.00205788 -5.7383 2.40487 0.0551067 -1.35851 2.20695 -0.181157 0.0818664 -0.381476 0.242526 2.27829 -3.53904 -2.19442 2.78703 -0.120995 5.05252 -0.548538 0.418316 1.77106 -1.4391 -3.2092 3.77541 -0.319854 0.0175964 1.09616 -1.66965 -0.197691 5.94127 0.135532 -0.0299782 0.0100465 3.69194e-05 -0.685146 0.0689857 -0.134211 -0.0460864 0.439001 -2.49768 -0.750653 10.3507 0.0921418 0.202918 -0.976179 -0.505146 -0.448887 0.0147996 -1.15387 0.0916068 -1.04839 -0.0512838 -0.0175761 0.069379 -0.448406 9.3887 1.20344 -10.7834 -17.4651 -15.75 17.2622 1.31491 7.62211 -24.216 -9.32782 7.44968 -9.04943 0.107389 10.7784 4.82241 -3.95961 -12.6074 6.85246 -0.399978 0.438244 0.218002 1.47518 1.70605 1.21893 -2.79766 3.7202 1.18492 -2.9156 2.15613 -0.167227 0.32824 1.46214 -0.386069 -1.5137 -0.0985436 3.65398 -8.48077 8.48855 -2.27463 0.418058 1.28375 -0.529904 6.22747 -0.35085 2.36024 1.57757 0.996274 2.05941 -0.486478 1.06707 1.69656 1.41109 -0.123695 0.040538 2.34308 -0.10095 0.610413 2.6943 0.256948 -0.439911 0.678498 1.13741 1.294 1.55647 1.01578 1.09397 -0.238531 0.0659448 1.17273 4.03274 2.25968 -52.4585 9.93595 -7.00795
 1.207e-09 -0.000161829 1.47451e-05 2.24477e-10 -1.15312e-06 1.10804e-06 1.01832e-05 1.28395e-05 -0.000107321 3.92885e-05 5.44751e-06 -8.09273e-05 1000 5.25068e-05 -5.85276e-06 -2.50627e-09 4.982e-05 -2.28592e-07 -2.80358e-10 5.00654e-05 -6.68321e-06 -1.01831e-09 5.56514e-05 -3.01922e-06 -0.000182836 -0.000577274 0.000113563 -1.22005e-05 -0.000233453 0.000161007 -0.000137721 8.0277e-05 -0.000198467 -7.10449e-05 4.76285e-05 -5.15247e-05 9.73083e-05 1.79437e-05 -4.55142e-07 -0.0002238 8.68914e-05 3.41447e-06 4.5711e-05 0.000104126 -1.13908e-05 2.91603e-05 5.07546e-05 -3.05759e-05 4.37796e-05 5.97179e-05 -9.78938e-05 5.99328e-05 -1.12824e-05 5.02097e-05 5.69978e-05 -8.51388e-05 6.55189e-05 -2.17478e-06 -4.78033e-05 4.62607e-05 -2.12627e-05 1.28044e-06 -1.28124e-05 -1.59455e-05 2.17782e-06 -4.99575e-05 5.34908e-08 -5.74335e-09 -5.07724e-07 -2.65918e-09 8.40524e-05 -5.1006e-06 1.7992e-05 2.65961e-06 -2.96301e-05 1.9736e-05 7.18742e-06 -0.000104725 3.66014e-06 2.88596e-06 -1.48902e-05 -4.6489e-05 0.000305511 -1.33254e-05 -1.72583e-05 1.29951e-06 -3.71496e-06 -6.69742e-07 8.12814e-08 5.93595e-07 -4.67272e-05 -0.000100391 8.55934e-06 0.000113106 6.86285e-05 1.98031e-05 -3.6502e-05 3.7676e-05 -0.000134273 3.2941e-05 2.26332e-05 0.000311639 0.00011241 -0.00023116 -8.57556e-05 8.80027e-05 0.000113447 6.7391e-05 4.30798e-05 1.27954e-05 -9.13888e-05 5.28351e-06 6.74912e-05 -7.2422e-08 -5.31641e-05 -3.38739e-05 -6.04767e-05 5.18346e-05 3.23314e-05 1.59235e-05 5.67643e-06 -1.5092e-05 -2.9647e-05 3.33271e-06 -1.52342e-05 -2.78523e-05 -3.83863e-05 -3.80292e-05 -2.62298e-05 -3.93287e-05 -1.06003e-05 8.74877e-06 2.14388e-05 2.77162e-05 1.4546e-05 2.01225e-05 1.89159e-05 -3.67494e-06 -4.68272e-05 -6.42789e-05 -2.91355e-05 1.09677e-05 2.26871e-05 -2.26377e-05 -3.77886e-05 -5.03812e-06 -1.7288e-05 3.2555e-06 -2.68777e-05 -2.04205e-05 1.60085e-05 3.68855e-05 2.02653e-05 -2.75101e-05 -1.32118e-05 -1.494e-05 -1.17917e-05 -2.19289e-07 2.61192e-06 2.42674e-05 8.01144e-05 7.94625e-05 -0.00115283 0.000346014 -0.000135013
 -1.47241e-05 1.75359 -0.160433 -2.72978e-06 0.0141607 -0.013095 -0.10756 -0.133462 1.11764 -0.503552 -0.0674165 0.999181 5.25068e-05 999.401 -0.457021 2.51459e-05 -0.550259 0.00263278 5.63967e-07 -0.495797 0.0657399 7.34941e-06 -0.561241 0.0298422 2.83542 6.78661 -1.34799 0.137104 2.6652 -1.83878 1.81875 -0.884426 2.17001 1.40153 -0.174242 0.117061 -1.3985 -0.218588 0.00654856 2.27751 -0.996092 -0.0375631 -0.297367 -1.54492 0.162824 -0.34691 -0.602155 0.363109 -0.554758 -0.242459 1.17849 -0.86813 -0.0637332 -0.453423 -0.284023 0.439765 -0.872183 0.359902 0.607954 -0.740539 0.205302 -0.0114676 0.0486718 0.253678 -0.0210255 0.443881 -0.00541591 0.00116368 0.0077718 2.71982e-05 -0.888063 0.0529351 -0.181603 -0.0257491 0.288109 -0.24487 -0.0853547 1.24436 -0.0309462 -0.0237787 0.126121 0.693326 -4.41051 0.193169 0.206692 -0.0157156 -0.000860693 0.00754267 -0.000616583 -0.00698578 0.817014 1.46252 0.0483613 -1.15891 -0.640895 -0.0729577 0.747236 -0.214417 1.34734 -0.482088 -0.272173 -3.10207 -1.56024 2.25737 1.54756 -0.936025 -1.29683 -0.923852 -0.0818991 0.0618203 0.982638 0.0270524 -0.757812 -0.212448 0.841099 0.466689 0.852431 -0.533651 -0.322017 -0.105469 -0.0126337 0.158958 0.337977 0.0429777 0.235812 0.354538 0.442935 0.382928 0.33024 0.399353 0.0988051 -0.160249 -0.340913 -0.409639 -0.17726 -0.274246 -0.284467 -0.093763 0.314587 0.462644 0.153765 -0.0647015 -0.1211 0.223148 0.33587 -0.0469731 0.119962 -0.142663 0.190751 0.11574 -0.295261 -0.707844 -0.594072 0.0901907 0.0307764 0.072142 0.0464486 0.100332 -0.0477673 -0.232746 -0.767054 -0.806614 11.1707 -3.50204 1.28568
 1.32118e-07 -0.0105991 0.000910031 9.72383e-08 -0.00828087 0.00240909 -0.000215533 -0.000275613 0.00222833 -0.00185252 -0.000280426 0.00395539 -5.85276e-06 -0.457021 0.814594 2.43006e-07 -0.00405735 5.95332e-05 3.10924e-08 -0.00289568 0.000409427 7.72711e-08 -0.00353142 0.000219869 -0.00745869 -0.0145498 0.0028786 -0.00161618 -0.00959264 0.00659819 -0.00291397 -0.00155841 0.00416014 -0.00404681 -0.00376008 0.00466896 -0.00230926 -0.00146128 8.30825e-05 -0.0106899 0.00108584 0.00011209 -0.00379078 -0.00163502 0.000281194 -0.000871028 -0.00221648 0.00135851 -7.75136e-05 -0.000917068 -0.00251289 0.00231157 -0.000200601 -6.04485e-05 -0.00108123 0.00155177 -0.000188091 -0.00134005 -0.00172864 0.00233949 -0.000169259 6.22808e-06 0.000684092 -0.000164839 -2.7164e-05 0.000762343 3.61127e-05 -7.78408e-06 -6.68486e-06 1.4663e-07 -0.00442239 0.000329972 -0.000590411 -9.12766e-05 0.0009694 -0.000246454 -0.0001429 0.00191343 -0.000179752 -0.00026082 0.0012313 -0.00102127 0.0107387 -0.00044062 -0.000458137 3.38149e-05 -0.000218435 -1.09053e-05 8.23252e-07 1.0169e-05 -0.0013979 0.000611737 -0.000334537 -0.000882791 -0.000310484 0.000114018 0.000192601 -0.000173147 -0.00109826 -0.0013117 0.000404453 0.00398599 0.00186129 -0.00254083 -0.00209141 0.0004681 0.0010215 0.000890992 0.000216688 -0.00047892 -0.00114442 0.000147583 0.0013121 0.000533741 -0.00133548 -0.00106766 -0.00103249 0.00086371 0.000382865 -0.000115163 -0.00020029 -0.000352085 -0.000477034 -0.000188713 -0.000448311 -0.000465412 -0.000427044 -0.000458789 -2.59374e-05 -0.000693065 -5.21174e-05 0.000308362 0.000593153 0.000715381 0.000305495 0.000476855 0.000403629 4.35016e-05 -0.000475502 -0.000377826 0.000274112 0.000341854 0.000236322 -0.000172398 -0.000248824 0.000269993 3.29889e-05 0.000372842 0.000107483 9.94347e-05 0.000431968 0.000997067 0.000947942 0.000126409 0.000131628 5.77003e-05 0.00010038 -0.000264095 8.36213e-05 0.000296704 0.000925989 0.000685248 -0.014859 0.00557014 -0.00157819
 8.19544e-10 -0.000150309 1.33293e-05 6.83056e-10 -7.58654e-05 2.25048e-05 7.37073e-06 9.49489e-06 -7.88946e-05 1.81371e-05 2.8788e-06 -4.31535e-05 -2.50627e-09 2.51459e-05 2.43006e-07 1000 3.46842e-05 -5.73758e-06 -8.00222e-10 4.11073e-05 -5.5091e-06 -1.35759e-09 4.15912e-05 -2.29634e-06 -2.24773e-05 -7.58453e-05 1.49863e-05 -1.32625e-05 -0.000156665 0.000107929 -6.79857e-05 4.15969e-05 -0.000103381 1.37919e-05 -1.10639e-05 1.2169e-05 -8.41184e-06 9.60121e-06 -1.32786e-07 -9.16981e-05 2.63981e-05 1.21115e-06 -2.16607e-05 2.58115e-05 -1.74025e-06 1.33336e-05 2.64071e-05 -1.56536e-05 3.8398e-05 1.78648e-05 -0.000119763 9.03093e-05 -2.74412e-05 6.54776e-05 4.77651e-05 -7.31687e-05 2.95516e-05 1.36134e-05 -5.3012e-05 4.5188e-05 -7.67418e-06 4.77178e-07 -6.92607e-06 -1.12931e-06 6.87506e-07 -1.88585e-05 -2.50768e-06 5.23491e-07 4.24383e-07 -2.03158e-09 5.85258e-05 -3.65769e-06 1.34944e-05 2.22041e-06 -2.44663e-05 5.26625e-06 2.78196e-06 -4.26618e-05 3.94931e-06 5.37027e-06 -2.66693e-05 2.66512e-05 -0.000262777 1.14235e-05 1.58585e-06 -4.83151e-08 -8.07823e-06 -8.79767e-07 1.65088e-08 8.70441e-07 -3.648e-05 -0.0001143 2.44054e-05 0.000142723 0.000118069 7.75215e-05 1.74369e-05 -3.01695e-05 -0.000188801 -2.49651e-05 1.23401e-05 0.000472404 -0.000106538 -3.08039e-05 -0.000132562 6.52233e-05 0.000178157 -3.53338e-05 5.62354e-05 -3.25434e-05 -5.91571e-05 -2.97808e-05 -7.66142e-06 1.42031e-05 -1.5386e-05 4.00919e-05 -2.65639e-05 1.17264e-05 -3.61354e-05 -6.74649e-06 5.0543e-06 -3.74958e-07 -1.41323e-05 -9.89137e-06 -2.85155e-05 -1.97924e-05 -2.91034e-05 -4.04674e-05 -4.01526e-05 -1.0427e-05 -2.36931e-05 -1.18322e-07 7.35347e-06 1.13821e-05 1.31894e-05 -1.31487e-05 -8.31739e-06 -1.17222e-05 -1.86243e-05 -4.05588e-05 -4.39685e-05 -8.95024e-06 1.07957e-05 -6.11651e-06 -3.41709e-06 1.94417e-07 -1.21239e-05 5.59526e-05 -6.82422e-07 -2.06826e-05 8.10628e-06 -1.40571e-06 -7.42696e-07 -7.32799e-06 -1.74038e-06 -6.35977e-06 -6.3568e-06 7.27669e-06 2.0375e-06 2.07605e-05 7.36092e-05 5.94044e-05 -0.000915459 0.000165879 -0.00012315
 -1.82037e-05 2.45555 -0.21998 -1.22473e-05 1.13743 -0.340013 -0.124145 -0.15109 1.2638 -0.379315 -0.0549252 0.831924 4.982e-05 -0.550259 -0.00405735 3.46842e-05 999.186 -13.2423 5.68693e-06 -0.618762 0.0828144 1.26908e-05 -0.646002 0.0354365 2.34909 3.25387 -0.667172 0.171477 2.77132 -1.91157 2.1646 -0.76373 1.84211 1.75308 0.450417 -0.638012 -0.845398 -0.216823 0.00654592 1.06295 -0.573623 -0.0218558 0.55014 -1.45349 0.133166 -0.315556 -0.586493 0.351149 -0.544786 0.673846 1.43963 -1.35905 0.0113407 -0.687101 -0.116425 0.219162 -0.898904 0.593551 1.05699 -1.29184 0.0374986 0.000699512 -0.208022 0.334875 -0.0100953 0.135343 0.0180135 -0.00358365 0.00019499 3.12997e-05 -0.957268 0.0588994 -0.220605 -0.0336155 0.372401 -0.181803 -0.0713394 1.06942 -0.0736613 -0.0735201 0.369102 0.180341 -0.531288 0.0270646 0.0907511 -0.00819695 0.0397551 0.0158929 0.000425576 -0.0164532 1.23501 2.3649 -0.0855077 -2.07756 -1.55133 -0.781663 0.256581 0.658962 2.52667 0.0465047 -0.275849 -6.75362 -0.285295 2.25051 3.20722 -0.189202 -3.69134 -1.72661 1.71337 -0.0235031 1.03886 0.442198 0.0430915 -0.301133 -0.00292315 0.555503 0.458117 -0.0129054 0.36527 0.465492 0.0803306 0.127386 0.213679 0.252949 0.643306 0.497129 0.544532 0.504147 0.636601 0.328153 0.381088 0.0835684 -0.356304 -0.69463 -0.227405 0.00364851 -0.0479235 -0.0135429 0.115118 0.272032 0.344446 0.198345 0.0548492 -0.25852 0.0227367 0.128297 0.140205 -0.850963 -0.543493 0.158533 -0.35298 -0.683045 -0.758303 -0.435656 -0.220846 -0.0941418 -0.0611093 0.0894249 -0.0721988 -0.29387 -1.02012 -0.863481 13.2203 -2.79669 1.71924
 3.91706e-07 -0.0432541 0.00383004 2.82357e-07 -0.0250985 0.00741741 0.00131588 0.00160666 -0.013528 0.00318637 0.00036921 -0.0059491 -2.28592e-07 0.00263278 5.95332e-05 -5.73758e-06 -13.2423 1.00666 -4.80047e-08 0.00480229 -0.000619187 -1.00987e-07 0.00498431 -0.000248951 -0.0365003 -0.0518799 0.0105839 -0.00431054 -0.0449013 0.030956 -0.0307669 0.00804152 -0.0189604 -0.0266841 -0.0101578 0.0135913 0.00908257 0.0017159 -2.24028e-05 -0.0212782 0.00773286 0.000363625 -0.0117475 0.0162159 -0.00131868 0.00277725 0.00489856 -0.00288638 0.00712575 -0.0106212 -0.0213566 0.0203663 -0.000442694 0.00930213 0.000433088 -0.00133114 0.011024 -0.00910716 -0.0158581 0.0195581 -0.000470111 -1.57571e-05 0.00367348 -0.00435199 8.04757e-05 -0.000471067 -0.000123496 2.24575e-05 1.08954e-05 -2.38782e-07 0.00794059 -0.000432247 0.00212492 0.000327879 -0.00367761 0.00203759 0.000709174 -0.0109519 0.000533641 0.000522059 -0.00273868 -0.00274351 0.0113762 -0.000535145 -0.00154953 0.000135292 -0.00100935 -0.000226047 -6.40703e-06 0.000234372 -0.0176163 -0.031711 -0.000389691 0.0274926 0.0220298 0.0114984 -0.00312581 -0.00966615 -0.0343274 -0.00400069 0.00370513 0.0948609 0.00412898 -0.0316231 -0.044968 0.00214436 0.0513501 0.0241666 -0.0240242 0.000124276 -0.0145759 -0.00605268 -0.000223907 0.00446582 -0.000178369 -0.00827527 -0.00641769 0.000334745 -0.0050713 -0.00663544 -0.00120085 -0.00187467 -0.00304059 -0.00366475 -0.00912656 -0.00695257 -0.00751559 -0.00707855 -0.00849643 -0.0047968 -0.0052271 -0.0010234 0.0051882 0.0100028 0.0033218 0.000181998 0.00079661 0.000169981 -0.00172469 -0.00367715 -0.0043447 -0.00245425 -0.000617218 0.00368672 -0.000209449 -0.00157965 -0.00179672 0.0120221 0.00788025 -0.00199295 0.00503333 0.00978399 0.0108672 0.00628511 0.00324869 0.0014627 0.00101745 -0.00138357 0.00103326 0.00415137 0.0143407 0.0118516 -0.187639 0.0411103 -0.024196
 -2.34703e-10 -3.90397e-05 3.33746e-06 -1.18092e-10 -1.2653e-06 3.60963e-07 1.53947e-06 3.09176e-06 -2.51302e-05 1.75596e-06 8.5438e-07 -1.21299e-05 -2.80358e-10 5.63967e-07 3.10924e-08 -8.00222e-10 5.68693e-06 -4.80047e-08 1000 1.80085e-05 -4.13113e-06 -9.55216e-10 1.79602e-05 -1.11725e-06 8.94267e-05 -3.88583e-05 5.59321e-06 1.59257e-06 2.82475e-05 -1.95235e-05 4.21791e-05 1.65115e-05 -4.49655e-05 0.000123544 -7.06163e-05 7.5572e-05 -4.90346e-05 1.35942e-06 2.18613e-07 -2.08071e-05 -5.21359e-06 -1.69191e-08 2.0795e-05 -4.89973e-05 4.96679e-06 -7.30028e-07 5.97805e-07 -2.58232e-07 1.31617e-05 3.37512e-05 -4.43917e-05 2.51151e-05 -3.73628e-05 2.09363e-05 7.27163e-05 -0.00010523 -1.02528e-05 4.4469e-05 -1.89998e-06 -1.83363e-05 -5.16716e-06 4.55324e-07 -1.62601e-05 1.30353e-05 -2.80033e-07 6.17859e-07 -1.60396e-06 3.36454e-07 4.67741e-07 -7.04157e-10 1.53493e-05 -1.11759e-06 4.35004e-06 9.15293e-07 -1.01059e-05 6.2585e-07 5.51961e-07 -7.15709e-06 3.64351e-06 3.63555e-06 -1.74255e-05 3.93448e-05 -0.000323984 1.39507e-05 3.33685e-06 -2.52156e-07 -7.40345e-06 -5.76368e-07 -5.10669e-08 6.32413e-07 1.60882e-05 -3.27373e-05 -1.31884e-05 -8.33632e-06 3.75102e-05 6.33004e-05 0.000180032 0.000238659 -0.000149754 -0.000111885 -4.3808e-05 -4.54423e-05 -3.8752e-05 8.81801e-05 2.25972e-05 -8.82178e-06 5.22054e-05 1.07223e-05 -7.88188e-07 -7.19936e-06 2.13918e-05 -9.1119e-06 -1.03031e-05 -1.35032e-05 -9.70509e-06 9.54432e-06 1.66599e-05 -6.08622e-06 -1.13995e-06 2.62929e-06 1.05071e-05 8.41904e-06 -5.92382e-06 -1.05099e-05 -5.50268e-06 -2.89518e-06 -4.10535e-06 -9.27961e-06 7.07763e-07 4.16882e-07 6.73565e-06 -1.52336e-06 -7.35035e-06 -3.14382e-06 -5.16417e-06 -1.70453e-05 -1.30903e-05 9.17687e-07 -1.52789e-05 -5.46167e-05 -4.24302e-05 2.47979e-05 1.39037e-05 -5.21263e-06 2.72937e-06 1.03727e-05 -1.21666e-05 1.39629e-05 -6.87509e-06 -9.70432e-06 -2.16646e-05 -3.18383e-05 -3.025e-05 -9.62715e-06 -4.52821e-06 -5.70532e-06 -7.16226e-06 1.28124e-05 -1.12374e-06 6.88747e-06 2.2135e-05 9.98116e-06 -0.000332983 0.00011036 -3.75724e-05
 -4.51158e-05 2.99861 -0.267294 -2.24353e-06 0.404082 -0.124903 -0.198476 -0.198039 1.65487 -0.346572 -0.0693005 1.05333 5.00654e-05 -0.495797 -0.00289568 4.11073e-05 -0.618762 0.00480229 1.80085e-05 977.865 -136.588 2.99222e-05 -1.35525 0.0811398 -1.40865 4.59992 -0.852888 -0.0976203 0.475771 -0.33007 0.950272 -1.299 3.29106 -0.383164 3.04424 -3.56214 0.33976 -0.187779 -0.000162282 -1.24999 0.304617 0.00611969 -1.25328 0.368305 -0.024437 -0.269393 -0.476246 0.284604 -0.171581 -1.06942 1.22206 -0.653231 1.05303 -2.01358 -1.90382 2.87196 -0.266205 -1.437 0.588579 0.0885586 0.0517683 -0.00313949 0.173727 -0.944333 0.0263236 -0.132892 0.00993089 -0.00207628 -0.00623244 3.95644e-05 -1.19194 0.0807281 -0.446473 -0.0761638 0.837444 -0.242797 -0.0870623 1.22702 -0.177181 -0.118518 0.580952 -1.29076 3.27026 -0.119642 0.0249751 -0.0021441 0.23779 0.0342485 -0.00418912 -0.0303242 -0.273654 3.62368 1.56358 -0.173615 -3.46235 -3.04994 -26.9703 13.6839 0.171614 1.94274 0.522677 1.54988 -5.14134 2.13266 1.89647 -0.404623 0.683337 -1.13366 -0.83464 0.506478 1.43743 0.343487 0.387689 0.810082 0.959677 0.276709 -0.0799684 -0.287715 0.904919 -0.0884918 -0.126685 0.207584 0.843737 1.72175 -0.358907 0.0868027 0.555063 0.497074 0.678018 -0.542072 0.32424 0.139907 0.332426 -0.314945 0.250739 0.66342 0.824922 0.538201 0.396177 1.1877 0.701947 -0.38551 -0.299761 -0.714227 -0.1072 0.220934 0.289704 1.02191 -0.225072 0.597291 0.760517 -0.0777483 -0.029003 -0.868061 -0.308388 -0.0622309 0.0949748 -0.477678 0.0294294 -0.466934 -1.5321 -1.0665 21.4024 -5.24781 2.68205
 6.44876e-06 -0.432189 0.0384766 3.73484e-07 -0.0649409 0.0199158 0.0272326 0.0271414 -0.226915 0.0468898 0.00924489 -0.140993 -6.68321e-06 0.0657399 0.000409427 -5.5091e-06 0.0828144 -0.000619187 -4.13113e-06 -136.588 20.0976 -4.22132e-06 0.188312 -0.0112712 0.195439 -0.651536 0.120857 0.0127436 -0.0718919 0.049842 -0.132937 0.179696 -0.455203 0.0522095 -0.431775 0.505357 -0.0478698 0.0241658 0.000107429 0.172757 -0.0429511 -0.000830221 0.173942 -0.0549153 0.00383506 0.0361316 0.0640183 -0.0382008 0.0241502 0.149878 -0.17203 0.09216 -0.147461 0.283292 0.267051 -0.402915 0.0372322 0.201354 -0.0833281 -0.011557 -0.00725609 0.000437189 -0.0237532 0.133444 -0.00377321 0.0202579 -0.00130046 0.000272035 0.000792616 -5.41389e-06 0.16408 -0.011097 0.0615729 0.0104934 -0.115436 0.0335482 0.0120695 -0.170146 0.0236725 0.0160715 -0.0788135 0.184014 -0.455469 0.0166385 -0.00366851 0.000311002 -0.0330016 -0.0048168 0.000590814 0.00426321 0.0380348 -0.505124 -0.222084 0.0175382 0.485409 0.439937 3.79997 -1.93343 -0.0210181 -0.274089 -0.076272 -0.217117 0.723184 -0.300431 -0.266791 0.0565175 -0.0967574 0.159053 0.117531 -0.0714321 -0.202372 -0.0482744 -0.0543326 -0.113782 -0.135129 -0.039254 0.0110883 0.0404792 -0.127391 0.0122656 0.0177004 -0.0293554 -0.118737 -0.242198 0.050251 -0.0122105 -0.0780381 -0.0700511 -0.0950668 0.0758945 -0.0456579 -0.0196746 -0.0467015 0.0443956 -0.0352326 -0.0931573 -0.11593 -0.0757836 -0.0558926 -0.166862 -0.0983108 0.0542426 0.0420442 0.100266 0.0149874 -0.0310448 -0.040709 -0.14362 0.0317609 -0.0839309 -0.106905 0.0110323 0.00418891 0.122001 0.0433162 0.00872823 -0.0133542 0.0670405 -0.00411496 0.0656928 0.215493 0.149909 -3.012 0.739951 -0.377243
 -4.39077e-11 -6.46273e-05 5.55701e-06 -1.17384e-10 3.65538e-07 -1.03304e-07 3.5062e-06 5.75741e-06 -4.74751e-05 -9.36373e-07 7.4837e-07 -1.05913e-05 -1.01831e-09 7.34941e-06 7.72711e-08 -1.35759e-09 1.26908e-05 -1.00987e-07 -9.55216e-10 2.99222e-05 -4.22132e-06 1000 3.34493e-05 -4.3943e-06 0.000146179 -0.000254447 4.53411e-05 1.47812e-06 1.24246e-05 -8.72464e-06 9.90035e-05 4.26939e-05 -0.000114332 0.00020317 -6.44119e-06 -4.79012e-06 -6.24234e-05 2.51608e-06 3.98651e-07 -5.54638e-05 9.14954e-07 3.08618e-07 6.99997e-05 -7.87529e-05 6.81603e-06 9.10332e-07 3.08031e-06 -1.66738e-06 4.86928e-06 9.12573e-05 -1.91769e-05 -1.28375e-05 -6.48367e-05 4.20361e-05 0.000140575 -0.000203657 -1.40149e-05 9.28262e-05 -2.15202e-06 -4.02997e-05 -8.6669e-06 8.42475e-07 -3.96445e-05 1.64203e-05 6.24304e-07 -2.31213e-05 -2.19348e-06 4.70896e-07 6.72034e-07 -1.25497e-09 3.1155e-05 -2.33487e-06 7.82625e-06 1.49124e-06 -1.6133e-05 -2.07416e-06 3.94578e-07 -4.87642e-06 5.96014e-06 5.0749e-06 -2.45601e-05 4.765e-05 -0.00034494 1.50708e-05 -2.91002e-06 1.57365e-07 -8.30757e-06 -7.64559e-07 -5.09611e-08 8.22115e-07 3.93955e-05 5.15447e-06 2.82456e-05 6.29292e-05 6.67112e-05 6.27457e-05 7.18643e-05 7.79998e-05 -0.000103777 -9.46707e-05 -3.03413e-05 7.17134e-05 2.07837e-05 -9.54486e-06 6.47054e-05 -6.7958e-06 7.92058e-05 1.8117e-05 0.000113397 -3.84776e-05 -8.99594e-07 1.29495e-06 2.7781e-06 -2.01751e-06 1.95526e-05 7.61475e-05 1.68632e-05 -3.24403e-06 -3.41371e-05 3.21322e-05 1.08427e-05 1.37456e-05 5.57456e-06 1.23193e-05 9.77162e-06 7.80966e-06 5.65879e-07 -2.17417e-05 9.02494e-06 -1.45972e-05 -1.35172e-05 -2.44348e-05 -3.47297e-05 -1.33131e-05 7.51759e-07 -8.88218e-06 -2.99241e-06 -6.78646e-06 -3.78304e-05 -0.000119606 -6.98499e-05 3.62387e-05 1.64611e-05 -1.18976e-05 -1.2844e-05 -7.47313e-06 -2.6203e-05 -1.27471e-05 -4.2026e-06 -3.65892e-05 -5.37635e-05 -5.7346e-05 -6.18578e-05 -2.39532e-05 -1.80484e-05 -1.7401e-05 -1.83609e-05 2.63828e-05 -2.49053e-06 1.37253e-05 4.5896e-05 2.43712e-05 -0.000619995 0.000138645 -7.97013e-05
 -1.51709e-05 2.39374 -0.212306 8.90494e-08 0.0615376 -0.0238504 -0.158367 -0.210024 1.7424 -0.565812 -0.100176 1.46943 5.56514e-05 -0.561241 -0.00353142 4.15912e-05 -0.646002 0.00498431 1.79602e-05 -1.35525 0.188312 3.34493e-05 995.096 -60.4649 -1.23843 10.2797 -1.92861 0.0658755 1.53392 -1.05559 -1.55687 -1.66814 4.36473 -2.64974 1.46847 -1.57031 0.334161 -0.223875 -0.00237168 0.339187 -0.130676 -0.00869708 -2.5773 0.932932 -0.0496906 -0.251035 -0.460595 0.274292 -0.296449 -1.71459 0.824505 -0.131794 1.38755 -2.52082 -2.84855 4.25722 -0.153955 -2.20143 0.223615 0.79994 0.159966 -0.0141424 0.75033 -0.31931 -0.0239574 0.779198 0.0264167 -0.00560376 -0.00897596 4.08472e-05 -1.15303 0.0803822 -0.320663 -0.0549399 0.599667 -0.15706 -0.0744608 1.04422 -0.174703 -0.130367 0.640295 -0.572206 1.58334 -0.0630427 0.106034 -0.00683724 0.18333 0.0285265 -0.00115829 -0.0276005 -0.609689 1.47231 -0.396757 -2.49679 -2.42395 -1.59357 -4.84933 2.62126 1.50307 1.98332 0.613114 -1.67593 -4.58654 2.3192 3.20682 -0.77802 -3.0641 -5.26722 1.72616 0.42892 -0.490788 -0.367852 -0.164686 0.2409 -0.456194 -1.2295 -0.561542 0.630049 1.05145 -0.381973 -0.407686 -0.239388 -0.0546886 -0.0594383 0.113371 0.065933 0.2285 0.549118 0.103149 0.359957 0.515306 0.709083 0.966184 0.472699 0.0633674 0.23758 0.269565 0.283964 0.565959 2.01901 1.30249 -0.391122 -0.296759 0.0843255 0.297497 0.41592 0.527439 0.442831 0.205854 0.732044 1.77126 0.865172 0.498856 -0.312875 0.111976 0.248985 0.334922 -0.638502 0.0406443 -0.453865 -1.52153 -0.989494 20.4334 -4.44697 2.64319
