 1000 0.00416393 -0.000383542 2.86574e-09 -0.000390511 0.000117812 -6.16079e-06 -6.7641e-06 5.40907e-05 -0.000160376 -1.8172e-05 0.000269258 1.32719e-09 -1.62815e-05 1.30583e-07 9.37062e-10 -2.12412e-05 4.50003e-07 -2.58791e-10 -4.96064e-05 7.51002e-06 1.0205e-11 -1.68515e-05 1.17623e-06 -0.000134741 -0.000498578 0.000100714 -6.38431e-05 -0.000410135 0.000293463 -3.92382e-05 -6.82286e-05 0.000177951 -1.91302e-05 -0.000195579 0.000237056 -5.99396e-05 -2.30427e-06 9.42266e-07 -0.00026454 4.92421e-05 2.72281e-06 -7.21776e-05 -4.50484e-05 7.43018e-06 -1.06938e-05 -3.18809e-05 2.18112e-05 4.14416e-05 -7.92719e-05 -0.000253366 0.000236181 -3.44178e-05 3.2439e-05 5.91634e-05 -8.82716e-05 9.35717e-07 -1.83799e-05 -7.07198e-05 8.41501e-05 -7.27597e-06 4.13809e-07 1.87645e-05 1.33727e-05 -1.43063e-06 3.19601e-05 -1.53843e-06 3.62577e-07 4.97452e-07 9.87064e-10 -3.6909e-05 3.07155e-06 -6.38947e-06 -1.1101e-06 1.15516e-05 -1.01504e-05 -3.9405e-06 5.70391e-05 2.63152e-06 3.74971e-06 -2.04169e-05 -6.44839e-06 -0.000170212 8.47257e-06 -5.27364e-06 3.39778e-07 -2.12263e-05 -1.49523e-06 -5.96377e-07 2.10746e-06 -1.72564e-05 2.97848e-05 -0.000102842 -0.00026754 -0.000157824 1.96922e-06 6.86844e-05 0.000356335 -0.000131995 -0.000261266 -0.000134895 3.88447e-05 -2.15283e-05 3.26019e-05 5.58207e-05 7.01954e-05 1.8053e-05 -5.60246e-05 -8.5642e-05 0.000182641 -0.000135529 2.47366e-05 1.22163e-06 -7.87909e-07 8.51871e-06 2.20029e-05 1.11928e-06 -2.31845e-05 4.02428e-05 -3.06487e-05 1.02052e-05 -7.42252e-06 -4.26815e-06 5.65308e-06 7.918e-06 -4.87055e-06 -1.71362e-05 0.000140481 -7.53565e-05 4.88958e-05 -1.65158e-06 1.10385e-05 2.10652e-05 2.38373e-05 3.12162e-05 -2.42707e-06 4.1812e-05 2.81327e-05 3.06499e-05 -1.29524e-05 -4.20421e-05 4.67008e-05 2.53023e-05 -2.76718e-06 8.78967e-06 -7.37e-06 3.77322e-05 5.13152e-05 2.76461e-05 3.8584e-05 1.75443e-05 -2.57982e-05 3.60175e-06 -1.24407e-05 9.51613e-06 1.02645e-05 1.24648e-05 -5.2928e-06 2.06989e-06 1.61468e-05 5.37967e-05 3.52418e-05 -0.000748071 0.000190649 -9.3082e-05
 0.00416393 554.078 -49.61 -0.000326036 40.5938 -12.2436 0.646502 0.956537 -7.70673 16.1339 2.02116 -29.9989 -0.000172893 1.89521 -0.0104583 -0.000157579 2.72776 -0.0489255 -3.89961e-05 3.30731 -0.503914 -6.96231e-05 2.55419 -0.168804 23.3139 43.2284 -8.94836 5.19261 33.0641 -23.664 8.72817 8.5027 -22.4607 13.8535 19.3244 -24.1857 2.95746 0.399606 -0.0827638 25.1298 -5.06772 -0.260562 10.9474 0.719273 -0.395126 1.50493 3.56902 -2.44651 0.275319 9.05131 14.0683 -14.7172 -0.577414 -1.54869 3.48494 -4.96275 -0.703239 5.08857 7.44886 -10.4413 0.3817 -0.0138958 -2.29201 0.904018 0.168726 -5.22891 -0.0188989 0.00522629 -0.0328335 -0.00015838 4.77176 -0.383623 1.09636 0.180052 -1.96767 1.36861 0.481785 -6.95634 0.097785 -0.0882361 0.485624 1.35468 -11.1689 0.524421 2.03994 -0.161148 0.72774 0.107387 0.0264254 -0.134874 3.79596 -3.9922 6.33634 16.1331 9.66657 -0.443535 -25.316 17.3956 -11.1708 22.3453 11.5602 -1.45129 -2.15114 -3.05839 -2.5563 6.20808 5.13354 0.872637 -9.74015 5.27627 -0.936986 0.994105 -1.9848 -1.21516 0.429868 1.16916 0.776282 1.82393 0.731439 -0.325176 0.721542 0.607728 0.327615 -0.0638857 1.23256 -0.0365743 -0.689924 3.33331 -6.77412 3.93002 -0.518946 -0.523225 -1.32119 -3.85476 -1.72701 -3.16909 -2.71092 -2.4756 -0.113694 -0.63571 -2.2442 -1.78868 -1.72139 -0.678556 -1.11139 -2.87221 -0.379818 -2.43909 -4.45349 -1.10512 -0.831932 -3.34272 -2.28407 -1.91501 -1.72441 -1.41612 -1.51314 1.01902 -0.352758 -1.21725 -3.96996 -3.27498 57.7901 -16.7893 6.85815
 -0.000383542 -49.61 5.38335 2.96047e-05 -3.69257 1.11373 -0.0605234 -0.088977 0.717202 -1.46535 -0.183905 2.72958 1.66116e-05 -0.182741 0.000955804 1.47933e-05 -0.258192 0.00459109 3.55298e-06 -0.311844 0.0474703 6.36444e-06 -0.239886 0.0158268 -2.1224 -3.93303 0.814164 -0.475064 -3.00774 2.15265 -0.794419 -0.774254 2.04525 -1.26166 -1.75849 2.20093 -0.280773 -0.0455268 0.00795041 -2.29064 0.452892 0.0237915 -1.00543 -0.0832558 0.0381935 -0.141501 -0.33407 0.228942 -0.0286986 -0.822964 -1.27827 1.33751 0.0505325 0.139722 -0.318636 0.453902 0.0582716 -0.462961 -0.678497 0.951035 -0.0346455 0.00125876 0.208585 -0.082368 -0.0153551 0.475928 0.00181406 -0.000499039 0.00314887 1.48666e-05 -0.448614 0.0359671 -0.103002 -0.0168824 0.184685 -0.12369 -0.0438746 0.633497 -0.00973171 0.00743623 -0.0410018 -0.117084 1.02123 -0.0479651 -0.185887 0.0146899 -0.068221 -0.00975808 -0.00239897 0.0122536 -0.345606 0.364202 -0.575297 -1.46736 -0.881027 0.0444742 2.30326 -1.58583 1.01648 -2.02974 -1.04919 0.131913 0.195867 0.2777 0.231755 -0.565288 -0.467312 -0.0791574 0.885992 -0.480928 0.0858575 -0.0904631 0.180605 0.110479 -0.0394509 -0.106893 -0.0708216 -0.165483 -0.0667408 0.029443 -0.0660059 -0.0554681 -0.0299501 0.00566371 -0.112285 0.00320909 0.062806 -0.30396 0.616423 -0.357771 0.0471469 0.0475743 0.120168 0.35056 0.15689 0.28819 0.246201 0.224795 0.0100726 0.0578768 0.204529 0.162586 0.156452 0.0617241 0.101082 0.261306 0.0345128 0.221667 0.404933 0.100424 0.0755904 0.304204 0.207953 0.17424 0.156784 0.128755 0.137569 -0.0927358 0.032103 0.110632 0.360823 0.297659 -5.25218 1.52554 -0.62334
 2.86574e-09 -0.000326036 2.96047e-05 1000 0.00279547 -0.00084695 -5.23881e-06 -6.53852e-06 5.34083e-05 -0.000115345 -1.35073e-05 0.000201529 3.67281e-10 -4.58149e-06 1.01059e-07 7.89575e-10 -1.5294e-05 3.41133e-07 -1.52283e-10 -4.80795e-06 7.74393e-07 -1.0503e-10 -1.3125e-06 1.12743e-07 -0.000149602 -0.000352284 7.22646e-05 -5.54501e-05 -0.000324527 0.000232243 -4.36819e-06 -5.08881e-05 0.00013094 2.58758e-05 -0.000204994 0.000245624 2.55713e-06 8.19038e-06 9.9187e-08 -0.000218671 5.984e-05 2.45398e-06 -4.32103e-05 1.09676e-06 1.86375e-06 -1.28441e-07 -1.39852e-05 9.52229e-06 2.80625e-05 -4.24471e-05 -3.27066e-05 4.04417e-05 -2.98237e-05 -1.58818e-05 6.17797e-05 -8.80915e-05 8.63091e-06 -5.5242e-05 -3.83293e-05 6.83971e-05 1.6469e-06 -3.0546e-07 3.53951e-05 -5.38696e-06 -1.45339e-06 5.06365e-05 6.23735e-06 -1.52518e-06 -1.41072e-06 5.11659e-10 -1.80099e-05 1.56945e-06 -6.15067e-06 -1.01096e-06 1.08633e-05 -1.52314e-05 -5.62399e-06 8.1084e-05 -8.87595e-07 3.63806e-07 -2.32512e-06 9.49111e-06 -8.40487e-05 3.96292e-06 2.8009e-06 -1.74546e-07 -1.41438e-05 -1.1688e-06 -4.63485e-07 1.64491e-06 -5.08181e-05 -1.44518e-05 -5.21827e-05 -0.000113878 -6.4654e-05 -4.71156e-05 2.87238e-05 2.58811e-05 -2.58924e-05 -9.92559e-05 -3.42878e-05 1.51771e-05 -2.01023e-05 5.9021e-05 6.61529e-06 6.85738e-05 -4.48329e-05 6.84349e-06 -7.35641e-06 -2.60567e-05 7.77292e-06 1.16231e-05 3.57329e-05 1.67876e-05 2.4822e-05 -3.76273e-05 -5.0944e-06 -5.74599e-07 -5.54927e-06 -2.50546e-06 1.85504e-05 5.84064e-05 4.15019e-05 -2.70703e-05 -0.000132053 -0.000197009 -5.18953e-05 0.000158419 -6.37733e-06 0.000163875 -3.21986e-05 1.55223e-05 4.23949e-05 3.86581e-05 3.35781e-05 6.09684e-06 4.2594e-05 1.2811e-05 4.32103e-05 -5.6439e-05 -9.7021e-05 6.14759e-06 -3.22994e-05 6.76133e-05 6.28227e-05 1.08816e-05 -6.80851e-06 2.25533e-05 3.18757e-05 7.77125e-05 2.91644e-05 -8.1315e-05 4.96619e-05 -5.04422e-06 1.11699e-05 1.20397e-05 1.27957e-05 -1.14629e-05 4.48809e-06 7.17652e-06 2.07151e-05 -1.15138e-05 -0.000371942 0.000142276 -4.00887e-05
 -0.000390511 40.5938 -3.69257 0.00279547 600.994 -180.27 0.456426 0.643771 -5.14215 13.8547 1.76715 -26.2049 -1.71939e-05 0.206726 -0.00822789 -8.58545e-05 1.43208 -0.0301044 -1.16606e-06 0.628807 -0.101658 -2.2991e-06 0.20787 -0.0193572 18.3404 33.5768 -6.95563 4.58861 26.4383 -18.926 10.0249 7.39991 -19.6925 13.426 16.284 -20.4883 -0.900197 -0.954431 0.00586782 16.3467 -4.75856 -0.165549 8.46776 -2.3961 0.0263449 0.320066 1.20614 -0.833022 -2.04259 6.13632 1.92174 -3.5715 0.436077 -1.87553 2.08975 -2.90778 -1.53407 4.19572 6.2813 -8.71682 0.2382 -0.00249036 -2.67015 -4.05907 0.527621 -12.4756 -0.9078 0.211393 0.199863 -4.78078e-05 1.51678 -0.139095 0.56251 0.0955949 -1.02095 1.36231 0.504474 -7.29118 0.150647 0.0144559 -0.0594058 0.527994 -10.5693 0.502267 2.6388 -0.206124 0.737818 0.0705677 0.0206393 -0.0919221 3.08421 -2.13379 2.13563 5.28208 3.77407 4.40791 2.70541 -2.63752 -1.39172 10.6413 3.81091 -3.21843 -0.3048 0.423558 -1.83444 4.42369 0.128501 -0.617941 -1.15641 2.57994 -0.0323573 -0.753704 -1.86741 -2.24532 1.24788 1.81813 0.247005 0.374613 2.53902 -1.01166 -1.95835 -0.228746 0.345257 4.6008 3.64149 -2.0778 -1.63441 3.29356 -7.92509 3.86382 0.532693 -0.509646 -1.4979 -2.30161 -1.33402 -1.31182 -1.29549 -2.37268 0.311143 0.324573 -0.685313 -1.3177 -1.93238 -0.129467 -0.59507 -1.03704 0.0253046 -2.04437 -4.64682 -0.859722 0.763405 -3.46083 -1.50202 -1.77615 -1.38443 -1.12565 -1.17476 0.726823 -0.275433 -1.17161 -3.76216 -3.07483 56.2237 -17.6604 6.48359
 0.000117812 -12.2436 1.11373 -0.00084695 -180.27 55.3725 -0.13933 -0.196162 1.56732 -4.17606 -0.533098 7.90527 5.9242e-06 -0.0710536 0.0024854 2.63312e-05 -0.441388 0.00921197 3.46501e-07 -0.196928 0.0317408 6.89636e-07 -0.0683817 0.00619403 -5.53244 -10.128 2.09807 -1.38707 -7.97425 5.70842 -3.02356 -2.23255 5.94117 -4.0502 -4.91171 6.17988 0.262221 0.280787 -0.00144303 -4.93367 1.42918 0.0499961 -2.56174 0.70715 -0.00599873 -0.10025 -0.371689 0.256611 0.616064 -1.85082 -0.57991 1.07746 -0.133816 0.564993 -0.631458 0.878772 0.457625 -1.26526 -1.89531 2.63004 -0.0718279 0.000750653 0.805272 1.22419 -0.159125 3.7625 0.274541 -0.0639285 -0.0604565 1.48239e-05 -0.470274 0.0428946 -0.172804 -0.0293106 0.313332 -0.410215 -0.152184 2.19953 -0.0463063 -0.00493892 0.0210314 -0.152508 3.19042 -0.151631 -0.796033 0.0621841 -0.223949 -0.0212782 -0.00622262 0.0277165 -0.930216 0.64405 -0.643892 -1.59287 -1.13868 -1.32998 -0.81538 0.794985 0.420142 -3.21017 -1.14859 0.970849 0.0921611 -0.127939 0.553022 -1.33438 -0.0389627 0.186177 0.348747 -0.777848 0.0095809 0.22729 0.563072 0.677022 -0.376512 -0.548341 -0.0745968 -0.112773 -0.765562 0.304881 0.590313 0.0687052 -0.104315 -1.38724 -1.09773 0.627077 0.49302 -0.993623 2.38987 -1.16557 -0.16049 0.153757 0.451734 0.694189 0.402277 0.395686 0.390561 0.715371 -0.0939638 -0.0976422 0.207206 0.397534 0.582888 0.0389402 0.179405 0.312874 -0.00741549 0.616583 1.40128 0.259179 -0.230185 1.04397 0.453085 0.535702 0.417529 0.339507 0.354309 -0.219234 0.0830717 0.35331 1.13453 0.927311 -16.9545 5.32518 -1.95522
 -6.16079e-06 0.646502 -0.0605234 -5.23881e-06 0.456426 -0.13933 999.957 -0.0802037 0.44001 0.185409 0.0164772 -0.227874 1.00736e-05 -0.108834 -0.000207891 7.12757e-06 -0.126367 0.00144981 1.3507e-06 -0.198988 0.0290324 3.31209e-06 -0.157974 0.00943957 0.114287 0.343495 -0.0713196 0.0284629 0.559238 -0.401222 0.686732 -0.117148 0.265189 0.540964 0.115804 -0.174012 -0.0622213 -0.0529128 0.00175994 -0.485721 0.0774722 0.00386699 -0.0592119 -0.175159 0.0201831 -0.0654057 -0.12732 0.0852628 0.0696815 -0.136379 -0.150973 0.169179 -0.00229274 -0.827694 0.268493 -0.323417 -0.105873 -0.182868 0.161218 -0.0724851 0.0431654 -0.00346851 0.116414 -0.00262475 -0.00405025 0.118539 0.00269921 -0.000608009 -0.00120234 7.91858e-06 -0.249916 0.0169765 -0.0663315 -0.0102983 0.121303 -0.0706026 -0.023256 0.3482 0.00302952 -0.00266162 0.013794 0.0446325 -0.346069 0.0176895 -0.0812728 0.00568426 0.0190396 0.0014091 7.15042e-05 -0.00149306 -0.0979522 0.0857415 -0.104334 -0.323044 -0.196565 -0.0448821 0.221551 0.814936 -0.695747 -0.052825 0.00246352 0.0252819 0.291371 -0.123342 0.0696867 0.142292 0.138862 -0.115104 -0.0258817 0.0163279 0.0187934 -0.00299983 0.00505441 0.00962981 -0.0119239 -0.00565851 0.111855 -0.2033 0.0662011 0.0356838 -0.0381323 0.00966512 -0.00182337 0.00805471 -0.0032981 -0.0323966 0.010382 0.0581999 0.221911 -0.121117 0.0251922 -0.00893285 -0.0101466 -0.483557 0.202775 -0.244886 0.0705925 0.157755 -0.316938 -0.0632633 -0.111249 0.198723 -0.130359 0.11162 0.0985711 0.0533308 0.128037 -0.179137 0.146258 -0.141344 0.137042 0.268259 0.0859948 -0.0728818 -0.0703226 -0.00680745 -0.00821899 -0.0329182 0.00823993 -0.105801 -0.401245 -0.456793 4.22228 -0.0506415 0.670665
 -6.7641e-06 0.956537 -0.088977 -6.53852e-06 0.643771 -0.196162 -0.0802037 15.4786 -119.169 0.244295 0.0174901 -0.239 1.28178e-05 -0.135821 -0.000266025 9.17755e-06 -0.15324 0.00175522 2.96297e-06 -0.195981 0.0285614 5.56308e-06 -0.211491 0.0128944 -0.0178401 0.994507 -0.19789 0.0570458 0.807888 -0.579002 0.697939 -0.220726 0.532746 0.346819 0.511974 -0.639707 -0.0408072 -0.0717349 0.00161022 -0.514657 0.0787789 0.00346927 -0.200866 -0.142899 0.018015 -0.0764112 -0.164522 0.109774 0.0923807 -0.186294 -0.313804 0.320989 0.136692 -1.10878 -0.00830138 0.100659 -0.126529 -0.272471 0.166666 -0.0319773 0.0258359 -0.0024288 0.146289 0.121682 -0.000949066 -0.0370708 0.00794433 -0.00177717 -0.00298537 1.07759e-05 -0.326516 0.0224317 -0.0832818 -0.0129134 0.15242 -0.105484 -0.034029 0.501066 -0.00867279 -0.00806488 0.0420572 0.0515763 0.223185 -0.00836726 -0.0644215 0.004185 0.00699673 0.00327156 0.00187076 -0.00518014 -0.122798 -0.0240028 -0.0894221 -0.154071 -0.0473974 0.0132832 1.05472 -0.0580532 -0.849093 0.060787 0.101594 0.792306 0.320137 -0.242468 -0.568522 -0.23619 0.387921 -0.0881823 0.0603515 -0.0151823 -0.0410603 -0.0644139 -0.0672794 -0.0164572 -0.0630436 -0.169259 0.453782 -0.253823 0.0272527 -0.0158661 0.0932445 -0.0226134 0.0177105 0.0114044 0.0432026 -0.0349009 -0.177287 -0.000607211 0.08814 -0.151392 0.13774 0.0722682 0.0427255 -0.3288 0.0439259 -0.121966 -0.00385641 -0.125663 -0.3232 0.171579 0.185404 0.220435 -0.0370135 0.0986263 -0.0411535 -0.154757 -0.088706 0.0513008 -0.00821832 0.204321 0.430141 0.00120573 -0.19642 -0.0949779 -0.0539146 -0.0170846 -0.0172526 -0.0475872 0.009986 -0.142028 -0.535123 -0.450238 5.59463 0.186787 0.930381
 5.40907e-05 -7.70673 0.717202 5.34083e-05 -5.14215 1.56732 0.44001 -119.169 980.193 -1.97807 -0.135716 1.84561 -0.00010713 1.13741 0.00215254 -7.6267e-05 1.28234 -0.0147744 -2.40461e-05 1.63846 -0.238889 -4.58495e-05 1.75429 -0.107006 0.173376 -8.06013 1.60353 -0.448183 -6.53574 4.68416 -5.73059 1.85067 -4.47323 -2.82287 -4.13186 5.16423 0.343079 0.622036 -0.0146089 4.24814 -0.633655 -0.0288498 1.67873 1.22921 -0.155144 0.64967 1.38618 -0.925635 -0.779524 1.53341 2.57093 -2.63152 -1.09637 9.06029 0.0733917 -0.830721 1.02687 2.2324 -1.35548 0.251774 -0.210926 0.0198567 -1.20012 -0.995775 0.00822771 0.290264 -0.0674518 0.0151059 0.0251051 -9.04003e-05 2.73249 -0.188069 0.702691 0.10932 -1.28827 0.868276 0.27967 -4.11802 0.0700597 0.0646894 -0.337154 -0.467931 -1.8412 0.0693523 0.531854 -0.0346529 -0.0418411 -0.0266696 -0.015262 0.0422401 1.00595 0.185404 0.729557 1.26796 0.403507 -0.10239 -8.61436 0.457804 6.91769 -0.415669 -0.784659 -6.48769 -2.61837 1.97894 4.63983 1.92987 -3.16543 0.722747 -0.497388 0.124072 0.334781 0.525326 0.54678 0.132199 0.514959 1.38257 -3.70668 2.07161 -0.222987 0.127994 -0.762311 0.184045 -0.14531 -0.093429 -0.3524 0.283555 1.44557 0.00610995 -0.72798 1.23844 -1.12742 -0.592808 -0.351857 2.68457 -0.363253 0.994663 0.0291137 1.02483 2.64321 -1.40283 -1.51971 -1.80725 0.30056 -0.808011 0.333443 1.26065 0.721627 -0.420947 0.0618878 -1.67086 -3.51696 -0.0150074 1.60098 0.774103 0.438567 0.137109 0.13852 0.390152 -0.0819506 1.15982 4.37078 3.67861 -45.6722 -1.55149 -7.59913
 -0.000160376 16.1339 -1.46535 -0.000115345 13.8547 -4.17606 0.185409 0.244295 -1.97807 908.91 -10.646 150.977 3.87759e-05 -0.502659 -0.00174818 1.77026e-05 -0.384422 0.00370337 1.83888e-06 -0.409862 0.0595511 -7.69363e-07 -0.601441 0.0375971 6.18369 7.4343 -1.5742 1.19357 6.35491 -4.54849 2.21682 3.15269 -8.28759 5.81655 3.50122 -4.58966 -0.680755 -0.0209053 -0.00427679 4.72413 -1.61695 -0.045116 2.29316 -1.47088 0.104537 0.274111 0.531849 -0.366205 1.08271 3.1511 -4.07166 2.31492 -0.481113 -2.75745 2.61285 -3.56914 -0.503865 3.68679 0.354245 -2.23206 0.23224 0.00923735 -4.0035 4.03595 0.161526 -6.7647 -0.189419 0.0441798 -0.00570651 -3.03288e-05 0.582098 -0.0534418 0.242353 0.0524576 -0.567722 1.32786 0.404514 -5.7445 -0.287249 -0.3476 1.87861 1.0703 -9.07484 0.430936 0.500864 -0.0394015 0.970449 0.000430919 -0.0109755 0.0105974 0.224164 -4.28446 -1.51984 1.48291 5.65534 6.70243 -11.1428 -1.05705 -0.00355499 21.8146 8.74195 -12.0959 2.90767 -1.71905 -2.71521 4.15422 8.34379 13.5 -16.8752 1.93336 2.23647 0.992783 -0.543647 -0.983137 -0.556372 2.87294 -4.95844 0.36885 3.2161 -3.43944 1.26907 0.0638383 -1.5613 0.16613 -0.447093 1.21022 -5.13283 9.72421 -10.95 7.83505 -2.35701 -0.803048 0.902377 -4.70398 0.00155486 -3.14062 -1.77743 0.950857 -0.201052 -0.483779 -0.865974 -1.30599 -1.27426 1.08944 -0.493189 -2.73538 -0.0832856 0.627742 -1.35434 -0.126133 -2.50271 0.683085 1.5707 -1.80746 -2.93438 -1.17197 -1.11393 0.328828 -0.0537611 -0.358336 -0.548276 5.20668 23.9332 -18.2081 1.13862
 -1.8172e-05 2.02116 -0.183905 -1.35073e-05 1.76715 -0.533098 0.0164772 0.0174901 -0.135716 -10.646 4.23876 -49.6249 5.25061e-06 -0.0650611 -0.000255461 2.74821e-06 -0.0540208 0.000425023 1.00487e-06 -0.0767142 0.0109779 7.05956e-07 -0.102731 0.00621828 0.574366 1.47117 -0.300851 0.199755 1.19534 -0.855712 0.22852 0.308372 -0.808466 0.368474 0.799704 -0.988101 -0.0701081 -0.0214336 -0.000320804 0.366473 -0.153694 -0.00384159 0.0937332 -0.13722 0.0111999 0.000436683 0.0303039 -0.0212347 -0.146036 0.213943 0.159387 -0.19891 0.0226489 -0.312666 0.00329271 0.0193545 -0.121473 0.0635191 0.229094 -0.2694 0.0315393 -0.00212167 -0.0386978 0.138865 0.0094953 -0.347436 -0.0133212 0.00316585 -0.00024017 -2.62871e-06 0.0515869 -0.00511691 0.0109996 0.00328285 -0.0329625 0.137648 0.0394852 -0.57842 -0.0136793 -0.0190612 0.102082 0.0167479 0.0690676 -0.00284998 0.0798549 -0.00683506 0.0774363 0.00372796 0.00141073 -0.00517811 0.0238045 -0.740779 0.0519165 0.97884 1.1669 1.05483 -1.15547 -0.137964 -0.463612 1.58717 0.683455 -0.495946 0.616674 -0.0263394 -0.760316 -0.341726 0.267809 0.845186 -0.458101 0.022313 -0.0447698 -0.0266738 -0.10441 -0.119914 -0.0893848 0.186157 -0.258184 -0.0851887 0.195807 -0.151935 0.00441401 -0.0285647 -0.104355 0.017483 0.101837 -0.0100162 -0.250377 0.56629 -0.562872 0.136648 -0.0296612 -0.0927388 0.0289482 -0.424632 0.0178522 -0.161249 -0.108858 -0.074829 -0.149129 0.033269 -0.0624308 -0.115636 -0.099906 0.00393286 -0.00334801 -0.159328 0.00312702 -0.0466196 -0.185157 -0.0206741 0.0305269 -0.0492903 -0.0814051 -0.0893173 -0.106389 -0.0714769 -0.0757691 0.0159381 -0.00580619 -0.078412 -0.269506 -0.205299 3.50451 -0.662953 0.467687
 0.000269258 -29.9989 2.72958 0.000201529 -26.2049 7.90527 -0.227874 -0.239 1.84561 150.977 -49.6249 739.427 -8.15796e-05 1.00913 0.00376773 -4.29911e-05 0.8569 -0.00709471 -1.48868e-05 1.21371 -0.174114 -1.03946e-05 1.57408 -0.0954072 -8.54966 -21.7346 4.44583 -2.95255 -17.6481 12.6339 -3.46567 -4.54107 11.9114 -5.53163 -11.777 14.558 1.07673 0.390499 0.00176798 -5.45474 2.33811 0.0568227 -1.36564 2.17389 -0.182621 0.0351159 -0.386761 0.271799 2.16302 -3.22904 -2.2346 2.86107 -0.274546 4.66742 -0.102529 -0.211556 1.79556 -1.00722 -3.3663 3.99563 -0.464775 0.0307894 0.665271 -2.1065 -0.144077 5.27046 0.189413 -0.0450688 0.00589395 3.67649e-05 -0.697355 0.0709349 -0.135526 -0.0443265 0.439703 -2.10124 -0.598599 8.76763 0.194287 0.278463 -1.49162 -0.233992 -0.843375 0.0337859 -1.1752 0.100438 -1.0972 -0.0547901 -0.0205456 0.075914 -0.348988 11.0071 -0.810652 -14.5159 -17.1085 -15.4804 17.1525 2.07096 6.91202 -24.1407 -10.2297 7.57812 -9.13075 0.422853 11.2448 4.95189 -4.09702 -12.7036 7.07489 -0.368494 0.61803 0.373579 1.55215 1.79211 1.32727 -2.79642 3.90249 1.2463 -2.94048 2.30411 -0.0867111 0.422034 1.56821 -0.262145 -1.48723 0.128311 3.78442 -8.52085 8.49426 -2.15826 0.481707 1.38054 -0.442929 6.33705 -0.263968 2.43157 1.63746 1.08723 2.20278 -0.479767 0.931754 1.72312 1.49459 -0.0757642 0.0596121 2.39536 -0.0434812 0.674247 2.75009 0.307548 -0.403041 0.713039 1.16954 1.34918 1.62053 1.07559 1.13794 -0.240469 0.0862037 1.15994 3.97216 2.91151 -52.0072 10.1223 -6.89798
 1.32719e-09 -0.000172893 1.66116e-05 3.67281e-10 -1.71939e-05 5.9242e-06 1.00736e-05 1.28178e-05 -0.00010713 3.87759e-05 5.25061e-06 -8.15796e-05 1000 5.1921e-05 -5.55059e-06 -2.43038e-09 5.0218e-05 -2.78224e-07 -2.63799e-10 4.90968e-05 -6.98087e-06 -1.00126e-09 5.54772e-05 -3.11549e-06 -0.000185945 -0.000583949 0.000120141 -1.51415e-05 -0.000238444 0.000171123 -0.000131414 7.47095e-05 -0.000185464 -7.26913e-05 4.59157e-05 -5.05914e-05 9.89446e-05 2.01794e-05 -5.82395e-07 -0.000235038 9.05844e-05 3.69916e-06 4.70498e-05 0.000111591 -1.26776e-05 2.8347e-05 5.2092e-05 -3.49227e-05 3.91308e-05 7.16124e-05 -8.40314e-05 4.53548e-05 -1.07938e-05 4.99676e-05 5.48276e-05 -8.37755e-05 7.01689e-05 3.58352e-07 -4.46849e-05 4.43312e-05 -2.25564e-05 1.49349e-06 -1.30434e-05 -1.60448e-05 1.879e-06 -4.52833e-05 -2.67675e-07 7.13992e-08 -5.54519e-07 -2.62652e-09 8.44574e-05 -5.31314e-06 1.73503e-05 2.46024e-06 -2.87728e-05 1.64687e-05 5.71919e-06 -8.95928e-05 3.3466e-06 2.26438e-06 -1.329e-05 -4.30438e-05 0.00029443 -1.42869e-05 -1.78088e-05 1.43055e-06 -3.59147e-06 -6.39339e-07 7.07567e-08 5.73742e-07 -4.05091e-05 -0.000116179 1.57191e-05 0.000123291 7.36304e-05 2.71609e-05 -5.40297e-05 2.46328e-05 -0.000124835 6.67288e-05 3.90396e-05 0.000323015 9.47886e-05 -0.000240857 -8.57599e-05 7.62439e-05 0.000101557 5.92523e-05 3.99473e-05 2.3717e-06 -0.000100145 -2.98288e-06 5.6657e-05 -1.42844e-05 -4.98242e-05 -2.92531e-05 -5.89422e-05 5.49581e-05 3.33281e-05 2.73506e-05 2.33171e-06 -1.60145e-05 -2.69096e-05 6.8898e-06 -1.37008e-05 -2.42202e-05 -3.69813e-05 -3.38768e-05 -2.66171e-05 -3.72313e-05 -9.51259e-06 8.81002e-06 1.88824e-05 2.571e-05 1.42111e-05 2.16269e-05 1.9585e-05 -1.9536e-06 -4.69916e-05 -6.29308e-05 -2.97137e-05 1.08973e-05 2.34949e-05 -2.44392e-05 -3.86885e-05 -6.64609e-06 -1.65623e-05 3.29234e-06 -2.67992e-05 -1.76021e-05 1.97033e-05 4.07423e-05 2.25445e-05 -2.53385e-05 -1.22943e-05 -1.42864e-05 -1.14185e-05 -1.08396e-06 2.92622e-06 2.32601e-05 7.60916e-05 8.01701e-05 -0.00111033 0.000343899 -0.0001282
 -1.62815e-05 1.89521 -0.182741 -4.58149e-06 0.206726 -0.0710536 -0.108834 -0.135821 1.13741 -0.502659 -0.0650611 1.00913 5.1921e-05 999.399 -0.460255 2.47967e-05 -0.56341 0.00323933 5.08498e-07 -0.500467 0.0707433 7.45046e-06 -0.572128 0.0315084 2.80687 6.90565 -1.43302 0.168317 2.73137 -1.96088 1.77131 -0.826147 2.03269 1.39135 -0.186619 0.134191 -1.42263 -0.24987 0.00853758 2.39315 -1.03916 -0.0405694 -0.358291 -1.62843 0.179282 -0.33952 -0.626544 0.42028 -0.493071 -0.410273 1.01392 -0.6987 -0.0610064 -0.442185 -0.291304 0.45936 -0.930646 0.301362 0.565129 -0.714395 0.21581 -0.0133525 0.0404048 0.258816 -0.0183123 0.393864 -0.00218436 0.000463336 0.00848952 2.73852e-05 -0.907845 0.0561748 -0.17824 -0.0243513 0.286396 -0.206762 -0.0686741 1.076 -0.0276276 -0.0189375 0.115055 0.642285 -4.54752 0.221503 0.208791 -0.0170864 -0.00140181 0.00695621 -0.000547227 -0.00646549 0.782007 1.51028 -0.110666 -1.40452 -0.796665 -0.219077 0.821891 -0.132493 1.31016 -0.787011 -0.433016 -3.26191 -1.4727 2.41923 1.5713 -0.809315 -1.15899 -0.84534 -0.0829916 0.0544403 0.963839 0.0220284 -0.707057 -0.132099 0.863072 0.466335 0.794674 -0.552839 -0.328041 -0.0985768 0.0454965 0.209284 0.34259 0.0308653 0.234457 0.337069 0.431692 0.384679 0.32197 0.386196 0.0857733 -0.170115 -0.342559 -0.396208 -0.172509 -0.270649 -0.267367 -0.0567289 0.364961 0.502619 0.180884 -0.0554167 -0.123959 0.248225 0.367023 -0.0201811 0.13903 -0.114122 0.216348 0.13083 -0.290578 -0.687029 -0.558727 0.116824 0.0520593 0.0886518 0.062698 0.0815018 -0.0597347 -0.228682 -0.746419 -0.814928 11.0104 -3.52738 1.25371
 1.30583e-07 -0.0104583 0.000955804 1.01059e-07 -0.00822789 0.0024854 -0.000207891 -0.000266025 0.00215254 -0.00174818 -0.000255461 0.00376773 -5.55059e-06 -0.460255 0.8146 2.28143e-07 -0.00403759 6.23444e-05 2.96433e-08 -0.00287447 0.000431247 7.36364e-08 -0.00352808 0.000225884 -0.00742282 -0.0147083 0.00304376 -0.00158941 -0.00954558 0.00683483 -0.00287145 -0.0015343 0.00412796 -0.00397412 -0.00366969 0.00467793 -0.00237453 -0.00150936 8.90163e-05 -0.0110366 0.00111816 0.000123592 -0.00386698 -0.00171514 0.000303773 -0.000802228 -0.00220705 0.00149776 -2.46652e-05 -0.000652508 -0.00224234 0.00208562 -0.000231706 -0.000140555 -0.00103105 0.00151626 -0.000196426 -0.00120117 -0.00169033 0.00240956 -0.000197408 9.46972e-06 0.000633142 -0.000237468 -2.12814e-05 0.000716269 1.98255e-05 -4.65767e-06 -3.5946e-06 1.43968e-07 -0.00447053 0.000343086 -0.00056624 -8.46526e-05 0.000941851 -0.000224359 -0.000131882 0.00187297 -0.000173497 -0.000232084 0.0012215 -0.00100562 0.0102937 -0.000476107 -0.000455105 3.63149e-05 -0.000215517 -1.09945e-05 3.873e-07 1.06995e-05 -0.00137078 0.000535356 -0.000294158 -0.000726605 -0.000270106 7.19232e-05 0.000124829 -0.000207434 -0.0011489 -0.00089063 0.000608813 0.00416679 0.00176393 -0.00271149 -0.00205923 0.000368233 0.000897497 0.000816317 0.0002151 -0.000462094 -0.00111802 0.00016698 0.00126992 0.000465247 -0.00132433 -0.00104786 -0.000984603 0.000874768 0.000389939 -0.000105164 -0.000244827 -0.000383257 -0.000456738 -0.000141518 -0.000440016 -0.000434183 -0.00040761 -0.000474728 -2.25524e-05 -0.000671304 -3.33836e-05 0.000326144 0.000606587 0.000717113 0.000325182 0.000486839 0.000388824 5.13894e-06 -0.000525334 -0.000421388 0.00024422 0.000340454 0.000249418 -0.000195205 -0.000283379 0.000241445 1.19601e-05 0.000343088 7.88118e-05 8.53642e-05 0.000435976 0.000982056 0.000913289 9.96851e-05 0.000111746 4.52112e-05 8.63876e-05 -0.00023077 0.000109142 0.00029026 0.000897202 0.000766085 -0.0145945 0.0055955 -0.00152818
 9.37062e-10 -0.000157579 1.47933e-05 7.89575e-10 -8.58545e-05 2.63312e-05 7.12757e-06 9.17755e-06 -7.6267e-05 1.77026e-05 2.74821e-06 -4.29911e-05 -2.43038e-09 2.47967e-05 2.28143e-07 1000 3.41938e-05 -5.38767e-06 -7.40711e-10 4.04416e-05 -5.7673e-06 -1.28408e-09 4.06678e-05 -2.31523e-06 -1.56237e-05 -7.00645e-05 1.43867e-05 -1.35561e-05 -0.00015135 0.000108516 -5.8428e-05 3.80826e-05 -9.53913e-05 2.15743e-05 -8.41045e-06 8.74943e-06 -7.02553e-06 9.61384e-06 -1.54359e-07 -9.0685e-05 2.636e-05 1.25584e-06 -1.93549e-05 2.74086e-05 -2.05126e-06 1.27752e-05 2.67565e-05 -1.76879e-05 3.64898e-05 2.54749e-05 -0.000117935 8.87976e-05 -2.88311e-05 6.60322e-05 5.11273e-05 -7.97331e-05 3.00698e-05 1.977e-05 -5.06709e-05 4.23255e-05 -9.13872e-06 6.30452e-07 -7.5505e-06 5.36344e-07 5.67683e-07 -1.77987e-05 -2.40423e-06 5.42479e-07 5.02773e-07 -1.93908e-09 5.71199e-05 -3.69986e-06 1.2899e-05 2.04454e-06 -2.36364e-05 3.49992e-06 2.06396e-06 -3.45714e-05 3.11117e-06 3.83729e-06 -2.15656e-05 1.82512e-05 -0.000233662 1.1419e-05 1.02409e-07 4.98344e-08 -8.04053e-06 -9.18179e-07 -3.60716e-08 9.62179e-07 -3.69652e-05 -8.74135e-05 4.66914e-05 0.000153695 0.000107888 7.09294e-05 1.83149e-05 -3.06724e-05 -0.000185445 1.99256e-05 2.90349e-05 0.000469627 -0.00010494 -3.78672e-05 -0.000133272 5.4504e-05 0.000165435 -2.81437e-05 6.95558e-05 -3.60411e-05 -6.2705e-05 -3.01682e-05 -1.24459e-05 1.39769e-05 -1.35212e-05 3.69412e-05 -3.22812e-05 6.01131e-06 -4.2221e-05 -9.18271e-06 7.40014e-06 2.17126e-06 -8.91004e-06 -7.54786e-06 -2.67343e-05 -1.75076e-05 -2.83981e-05 -4.17894e-05 -3.9082e-05 -1.48927e-05 -2.48166e-05 -3.80734e-06 2.47003e-06 6.3853e-06 9.01677e-06 -1.50299e-05 -1.00666e-05 -1.39913e-05 -1.62742e-05 -4.11004e-05 -4.69664e-05 -9.75577e-06 8.77952e-06 -9.45806e-06 -6.53083e-06 -4.74683e-06 -1.69705e-05 4.96799e-05 -3.48985e-06 -2.27511e-05 5.94981e-06 -4.67389e-06 -2.55966e-06 -1.1534e-05 -4.73923e-06 -8.9274e-06 -8.60502e-06 7.35662e-06 2.55298e-06 1.99701e-05 7.01179e-05 6.17214e-05 -0.000884443 0.00016817 -0.000117668
 -2.12412e-05 2.72776 -0.258192 -1.5294e-05 1.43208 -0.441388 -0.126367 -0.15324 1.28234 -0.384422 -0.0540208 0.8569 5.0218e-05 -0.56341 -0.00403759 3.41938e-05 999.141 -13.9997 5.28887e-06 -0.633809 0.0902669 1.23777e-05 -0.659353 0.0372992 2.35791 3.25713 -0.698898 0.196736 2.84384 -2.04132 2.1186 -0.709655 1.71276 1.74793 0.439408 -0.642352 -0.894847 -0.244548 0.00843672 1.10106 -0.606405 -0.0231955 0.529398 -1.56741 0.150502 -0.315435 -0.62415 0.416101 -0.533715 0.561384 1.45829 -1.38977 0.013065 -0.673911 -0.139663 0.258245 -0.974268 0.514359 1.04338 -1.3267 0.047338 -0.000271678 -0.227359 0.312417 -0.00843248 0.10017 0.0187179 -0.0040521 8.36286e-05 3.15029e-05 -0.98312 0.0627312 -0.220037 -0.0322011 0.374762 -0.142346 -0.0557547 0.90823 -0.065245 -0.057612 0.32774 0.225486 -0.922054 0.0471745 0.0951383 -0.0091028 0.0424285 0.0164673 0.00114885 -0.017763 1.25092 2.25861 -0.399457 -2.3934 -1.59281 -0.836242 0.320582 0.769957 2.65875 -0.570884 -0.541556 -7.08722 -0.265494 2.40564 3.35781 -0.130714 -3.5718 -1.66498 1.71031 -0.0183678 1.10702 0.473669 0.0490599 -0.315726 0.0169554 0.57258 0.493226 0.00365826 0.367685 0.467476 0.0783341 0.136014 0.218277 0.256778 0.649857 0.493274 0.563182 0.539653 0.649369 0.343974 0.389743 0.0801081 -0.360136 -0.693826 -0.212415 0.0270397 -0.0166559 0.016839 0.159243 0.319804 0.405464 0.234171 0.0824293 -0.229459 0.0569434 0.169655 0.187419 -0.807315 -0.511675 0.211157 -0.280217 -0.628518 -0.718843 -0.412756 -0.193012 -0.0659504 -0.0317341 0.0686421 -0.0957304 -0.290985 -0.998094 -0.908615 13.191 -2.9743 1.6861
 4.50003e-07 -0.0489255 0.00459109 3.41133e-07 -0.0301044 0.00921197 0.00144981 0.00175522 -0.0147744 0.00370337 0.000425023 -0.00709471 -2.78224e-07 0.00323933 6.23444e-05 -5.38767e-06 -13.9997 1.02833 -4.24022e-08 0.00535127 -0.000737531 -1.02757e-07 0.0055481 -0.000288476 -0.0384558 -0.054484 0.0116351 -0.00478399 -0.0480042 0.0344435 -0.0317601 0.00790455 -0.0186131 -0.0279067 -0.0102895 0.0142005 0.0103476 0.00222834 -4.88757e-05 -0.0228663 0.00861586 0.000407123 -0.0120686 0.0187433 -0.00162095 0.00307485 0.00577697 -0.00380978 0.00738449 -0.00941816 -0.0226902 0.0218678 -0.000519792 0.00954224 0.000892834 -0.00207363 0.0126899 -0.00831948 -0.0164894 0.0211755 -0.000660091 -7.85918e-07 0.00405646 -0.00434557 7.29102e-05 -0.000156198 -0.000138496 2.75696e-05 1.55434e-05 -2.65027e-07 0.00895279 -0.000514792 0.00231045 0.000341118 -0.00401731 0.00167443 0.000562778 -0.0095653 0.000474499 0.000399899 -0.00242787 -0.00361535 0.0172596 -0.00085989 -0.00168391 0.000156611 -0.00108788 -0.00024692 -1.76558e-05 0.000266781 -0.0187904 -0.0322356 0.00422585 0.0339828 0.0238205 0.0127739 -0.00426468 -0.0117642 -0.0382153 0.00479041 0.00778301 0.104943 0.00407159 -0.0356035 -0.049593 0.0014451 0.0524147 0.0245905 -0.025288 7.60276e-05 -0.0163603 -0.00683142 -0.000323846 0.00493326 -0.000445446 -0.00894481 -0.00728766 0.000103899 -0.00537879 -0.00700959 -0.00122421 -0.00208667 -0.00325164 -0.00388122 -0.00970558 -0.00725885 -0.00819357 -0.00799324 -0.00916589 -0.00527705 -0.00563891 -0.00102738 0.00552863 0.0105328 0.00329262 -0.000154801 0.000375302 -0.000266793 -0.00245914 -0.00458697 -0.00550143 -0.00312566 -0.00105742 0.00345758 -0.000731652 -0.00228487 -0.00259538 0.012029 0.0078272 -0.00288181 0.00423966 0.00950728 0.0108677 0.00628375 0.00301104 0.0011244 0.000634919 -0.00113674 0.00144417 0.00432958 0.0147828 0.0132485 -0.197143 0.0458543 -0.0249949
 -2.58791e-10 -3.89961e-05 3.55298e-06 -1.52283e-10 -1.16606e-06 3.46501e-07 1.3507e-06 2.96297e-06 -2.40461e-05 1.83888e-06 1.00487e-06 -1.48868e-05 -2.63799e-10 5.08498e-07 2.96433e-08 -7.40711e-10 5.28887e-06 -4.24022e-08 1000 1.8702e-05 -4.36305e-06 -9.21476e-10 1.76332e-05 -1.12681e-06 8.11737e-05 -4.47137e-05 7.15046e-06 1.82794e-06 2.99626e-05 -2.15391e-05 4.16018e-05 1.73883e-05 -4.75184e-05 0.000120866 -7.22827e-05 7.94902e-05 -4.75679e-05 7.81571e-07 2.74397e-07 -2.65836e-05 -3.73951e-06 7.20587e-08 1.36489e-05 -4.58584e-05 4.9388e-06 -4.79076e-07 8.9303e-07 -5.07562e-07 1.55298e-05 3.71113e-05 -4.96663e-05 2.85801e-05 -3.75896e-05 1.30286e-05 7.58455e-05 -0.000111206 -9.97377e-06 4.15909e-05 -2.37299e-06 -1.82274e-05 -6.22911e-06 5.48136e-07 -1.60719e-05 1.28653e-05 -2.12466e-07 -1.41644e-06 -1.58619e-06 3.59285e-07 5.21177e-07 -6.86085e-10 1.49849e-05 -1.11578e-06 4.31069e-06 8.7492e-07 -1.01251e-05 1.66267e-06 7.39866e-07 -1.04697e-05 3.76502e-06 2.96769e-06 -1.59866e-05 3.41228e-05 -0.000353525 1.69991e-05 2.41101e-06 -2.04415e-07 -7.18873e-06 -6.62956e-07 -9.86999e-08 7.67999e-07 1.94532e-05 -5.10368e-05 -2.29741e-05 -2.53607e-05 1.99972e-05 4.99753e-05 0.000189645 0.000224154 -0.000173558 -7.68078e-05 -3.11584e-05 -4.01549e-05 -2.84975e-05 8.94585e-05 2.51817e-05 -3.68115e-06 3.90719e-05 8.04247e-06 -1.42072e-06 -2.7991e-06 1.71445e-05 -1.50164e-05 -1.14443e-05 -1.26913e-05 -5.53517e-06 8.00747e-06 1.29961e-05 -5.39545e-06 -3.51592e-06 7.64575e-06 1.3886e-05 1.01636e-05 -6.38317e-06 -1.11713e-05 -2.44212e-06 -3.17972e-06 -2.75567e-06 -1.4342e-05 3.14909e-06 -2.86187e-06 5.92136e-06 -1.32795e-06 -6.81592e-06 -1.41765e-06 -1.35936e-06 -1.26055e-05 -1.32997e-05 5.24809e-06 -7.80439e-06 -5.06158e-05 -4.19945e-05 2.69163e-05 1.75311e-05 -3.8148e-06 3.84099e-06 8.72588e-06 -1.15644e-05 1.54971e-05 -5.23846e-06 -6.26917e-06 -1.83859e-05 -3.03662e-05 -2.98728e-05 -9.11321e-06 -4.07224e-06 -5.15759e-06 -6.18213e-06 9.91048e-06 -1.7016e-06 6.61218e-06 2.09301e-05 1.24906e-05 -0.000323589 0.000115504 -3.52021e-05
 -4.96064e-05 3.30731 -0.311844 -4.80795e-06 0.628807 -0.196928 -0.198988 -0.195981 1.63846 -0.409862 -0.0767142 1.21371 4.90968e-05 -0.500467 -0.00287447 4.04416e-05 -0.633809 0.00535127 1.8702e-05 975.277 -144.637 3.0459e-05 -1.40679 0.0868079 -1.46808 4.77547 -0.924533 -0.0822705 0.477398 -0.344347 0.85012 -1.27674 3.25838 -0.449407 3.11864 -3.73623 0.377947 -0.199943 -0.000203605 -1.18786 0.285446 0.00631759 -1.23726 0.338276 -0.0215039 -0.269418 -0.500613 0.333222 -0.201743 -1.18574 1.39372 -0.760355 1.09768 -1.99639 -1.99386 3.06439 -0.309438 -1.56642 0.664747 0.103816 0.0779769 -0.00568074 0.227582 -0.978394 0.0267647 -0.117847 0.0036426 -0.000798121 -0.00656374 3.91406e-05 -1.2003 0.0840708 -0.4514 -0.0750798 0.866635 -0.239997 -0.0813372 1.21435 -0.181726 -0.107752 0.592356 -1.22415 2.99845 -0.123986 0.0285522 -0.00255098 0.251662 0.0358417 -0.00327021 -0.0328615 -0.314559 4.53952 1.18025 -1.4291 -3.64757 -2.79978 -27.6255 14.3668 0.669871 1.68009 0.400793 1.68563 -5.35824 2.16987 2.01752 -0.367802 0.732887 -1.13543 -0.897307 0.533937 1.47857 0.353556 0.391713 0.823281 1.00706 0.268718 -0.106579 -0.291625 0.92033 -0.114622 -0.128104 0.243984 0.899082 1.78031 -0.38391 0.0534888 0.552592 0.506499 0.669829 -0.559748 0.32105 0.122331 0.318586 -0.330934 0.243506 0.67782 0.832982 0.520761 0.375203 1.22596 0.774882 -0.362116 -0.323853 -0.724369 -0.0910809 0.236802 0.321865 1.07005 -0.200182 0.618213 0.817821 -0.0268436 0.000985331 -0.891965 -0.322577 -0.0610319 0.102518 -0.440192 0.0441404 -0.466179 -1.51273 -1.2077 21.4959 -5.52569 2.6519
 7.51002e-06 -0.503914 0.0474703 7.74393e-07 -0.101658 0.0317408 0.0290324 0.0285614 -0.238889 0.0595511 0.0109779 -0.174114 -6.98087e-06 0.0707433 0.000431247 -5.7673e-06 0.0902669 -0.000737531 -4.36305e-06 -144.637 22.4833 -4.56042e-06 0.207725 -0.012815 0.216543 -0.717388 0.138944 0.0113514 -0.0760895 0.0548541 -0.126215 0.18773 -0.479055 0.0655075 -0.469059 0.562079 -0.0565337 0.0275106 0.000121732 0.174304 -0.0427775 -0.000910219 0.182313 -0.0537882 0.00364403 0.0385099 0.0716645 -0.0476492 0.0300743 0.176507 -0.20827 0.113853 -0.163285 0.298052 0.296983 -0.456492 0.0459254 0.233142 -0.0997826 -0.0145514 -0.0116314 0.000844881 -0.033366 0.146616 -0.00405589 0.0190272 -0.000444068 9.68585e-05 0.000882884 -5.69366e-06 0.175702 -0.0122916 0.0662073 0.0109998 -0.12703 0.035318 0.0119974 -0.179152 0.0258422 0.0155377 -0.085458 0.1855 -0.4435 0.0183112 -0.00441123 0.000390729 -0.0371122 -0.00535071 0.000489829 0.00490417 0.046542 -0.673025 -0.179192 0.205958 0.543465 0.428913 4.13133 -2.15442 -0.0964142 -0.25228 -0.0628633 -0.250642 0.799979 -0.324384 -0.301181 0.0545616 -0.110022 0.169121 0.134113 -0.0798664 -0.220899 -0.0527136 -0.0582657 -0.122724 -0.150437 -0.040406 0.0157688 0.0435585 -0.137493 0.0169632 0.0190333 -0.0365507 -0.134248 -0.265754 0.0571052 -0.00795954 -0.0824389 -0.0757361 -0.0996863 0.0832367 -0.0479631 -0.0182433 -0.0474913 0.0495177 -0.0362933 -0.101014 -0.124245 -0.0778178 -0.0561676 -0.182807 -0.115239 0.0540965 0.0482446 0.107962 0.013519 -0.0353063 -0.0479935 -0.15961 0.0300055 -0.0921961 -0.122003 0.00412414 -2.38951e-05 0.133074 0.0481097 0.00910297 -0.0152835 0.0655824 -0.00655769 0.06961 0.225829 0.180251 -3.21063 0.826652 -0.395893
 1.0205e-11 -6.96231e-05 6.36444e-06 -1.0503e-10 -2.2991e-06 6.89636e-07 3.31209e-06 5.56308e-06 -4.58495e-05 -7.69363e-07 7.05956e-07 -1.03946e-05 -1.00126e-09 7.45046e-06 7.36364e-08 -1.28408e-09 1.23777e-05 -1.02757e-07 -9.21476e-10 3.0459e-05 -4.56042e-06 1000 3.37728e-05 -4.45013e-06 0.000145867 -0.000254799 4.74372e-05 2.99874e-06 2.18841e-05 -1.58444e-05 0.000104586 4.60877e-05 -0.000124205 0.000205843 6.78156e-06 -2.12955e-05 -6.24837e-05 1.33527e-06 4.82664e-07 -6.33543e-05 2.24597e-06 4.21477e-07 6.83374e-05 -8.026e-05 7.19659e-06 9.82455e-07 2.56101e-06 -1.56783e-06 6.00837e-06 9.93805e-05 -2.35462e-05 -1.37796e-05 -6.73235e-05 3.81454e-05 0.000147854 -0.000217998 -1.44014e-05 9.24322e-05 -5.77688e-06 -4.02526e-05 -1.02713e-05 1.01247e-06 -4.34624e-05 1.61642e-05 5.24354e-07 -2.27685e-05 -2.13744e-06 4.96126e-07 7.49488e-07 -1.20197e-09 3.04304e-05 -2.36616e-06 7.64104e-06 1.41738e-06 -1.60288e-05 -8.34559e-07 6.67322e-07 -9.18858e-06 5.55625e-06 4.08398e-06 -2.2158e-05 3.89774e-05 -0.000327739 1.6022e-05 -2.21763e-06 1.21611e-07 -9.17811e-06 -8.50946e-07 -1.11112e-07 9.69864e-07 4.21276e-05 -3.16334e-06 3.12351e-05 6.6158e-05 5.89205e-05 5.56033e-05 7.7639e-05 6.3695e-05 -0.000119522 -6.4345e-05 -1.99112e-05 7.94574e-05 2.3429e-05 -6.01963e-06 6.10142e-05 -7.36061e-06 7.86469e-05 1.19574e-05 0.000115607 -3.50195e-05 -2.07934e-07 1.57866e-06 -3.0997e-06 -5.96134e-06 2.10956e-05 7.33785e-05 1.65726e-05 -7.01229e-06 -3.6732e-05 2.85351e-05 9.93849e-06 1.12014e-05 1.74086e-06 7.13794e-06 7.98506e-06 7.7418e-06 1.94888e-06 -1.49436e-05 7.03026e-06 -1.50052e-05 -1.43539e-05 -2.53039e-05 -3.57887e-05 -1.17981e-05 5.96727e-06 -6.06027e-06 -1.65861e-06 -6.76878e-06 -3.91084e-05 -0.000124182 -7.43044e-05 3.40228e-05 1.69438e-05 -1.17107e-05 -1.05864e-05 -6.76338e-06 -2.41477e-05 -1.06098e-05 -1.932e-06 -3.24956e-05 -4.91082e-05 -5.58479e-05 -6.22788e-05 -2.27844e-05 -1.69795e-05 -1.72964e-05 -1.84663e-05 2.29063e-05 -3.58715e-06 1.34869e-05 4.46925e-05 2.96844e-05 -0.000613981 0.000146759 -7.7414e-05
 -1.68515e-05 2.55419 -0.239886 -1.3125e-06 0.20787 -0.0683817 -0.157974 -0.211491 1.75429 -0.601441 -0.102731 1.57408 5.54772e-05 -0.572128 -0.00352808 4.06678e-05 -0.659353 0.0055481 1.76332e-05 -1.40679 0.207725 3.37728e-05 994.838 -62.2003 -1.31224 10.7054 -2.09874 0.0754282 1.51136 -1.08236 -1.76526 -1.73549 4.57979 -2.78898 1.3662 -1.47372 0.340575 -0.232524 -0.00262344 0.52796 -0.182755 -0.0108764 -2.62819 0.919793 -0.0469971 -0.250947 -0.475845 0.316073 -0.301341 -1.9593 0.84933 -0.0472583 1.44522 -2.47539 -2.99929 4.56439 -0.192019 -2.31747 0.309196 0.857341 0.194534 -0.0178696 0.843337 -0.333232 -0.0231872 0.838908 0.0260459 -0.00598473 -0.0106621 4.04497e-05 -1.16518 0.084102 -0.320296 -0.0531225 0.607624 -0.167868 -0.0730522 1.08566 -0.171897 -0.111444 0.614766 -0.485783 1.20173 -0.0537911 0.11801 -0.00836618 0.191947 0.0292681 -0.000310249 -0.0292069 -0.649078 1.44161 -0.747734 -2.91739 -2.37076 -1.50956 -4.83111 2.8627 1.91811 1.25974 0.333016 -1.8562 -4.69095 2.58642 3.29547 -0.708127 -3.07238 -5.28958 1.7835 0.463252 -0.446011 -0.320996 -0.105901 0.272098 -0.463663 -1.23226 -0.531744 0.690303 1.0939 -0.388439 -0.377909 -0.183162 -0.00441995 -0.00511781 0.149714 0.0466249 0.245845 0.58788 0.0926707 0.38188 0.527528 0.707901 0.964399 0.459194 0.0279558 0.219814 0.240917 0.264479 0.58527 2.12549 1.41815 -0.387389 -0.34859 0.0789001 0.314648 0.431375 0.552421 0.460405 0.212698 0.737851 1.82912 0.901108 0.508718 -0.335903 0.101174 0.25448 0.348006 -0.584761 0.060281 -0.453746 -1.50619 -1.14177 20.5333 -4.68728 2.61983
