 1000 0.00243555 -0.000483803 -1.40306e-09 -0.000133874 0.00011209 -3.92799e-06 -6.59927e-07 1.13221e-05 -8.85207e-05 -4.95598e-06 0.000111498 3.32106e-10 -1.53405e-05 2.06082e-07 -3.6303e-10 -4.20445e-06 3.46129e-07 -9.76992e-10 -2.32411e-05 1.00238e-05 -6.27363e-10 4.43146e-06 -8.91911e-07 1.5854e-05 -0.000338245 8.06937e-05 -6.18681e-05 -0.000222039 0.000243825 -5.2607e-06 -2.84854e-06 1.10318e-05 9.48965e-05 -0.000108495 0.000170812 -6.24513e-05 -1.31954e-06 6.28542e-07 -0.000125398 1.89045e-05 1.02986e-06 -5.50308e-06 -6.85996e-05 8.94876e-06 -5.98313e-06 -1.32831e-05 1.64149e-05 8.12943e-05 -6.23088e-05 -0.000239257 0.000185245 -6.44099e-05 8.99736e-05 0.000104699 -0.000125434 -3.32641e-05 1.65166e-05 -4.70415e-05 3.83349e-05 -1.82901e-06 9.72497e-08 2.77496e-05 7.21636e-06 -1.75866e-07 -1.7086e-08 -3.55242e-06 8.30624e-07 2.51618e-07 -1.57563e-10 -9.01433e-06 3.49383e-06 1.70815e-06 3.70449e-08 -2.29878e-06 6.82153e-06 6.79305e-07 -1.50643e-05 4.09503e-06 3.42424e-06 -2.21404e-05 -8.9956e-06 -0.000315838 1.96827e-05 1.12622e-05 -1.06031e-06 -8.2502e-06 -1.21922e-06 -5.13752e-07 1.74676e-06 1.20874e-05 6.92141e-06 -8.17784e-05 -0.000217327 -0.000123058 7.55959e-06 5.85857e-05 0.000479372 -0.000214065 -0.000215345 -0.000108857 5.88838e-05 -6.77434e-05 -4.74447e-07 0.000104447 0.000133265 6.51592e-05 -6.15227e-05 -0.00018097 0.000252192 -0.000150726 3.82387e-05 -1.98701e-05 -1.1455e-05 1.86999e-05 4.11751e-05 1.963e-05 -1.56241e-05 6.0618e-05 -4.73856e-05 1.41801e-05 -9.66255e-06 -1.30938e-05 8.9887e-06 6.56359e-06 -1.02122e-05 -2.03245e-05 0.000189923 -0.000145109 9.42904e-05 -9.64058e-06 1.17635e-05 2.52154e-05 1.44839e-06 2.96384e-05 -3.87858e-05 2.84199e-05 1.47554e-05 3.35571e-05 -2.37902e-05 -7.60148e-05 4.34364e-05 1.32974e-05 -4.96612e-06 2.7598e-06 -3.96977e-05 4.07996e-05 3.68876e-05 2.30942e-06 3.83149e-05 1.27005e-05 -5.43712e-05 -1.07856e-05 -3.51901e-05 -1.36244e-06 3.16692e-07 2.57739e-06 2.88682e-06 -3.91759e-07 2.05075e-05 3.41882e-05 4.09824e-05 -0.000591588 -3.7052e-05 -6.40241e-05
 0.00243555 523.396 -102.801 0.000235994 26.9707 -22.5801 1.00356 0.295597 -5.62218 16.9719 1.15937 -26.3786 -0.000118162 3.20442 -0.0263501 -5.97057e-05 2.48014 -0.127123 2.76441e-05 2.12208 -0.918797 1.78082e-05 1.18776 -0.284784 19.0852 36.1923 -8.94952 6.80633 23.7658 -26.1207 13.0182 2.56827 -11.6588 10.5746 15.0459 -25.3518 6.06774 0.75123 -0.105451 20.3655 -3.41127 -0.1577 9.98053 5.03083 -0.851502 2.05193 3.24572 -4.04522 0.521564 8.9354 12.0927 -11.1373 0.429522 -2.93083 2.71062 -2.83099 4.56009 4.51693 7.43517 -9.38304 0.142295 -0.00485634 -2.61679 1.88337 0.0293793 -2.4217 0.281546 -0.0642764 -0.0194467 -2.24234e-05 2.79723 -1.0503 0.928257 0.0409739 -1.13813 -0.865887 -0.0397063 1.10572 0.0999759 -0.0884834 0.56053 -0.724265 -0.795967 0.0541525 1.38522 -0.11795 -0.0307478 0.107813 0.0191489 -0.128036 2.25351 -3.78249 3.99894 14.2857 11.1746 0.106631 -30.1351 20.1051 -9.6306 14.8287 9.17353 0.0640904 -1.07159 -1.48138 -4.45759 3.7971 4.07256 2.03401 -8.41884 4.0594 -1.22729 0.852854 -1.31734 -0.672625 -0.118562 -0.171716 0.257423 2.01102 0.780315 -0.583136 0.602327 0.479722 0.538808 -0.507711 0.89875 0.257024 -0.699422 3.04034 -6.0436 3.02485 -0.382488 -0.182239 -0.692854 -3.64134 -1.01689 -2.22096 -1.54436 -1.7524 0.142252 -0.417635 -1.34058 -1.72077 -1.61477 -0.535622 -0.399234 -2.21002 0.0675495 -1.46318 -3.68302 -0.601562 -0.0500134 -2.22474 -0.807045 -1.18015 -1.10863 -0.865365 -0.915456 0.627659 -0.19511 -2.13336 -4.2871 -4.94469 77.4595 -19.79 5.40586
 -0.000483803 -102.801 21.3055 -4.6873e-05 -5.35194 4.48069 -0.202626 -0.0595263 1.13335 -3.36472 -0.230076 5.23485 2.4153e-05 -0.652442 0.00527199 1.21069e-05 -0.503455 0.0257409 -5.56463e-06 -0.433173 0.187475 -3.56446e-06 -0.245899 0.0588532 -3.78156 -7.17306 1.77371 -1.3529 -4.71081 5.1776 -2.57657 -0.511982 2.3228 -2.09583 -2.9832 5.02653 -1.2095 -0.158588 0.0213431 -4.03586 0.666054 0.0313189 -1.98355 -1.01198 0.17068 -0.412131 -0.650007 0.810147 -0.106193 -1.76931 -2.3944 2.20529 -0.0872243 0.578586 -0.537735 0.561842 -0.905481 -0.895221 -1.4739 1.86 -0.028671 0.000998683 0.518726 -0.372728 -0.00589617 0.482037 -0.055633 0.0127 0.00392606 4.56937e-06 -0.572257 0.214649 -0.189032 -0.00832632 0.231677 0.169923 0.0075196 -0.211717 -0.0207752 0.0171576 -0.108659 0.147638 0.157979 -0.0107614 -0.27535 0.0234445 0.00486508 -0.0213551 -0.00378845 0.0253563 -0.446474 0.748677 -0.790926 -2.8278 -2.2154 -0.0179716 5.96909 -3.98554 1.90832 -2.93556 -1.81532 -0.0126633 0.21255 0.293215 0.882167 -0.752934 -0.807164 -0.402513 1.66855 -0.805416 0.24357 -0.169222 0.261143 0.133411 0.0233119 0.0338286 -0.0513655 -0.39815 -0.154886 0.115492 -0.119255 -0.0950588 -0.106395 0.100142 -0.177945 -0.0508233 0.138692 -0.603559 1.19797 -0.599668 0.0756902 0.0360464 0.137336 0.721259 0.201439 0.439708 0.305386 0.346728 -0.0284818 0.0824528 0.266183 0.340871 0.320103 0.105785 0.0790878 0.43788 -0.0137745 0.290385 0.729026 0.118962 0.00995899 0.441092 0.159505 0.233762 0.219304 0.171482 0.181396 -0.12438 0.0386484 0.422391 0.850184 0.978978 -15.366 3.96268 -1.06795
 -1.40306e-09 0.000235994 -4.6873e-05 1000 -0.00134276 0.00112701 -7.75909e-07 9.28156e-08 2.6269e-06 9.82445e-05 7.11871e-06 -0.000159966 5.87744e-10 -1.02202e-05 -9.41466e-09 4.58334e-11 -2.43232e-06 8.21485e-08 7.68675e-11 -1.11057e-05 4.68158e-06 1.73486e-10 -1.3442e-05 3.0125e-06 9.99964e-05 7.46107e-05 -1.91787e-05 8.15747e-06 2.36977e-05 -2.62666e-05 0.000180295 1.79919e-05 -8.98491e-05 0.000217593 3.98427e-06 -2.16004e-05 1.79217e-05 -7.24773e-06 2.04871e-07 3.7745e-05 -1.14513e-05 1.26116e-07 8.63077e-05 -1.31975e-05 4.75746e-07 3.46477e-06 4.00353e-06 -5.12552e-06 3.02085e-06 3.85719e-05 -2.50187e-05 6.23163e-06 -2.50683e-05 -2.53189e-05 8.89745e-05 -9.81036e-05 2.72992e-05 4.21687e-06 4.86348e-05 -4.9125e-05 -1.74097e-06 1.98098e-09 1.23766e-05 -5.56955e-05 5.60355e-06 -0.000133816 -5.25842e-06 1.16153e-06 7.17544e-07 1.18098e-10 -2.09236e-05 7.36085e-06 -3.33486e-06 -1.17767e-07 3.73246e-06 -1.5233e-05 -1.57744e-06 3.48829e-05 1.88056e-06 9.34935e-09 -2.72107e-07 -9.13117e-06 -0.00014959 9.05044e-06 2.84683e-05 -2.38441e-06 -1.89424e-06 -1.32194e-07 -1.34739e-07 2.68709e-07 -2.37611e-05 -3.88825e-05 -1.43701e-05 -2.03447e-05 -8.42372e-06 9.96023e-06 7.76574e-05 -4.24297e-05 -5.19527e-05 6.66135e-05 2.38056e-05 -4.52304e-05 7.11614e-06 4.60137e-05 -3.23058e-05 0.000117747 -3.27689e-05 -1.40736e-07 -1.63605e-05 -5.78301e-06 5.72008e-06 1.12593e-06 1.46066e-05 -4.86525e-06 3.22679e-05 -1.26292e-05 -4.40162e-06 2.30116e-06 3.82458e-05 -4.15276e-05 -3.01107e-05 3.749e-05 4.48419e-05 5.26664e-05 -7.30507e-05 -0.000210672 -8.60923e-05 0.000141818 -5.65729e-05 0.000149294 -5.41259e-06 3.51846e-06 2.626e-05 1.6578e-05 1.16646e-05 -2.71562e-06 2.28586e-05 -1.52174e-05 6.06543e-05 -4.2184e-05 -9.97583e-05 -1.69685e-05 -6.68183e-05 6.17196e-05 6.39652e-05 1.81549e-06 -5.58727e-06 -5.83008e-06 -2.79838e-05 6.29043e-05 4.61418e-05 -0.000113972 4.85747e-05 -3.0384e-05 -5.04753e-06 -2.21309e-06 -3.01683e-06 -4.37639e-06 1.68898e-06 -1.99474e-05 -5.06919e-05 -5.99905e-05 0.000605545 -1.71791e-05 5.85467e-05
 -0.000133874 26.9707 -5.35194 -0.00134276 416.673 -347.373 0.143776 0.0500908 -0.71174 11.3241 0.772632 -17.5324 7.44774e-05 -1.32944 -0.00763754 9.61139e-06 -0.238048 0.000897972 2.3542e-05 -1.92309 0.814387 3.24638e-05 -2.12502 0.481317 11.9155 21.1942 -5.25296 4.3084 14.3624 -15.7907 12.9634 0.881887 -4.64022 9.08138 9.24111 -15.7428 1.57001 -1.12632 0.0148659 10.3501 -3.40297 -0.069209 5.90371 -0.132253 -0.126228 0.127502 0.42136 -0.528163 -1.47717 3.02931 -1.21244 -0.00651264 0.822628 -3.45658 1.33078 -1.22933 2.6933 2.70768 4.92768 -6.07256 -0.0980971 0.0130514 -2.61116 -1.6411 0.280293 -8.02483 -0.474004 0.110167 0.0680997 1.6377e-05 -2.18731 0.768939 -0.183191 -0.00495497 0.205222 -1.47214 -0.12913 2.98426 0.0974784 -0.0352966 0.229331 -1.90125 -2.35509 0.152686 1.68786 -0.142311 0.00200586 0.053539 0.00975264 -0.063826 1.17654 -0.994612 0.874829 2.07653 0.979344 1.85869 2.74178 -1.16047 -1.76416 7.3776 2.31926 -1.91672 -0.635564 0.797082 -1.76409 3.16529 -0.282602 -0.602317 -0.904858 1.30064 0.0804092 -0.466059 -0.909389 -1.59976 0.474224 0.509896 -0.197173 0.0333233 2.46296 -1.03001 -1.59504 -0.490745 -0.338191 2.67599 3.08893 -1.60608 -1.31514 3.81467 -7.68539 3.01806 0.298673 0.0534792 -0.459488 -1.14405 -0.642332 -0.297683 -0.358883 -1.55599 0.515238 0.414232 0.0668669 -0.861919 -1.33932 -0.183589 -0.124465 -0.498762 0.479409 -0.561237 -3.53548 -0.233965 1.46902 -2.15414 -0.170688 -0.98398 -0.749045 -0.50389 -0.505886 0.277938 -0.0994015 -1.81078 -3.33264 -4.20898 60.4776 -9.01628 4.99483
 0.00011209 -22.5801 4.48069 0.00112701 -347.373 292.136 -0.121705 -0.0423008 0.603277 -9.4803 -0.646933 14.6801 -6.2153e-05 1.10826 0.00640676 -7.97162e-06 0.195786 -0.000591825 -1.97306e-05 1.60678 -0.680425 -2.71839e-05 1.7759 -0.40223 -9.97358 -17.7414 4.39718 -3.60855 -12.0226 13.2183 -10.851 -0.739154 3.88814 -7.60229 -7.73565 13.1781 -1.31553 0.940429 -0.0123374 -8.66228 2.84613 0.0579375 -4.9426 0.107318 0.106088 -0.108319 -0.354569 0.444441 1.23714 -2.5357 1.01496 0.005383 -0.689227 2.89303 -1.1141 1.02922 -2.25471 -2.26639 -4.12505 5.08332 0.0818798 -0.0109063 2.18546 1.37446 -0.234689 6.71891 0.396939 -0.0922545 -0.0570642 -1.36709e-05 1.8252 -0.64157 0.151603 0.00407836 -0.169727 1.23153 0.107956 -2.49517 -0.0819316 0.029422 -0.191171 1.593 1.97061 -0.127768 -1.41323 0.119155 -0.00182268 -0.044814 -0.00816173 0.053423 -0.984546 0.83256 -0.732089 -1.73778 -0.819695 -1.55566 -2.29532 0.971782 1.47694 -6.1762 -1.94124 1.60469 0.531872 -0.667444 1.47682 -2.64997 0.236695 0.504097 0.757602 -1.08854 -0.0674941 0.390037 0.761097 1.33907 -0.397013 -0.426504 0.164994 -0.0279418 -2.06167 0.862263 1.33538 0.410596 0.283016 -2.24021 -2.58495 1.34544 1.10124 -3.19375 6.43305 -2.5268 -0.249986 -0.0447687 0.384535 0.957502 0.537645 0.249035 0.30016 1.30236 -0.431555 -0.346699 -0.0554608 0.721564 1.12148 0.153222 0.103881 0.417438 -0.40135 0.470113 2.9591 0.195479 -1.22976 1.8036 0.142408 0.823662 0.62685 0.421802 0.423477 -0.232612 0.0831839 1.51569 2.79024 3.52312 -50.6345 7.56583 -4.17985
 -3.92799e-06 1.00356 -0.202626 -7.75909e-07 0.143776 -0.121705 999.825 -0.0897074 0.961428 0.358462 0.00587598 -0.0871927 1.51748e-05 -0.327312 8.27469e-05 9.421e-06 -0.288731 0.0124703 -1.19e-06 -0.361183 0.153324 2.12075e-06 -0.368645 0.0837322 0.111382 0.64483 -0.157975 0.0412568 0.799337 -0.879252 1.09258 -0.1336 0.479411 0.946728 0.169773 -0.341376 -0.0664914 -0.13915 0.00496518 -0.4238 0.00252247 0.00270245 -0.168102 -0.347328 0.0434391 -0.175134 -0.212769 0.263275 0.16734 -0.325943 -0.398301 0.373602 -0.0121848 -1.71823 0.664341 -0.60434 -0.325383 -0.337186 0.137633 0.0395866 -0.0548904 0.00463969 -0.168397 0.0710104 -0.00565476 0.139749 -0.00363153 0.000844001 -0.00365099 3.9522e-06 -0.552366 0.197586 -0.19943 -0.00814005 0.254615 -0.105863 -0.0197776 0.425667 -0.00331988 -0.00857583 0.0532194 0.104147 -0.404068 0.0245574 -0.211902 0.0174054 0.0609708 0.00294214 3.28148e-05 -0.00300158 -0.292416 -0.207276 -0.182079 -0.372881 -0.243792 -0.0452749 0.444981 0.857442 -1.25205 0.368407 0.234586 0.218446 0.468832 -0.173004 -0.21554 0.0836201 0.238191 -0.217667 -0.0313814 -0.0285124 -0.0179924 -0.0225753 -0.0535064 -0.0317139 -0.0852907 -0.156678 0.335586 -0.483223 0.121218 -0.0415756 0.0149328 -0.0638688 0.0472504 -0.0567165 -0.0510025 -0.0538504 -0.145305 0.0821078 0.293474 -0.216325 0.047061 0.0764475 0.124945 -0.62771 0.222065 -0.201049 0.0898741 0.191225 -0.361084 -0.0881827 -0.0277894 0.307207 -0.148694 0.163779 0.203559 -0.033427 0.0722864 0.0242258 0.119289 0.0329026 0.384247 0.431292 0.0501497 -0.108908 -0.0832742 0.0337486 0.0374342 -0.0980543 0.0217984 -0.383784 -0.582735 -0.912743 8.39794 4.70981 1.40931
 -6.59927e-07 0.295597 -0.0595263 9.28156e-08 0.0500908 -0.0423008 -0.0897074 3.29142 -48.8972 0.0971871 0.00144253 -0.0206949 3.91586e-06 -0.082655 5.89961e-06 2.59327e-06 -0.0742647 0.0032081 9.64417e-08 -0.0806145 0.034211 7.9876e-07 -0.0990445 0.022555 -0.00211867 0.302223 -0.0728906 0.0195448 0.232234 -0.255302 0.248678 -0.0427362 0.160727 0.173433 0.117578 -0.203823 -0.00886931 -0.0354697 0.00104428 -0.102251 0.000788276 0.000479302 -0.0673667 -0.0723097 0.00910503 -0.0423921 -0.0547305 0.0676452 0.0472191 -0.102868 -0.151785 0.136333 0.0410323 -0.504313 0.100197 -0.0706369 -0.0887324 -0.102373 0.0216815 0.0305992 -0.0148113 0.00160204 -0.112307 0.0693722 -0.00152566 -0.00325283 -0.000798519 0.00019352 -0.00113931 1.11297e-06 -0.14375 0.0514381 -0.051295 -0.00208443 0.0652252 -0.0339093 -0.00593009 0.12524 -0.00530595 -0.00333305 0.0207346 0.0361252 0.0340318 -0.0018494 -0.0410633 0.00337338 0.0207702 0.0011838 0.00039208 -0.00158856 -0.0780838 -0.0776273 -0.0466082 -0.0669077 -0.0363302 -0.00610541 0.349967 -0.0321341 -0.34451 0.139424 0.0929489 0.232872 0.100892 -0.0428107 -0.198305 -0.0649764 0.111837 -0.0509369 0.00687713 -0.014381 -0.0157699 -0.0174797 -0.028796 -0.0121791 -0.0294929 -0.0947131 0.167704 -0.12418 0.0176763 -0.0305202 0.0430944 -0.0260809 0.0201977 -0.0228152 0.00524943 -0.00638447 -0.0794633 0.00710633 0.0227726 -0.0475618 0.023397 0.0356144 0.0359178 -0.115048 0.0230106 -0.0148054 0.00927928 -0.0271582 -0.0928479 0.0328598 0.0640432 0.0766709 -0.00728629 0.030604 0.00910092 -0.0505365 -0.0548199 0.113699 -0.0205093 0.0892154 0.161575 0.0459284 -0.0525481 -0.0350843 -0.0223598 0.00639546 0.0119073 -0.0273626 0.0057518 -0.105832 -0.125099 -0.234146 2.32838 1.29408 0.389542
 1.13221e-05 -5.62218 1.13335 2.6269e-06 -0.71174 0.603277 0.961428 -48.8972 992.055 -1.83821 -0.0151126 0.0992189 -8.28177e-05 1.7585 -0.000467598 -5.34299e-05 1.56667 -0.0679333 -3.85012e-07 1.69549 -0.719771 -1.61954e-05 2.06456 -0.470362 0.0677855 -5.91542 1.42669 -0.317761 -4.52988 4.97973 -4.99134 0.914066 -3.46055 -3.47354 -2.2402 3.89427 0.190129 0.794154 -0.0246246 2.06484 0.0352097 -0.0101556 1.39463 1.5987 -0.201754 0.923833 1.17033 -1.44844 -0.999126 2.06751 3.04032 -2.73182 -0.774662 10.0878 -2.0182 1.42847 1.79992 2.05614 -0.412231 -0.637389 0.301531 -0.0324519 2.2208 -1.38268 0.0312832 0.0353877 0.013942 -0.0034071 0.0239593 -2.39745e-05 3.05214 -1.09318 1.09992 0.0449251 -1.4 0.681653 0.119588 -2.52444 0.10665 0.0652818 -0.406013 -0.839537 -0.629957 0.0344359 0.834812 -0.0685783 -0.427383 -0.023504 -0.00782146 0.0315775 1.56194 1.55964 0.92202 1.33406 0.756806 0.125382 -6.99178 0.607089 6.87782 -2.71112 -1.79177 -4.67451 -2.02219 0.856861 3.95363 1.29675 -2.2304 1.02732 -0.148272 0.282673 0.319223 0.351025 0.576476 0.244103 0.586175 1.88507 -3.35246 2.4855 -0.352108 0.605943 -0.863924 0.520735 -0.408983 0.456686 -0.105262 0.125454 1.58402 -0.13399 -0.475091 0.955804 -0.470514 -0.715076 -0.723576 2.30306 -0.468783 0.299655 -0.185147 0.541532 1.8646 -0.651797 -1.2873 -1.54722 0.140114 -0.612596 -0.186916 1.00769 1.09538 -2.28219 0.406669 -1.78456 -3.23687 -0.928386 1.05455 0.702993 0.44896 -0.131981 -0.242134 0.549134 -0.115214 2.11704 2.48788 4.68368 -46.197 -26.4554 -7.82254
 -8.85207e-05 16.9719 -3.36472 9.82445e-05 11.3241 -9.4803 0.358462 0.0971871 -1.83821 882.287 -7.47026 154.097 6.08354e-05 -1.39848 -0.000521247 3.25843e-05 -0.997928 0.0426815 1.65864e-05 -1.20335 0.511423 8.68368e-06 -1.49532 0.34205 7.14054 7.37393 -1.86817 2.13446 5.65718 -6.22408 6.05788 1.00482 -4.6591 6.20109 3.80599 -6.65619 1.31986 -0.224853 -0.00824902 5.55423 -1.7646 -0.0328085 3.39301 0.158457 -0.0919261 0.489353 0.651993 -0.815511 0.968723 1.41996 -4.02788 2.39519 -0.423863 -2.28192 2.28548 -2.39201 2.15282 2.50953 1.49043 -2.68418 0.451542 -0.0293468 -2.16099 4.15716 0.0291143 -4.26439 -0.0537086 0.0124715 -0.00654358 -7.04548e-06 -0.325507 0.103217 0.218716 0.0139335 -0.367484 -0.430497 -0.0362909 1.03573 -0.336937 -0.275114 1.75895 -0.0154645 -6.04019 0.375068 -0.152344 0.00925222 0.396147 0.00683207 -0.0084333 0.00158253 -0.157341 -3.41525 -2.63523 0.455365 6.71307 8.37776 -9.58076 -2.07785 -2.15002 24.5378 7.51273 -11.6212 3.18198 -1.66394 -3.40838 2.86052 8.67173 14.2151 -16.3984 1.18425 2.26026 0.902333 -0.502146 -0.896599 -0.857976 2.77696 -5.18835 0.28307 3.41077 -3.4384 0.752129 0.106451 -1.72552 0.0567284 -0.116818 1.09438 -5.27517 9.36851 -10.9584 7.24773 -2.13627 -1.05985 1.37065 -5.53634 0.296856 -3.56587 -1.44131 1.06215 -0.267791 -0.388096 -0.94377 -1.28988 -1.38554 1.04734 -0.0850858 -2.86664 0.0697551 0.946394 -1.5247 0.0466752 -2.12162 1.00393 1.58279 -1.57884 -3.02581 -1.0732 -1.02427 0.236982 -0.0228191 -0.975147 -1.49988 0.685125 35.9823 -9.64738 2.44724
 -4.95598e-06 1.15937 -0.230076 7.11871e-06 0.772632 -0.646933 0.00587598 0.00144253 -0.0151126 -7.47026 2.40752 -34.8313 4.79676e-06 -0.106914 -4.77731e-05 2.6572e-06 -0.0789723 0.00332247 1.19563e-06 -0.114984 0.0487926 8.36498e-07 -0.131442 0.0299485 0.294159 0.799193 -0.195909 0.17147 0.564038 -0.620145 0.373394 0.0247157 -0.129211 0.196505 0.405717 -0.67732 0.0732699 -0.0310963 -5.03909e-06 0.165126 -0.074912 -0.00125034 0.0443517 0.0303728 -0.00594956 0.00083112 0.0118515 -0.0149617 -0.100329 0.0766152 0.0248448 -0.0377693 0.0524025 -0.292134 -0.00181388 0.0260563 0.0697127 0.0119246 0.1537 -0.154735 0.000548421 9.6247e-05 -0.0849564 0.104119 0.00137313 -0.128544 -0.000334361 0.00011331 -0.000435801 6.05374e-08 -0.0573733 0.0197733 -0.0109372 -0.000201931 0.0097213 -0.00534597 0.000685451 -0.00848912 -0.00792332 -0.00640948 0.0405508 -0.0546193 0.20106 -0.0119649 0.0272205 -0.00248167 0.0223466 0.0025054 0.000698095 -0.00322973 -0.0200762 -0.387698 -0.0681709 0.425223 0.656198 0.644135 -0.484714 -0.0621702 -0.246719 0.556137 0.113461 -0.167741 0.372985 0.0436275 -0.442291 -0.253608 0.123517 0.434347 -0.197301 -0.00759985 -0.027443 -0.0105722 -0.0441162 -0.0516264 -0.0668848 0.0752875 -0.140305 -0.0453484 0.117054 -0.0928489 0.00383689 -0.0195099 -0.0469683 -0.00441906 0.0637291 0.00359709 -0.132643 0.310712 -0.300117 0.0444833 -0.00196088 -0.040382 0.0469509 -0.242142 0.0333341 -0.0644658 -0.0304771 -0.0229284 -0.0711225 0.0276696 -0.0147801 -0.0639489 -0.0480358 -0.00471785 0.027983 -0.0761901 0.0164017 0.0194777 -0.102419 0.0107085 0.0644392 0.00621682 -0.0288658 -0.0304446 -0.0407145 -0.0187296 -0.0187196 -0.00349665 0.000147627 -0.0984527 -0.162839 -0.236323 2.91229 0.0878931 0.303234
 0.000111498 -26.3786 5.23485 -0.000159966 -17.5324 14.6801 -0.0871927 -0.0206949 0.0992189 154.097 -34.8313 791.788 -0.000114003 2.54725 0.000761095 -6.2505e-05 1.89903 -0.0802995 -2.62718e-05 2.7456 -1.16545 -1.80826e-05 3.10296 -0.70726 -6.78536 -18.0242 4.42056 -3.87251 -12.7227 13.9885 -8.65682 -0.510464 2.73671 -4.61143 -9.09954 15.2048 -1.67509 0.817671 -0.00460428 -3.81973 1.80189 0.0280874 -1.02849 -0.516993 0.11411 0.056382 -0.207274 0.260851 2.27337 -1.77174 -0.357586 0.72204 -1.10614 6.5974 -0.0328367 -0.505233 -1.63359 -0.349971 -3.47324 3.53662 -0.0295731 -0.00101239 1.99246 -2.46789 -0.0325303 3.0468 -0.00213805 -0.000347658 0.0124539 -2.18351e-06 1.4339 -0.496443 0.307678 0.00700473 -0.292538 0.0726114 -0.0208995 0.300786 0.172994 0.142248 -0.900583 1.34515 -4.29665 0.255008 -0.607237 0.0554796 -0.496419 -0.0560875 -0.0153055 0.0719786 0.460496 8.84205 1.49673 -9.66452 -14.6331 -14.4507 11.0769 1.48894 5.68022 -13.644 -2.74306 4.19665 -8.46051 -0.918066 10.013 5.57696 -3.05897 -10.2188 4.98516 0.128745 0.535576 0.203071 1.00344 1.18914 1.52753 -1.78338 3.32624 1.00089 -2.73309 2.1951 -0.11112 0.43259 1.11299 0.0931136 -1.41878 -0.11556 3.14857 -7.27801 7.08714 -1.24054 0.113384 0.936487 -1.09897 5.59944 -0.760423 1.55761 0.72944 0.479891 1.60577 -0.608989 0.353331 1.46551 1.12025 0.0696049 -0.623807 1.7972 -0.371969 -0.46561 2.33693 -0.243254 -1.37225 -0.174266 0.589335 0.730635 1.00782 0.454622 0.452447 0.0708893 -0.00297267 2.23024 3.68726 5.2487 -66.3674 -1.40551 -6.8382
 3.32106e-10 -0.000118162 2.4153e-05 5.87744e-10 7.44774e-05 -6.2153e-05 1.51748e-05 3.91586e-06 -8.28177e-05 6.08354e-05 4.79676e-06 -0.000114003 1000 8.2889e-05 -6.41016e-06 -1.02279e-09 4.79801e-05 -1.74696e-06 2.60998e-10 3.7148e-05 -1.56683e-05 4.88733e-11 4.4334e-05 -9.89572e-06 -0.000270503 -0.000548448 0.000136431 -2.85956e-05 -0.000184615 0.000202891 -9.94953e-05 2.57277e-05 -9.95332e-05 -0.00013531 3.08024e-05 -4.13615e-05 0.000114495 2.72419e-05 -7.95469e-07 -0.000299907 0.000129585 2.81419e-06 -2.57121e-05 0.000162467 -1.82419e-05 3.38576e-05 4.38154e-05 -5.44422e-05 0.000105482 -4.22049e-05 -0.000216297 0.000162989 2.64995e-05 5.98259e-05 -1.3003e-05 1.00583e-05 0.000121124 -4.4944e-05 -3.87804e-05 5.41816e-05 -1.10659e-06 9.73521e-08 -9.31129e-06 3.05435e-06 1.20138e-06 -4.46496e-05 -2.53253e-07 5.04104e-08 -3.5625e-07 -4.25607e-10 7.07235e-05 -2.50199e-05 1.65502e-05 6.37262e-07 -1.93908e-05 2.45317e-05 3.83942e-06 -8.62775e-05 3.26648e-06 2.4486e-06 -1.64976e-05 -5.44242e-05 0.000226125 -1.33371e-05 4.58032e-06 -2.88678e-07 7.89961e-06 -9.63796e-07 -1.02079e-07 1.07485e-06 -6.13355e-05 -4.74528e-05 1.48393e-05 6.87662e-05 3.57907e-05 4.99893e-06 7.91457e-07 1.13477e-05 -0.000103729 -6.20196e-05 -2.39064e-05 0.000199497 0.000148137 -8.25242e-05 -7.14929e-05 5.70068e-05 4.28018e-05 7.46337e-05 5.2316e-05 -1.58417e-05 -9.2814e-05 -1.20428e-05 6.5549e-05 4.94198e-05 -3.76416e-05 -3.3065e-05 -8.28069e-05 3.22553e-05 2.59537e-05 1.70308e-05 5.45723e-06 -1.78165e-06 -2.87571e-05 -2.48981e-07 -1.84695e-05 -2.77201e-05 -3.21546e-05 -2.93586e-05 -2.63372e-05 -3.8677e-05 -1.59113e-05 1.52953e-06 1.30011e-05 3.38136e-05 2.35265e-05 2.02809e-05 1.09548e-05 -7.07277e-07 -3.21031e-05 -3.65588e-05 -1.52381e-05 1.04365e-05 2.21888e-05 -1.83002e-06 -3.53554e-05 -2.33825e-08 -4.68768e-06 2.75898e-06 -3.22985e-06 -5.74236e-06 3.38809e-06 2.70288e-05 3.82372e-05 -1.50959e-05 -1.96532e-06 -9.64842e-06 -5.68593e-06 -4.87813e-06 4.39669e-06 3.35117e-05 5.90557e-05 7.99464e-05 -0.000782337 -0.000338271 -0.000119166
 -1.53405e-05 3.20442 -0.652442 -1.02202e-05 -1.32944 1.10826 -0.327312 -0.082655 1.7585 -1.39848 -0.106914 2.54725 8.2889e-05 997.853 -2.83725 1.75911e-05 -1.12932 0.0417962 -1.03316e-05 -0.77055 0.324338 -7.71081e-06 -0.899344 0.199527 8.46899 13.8699 -3.47766 0.784247 4.83621 -5.31623 3.24091 -0.581845 2.17566 4.85233 -0.0422306 -0.259522 -3.55009 -0.719274 0.0236401 6.59548 -3.18639 -0.0657354 0.927524 -4.80434 0.539089 -0.858458 -1.11857 1.38927 -2.3187 2.01667 4.55254 -3.76532 -1.22518 -0.715727 1.15359 -1.25393 -3.49087 1.917 0.886828 -1.63398 0.000680882 0.000860862 0.23435 0.101642 -0.0243906 0.798236 -0.00657818 0.00179266 0.0130424 7.70377e-06 -1.5822 0.55816 -0.328902 -0.0121467 0.371354 -0.630096 -0.0929208 2.09408 -0.0510541 -0.0438766 0.301279 1.66333 -8.636 0.521626 -0.0919022 0.00510271 -0.237586 0.0214602 0.00250199 -0.0241678 2.03637 1.74292 0.0956371 -1.008 -0.376286 0.29683 0.525686 0.124895 2.20093 0.994091 0.416792 -4.03414 -4.08115 1.39499 3.25606 -1.06215 -1.09611 -1.95804 -0.438016 0.604198 2.05674 0.412777 -1.48703 -1.55402 1.37097 1.24422 2.22624 -0.782175 -0.670172 -0.161747 -0.00940068 0.0532832 0.642382 0.179409 0.550017 0.721011 0.797413 0.550193 0.662241 0.820479 0.217752 -0.273428 -0.651956 -1.00481 -0.652499 -0.59118 -0.513069 -0.251316 0.328537 0.33823 -0.0337595 -0.13745 -0.234987 0.0612343 0.564755 -0.200255 -0.130844 -0.384326 -0.162641 -0.0872144 -0.291441 -1.09578 -1.56922 -0.227035 -0.20848 -0.0030242 -0.0631097 0.324723 -0.149929 -0.632976 -1.18507 -1.53494 15.0366 6.0076 2.23083
 2.06082e-07 -0.0263501 0.00527199 -9.41466e-09 -0.00763754 0.00640676 8.27469e-05 5.89961e-06 -0.000467598 -0.000521247 -4.77731e-05 0.000761095 -6.41016e-06 -2.83725 0.825574 2.45026e-07 -0.00588867 0.000306839 2.23172e-08 -0.00245514 0.0010661 5.74163e-08 -0.00381393 0.000902838 -0.0361684 -0.0602945 0.0150596 -0.00625003 -0.0260184 0.0285998 -0.0146029 -3.88382e-05 0.00127518 -0.0202243 -0.00603547 0.0112519 0.00274273 -0.00156029 0.000146718 -0.0358312 0.00869465 0.000333088 -0.0114061 0.00720128 -0.000559153 0.000175549 -0.000414728 0.000516195 0.00438069 -0.00914605 -0.0193988 0.01629 0.00244916 0.000218154 -0.00634568 0.00718591 0.00701368 -0.00820322 -0.00609402 0.0094525 -0.000259668 1.53069e-05 0.00020776 -0.000444793 2.77541e-05 -0.000768042 0.000188397 -4.43674e-05 -4.68893e-05 5.85317e-08 -0.00381091 0.00144597 -0.00039223 -1.42587e-05 0.000389819 0.00105325 0.000102395 -0.00263637 -0.000185432 -0.000199782 0.00116758 -0.00488637 0.0332246 -0.00199966 -0.000308359 3.47022e-05 0.000148015 -8.69781e-05 -9.70385e-06 9.75145e-05 -0.00777587 -0.00397447 -0.00159193 0.000800403 0.000796374 -0.000151124 -0.000954694 -0.000896826 -0.00722778 -0.00594887 -0.00165493 0.014902 0.0142748 -0.00492033 -0.0116846 0.00320761 0.0034474 0.00669577 0.00164013 -0.00262724 -0.0073882 -0.00119028 0.00582845 0.00586539 -0.00517586 -0.00482416 -0.00800516 0.00289697 0.00227056 0.000234179 -7.56905e-05 -0.000391267 -0.00216132 -0.000840136 -0.00215438 -0.00261172 -0.00270164 -0.00219546 -0.00178712 -0.00318084 -0.000695427 0.00117207 0.00270024 0.00389573 0.00256405 0.00215088 0.00172718 0.00065282 -0.00133235 -0.0011133 0.000840188 0.000992418 0.00121391 -0.000246909 -0.00180568 0.00095935 0.000537621 0.00202316 0.000776259 0.000610871 0.00131854 0.0042258 0.00555987 0.000981773 0.00081505 0.00023753 0.000470066 -0.00133887 0.00057492 0.00224246 0.00485962 0.00532865 -0.0695859 0.00322058 -0.00659835
 -3.6303e-10 -5.97057e-05 1.21069e-05 4.58334e-11 9.61139e-06 -7.97162e-06 9.421e-06 2.59327e-06 -5.34299e-05 3.25843e-05 2.6572e-06 -6.2505e-05 -1.02279e-09 1.75911e-05 2.45026e-07 1000 2.60569e-05 -3.73085e-06 -3.83904e-10 2.48993e-05 -1.05034e-05 -5.86801e-10 3.11495e-05 -6.97728e-06 3.21691e-05 -1.5349e-05 3.16573e-06 -1.06876e-05 -6.2775e-05 6.89499e-05 1.18389e-05 1.28756e-05 -5.52199e-05 6.61068e-05 -8.50597e-06 9.1036e-06 -2.33461e-05 6.8558e-06 -1.12615e-07 -8.72169e-05 2.35611e-05 6.34883e-07 -1.17765e-05 3.50466e-06 1.42761e-07 9.82596e-06 1.42018e-05 -1.75557e-05 7.09745e-05 -1.16343e-05 -0.000169253 0.00012126 -2.74141e-05 8.09615e-05 3.25578e-05 -4.35967e-05 1.79515e-05 2.41161e-05 -3.48e-05 2.12558e-05 5.93927e-06 -4.00068e-07 -5.70904e-07 1.51551e-05 1.2841e-07 -1.72254e-05 -2.10032e-06 4.69318e-07 4.15997e-07 -4.1644e-10 3.79953e-05 -1.35005e-05 1.1818e-05 5.00265e-07 -1.52813e-05 3.67775e-06 1.21908e-06 -2.79895e-05 4.39799e-06 3.67297e-06 -2.4176e-05 7.20442e-06 -0.000367797 2.31634e-05 1.39932e-05 -1.14052e-06 -1.06844e-06 -7.24703e-07 -8.92529e-08 8.20766e-07 -1.94893e-05 -7.00261e-05 3.30385e-05 0.000121642 9.30987e-05 6.72575e-05 4.76975e-05 4.6572e-06 -0.000145275 -0.000155043 -5.14511e-05 0.000227205 -1.60367e-05 0.00015171 -3.56377e-05 8.91441e-06 9.54637e-05 -2.45484e-05 4.20769e-05 -1.13278e-05 -3.06396e-05 -2.56429e-05 -2.05969e-05 3.98531e-06 1.11537e-05 5.08017e-05 -1.97528e-05 1.72731e-06 -4.24862e-05 1.66835e-06 1.05204e-05 1.01983e-05 -7.89957e-06 -2.49102e-06 -1.71176e-05 -6.86869e-06 -1.60053e-05 -2.64493e-05 -2.89083e-05 -9.34036e-06 -1.28071e-05 -4.07823e-06 -4.25247e-06 1.00622e-05 5.59024e-06 -1.11557e-05 -1.18815e-05 -1.4367e-05 -1.31975e-05 -3.06685e-05 -3.92858e-05 -7.79529e-07 4.63112e-06 -1.0217e-05 3.01264e-06 9.12375e-06 -9.8257e-06 2.75853e-05 3.63627e-06 -1.65093e-05 -1.1507e-05 -1.80884e-05 -1.02553e-05 -2.11157e-05 -5.05153e-06 -1.00139e-05 -8.75563e-06 9.0506e-06 1.35305e-06 2.54938e-05 4.58709e-05 5.92462e-05 -0.000549406 -0.000324489 -9.41662e-05
 -4.20445e-06 2.48014 -0.503455 -2.43232e-06 -0.238048 0.195786 -0.288731 -0.0742647 1.56667 -0.997928 -0.0789723 1.89903 4.79801e-05 -1.12932 -0.00588867 2.60569e-05 996.991 -45.6607 8.92158e-08 -0.708878 0.298991 3.28407e-06 -0.84362 0.188832 3.44503 4.20639 -1.07211 0.428147 2.83501 -3.11747 1.92045 -0.359197 1.35585 2.39552 0.429896 -0.863448 -1.13418 -0.402609 0.0130236 2.68725 -1.30711 -0.0271305 1.10141 -2.32015 0.244768 -0.493468 -0.665284 0.823486 -1.36331 1.9079 2.90825 -2.58939 -0.313924 -1.21979 0.510325 -0.477619 -1.92042 1.01561 1.04229 -1.41074 -0.200585 0.0175246 -0.305459 0.163735 -0.0124094 0.327111 0.0224361 -0.00476798 -0.00213631 9.69714e-06 -1.19576 0.423867 -0.339142 -0.0137627 0.422249 -0.353118 -0.0615544 1.40058 -0.138834 -0.0917689 0.607566 0.50368 1.82968 -0.11739 -0.264254 0.0200606 -0.0389205 0.0246313 0.0021638 -0.0270277 1.47418 2.59237 -0.254156 -2.37954 -1.71183 -0.969413 -0.492012 0.599351 2.85527 3.15426 1.03644 -6.01893 -2.42305 -0.538672 3.43121 1.1692 -3.50407 -3.40038 2.44189 -0.0917093 0.993866 0.569024 0.212897 -0.249923 -0.578855 0.61601 0.565602 0.128216 0.564767 0.401747 0.0344278 -0.0411459 0.305559 0.195126 0.764225 0.512165 0.583661 0.55903 0.837947 0.499861 0.378016 0.260812 -0.180378 -1.34567 -0.401216 -0.0966289 0.0318573 0.0405571 0.155289 0.156118 0.339089 0.0729439 0.189091 -0.378647 -0.101089 -0.0430718 0.171957 -0.659625 -0.944728 0.17328 0.0264631 -0.426314 -0.795111 -0.614558 -0.341699 -0.0789668 -0.0275447 0.0774 -0.10888 -0.652905 -1.05537 -1.4938 14.6051 7.55835 2.37495
 3.46129e-07 -0.127123 0.0257409 8.21485e-08 0.000897972 -0.000591825 0.0124703 0.0032081 -0.0679333 0.0426815 0.00332247 -0.0802995 -1.74696e-06 0.0417962 0.000306839 -3.73085e-06 -45.6607 2.96747 2.17218e-09 0.0284674 -0.0119823 -1.13477e-07 0.0338467 -0.00754249 -0.163659 -0.203146 0.0517025 -0.0228844 -0.137855 0.15159 -0.0911712 0.0151597 -0.0564787 -0.113197 -0.0242407 0.0472342 0.0489341 0.0165241 -0.000487778 -0.13063 0.0590839 0.00131399 -0.0556741 0.101368 -0.0104994 0.0205697 0.0275563 -0.0340844 0.0614628 -0.0901367 -0.137628 0.122536 0.0135588 0.05587 -0.0245231 0.0231777 0.0856237 -0.0480488 -0.050613 0.0681611 0.00909565 -0.000797831 0.014957 -0.00764216 0.000535482 -0.0137821 -0.000862412 0.000180036 0.000103721 -3.6e-07 0.0489291 -0.0172815 0.0143777 0.000583881 -0.0179766 0.0158207 0.00269367 -0.061599 0.00571107 0.003792 -0.0252425 -0.0237938 -0.085005 0.00545228 0.0117693 -0.000889463 0.00133543 -0.00115625 -0.000101461 0.00126863 -0.0688226 -0.120151 0.00935388 0.109908 0.081146 0.0462734 0.02305 -0.0282015 -0.13172 -0.150455 -0.0500021 0.280975 0.11292 0.024686 -0.15977 -0.0546897 0.163075 0.158569 -0.113787 0.00419402 -0.046445 -0.0263443 -0.0095721 0.0118461 0.0269573 -0.0288986 -0.0263736 -0.00594844 -0.0263059 -0.0187904 -0.00152034 0.00187471 -0.0140473 -0.00918066 -0.0356201 -0.023824 -0.0270402 -0.0262439 -0.0385249 -0.023426 -0.01752 -0.0119925 0.00868697 0.062922 0.0189266 0.00456008 -0.00150711 -0.00198675 -0.00733961 -0.00729505 -0.0152991 -0.00299631 -0.00844685 0.0175821 0.00477456 0.00213813 -0.00798628 0.0311689 0.0440338 -0.00788186 -0.00103033 0.0201457 0.0369824 0.0287263 0.0159442 0.00385759 0.00147923 -0.00371298 0.00508818 0.0304284 0.0498153 0.0695679 -0.695695 -0.329668 -0.10948
 -9.76992e-10 2.76441e-05 -5.56463e-06 7.68675e-11 2.3542e-05 -1.97306e-05 -1.19e-06 9.64417e-08 -3.85012e-07 1.65864e-05 1.19563e-06 -2.62718e-05 2.60998e-10 -1.03316e-05 2.23172e-08 -3.83904e-10 8.92158e-08 2.17218e-09 1000 -8.53003e-06 4.55893e-06 -4.54034e-10 4.01889e-06 -9.60171e-07 6.86082e-05 -1.20038e-05 1.62951e-06 4.95549e-06 4.09345e-05 -4.50546e-05 6.34643e-05 4.5439e-06 -2.39855e-05 0.000134656 -4.33654e-05 6.15372e-05 -3.48219e-05 -2.16783e-06 2.35534e-07 -3.42139e-05 -5.76163e-07 8.47764e-08 5.45616e-08 -3.55226e-05 4.32337e-06 -3.49727e-06 -3.1549e-06 3.91501e-06 3.1815e-05 1.38877e-05 -5.93421e-05 3.70693e-05 -3.34499e-05 1.92115e-05 6.2715e-05 -7.22389e-05 -2.28006e-05 2.69821e-05 -4.30416e-06 -7.84605e-06 1.01395e-07 1.78568e-07 -2.20897e-05 5.12052e-06 2.61839e-08 -4.34702e-06 -1.54873e-06 3.45567e-07 2.50755e-07 -1.31276e-10 -2.33378e-06 7.80774e-07 -7.72788e-07 -2.63633e-09 -2.25063e-07 8.04887e-07 2.83098e-07 -5.29763e-06 1.54431e-06 1.3143e-06 -8.25657e-06 7.94379e-06 -0.000312116 1.93836e-05 7.64511e-06 -6.45189e-07 7.5917e-07 -3.86946e-07 -1.51817e-07 5.42814e-07 5.5783e-06 -1.3915e-05 -3.15729e-05 -6.91015e-05 -2.18416e-05 2.11624e-05 -5.99619e-06 0.000389474 -0.00014448 -0.000104919 -4.72887e-05 -4.67886e-05 -8.36093e-05 0.000117826 2.72761e-05 2.81465e-06 7.79516e-05 5.4426e-06 -2.11294e-05 3.89121e-06 3.52636e-05 -1.05938e-05 -1.23628e-05 -9.78666e-06 1.27282e-06 1.3166e-05 1.51266e-05 -1.09021e-05 4.62325e-06 -1.40764e-07 7.4291e-06 9.91794e-06 4.65791e-06 6.97247e-06 -1.44415e-05 -4.08845e-06 5.77984e-07 -2.2004e-06 5.65854e-06 -2.018e-06 1.07362e-05 1.38746e-06 -2.30765e-06 -6.71931e-06 -1.44942e-06 -1.05229e-05 -5.62435e-07 1.03028e-05 -2.66531e-07 -4.17753e-05 -3.82047e-05 2.24763e-05 1.5809e-05 -9.00021e-06 9.31662e-06 1.63249e-05 -7.54292e-06 3.45244e-05 -8.91699e-06 1.70282e-06 -9.2752e-06 -2.4762e-05 -2.27882e-05 -2.26709e-05 -6.55387e-06 -4.88768e-06 -3.32544e-06 4.73369e-06 -3.55534e-07 1.98446e-06 9.60785e-06 3.02714e-06 -3.11068e-05 -4.08983e-05 -8.04882e-06
 -2.32411e-05 2.12208 -0.433173 -1.11057e-05 -1.92309 1.60678 -0.361183 -0.0806145 1.69549 -1.20335 -0.114984 2.7456 3.7148e-05 -0.77055 -0.00245514 2.48993e-05 -0.708878 0.0284674 -8.53003e-06 842.788 -359.224 9.79926e-06 -1.67838 0.383791 -0.855257 4.68064 -1.11372 -0.187561 0.208532 -0.228847 0.246064 -0.625345 2.60162 -0.150769 2.5645 -4.18104 0.0984645 -0.321226 0.00673677 0.499994 -0.330868 -0.004001 -0.684586 -0.371228 0.0469279 -0.394153 -0.465468 0.57743 -0.427742 -0.95009 1.27042 -0.602762 1.06549 -3.16094 -1.34371 1.78176 -0.618056 -1.46244 0.500816 0.227599 -0.161468 0.0157204 -0.903919 -0.78082 0.0244591 -0.112212 -0.0202843 0.00485645 -0.00752802 8.80922e-06 -1.33031 0.479194 -0.578916 -0.0254888 0.783881 -0.438543 -0.0681272 1.44591 -0.150805 -0.0680724 0.440934 -1.53029 3.48402 -0.200155 -0.323927 0.0276813 0.188352 0.0355709 -0.0056163 -0.0302459 -0.379152 0.506215 2.05094 3.33387 -0.203253 -0.550911 -32.0552 13.5394 -0.0190158 3.05025 1.14977 3.46927 -6.09906 1.03175 2.15301 -1.02496 0.177857 -1.09097 -0.221061 -0.0660519 1.2646 0.295721 0.194363 0.581212 0.901986 0.198619 -0.123515 -0.519472 0.96065 -0.243336 -0.10159 -0.049907 0.628793 1.37132 -0.269394 0.00614259 0.361882 0.235886 0.804498 -0.757982 0.160649 0.154152 0.474253 -0.389331 0.201197 0.622442 0.701835 0.504562 0.355962 1.11988 0.764535 -0.417213 -0.133197 -0.826012 -0.0790534 0.120398 -0.0509949 1.65365 -0.367762 0.479098 1.00283 0.409513 0.142002 -0.890096 -0.380072 -0.00474519 0.186318 -0.450891 0.0404718 -0.853847 -0.84114 -1.81066 19.415 9.48031 3.08945
 1.00238e-05 -0.918797 0.187475 4.68158e-06 0.814387 -0.680425 0.153324 0.034211 -0.719771 0.511423 0.0487926 -1.16545 -1.56683e-05 0.324338 0.0010661 -1.05034e-05 0.298991 -0.0119823 4.55893e-06 -359.224 154.663 -4.21932e-06 0.715004 -0.163493 0.364439 -2.00539 0.477189 0.0788126 -0.0932598 0.102352 -0.106176 0.266014 -1.10662 0.0635282 -1.09967 1.79294 -0.0427606 0.135004 -0.00277545 -0.214103 0.140149 0.00172432 0.29154 0.154663 -0.0195429 0.166589 0.19694 -0.244275 0.182665 0.406196 -0.543292 0.257806 -0.455452 1.35131 0.574714 -0.762015 0.263017 0.624866 -0.215013 -0.0962319 0.0687756 -0.00670207 0.387209 0.33403 -0.0105065 0.0495045 0.00877064 -0.00209866 0.00315985 -3.71616e-06 0.565654 -0.203741 0.246121 0.0108323 -0.333229 0.187113 0.0290698 -0.617012 0.0633236 0.0288176 -0.18665 0.656746 -1.48849 0.0855009 0.138013 -0.0117959 -0.0796758 -0.015211 0.00240366 0.0129319 0.162021 -0.213961 -0.877277 -1.42906 0.0848091 0.242707 13.7111 -5.79646 0.0102093 -1.3031 -0.493538 -1.48267 2.60807 -0.441932 -0.920531 0.438059 -0.0766923 0.466203 0.0948825 0.0281955 -0.541103 -0.126398 -0.0830277 -0.248481 -0.385602 -0.0849122 0.052682 0.222078 -0.410879 0.10396 0.043449 0.021202 -0.268737 -0.586452 0.115208 -0.00258518 -0.154653 -0.10118 -0.343703 0.323904 -0.0688194 -0.0659544 -0.202692 0.166482 -0.0859638 -0.266273 -0.300243 -0.215947 -0.152372 -0.47884 -0.326537 0.178413 0.057029 0.352904 0.0336766 -0.051612 0.0216247 -0.706732 0.157069 -0.204911 -0.428709 -0.174964 -0.0609755 0.380452 0.162296 0.00203545 -0.0796432 0.192727 -0.0173013 0.365062 0.360332 0.774177 -8.31719 -4.02879 -1.31958
 -6.27363e-10 1.78082e-05 -3.56446e-06 1.73486e-10 3.24638e-05 -2.71839e-05 2.12075e-06 7.9876e-07 -1.61954e-05 8.68368e-06 8.36498e-07 -1.80826e-05 4.88733e-11 -7.71081e-06 5.74163e-08 -5.86801e-10 3.28407e-06 -1.13477e-07 -4.54034e-10 9.79926e-06 -4.21932e-06 1000 1.55313e-05 -3.29615e-06 0.000120531 -0.000106242 2.33581e-05 1.07048e-05 5.22147e-05 -5.75056e-05 7.84698e-05 8.48433e-06 -4.00875e-05 0.000166614 3.65978e-06 -1.75842e-05 -4.75898e-05 -2.1199e-06 3.72506e-07 -5.15744e-05 8.13882e-07 2.07444e-07 1.29952e-05 -4.94594e-05 5.56494e-06 -2.25885e-06 -2.95309e-06 3.59225e-06 1.50565e-05 6.21649e-05 -2.90945e-05 1.67409e-06 -5.49929e-05 3.54213e-05 0.000106018 -0.000122586 -2.695e-05 4.85569e-05 -9.21838e-06 -1.31366e-05 5.57756e-07 1.10407e-07 -1.42188e-05 7.81757e-06 1.23988e-07 -9.56652e-06 -1.491e-06 3.4558e-07 3.53511e-07 -2.07228e-10 1.02404e-05 -3.81931e-06 3.5019e-06 1.7897e-07 -5.32585e-06 -5.2412e-07 3.03e-07 -5.51887e-06 2.64444e-06 1.77651e-06 -1.12864e-05 2.03252e-05 -0.000320724 1.99685e-05 3.53842e-06 -3.34029e-07 -1.24627e-06 -4.55914e-07 -1.43072e-07 6.03626e-07 1.60551e-05 -4.08139e-06 5.53396e-06 1.38455e-05 2.53243e-05 3.376e-05 5.85455e-05 9.87346e-05 -7.07088e-05 -0.000101543 -4.08277e-05 -2.33118e-05 -2.53389e-05 9.325e-05 8.9528e-05 -2.21887e-05 3.57604e-05 -5.09494e-05 0.000117987 -2.63901e-05 2.54881e-06 5.69671e-06 5.61446e-06 -1.23626e-06 4.63892e-06 4.07827e-05 1.50007e-05 5.48196e-06 -1.17631e-05 2.10564e-05 -1.30627e-06 4.44047e-06 -7.92887e-07 9.21234e-06 3.69041e-06 6.56798e-06 2.86081e-06 -6.78132e-06 6.99432e-06 -4.87471e-06 2.12039e-06 -7.56812e-06 -1.64979e-05 -6.13481e-06 3.22961e-06 -7.49475e-06 8.06419e-06 8.00028e-06 -2.07019e-05 -8.64195e-05 -5.40038e-05 3.04645e-05 8.11406e-06 -5.75177e-06 -2.26814e-06 4.53725e-06 -1.16339e-05 -4.11513e-06 2.05044e-06 -2.10032e-05 -1.96243e-05 -3.13882e-05 -4.18721e-05 -2.66649e-05 -1.2292e-05 -1.13047e-05 -1.09216e-05 1.1356e-05 -1.26132e-06 9.96152e-06 1.23918e-05 1.96769e-05 -0.000209597 -0.000135688 -3.73843e-05
 4.43146e-06 1.18776 -0.245899 -1.3442e-05 -2.12502 1.7759 -0.368645 -0.0990445 2.06456 -1.49532 -0.131442 3.10296 4.4334e-05 -0.899344 -0.00381393 3.11495e-05 -0.84362 0.0338467 4.01889e-06 -1.67838 0.715004 1.55313e-05 948.323 -217.599 -0.817769 11.4039 -2.72564 0.063153 1.07371 -1.17702 -2.6254 -0.905419 3.96694 -2.85226 1.48339 -2.22568 0.344502 -0.37448 0.00231744 1.73908 -0.664434 -0.0145714 -2.1833 0.47923 -0.0260714 -0.387449 -0.4652 0.579253 -0.627291 -2.00942 1.01474 -0.106993 1.73638 -4.51557 -2.63284 3.35111 -0.284728 -2.47299 0.377149 0.811209 -0.127085 0.00965012 -0.227415 -0.222272 -0.0232754 0.962621 0.0162839 -0.00383897 -0.0112959 1.28256e-05 -1.38614 0.501482 -0.500675 -0.022233 0.676215 -0.407038 -0.0717292 1.51249 -0.17824 -0.0958812 0.622417 -0.641234 3.33455 -0.203406 -0.231581 0.0208565 0.11177 0.0329003 -0.0012725 -0.0319175 -0.715362 0.806144 -0.135359 -1.29833 -1.56052 -1.0673 -8.68607 2.99111 0.880644 3.91252 1.59533 1.61513 -6.41722 -1.16459 4.17927 -0.239133 -2.05617 -6.71554 1.43015 0.665629 -0.748535 -0.539441 -0.398333 0.23858 -0.259448 -0.997268 -1.04503 0.397047 1.29413 -0.690395 -0.214757 -0.20515 0.167574 -0.297198 0.148227 0.00831537 0.0811863 0.437694 0.23037 0.156472 0.266099 0.646195 1.05925 0.590266 0.298769 0.267978 0.210182 0.247042 0.362316 2.13796 1.45877 -0.495531 -0.174334 -0.0701885 0.375604 0.308159 0.34464 1.01086 0.11458 0.587361 2.10991 1.48156 0.693383 -0.384555 0.030763 0.310128 0.431965 -0.649232 0.0571096 -0.955418 -1.09871 -2.04563 21.4885 10.9254 3.47189
