 1000 0.0051296 -0.000191964 7.58857e-09 -0.000420566 5.44554e-05 -3.27305e-09 -6.88113e-06 3.34271e-05 -9.14896e-05 -5.49461e-05 0.000235832 1.59797e-09 -1.08555e-05 1.02281e-07 1.65686e-09 -1.69679e-05 1.84608e-07 2.19652e-10 -3.26824e-05 1.88187e-06 8.1026e-10 -1.70621e-05 4.61216e-07 -0.000282392 -0.000628456 8.48018e-05 -5.42473e-05 -0.000520093 0.000211881 -0.000116887 -0.000134343 0.000176043 -0.00019789 -0.000307127 0.000195918 -3.52019e-05 4.23417e-06 6.41442e-07 -0.000416125 9.24284e-05 3.04797e-06 -0.000142452 1.87781e-05 1.50149e-06 -8.83748e-06 -1.68108e-05 4.81025e-06 2.88438e-05 -0.000204641 -0.000247898 0.000180396 -4.0844e-07 3.92627e-05 -3.92252e-05 5.1895e-05 -0.00013049 -9.23293e-05 -0.000118236 0.000107657 3.47141e-07 -4.31533e-08 5.07005e-05 4.23405e-07 -1.81405e-06 5.23992e-05 1.20159e-06 -3.67736e-07 -9.91578e-08 1.91022e-09 -3.34388e-05 1.15138e-06 -8.2699e-06 -8.33831e-06 2.48376e-05 -3.89464e-05 -9.69947e-06 0.000105878 2.37829e-06 3.42603e-06 -1.11996e-05 -7.4853e-05 0.000285292 -5.47805e-06 -9.66929e-06 6.17543e-07 -5.04222e-06 -1.2561e-06 -3.86121e-07 1.65138e-06 -4.74424e-05 8.49753e-05 -3.91028e-05 -0.00020933 -9.9784e-05 3.45254e-05 -0.000191791 0.000467337 -0.000121467 -0.000380487 -0.000191034 0.000105613 -2.07553e-05 1.21179e-05 -1.73885e-05 -1.21754e-05 1.11468e-05 6.93966e-06 -9.75165e-05 0.000169248 -0.000153632 6.85368e-06 2.53832e-06 -2.59804e-06 -1.2067e-05 -7.76566e-06 -8.79637e-06 -2.01608e-05 6.70014e-05 -5.26665e-05 -1.66605e-05 -3.29117e-05 -1.95694e-05 -1.53576e-05 4.27659e-06 -1.92388e-05 -2.37127e-05 0.000162899 -7.23324e-05 3.41108e-05 -9.50796e-06 7.70639e-06 2.3096e-05 1.39213e-06 3.90968e-05 1.69187e-05 7.90252e-05 4.79112e-05 3.20028e-05 1.94364e-05 8.84764e-06 2.96377e-05 8.00421e-06 1.59005e-06 3.67199e-05 1.01944e-05 5.0219e-05 7.20016e-05 3.59832e-05 4.36322e-05 4.00643e-05 1.17561e-05 3.75002e-05 8.60743e-06 2.05314e-05 2.1702e-05 2.20203e-05 -2.22736e-05 4.30522e-06 8.98455e-06 1.8122e-05 -2.17043e-05 -0.000369156 0.000169715 -3.35166e-05
 0.0051296 607.925 -21.1909 -0.000567946 30.651 -3.96972 0.000331682 0.879132 -4.31271 6.29097 4.32637 -18.5803 -0.000140055 0.92825 -0.00619067 -0.000147973 1.50199 -0.0125748 -5.50316e-05 1.82867 -0.106964 -9.43607e-05 1.61757 -0.0403369 25.5978 42.5413 -5.82122 3.42353 33.6386 -13.7053 11.6576 9.88276 -13.0594 20.0864 21.5658 -13.9897 1.84905 -0.193693 -0.0483996 29.3503 -6.52775 -0.21465 12.4601 -2.64046 -0.0519766 0.88112 1.24755 -0.359442 0.204639 13.659 13.2663 -10.3539 -1.45393 -0.512429 5.64402 -7.765 9.0388 8.69198 8.81315 -8.63822 -0.140284 0.015423 -4.00041 1.05968 0.112607 -4.22054 -0.189227 0.0595928 0.00860006 -0.000168312 2.6686 -0.0894385 0.755237 0.687871 -2.05257 2.6126 0.670569 -7.28725 0.0213837 0.0696758 -0.214813 6.66621 -29.4439 0.631408 1.3404 -0.0967221 0.183826 0.090012 0.0109394 -0.101534 4.62521 -4.21756 2.91376 13.2251 5.52445 -4.85683 -2.48594 2.58787 -5.71334 20.1384 11.3789 -3.22383 -1.58678 -1.3449 2.18711 7.61998 4.14065 -1.6203 -8.99916 5.31894 0.511688 0.560217 -1.54736 -0.295 1.98418 2.53229 1.14562 1.72092 -1.40054 1.68617 2.08949 2.12988 1.51395 1.07931 1.20724 1.17314 0.889016 -2.42017 -2.45932 2.08649 -0.0625185 -0.591598 -1.89495 -2.57549 -1.53378 -3.36994 -4.0526 -3.05887 -0.733456 -1.43262 -2.11898 -1.56697 -1.11825 -1.19128 -2.85757 -2.78507 -1.48093 -3.40864 -3.8642 -1.5217 -2.26267 -3.99436 -3.83058 -2.79814 -2.1561 -1.82897 -1.68186 2.10084 -0.389594 -0.412367 -0.922946 1.21723 22.024 -12.4235 1.61012
 -0.000191964 -21.1909 1.60012 2.05336e-05 -1.10571 0.143203 -1.26398e-05 -0.0334819 0.164356 -0.228091 -0.155821 0.669209 5.88521e-06 -0.0399948 0.000223596 5.78263e-06 -0.0608892 0.000478406 1.95619e-06 -0.0713054 0.0041515 3.38373e-06 -0.0623806 0.00154268 -0.923909 -1.53407 0.209923 -0.126113 -1.21301 0.49422 -0.421233 -0.357012 0.471768 -0.725365 -0.77821 0.50484 -0.0793195 -0.000347439 0.00194386 -1.06193 0.227866 0.00777962 -0.45786 0.0783705 0.00312309 -0.0374856 -0.0518757 0.0147914 -0.0131929 -0.491772 -0.478084 0.37312 0.0508978 0.0174694 -0.204509 0.281425 -0.327077 -0.313595 -0.317967 0.311685 0.0050714 -0.000556719 0.144612 -0.0383228 -0.00407885 0.152838 0.00657143 -0.00206935 -0.000228965 6.57079e-06 -0.105513 0.00346568 -0.0294301 -0.0263231 0.0785789 -0.0940495 -0.0242389 0.263401 -0.00174888 -0.00317534 0.00990398 -0.231286 1.06928 -0.0229371 -0.0483797 0.00349115 -0.00666854 -0.00323188 -0.000390429 0.00364323 -0.166839 0.15489 -0.105638 -0.477332 -0.200359 0.180404 0.0901665 -0.0963886 0.206382 -0.722325 -0.409983 0.115939 0.0576385 0.0481045 -0.0794149 -0.275171 -0.149756 0.0581427 0.324804 -0.192621 -0.0175657 -0.0202352 0.0557234 0.0105023 -0.071881 -0.0916754 -0.0411302 -0.0615681 0.0501366 -0.0607715 -0.0756898 -0.0769469 -0.0547237 -0.0389553 -0.0436185 -0.0423459 -0.0319064 0.0864068 0.088991 -0.0754821 0.00229774 0.0212954 0.0682022 0.0927185 0.0549685 0.121258 0.145642 0.109881 0.0261226 0.0515253 0.0764156 0.0563572 0.0402236 0.0429346 0.102842 0.100423 0.0532876 0.122546 0.139233 0.0547266 0.0813379 0.143942 0.138097 0.10086 0.0776394 0.0658228 0.0605264 -0.0757667 0.0140428 0.014788 0.0330186 -0.0440114 -0.791929 0.446794 -0.0578819
 7.58857e-09 -0.000567946 2.05336e-05 1000 0.00460927 -0.000607016 -3.13859e-09 -7.23476e-06 3.54943e-05 -0.000100596 -6.71603e-05 0.000288209 -1.32096e-09 1.13749e-05 1.51108e-07 6.26207e-10 -9.6984e-07 2.00651e-07 5.71652e-10 -2.68434e-06 2.727e-07 4.69901e-10 3.85308e-06 -4.3098e-09 -0.000348458 -0.000757859 0.000102663 -6.68231e-05 -0.000665344 0.000271248 -0.000144008 -0.000181967 0.000237879 -0.00023201 -0.000500818 0.000316497 6.92335e-05 2.92455e-05 -8.13745e-08 -0.00044629 0.000139739 3.64591e-06 -0.000126575 0.000124947 -4.96391e-06 2.26532e-05 1.1762e-05 -2.71872e-06 5.3867e-05 -0.000151135 -5.70181e-05 6.66976e-05 -2.03777e-05 7.11767e-05 -3.40836e-05 4.26808e-05 -0.000156445 -0.000141366 -0.000115115 0.000123943 1.40789e-05 -1.21078e-06 7.66855e-05 2.1527e-05 -7.32519e-06 0.000195547 1.07117e-05 -3.46634e-06 -1.42465e-06 -7.50929e-11 5.17335e-06 2.73941e-07 -3.07924e-06 -4.55439e-06 1.33869e-05 -3.7037e-05 -1.11862e-05 0.000120376 3.02357e-06 1.45412e-07 -8.49838e-07 -9.81892e-05 0.000286434 -6.0053e-06 -8.66441e-06 5.65688e-07 -1.14664e-05 -2.07272e-06 -4.39791e-07 2.52658e-06 -8.67413e-05 2.11362e-05 -1.86344e-05 -0.000155723 -0.00017686 -0.000173639 0.000135043 3.52217e-05 -7.13967e-05 -0.000111251 -1.28435e-05 1.95197e-05 -1.23839e-05 2.3056e-05 -4.75527e-05 7.74315e-05 -3.54573e-05 3.37907e-05 1.21735e-05 -6.17457e-05 5.12424e-06 1.94663e-05 5.77481e-05 -4.80423e-06 -2.67413e-07 -5.67563e-05 1.72605e-06 -2.57676e-05 -1.57131e-05 4.51884e-05 -1.42574e-05 5.69663e-05 -2.1873e-05 -0.000105321 -0.000184512 -0.000264055 -7.85239e-05 0.000271453 4.70153e-05 8.75143e-05 -1.94558e-05 1.01084e-05 8.13194e-05 7.47692e-08 4.67225e-05 -1.78351e-05 0.000104587 3.51755e-05 6.23982e-05 -5.77609e-05 -5.1589e-05 -2.61832e-05 -3.51499e-05 9.41423e-05 0.000103016 2.28508e-05 6.36667e-06 7.48729e-05 7.43553e-05 9.77554e-05 6.15735e-05 -6.29429e-05 8.06809e-05 1.90512e-05 2.82184e-05 2.75032e-05 2.67535e-05 -3.16822e-05 7.0181e-06 1.59609e-05 6.88176e-06 -5.75078e-05 -0.000500448 0.000114801 -6.47692e-05
 -0.000420566 30.651 -1.10571 0.00460927 738.068 -94.7178 0.000156089 0.396559 -1.91877 5.47901 4.05315 -17.3988 5.70822e-05 -0.512318 -0.00500469 -4.75511e-05 0.183064 -0.0072125 -4.03632e-05 0.388667 -0.0258073 -3.51304e-05 -0.0133054 -0.0028105 20.724 33.3731 -4.57535 2.65181 27.349 -11.1441 11.8892 8.32779 -11.0696 18.3417 18.2754 -11.9032 -3.41153 -1.37638 0.00680476 20.4534 -6.43206 -0.148045 9.28372 -7.11207 0.300082 -0.778062 -0.579572 0.137096 -2.28391 8.53116 2.70337 -3.50867 -0.222462 -1.01893 3.46065 -4.72625 8.07264 7.42008 8.15462 -7.76742 -0.149414 0.0154856 -3.52772 -2.64521 0.485484 -11.6914 -0.636373 0.202011 0.0729983 -9.98263e-06 -0.0812793 -0.0143849 0.177113 0.254921 -0.753476 1.95403 0.564309 -6.1194 -0.0841309 0.0555914 -0.164537 6.37975 -23.1978 0.503826 1.83534 -0.132539 0.410349 0.0682629 0.0130774 -0.0818004 4.00215 -0.843517 -0.429296 3.30073 7.64966 9.80326 -1.79749 -0.109436 -0.27179 6.98541 1.18854 -2.20513 0.0107252 1.54465 0.228192 4.48418 -0.0977222 -2.25518 0.192936 2.74012 -0.0381618 -0.485376 -1.58126 -1.33924 2.67059 2.5264 0.177761 0.787028 1.99078 -0.981344 -0.169855 1.39855 2.62429 5.77846 3.64569 -1.06243 -0.802303 -0.276449 -5.15396 3.06881 0.738359 -0.707028 -2.03771 -2.63091 -1.26885 -2.33318 -2.2171 -3.27175 -0.344205 -0.00899771 -0.563859 -1.44271 -1.65722 -0.751258 -1.67245 -1.08419 -1.14249 -3.32366 -4.55514 -1.01379 -0.462173 -4.00673 -3.31327 -2.79894 -1.942 -1.62792 -1.46073 1.65769 -0.326822 -0.534023 -1.15901 0.854965 23.1991 -13.0742 1.70805
 5.44554e-05 -3.96972 0.143203 -0.000607016 -94.7178 13.1568 -2.10723e-05 -0.0535141 0.259202 -0.709828 -0.524774 2.25268 -6.65823e-06 0.0605019 0.000648464 6.63201e-06 -0.0306735 0.000959888 5.16104e-06 -0.054193 0.0035539 4.45262e-06 -0.00102427 0.000423858 -2.68454 -4.32232 0.592578 -0.346484 -3.54195 1.44327 -1.54023 -1.07896 1.43418 -2.37599 -2.36688 1.54162 0.429 0.17243 -0.00071263 -2.65218 0.826753 0.0192076 -1.21077 0.903707 -0.0375815 0.0960117 0.0686236 -0.0160604 0.293856 -1.1047 -0.350457 0.454579 0.0266399 0.130972 -0.449144 0.61347 -1.04636 -0.960974 -1.05621 1.00605 0.0193302 -0.00200346 0.456991 0.342226 -0.0628496 1.51375 0.082726 -0.0262599 -0.00951595 1.77104e-06 0.00185697 0.00208759 -0.0253433 -0.0346593 0.102525 -0.253078 -0.0731237 0.792962 0.00976555 -0.00793603 0.0237082 -0.815701 3.01051 -0.065392 -0.237624 0.0171599 -0.0530427 -0.00882836 -0.00169059 0.0105784 -0.518233 0.112452 0.0536747 -0.42923 -0.987751 -1.26688 0.231482 0.014295 0.0352945 -0.904439 -0.153097 0.285696 -0.00105195 -0.200201 -0.0300171 -0.5812 0.0122508 0.291665 -0.0249576 -0.354517 0.00483871 0.0627854 0.204505 0.173216 -0.346041 -0.327303 -0.0229487 -0.101537 -0.257604 0.126651 0.0215912 -0.18141 -0.339862 -0.747823 -0.471646 0.137804 0.103979 0.0353534 0.667043 -0.397425 -0.0955049 0.0915382 0.263678 0.340498 0.164084 0.301978 0.286828 0.423342 0.0443492 0.00129284 0.0731994 0.186838 0.214561 0.0971468 0.216404 0.14045 0.148031 0.430167 0.589639 0.13116 0.059769 0.518809 0.428962 0.36234 0.251371 0.21072 0.18907 -0.214687 0.0423139 0.0690786 0.149914 -0.110746 -3.00216 1.6921 -0.221002
 -3.27305e-09 0.000331682 -1.26398e-05 -3.13859e-09 0.000156089 -2.10723e-05 1000 -5.46856e-05 0.000160459 0.000172004 0.000102433 -0.000438833 3.78519e-09 -2.81027e-05 -8.81839e-08 2.55825e-09 -3.27091e-05 3.71076e-09 6.74192e-10 1.72777e-06 -1.88971e-07 8.59396e-10 -2.36347e-05 4.4892e-07 0.000247206 0.000273704 -3.93191e-05 1.01331e-05 0.000220518 -9.06211e-05 0.000228303 4.27783e-05 -6.26464e-05 0.000423911 -0.00015011 7.62687e-05 -8.53787e-05 -1.01729e-05 3.71663e-08 -0.000181037 1.92263e-05 4.60687e-07 5.89499e-05 -0.000132731 7.43098e-06 -2.50889e-05 -3.13214e-05 7.81772e-06 2.14586e-05 6.98324e-05 -0.000117391 4.30597e-05 -1.70502e-05 -0.000451437 0.000199031 -0.000247646 -0.000207157 5.55199e-05 6.09733e-05 -4.98737e-05 4.298e-05 -3.07491e-06 -6.29056e-05 1.32835e-05 7.24621e-07 -2.64576e-05 -1.01256e-06 3.36492e-07 2.56405e-07 4.00334e-09 -6.60379e-05 1.17988e-06 -1.16956e-05 -1.00962e-05 3.06869e-05 -7.17383e-05 -1.22405e-05 0.000138737 -1.87732e-05 -1.04064e-05 3.38081e-05 4.80846e-05 -2.47435e-05 2.59624e-06 -3.46609e-05 2.84863e-06 2.55045e-05 2.48376e-06 -1.89553e-07 -2.30828e-06 6.0887e-06 0.00019004 -1.40448e-05 -0.000193014 7.14948e-05 0.00018611 0.000773565 -0.00091803 0.000364712 1.36692e-05 -6.6482e-06 -6.11183e-05 -0.000225834 0.000305669 -0.000183035 0.000279285 -9.42692e-06 -0.00010085 1.01009e-05 1.90554e-05 6.87256e-06 -1.62906e-05 -1.91589e-05 -5.53964e-06 -1.56437e-05 3.42587e-06 0.000259217 -0.000363805 8.89732e-05 5.03355e-05 1.80511e-05 -5.27524e-05 1.28512e-05 3.98228e-05 -4.21444e-05 -2.89356e-05 -4.3715e-05 0.000202279 8.78876e-05 3.3323e-05 -0.000105204 -1.2471e-05 -2.04575e-05 -3.53217e-05 -4.96703e-05 6.98832e-05 -5.03814e-05 -1.84114e-05 -6.57399e-05 -0.000212865 -8.86051e-05 3.2989e-05 -0.000189522 0.000135197 8.3656e-05 2.61548e-05 3.26192e-05 0.000105615 -0.00017494 2.13958e-05 -0.000245181 -2.59793e-06 0.000229451 -9.46316e-05 -3.96438e-05 -3.08314e-05 -2.34157e-05 2.13203e-06 -1.02339e-06 -2.99288e-05 -6.85204e-05 -4.04695e-05 0.00151222 -0.000827907 0.000113659
 -6.88113e-06 0.879132 -0.0334819 -7.23476e-06 0.396559 -0.0535141 -5.46856e-05 39.9273 -192.838 0.401771 0.231393 -0.991115 1.02361e-05 -0.075938 -0.000211081 6.40577e-06 -0.0802763 8.05399e-05 3.16452e-06 0.0291933 -0.00171465 3.60758e-06 -0.0780307 0.00167137 0.508735 1.36039 -0.18525 0.0503137 0.768312 -0.314828 0.368243 0.00755003 -0.0220567 0.841818 0.33819 -0.24053 -0.219693 -0.0346046 -0.00050754 -0.38508 0.0231074 -0.000276271 0.0988187 -0.33225 0.0171691 -0.0582385 -0.0903467 0.0217827 0.128004 0.1791 -0.551073 0.239608 0.130244 -1.32852 0.189826 -0.183107 -0.546565 0.106766 -0.0185337 -0.00979538 0.0600254 -0.00258703 -0.543866 0.303636 0.0041099 -0.370578 -0.00693072 0.00222033 0.000546535 1.15186e-05 -0.184974 0.00358402 -0.0310151 -0.0263612 0.0805942 -0.255943 -0.0444195 0.494627 -0.0708989 -0.0441968 0.143195 0.126258 0.129941 0.00323692 0.0533965 -0.00326355 0.0750408 0.00634647 0.00230062 -0.00869393 0.0305192 0.439782 -0.11205 -0.622726 0.320955 0.790709 3.56185 -3.55784 0.449299 0.652272 0.292425 0.786701 -0.91803 0.457849 -0.924129 0.489598 0.302081 -0.247474 0.0987804 0.0391145 -0.0623704 -0.102386 -0.0897037 -0.00533418 -0.0716712 -0.193651 1.06799 -0.80678 0.0832461 -0.0147346 0.319778 -0.0917213 0.0564008 0.0799325 0.0142669 -0.0498743 -0.29701 0.2315 0.0175273 0.180199 -0.221011 0.018657 -0.106535 0.0754496 -0.215266 0.231797 -0.217205 -0.463946 -0.358153 -0.112805 0.150554 0.175267 -0.185267 0.108017 -0.187707 -0.246966 -0.213873 0.418318 -0.549974 0.426897 -0.0412352 -0.320344 -0.064599 -0.34466 -0.165539 -0.110753 -0.0748732 -0.011911 -0.00492096 -0.039759 -0.0054193 0.0360424 4.27464 -2.27439 0.334979
 3.34271e-05 -4.31271 0.164356 3.54943e-05 -1.91877 0.259202 0.000160459 -192.838 958.273 -1.98563 -1.1417 4.89012 -5.13776e-05 0.381703 0.00104161 -3.19328e-05 0.402595 -0.000420971 -1.55067e-05 -0.143492 0.00842986 -1.7727e-05 0.386743 -0.00828543 -2.49994 -6.70129 0.912577 -0.242054 -3.76938 1.54466 -1.81329 -0.0239481 0.0916514 -4.15021 -1.64938 1.17488 1.10188 0.182806 0.00219478 1.93852 -0.113162 0.00115071 -0.466303 1.66822 -0.0869147 0.29726 0.457838 -0.110668 -0.641392 -0.879991 2.72171 -1.18438 -0.641341 6.57368 -0.931781 0.895642 2.72101 -0.522566 0.0974758 0.0424761 -0.297646 0.0128376 2.6775 -1.50368 -0.0196961 1.81578 0.0340401 -0.010907 -0.00268812 -5.80741e-05 0.931305 -0.018157 0.158215 0.134742 -0.411701 1.27698 0.221311 -2.46443 0.354959 0.219609 -0.711702 -0.643293 -0.692356 -0.0149922 -0.262987 0.0160616 -0.378896 -0.0314312 -0.0113799 0.043043 -0.148968 -2.19402 0.555456 3.09831 -1.59108 -3.94414 -17.6042 17.5942 -2.22336 -3.22724 -1.41808 -3.89556 4.53967 -2.26532 4.57497 -2.41919 -1.49141 1.22448 -0.489347 -0.192763 0.308378 0.50648 0.442871 0.0263246 0.357257 0.959844 -5.28349 3.99034 -0.412802 0.073586 -1.5794 0.455507 -0.277764 -0.394592 -0.0696298 0.247642 1.46877 -1.14688 -0.0881005 -0.890738 1.09369 -0.09267 0.526247 -0.373238 1.06508 -1.14764 1.07389 2.29531 1.77281 0.558734 -0.745538 -0.867945 0.917599 -0.535645 0.927141 1.2205 1.0567 -2.07066 2.7202 -2.11284 0.205192 1.5836 0.316014 1.70437 0.818296 0.547358 0.369771 0.0600254 0.0241926 0.197296 0.0292092 -0.17372 -21.1501 11.2508 -1.6578
 -9.14896e-05 6.29097 -0.228091 -0.000100596 5.47901 -0.709828 0.000172004 0.401771 -1.98563 921.498 -45.5522 189.276 -1.32175e-05 0.0975693 -0.000691338 -2.32038e-05 0.29283 -0.00167668 -2.99807e-06 0.141399 -0.00770361 1.88586e-05 -0.306766 0.00749136 4.96599 4.61696 -0.657088 0.562979 3.05822 -1.24678 3.8438 0.652114 -0.965942 5.90183 0.423948 -0.474957 1.35204 0.530349 -0.0231726 5.11616 -0.755113 -0.0399573 3.58685 0.551545 -0.0933635 0.66429 0.756854 -0.204498 2.10848 3.17196 -3.5054 0.989408 -0.52383 -2.9801 3.94723 -5.23645 2.28559 4.61002 -0.467843 -1.40306 0.71009 -0.0465278 -1.23856 2.74729 0.112172 -5.56479 -0.31519 0.0993488 -0.00154383 -5.7325e-05 0.82805 -0.0262071 0.310768 0.260629 -0.777588 1.04121 0.305151 -3.24424 -0.395307 -0.358219 1.16586 1.53215 -10.7072 0.254171 0.290794 -0.0218683 0.691831 -0.000518323 -0.014654 0.0152302 0.609052 0.861124 -1.85604 -4.15369 5.55713 4.48278 -7.47914 0.154966 1.86731 11.231 3.13823 -7.21948 1.58652 -1.29267 0.0426191 4.18688 9.11411 10.0132 -14.8186 1.03518 2.67091 1.52394 0.187525 -0.213146 0.00359191 2.35603 -3.56538 0.662584 1.86505 -2.49555 1.20618 0.708148 -0.756596 0.304944 -0.712862 0.996333 -3.40473 5.98399 -6.84009 5.10701 -1.49191 -0.83405 0.574423 -4.08917 0.116538 -3.10218 -1.32663 1.08025 0.0320026 -0.138316 0.432563 -1.33417 -0.904462 0.551147 -0.597575 -2.42554 0.0181183 0.172662 -1.08837 -0.257702 -2.16913 0.376952 0.214176 -1.43261 -2.99449 -1.15811 -0.864613 0.52381 -0.0632068 0.287826 0.338622 9.96948 7.1091 -8.51942 -0.251857
 -5.49461e-05 4.32637 -0.155821 -6.71603e-05 4.05315 -0.524774 0.000102433 0.231393 -1.1417 -45.5522 27.1463 -111.56 -7.68877e-06 0.0546176 -0.000479864 -1.29012e-05 0.164777 -0.00123373 -1.08953e-07 0.143586 -0.00825989 9.9481e-06 -0.198238 0.00428089 2.80686 5.13832 -0.699605 0.564153 3.99021 -1.62607 1.14941 1.10242 -1.45129 2.22221 2.83266 -1.82223 0.763465 0.21625 -0.0128618 2.9972 -0.532238 -0.0219111 1.58458 0.358283 -0.0528461 0.259102 0.401755 -0.108754 -0.306354 1.15409 0.824677 -0.714106 -0.323618 -0.442471 0.736357 -0.993207 1.05775 0.831601 1.05925 -0.962333 -0.0857756 0.00657612 -0.620413 -0.0844809 0.0530158 -1.48302 -0.0871463 0.027754 -0.00434765 -3.25943e-05 0.508675 -0.0152575 0.155513 0.15322 -0.458099 0.55162 0.120952 -1.33131 0.0250156 0.0258732 -0.0837475 0.178154 -2.41365 0.0513852 0.241059 -0.0177444 0.206828 0.0102079 0.00406116 -0.0143458 0.473408 -0.962281 -0.71706 1.03131 5.13012 3.55707 -2.76653 -1.89479 0.654955 0.409665 -0.151891 0.124129 1.3074 -0.266484 -1.89511 -0.029463 1.58567 0.979498 -0.583856 0.295453 -0.115687 -0.0672805 -0.224774 -0.180741 0.282931 0.516055 -0.395923 0.014951 0.439144 -0.186589 0.27771 0.140219 0.12472 0.328074 0.632761 -0.000910435 -0.0901426 0.367774 -0.833095 0.226002 -0.0420812 -0.168269 -0.266535 -0.661873 0.0310259 -0.345434 -0.498966 -0.425579 -0.341547 -0.0777219 -0.451412 -0.182475 -0.108763 -0.0828771 -0.268551 -0.384735 -0.128138 -0.353759 -0.503725 -0.121848 -0.0138697 -0.447236 -0.575941 -0.374287 -0.279198 -0.23542 -0.228746 0.194307 -0.0401853 -0.110098 -0.18378 -0.187723 3.65862 -1.02179 0.434659
 0.000235832 -18.5803 0.669209 0.000288209 -17.3988 2.25268 -0.000438833 -0.991115 4.89012 189.276 -111.56 479.324 3.23239e-05 -0.228607 0.0020601 5.48884e-05 -0.698964 0.00526227 4.72306e-07 -0.609436 0.0350713 -4.251e-05 0.855956 -0.0184936 -12.061 -22.0316 3 -2.42114 -17.0992 6.96822 -4.96988 -4.7145 6.20821 -9.57076 -12.1167 7.79695 -3.26994 -0.912031 0.0548499 -12.8878 2.30496 0.0941693 -6.80594 -1.50522 0.224669 -1.10155 -1.71483 0.464152 1.30717 -4.97545 -3.47096 3.03494 1.41615 1.93462 -3.2004 4.31558 -4.55651 -3.60913 -4.52236 4.13037 0.360509 -0.0277075 2.68744 0.340254 -0.229453 6.43969 0.372418 -0.118603 0.0190043 0.000139692 -2.17872 0.0653888 -0.664186 -0.656265 1.96204 -2.41259 -0.526362 5.79362 -0.113963 -0.115402 0.373511 -0.768147 10.4834 -0.223355 -1.03628 0.0762757 -0.888444 -0.0436212 -0.0172051 0.0611535 -2.03115 4.12611 3.08332 -4.38682 -21.974 -15.2805 11.9184 8.10202 -2.79947 -1.94962 0.659419 -0.448764 -5.60927 1.15316 8.10433 0.0810545 -6.8776 -4.29522 2.65298 -1.27635 0.46805 0.271725 0.962466 0.778136 -1.21243 -2.23446 1.73291 -0.0693507 -1.89617 0.824024 -1.20288 -0.607251 -0.526766 -1.40796 -2.69916 -0.00716282 0.421976 -1.63417 3.63397 -1.019 0.195321 0.727956 1.13497 2.87182 -0.134606 1.5086 2.14894 1.81033 1.4607 0.334156 1.92634 0.793082 0.473639 0.349786 1.15533 1.67043 0.548651 1.51092 2.1664 0.524194 0.0801579 1.90982 2.46371 1.61635 1.22454 1.01897 0.987636 -0.836877 0.172544 0.467232 0.778277 0.689679 -15.7246 4.45985 -1.85673
 1.59797e-09 -0.000140055 5.88521e-06 -1.32096e-09 5.70822e-05 -6.65823e-06 3.78519e-09 1.02361e-05 -5.13776e-05 -1.32175e-05 -7.68877e-06 3.23239e-05 1000 2.33912e-05 -6.18292e-06 -2.04336e-09 2.68642e-05 3.02379e-07 -1.94049e-10 1.66901e-05 -6.08429e-07 -8.2362e-10 2.48318e-05 -1.78685e-07 -0.000217408 -0.000582406 7.98741e-05 -1.26316e-05 -0.000219602 9.03576e-05 -3.57574e-05 4.15145e-05 -5.18019e-05 -8.08075e-05 6.68449e-05 -3.72812e-05 8.13219e-05 8.39562e-06 3.05333e-07 -0.000186109 6.77135e-05 3.1065e-06 1.93688e-05 8.07161e-05 -4.52298e-06 2.28952e-05 2.38467e-05 -5.64786e-06 6.75118e-05 -1.18513e-05 -0.00013037 7.03642e-05 -3.82091e-06 4.74464e-05 4.16478e-05 -6.03505e-05 0.000150922 -3.73542e-05 -2.13355e-05 2.17891e-05 -1.5648e-05 1.02521e-06 -2.34279e-05 7.31503e-06 2.4819e-06 -8.08455e-05 -1.49782e-06 4.64188e-07 -2.10823e-07 -2.17386e-09 3.84051e-05 -2.10461e-07 7.85516e-06 5.10908e-06 -1.56648e-05 2.89625e-05 7.53247e-06 -8.5769e-05 4.57343e-06 4.33732e-06 -1.45925e-05 -2.86474e-05 5.57567e-06 -1.91049e-06 -1.72468e-05 1.30012e-06 1.88835e-06 -1.18045e-06 1.02536e-07 1.08475e-06 -8.11901e-05 -0.000197966 -3.54744e-05 9.01585e-05 -4.0033e-06 -2.75914e-05 -2.54085e-05 3.29896e-05 -0.000164388 -2.40751e-05 8.85874e-06 0.000376828 -2.69653e-05 -0.000315266 4.20394e-05 0.000160584 0.00017564 5.93854e-06 4.28712e-05 -1.53872e-05 -7.16023e-05 4.148e-05 7.92785e-05 -4.49518e-05 -1.41316e-05 -8.44705e-05 -1.61786e-05 3.04765e-05 2.81891e-06 2.83538e-05 3.63281e-05 -1.0911e-05 -1.48198e-05 -7.24202e-06 -3.13093e-05 -3.51649e-05 -5.45993e-05 -3.5233e-05 -3.04451e-05 -4.47261e-05 -6.62209e-06 2.01465e-05 3.47702e-05 2.24368e-05 2.81535e-05 4.17069e-05 4.08858e-05 1.26504e-05 -2.99372e-05 -4.45937e-05 -2.79862e-06 1.26305e-05 1.65397e-05 -2.71702e-05 -4.57469e-06 -8.82289e-06 1.02929e-06 1.79658e-05 -1.70681e-05 5.00191e-06 6.94767e-05 7.09966e-05 2.54437e-05 -1.18054e-05 -4.66612e-06 -1.0102e-06 -1.99899e-06 -1.35022e-05 6.32739e-06 1.23868e-05 4.92793e-05 3.70858e-05 -0.000634036 0.000463493 -2.91173e-05
 -1.08555e-05 0.92825 -0.0399948 1.13749e-05 -0.512318 0.0605019 -2.81027e-05 -0.075938 0.381703 0.0975693 0.0546176 -0.228607 2.33912e-05 999.822 -0.093726 1.46747e-05 -0.201099 -0.00213097 4.86009e-07 -0.117977 0.00415336 4.68937e-06 -0.17666 0.00100884 1.88408 4.40752 -0.60821 0.0788881 1.54323 -0.635914 0.340054 -0.264403 0.325655 0.828084 -0.263766 0.124351 -0.682093 -0.0683067 -0.00220236 1.149 -0.467643 -0.0221711 -0.0698507 -0.712279 0.0391818 -0.181948 -0.192251 0.0458889 -0.515072 0.230601 0.991346 -0.570882 -0.0249886 -0.326404 -0.212728 0.313523 -1.23444 0.413869 0.139481 -0.194752 0.0977074 -0.00605946 0.190007 -0.0255397 -0.0195453 0.609327 0.00954287 -0.00294424 0.00172296 1.57019e-05 -0.283204 0.00123902 -0.0611775 -0.0380575 0.116801 -0.250943 -0.0625872 0.711356 -0.0354099 -0.0286186 0.0970406 0.305222 -0.419979 0.0257847 0.12601 -0.00966914 -0.0260804 0.00939496 -0.000821478 -0.00862675 0.756025 1.70672 0.322079 -0.7148 0.109103 0.306628 0.252545 -0.0783413 1.09131 0.170774 -0.0503572 -2.52678 -0.166123 2.18354 0.135247 -1.24738 -1.46429 -0.209593 -0.039036 0.170619 0.544952 -0.240112 -0.591348 0.259587 0.369955 0.555546 0.277 -0.230195 -0.0160584 -0.105983 -0.195996 0.0993543 0.172597 0.106808 0.257126 0.282261 0.40753 0.249173 0.222486 0.295046 0.0275251 -0.194688 -0.318039 -0.221252 -0.203536 -0.345953 -0.364565 -0.179644 0.107789 0.219371 -0.018954 -0.0752437 -0.0775537 0.132371 -0.0139516 -0.0317251 -0.0149044 -0.187499 0.0787214 -0.0880935 -0.560203 -0.679442 -0.35117 0.0129115 -0.0186517 -0.0358973 -0.0248051 0.156062 -0.0589487 -0.0871781 -0.358511 -0.275429 4.31762 -3.1866 0.193204
 1.02281e-07 -0.00619067 0.000223596 1.51108e-07 -0.00500469 0.000648464 -8.81839e-08 -0.000211081 0.00104161 -0.000691338 -0.000479864 0.0020601 -6.18292e-06 -0.093726 0.813917 2.26745e-07 -0.00273038 1.26151e-05 4.86025e-08 -0.00203087 0.000113382 1.11734e-07 -0.00257828 5.84598e-05 -0.00454468 -0.00812847 0.00110905 -0.000831746 -0.00636744 0.00259489 -0.00188282 -0.00178479 0.00235164 -0.00321811 -0.00309097 0.00201788 -0.00174513 -0.000976403 3.47308e-05 -0.00704971 0.000508208 5.30442e-05 -0.00280985 -0.00129028 0.00013498 -0.000775539 -0.00148028 0.000387981 -0.000262982 -0.00125671 -0.00156125 0.00113501 2.28455e-06 -0.000178285 -0.000955613 0.00133005 -0.00118897 -0.00120019 -0.00120376 0.00118352 -4.4774e-05 2.61136e-06 0.000610179 -0.000110218 -1.38182e-05 0.000498996 3.49022e-05 -1.10159e-05 -1.12688e-07 1.68645e-07 -0.00280882 7.82782e-05 -0.000360278 -0.000287453 0.000861147 -0.00037301 -0.000129406 0.00139739 -0.000192609 -0.000272395 0.000870237 -0.00101028 0.00858988 -0.000181697 -0.000230441 1.66874e-05 -3.18895e-05 -4.30444e-06 1.98777e-06 2.33499e-06 -0.000864045 0.000973589 -0.000145225 -0.00113021 -0.000140063 0.000177122 4.55633e-05 3.39066e-05 -0.000698552 -0.000835525 0.000550825 0.00217711 0.000368082 -0.00181729 -0.000761553 0.00034348 0.000749408 0.000135223 8.68141e-05 -0.000349361 -0.000423053 0.00026621 0.000683622 -0.000160295 -0.00074909 -0.000858485 -0.000111577 0.000466801 8.55204e-05 -0.00019449 -0.000245583 -0.000362463 -0.000320641 -0.000190206 -0.000300139 -0.000346927 -0.000276347 -5.87341e-05 -7.27232e-05 -0.000363108 -2.34548e-06 0.000188184 0.00032562 0.000195588 0.000126065 0.000327232 0.000342746 7.65277e-05 -0.000194339 -9.40522e-05 0.00019072 0.000134693 3.59229e-05 -5.89093e-05 0.000103174 0.000168295 0.000130289 0.000247372 0.000134563 0.000185525 0.000428425 0.00062834 0.000541228 0.000170302 0.000128403 9.10624e-05 8.37965e-05 -0.000279818 6.47489e-05 3.57135e-05 0.000141537 -0.000180631 -0.00338506 0.00259944 -0.000135849
 1.65686e-09 -0.000147973 5.78263e-06 6.26207e-10 -4.75511e-05 6.63201e-06 2.55825e-09 6.40577e-06 -3.19328e-05 -2.32038e-05 -1.29012e-05 5.48884e-05 -2.04336e-09 1.46747e-05 2.26745e-07 1000 2.3438e-05 -9.25091e-06 -5.31616e-10 1.71798e-05 -7.35155e-07 -9.10682e-10 1.88421e-05 -1.96881e-07 -0.000129065 -0.000181122 2.56389e-05 -1.62352e-05 -0.00020224 8.28796e-05 -5.52141e-05 2.73953e-07 1.52931e-06 -9.23845e-05 -2.53422e-05 1.93498e-05 3.46211e-05 7.06246e-06 4.04739e-08 -0.000102645 3.68625e-05 1.50232e-06 -6.06986e-05 7.08897e-05 -3.0195e-06 1.44354e-05 1.55914e-05 -3.53553e-06 6.51486e-05 -5.66517e-05 -0.000127391 7.98854e-05 -2.65379e-06 6.01966e-05 3.49507e-06 -8.5635e-06 8.02706e-05 -4.97888e-05 -4.95478e-05 4.50424e-05 -9.62752e-06 6.58004e-07 -1.51498e-05 6.49598e-06 9.28035e-07 -3.50194e-05 -2.79999e-06 8.71087e-07 -4.86317e-08 -1.64668e-09 2.78198e-05 -2.13799e-07 4.82768e-06 3.96522e-06 -1.20314e-05 6.56102e-06 2.18323e-06 -2.65695e-05 2.53252e-06 4.97192e-06 -1.64137e-05 3.22186e-05 -0.000227222 4.96901e-06 -4.61618e-06 3.4512e-07 -4.86412e-07 -1.15045e-06 1.70414e-07 9.86435e-07 -8.51403e-05 -0.000148374 -3.2986e-05 9.54423e-05 8.3789e-05 5.36955e-05 -1.87521e-05 -4.70061e-05 -0.000198023 3.94504e-05 4.48622e-05 0.000517922 -0.000228063 -0.000190797 -7.00746e-05 0.000190378 0.000223999 -0.000158213 8.66768e-05 -4.86522e-05 -8.03523e-05 -1.84724e-05 1.05521e-05 2.18183e-05 -5.27665e-05 1.75196e-05 -3.24316e-05 -6.13925e-06 -4.71614e-05 -2.14895e-05 4.68282e-06 -1.0203e-05 -1.83828e-05 -2.3733e-05 -3.78686e-05 -2.9478e-05 -4.01517e-05 -3.70588e-05 -3.00231e-05 -1.84773e-05 -2.94963e-05 1.33892e-05 2.24587e-05 1.36462e-05 1.60026e-05 8.54058e-06 2.72094e-05 9.20278e-06 2.01108e-06 -2.03855e-05 -9.04145e-06 -1.63961e-05 2.45048e-05 1.48266e-07 2.20577e-06 2.58873e-06 1.84332e-05 6.8279e-05 -2.59511e-06 1.32921e-05 8.4615e-05 4.87729e-05 1.83043e-05 2.00394e-06 7.02523e-06 8.53589e-06 6.13385e-06 -8.55375e-06 6.32201e-06 1.335e-05 4.80648e-05 2.09778e-05 -0.000506265 0.000356708 -2.5496e-05
 -1.69679e-05 1.50199 -0.0608892 -9.6984e-07 0.183064 -0.0306735 -3.27091e-05 -0.0802763 0.402595 0.29283 0.164777 -0.698964 2.68642e-05 -0.201099 -0.00273038 2.3438e-05 999.689 -3.75894 3.41348e-06 -0.183258 0.00764971 7.62744e-06 -0.223216 0.00221929 2.25648 2.87117 -0.411067 0.140587 2.17609 -0.894333 0.964276 -0.0702713 0.05613 1.80095 0.34219 -0.284109 -0.668152 -0.0922114 -0.000907075 0.71131 -0.375873 -0.0176061 0.78216 -1.11032 0.0507225 -0.211108 -0.22589 0.0530013 -0.697294 0.991238 1.35815 -0.950432 -0.0752852 -0.594972 0.0499657 -0.0319552 -1.30325 0.911736 0.546837 -0.612513 0.0640847 -0.00374972 0.313583 -0.0129498 -0.0163176 0.517661 0.0266005 -0.00820346 0.00138878 1.91648e-05 -0.336536 0.00211958 -0.070747 -0.0489596 0.148639 -0.179952 -0.0489205 0.574492 -0.0394657 -0.0558721 0.185372 -0.0383711 1.19112 -0.0140465 0.0461251 -0.0039409 -0.0258906 0.016173 -0.00166234 -0.0146013 1.24344 2.45156 0.583539 -1.16176 -0.639241 -0.264671 0.298845 0.608051 2.09505 -0.183685 -0.402973 -6.14072 2.20498 3.01184 1.57388 -2.0618 -3.66661 1.06066 0.387101 0.255294 0.982123 0.251544 -0.163237 -0.367333 0.557105 0.331922 0.339748 -0.00377768 0.486882 0.425436 -0.0161187 0.177853 0.237048 0.338521 0.563643 0.415057 0.525265 0.33405 0.3897 0.139092 0.361088 -0.155315 -0.426192 -0.255573 -0.244974 -0.243651 -0.416331 -0.20909 -0.108053 0.112281 0.0798679 0.199981 -0.264057 -0.26476 -0.0492186 -0.0133309 -0.208931 -0.920188 -0.205004 -0.270789 -1.18981 -1.01884 -0.634693 -0.264439 -0.215113 -0.208361 -0.162764 0.237168 -0.0948003 -0.172475 -0.586061 -0.256521 5.41644 -3.52921 0.317021
 1.84608e-07 -0.0125748 0.000478406 2.00651e-07 -0.0072125 0.000959888 3.71076e-09 8.05399e-05 -0.000420971 -0.00167668 -0.00123373 0.00526227 3.02379e-07 -0.00213097 1.26151e-05 -9.25091e-06 -3.75894 0.832769 2.0293e-08 -0.00144696 9.03207e-05 5.25858e-08 -0.001614 4.71069e-05 -0.0131292 -0.0176609 0.00249065 -0.00182564 -0.0150937 0.00617971 -0.00603599 -0.00173097 0.00242704 -0.010681 -0.00502196 0.00350652 0.000686573 -0.000412851 3.32571e-05 -0.00907351 0.00166203 0.000114246 -0.00691683 0.00212581 1.23851e-05 -0.000461247 -0.000979496 0.000286966 0.00250374 -0.00563263 -0.00707006 0.0050769 0.000225958 0.00229655 -0.00140657 0.00179963 0.00314825 -0.00499176 -0.00376993 0.00393801 -0.000257869 1.47652e-05 -0.000619006 4.06965e-05 3.23739e-05 -0.00109799 -8.94796e-06 1.95212e-06 1.82685e-06 1.26761e-07 -0.00194839 8.08246e-05 -0.000228403 -0.000127075 0.000375266 0.000118474 -1.98579e-05 4.28409e-05 -0.000214861 -0.00023002 0.000712901 -0.000531345 0.00145914 -7.28749e-05 -0.000350428 2.76913e-05 -1.53771e-05 -7.118e-05 8.1419e-06 6.34338e-05 -0.00581886 -0.00899875 -0.0033461 0.00360199 0.00331098 0.00183483 -0.00146755 -0.00273489 -0.00907523 -0.000637629 0.00335442 0.0274079 -0.00972983 -0.0135649 -0.0075339 0.00862073 0.0161409 -0.0047645 -0.00178783 -0.00129027 -0.00440676 -0.00106762 0.000930317 0.00170455 -0.00290025 -0.00193448 -0.00144612 0.00023298 -0.00209599 -0.0021128 -0.000254793 -0.00104139 -0.00123514 -0.00162895 -0.00262321 -0.00198253 -0.00231046 -0.00134848 -0.00162873 -0.000751707 -0.00156158 0.000737113 0.00199677 0.0011992 0.00110801 0.00119502 0.00194115 0.000882835 0.00035906 -0.000418887 -0.000138984 -0.00074797 0.00117581 0.0012158 0.000322356 0.000202251 0.00104362 0.00415666 0.00111497 0.00132563 0.00527889 0.00466808 0.00310299 0.00135239 0.00107425 0.000997714 0.000796171 -0.00121439 0.000441903 0.000734682 0.00246314 0.000688974 -0.0242755 0.0159521 -0.00139982
 2.19652e-10 -5.50316e-05 1.95619e-06 5.71652e-10 -4.03632e-05 5.16104e-06 6.74192e-10 3.16452e-06 -1.55067e-05 -2.99807e-06 -1.08953e-07 4.72306e-07 -1.94049e-10 4.86009e-07 4.86025e-08 -5.31616e-10 3.41348e-06 2.0293e-08 1000 9.45525e-06 -3.50967e-06 -8.98433e-10 1.01635e-05 -2.44729e-07 8.44142e-05 -8.16974e-05 9.37862e-06 -4.09496e-06 -2.24499e-06 7.5204e-07 4.86935e-05 5.06544e-06 -8.26238e-06 6.68029e-05 -0.000127621 7.5903e-05 -2.99975e-05 3.34995e-06 4.95034e-08 -4.37614e-05 6.14542e-06 9.56576e-08 2.09903e-05 -3.26769e-05 1.96556e-06 -1.64366e-06 -1.14346e-06 4.28384e-07 2.28115e-05 5.02784e-06 -5.29673e-05 2.60114e-05 -2.84339e-05 3.84405e-05 4.54708e-05 -6.50333e-05 -2.31202e-05 4.67004e-05 -5.56552e-06 -1.23107e-05 -3.63155e-06 3.05738e-07 7.22593e-06 1.88465e-05 -1.07542e-06 1.37061e-05 -1.66093e-06 5.30665e-07 8.92976e-08 -5.16268e-10 5.68895e-06 -1.91482e-07 -2.70549e-07 9.66826e-07 -2.9184e-06 -8.80642e-06 -1.30827e-06 1.47765e-05 3.37079e-06 5.68323e-06 -1.82387e-05 5.40869e-05 -0.000235766 6.07703e-06 -8.29363e-06 5.53258e-07 -2.87139e-06 -7.16723e-07 4.946e-09 7.16165e-07 2.97964e-05 -9.70556e-05 -4.96962e-05 5.38137e-05 0.000142086 0.000126706 2.86328e-05 0.000271994 -0.000164004 -0.000142286 -4.994e-05 3.62658e-05 -6.76883e-05 5.71565e-05 7.83958e-06 -1.7867e-05 3.48577e-05 1.74398e-05 2.67486e-05 -1.05532e-05 8.77538e-06 -1.40731e-05 -1.67871e-05 -2.48153e-05 -1.95671e-05 4.02469e-06 2.70961e-05 -1.58023e-06 3.52943e-06 1.63296e-05 1.19804e-05 5.64159e-07 -2.66434e-05 -1.8363e-05 1.32071e-06 -8.60917e-06 -7.07719e-06 -1.27736e-05 1.36342e-05 -5.51814e-06 3.19258e-06 -4.4655e-06 -5.87867e-06 -1.41781e-05 -1.01809e-05 -2.41693e-05 -1.7715e-05 -4.10323e-06 -1.77533e-05 -3.49721e-05 -1.07028e-05 2.76044e-05 2.13194e-05 -2.0717e-07 1.08802e-05 1.33221e-05 -1.50886e-05 1.1496e-05 -1.4749e-06 -1.64226e-05 -1.31214e-05 -1.84592e-05 -2.83993e-05 -7.22274e-06 -2.77926e-06 -2.34675e-06 -3.83505e-06 2.35477e-05 -2.39771e-06 4.88013e-06 1.10111e-05 -7.40485e-06 -0.000259709 0.000149468 -1.84974e-05
 -3.26824e-05 1.82867 -0.0713054 -2.68434e-06 0.388667 -0.054193 1.72777e-06 0.0291933 -0.143492 0.141399 0.143586 -0.609436 1.66901e-05 -0.117977 -0.00203087 1.71798e-05 -0.183258 -0.00144696 9.45525e-06 996.183 -54.6551 1.4871e-05 -0.360251 0.00765637 -0.336463 3.89898 -0.508949 0.0482982 0.392979 -0.163074 -0.474221 -0.240415 0.323927 0.670706 3.05071 -1.90621 0.0547091 -0.109856 -0.00229368 -0.311022 0.0190203 -0.00339192 -0.510548 0.11455 -0.00986592 -0.103524 -0.115066 0.0248508 -0.459741 0.528769 1.17627 -0.741669 0.529462 -1.25914 -0.898679 1.31781 -0.679503 -0.472728 0.149381 0.0926196 -0.00139817 0.00279014 -0.40925 -0.504409 0.014858 0.0691233 0.0246912 -0.00815509 -0.00149554 1.51735e-05 -0.252755 0.00477858 -0.110333 -0.0869088 0.262627 -0.115066 -0.0337925 0.380538 -0.164952 -0.141995 0.461676 -0.943914 3.76751 -0.0682699 0.249113 -0.0176891 0.0676484 0.034868 -0.00407421 -0.0309873 0.28402 4.06478 2.02646 -0.808456 -4.15923 -4.92201 -12.876 9.3592 -0.0584352 2.42808 0.803056 -0.969086 -1.90873 2.22226 1.00743 0.132291 0.360543 -2.13181 -0.160263 0.777062 1.03845 0.368437 0.454134 0.795339 0.849514 0.423956 -0.0953812 0.0675061 0.726013 -0.09397 0.121856 0.493413 1.24971 1.39738 -0.370046 0.332646 0.587629 0.492714 0.153393 -0.0957539 0.183868 0.0438744 -0.0286079 -0.239677 0.193298 0.39877 0.341566 0.248535 0.256663 0.585861 -0.00784556 -0.539672 -0.409955 -0.864219 -0.444129 -0.221434 -0.000227455 0.0815014 -0.497446 0.210254 -0.118561 -0.915087 -0.695067 -0.993374 -0.482776 -0.312519 -0.132346 -0.42525 -0.0145136 -0.172845 -0.32332 0.0177881 9.10907 -5.25931 0.643722
 1.88187e-06 -0.106964 0.0041515 2.727e-07 -0.0258073 0.0035539 -1.88971e-07 -0.00171465 0.00842986 -0.00770361 -0.00825989 0.0350713 -6.08429e-07 0.00415336 0.000113382 -7.35155e-07 0.00764971 9.03207e-05 -3.50967e-06 -54.6551 3.88794 -8.94075e-07 0.0196807 -0.000417622 0.0164708 -0.220391 0.0287875 -0.00296047 -0.0253856 0.0105051 0.0254725 0.011728 -0.0158769 -0.0394564 -0.172666 0.107933 -0.00375424 0.00458406 0.000164118 0.0140126 -0.00102473 0.000210509 0.0261337 -0.00873121 0.000741227 0.00455997 0.00480453 -0.000959994 0.0248663 -0.0302815 -0.0659229 0.0417406 -0.0287948 0.0700009 0.0493413 -0.0724051 0.0364701 0.0255826 -0.00898071 -0.00445673 0.000111092 -0.000157065 0.0237231 0.0280996 -0.000864006 -0.00276576 -0.00148916 0.000490378 4.64017e-05 -7.50982e-07 0.0127697 -0.000231292 0.00570326 0.0045083 -0.0136301 0.00556383 0.0017312 -0.0195232 0.0081164 0.00727466 -0.0236434 0.0543557 -0.203996 0.00367746 -0.0139643 0.000991413 -0.00342397 -0.00193691 0.000227363 0.0017203 -0.0162153 -0.221577 -0.114747 0.0379487 0.233788 0.289305 0.714846 -0.525037 0.00530434 -0.136653 -0.0471885 0.0544153 0.106663 -0.124243 -0.0565276 -0.00777282 -0.0205911 0.118631 0.00877309 -0.0433926 -0.0579702 -0.0205216 -0.0252185 -0.0443033 -0.0476263 -0.0239685 0.00522698 -0.0037108 -0.0405028 0.00499262 -0.00712 -0.0277218 -0.0697151 -0.0779037 0.0203978 -0.0186804 -0.0327624 -0.0274042 -0.00860945 0.00515812 -0.0103291 -0.00249332 0.0015808 0.0132926 -0.0108101 -0.022168 -0.0189826 -0.0139461 -0.014434 -0.0325724 0.000517654 0.0299431 0.0226424 0.0479901 0.0246466 0.0122743 3.55219e-05 -0.00457464 0.0277077 -0.0116803 0.00655331 0.0509392 0.038817 0.0552697 0.0268247 0.0173395 0.00732226 0.0235085 0.000830939 0.00957413 0.0178435 -0.0013014 -0.506813 0.292992 -0.0357567
 8.1026e-10 -9.43607e-05 3.38373e-06 4.69901e-10 -3.51304e-05 4.45262e-06 8.59396e-10 3.60758e-06 -1.7727e-05 1.88586e-05 9.9481e-06 -4.251e-05 -8.2362e-10 4.68937e-06 1.11734e-07 -9.10682e-10 7.62744e-06 5.25858e-08 -8.98433e-10 1.4871e-05 -8.94075e-07 1000 1.99363e-05 -4.79576e-06 0.000116488 -0.000345584 4.33234e-05 -6.48668e-06 -4.16189e-05 1.67169e-05 0.000108709 0.000116958 -0.000153738 0.00016508 -3.15585e-05 1.30254e-05 -2.87057e-05 1.65974e-06 2.47582e-07 -0.000101925 1.93265e-05 6.06917e-07 8.83939e-05 -6.59361e-05 2.81021e-06 -1.0773e-06 -1.92257e-06 7.98016e-07 1.92822e-05 4.84329e-05 -3.95317e-05 8.02269e-06 -5.14459e-05 6.6643e-05 9.92783e-05 -0.000140997 -3.04917e-05 9.64779e-05 -5.3972e-06 -2.95169e-05 -7.49643e-06 5.67004e-07 1.82927e-05 1.65029e-05 -6.94549e-07 5.33705e-06 -1.60923e-06 5.03513e-07 1.10001e-07 -7.74266e-10 1.05721e-05 -4.35106e-07 1.17926e-07 1.41471e-06 -4.17182e-06 -1.1465e-05 -1.34458e-06 1.52819e-05 7.40288e-06 7.98431e-06 -2.58908e-05 5.67347e-05 -0.000215069 6.08688e-06 -1.55561e-05 1.05909e-06 -5.24078e-06 -1.06903e-06 4.3367e-08 1.0318e-06 3.3955e-05 -2.37346e-05 -3.99653e-06 8.71514e-05 0.000135739 0.000105613 -3.47233e-06 8.58759e-05 -0.000154456 -0.000145941 -4.04408e-05 0.000215742 -3.29717e-05 -0.000165353 9.43407e-05 5.22268e-05 0.000166889 -5.1076e-05 0.00014244 -4.02664e-05 1.99954e-06 2.00434e-05 8.22759e-06 -2.12278e-06 3.02417e-05 8.97594e-05 1.26055e-06 -2.02567e-05 -3.95348e-05 5.33911e-05 2.18803e-05 3.13673e-05 1.57214e-05 6.29316e-06 6.07163e-06 -2.32246e-06 -6.83716e-06 -9.52677e-06 2.13204e-06 -2.61215e-05 -2.8741e-05 -4.18041e-05 -4.0859e-05 -1.19106e-05 9.15421e-06 -1.38299e-05 -7.42481e-06 -1.64966e-05 -6.16934e-05 -9.51002e-05 -3.33771e-05 3.27295e-05 9.48293e-06 -1.06748e-05 -1.87436e-06 -3.61789e-06 -1.68919e-05 -9.24132e-06 8.14118e-07 -5.43164e-05 -5.29626e-05 -4.92634e-05 -6.02386e-05 -2.44805e-05 -2.04255e-05 -1.85438e-05 -1.85917e-05 4.61308e-05 -2.65719e-06 6.00516e-06 7.83069e-06 -1.18292e-05 -0.000428736 0.000234679 -3.23791e-05
