 1000 0.00274559 -0.000581096 -9.67659e-10 -0.0001376 0.000110788 -2.40997e-06 -2.35574e-07 2.43399e-06 -7.78176e-05 -4.49578e-06 0.000103255 3.39127e-10 -1.49981e-05 1.92347e-07 -2.40093e-10 -6.60461e-06 4.78663e-07 -9.5561e-10 -1.90594e-05 8.43978e-06 -6.3802e-10 8.11099e-06 -1.57604e-06 2.16222e-05 -0.000318362 8.06374e-05 -5.58376e-05 -0.000212512 0.000240049 -3.13732e-06 -1.17146e-06 3.68713e-06 9.60747e-05 -9.38459e-05 0.000145361 -7.66169e-05 -6.50361e-06 1.00713e-06 -0.000134246 1.36524e-05 1.29325e-06 -1.54094e-05 -8.66364e-05 1.18162e-05 -4.5269e-06 -1.0943e-05 1.74985e-05 7.37436e-05 -5.76673e-05 -0.000282876 0.000229051 -6.99766e-05 7.83045e-05 0.000112781 -0.000140744 -5.42125e-05 1.33326e-05 -5.33299e-05 5.55746e-05 -4.8862e-06 4.34503e-07 2.45743e-05 2.47115e-06 -2.29353e-07 6.53606e-06 -4.76558e-06 1.3902e-06 8.3534e-07 -1.2748e-10 -4.6235e-06 1.73767e-06 3.51825e-06 1.1601e-07 -4.6421e-06 1.01141e-05 8.26699e-07 -2.12891e-05 2.21113e-06 1.49493e-06 -1.30664e-05 -8.98817e-06 -0.000355272 2.84291e-05 7.96667e-06 -9.59262e-07 -9.69268e-06 -1.73327e-06 -7.71892e-07 2.52528e-06 4.35586e-06 -0.000107488 -0.000160095 -0.000218989 -0.000102624 -3.01346e-06 0.000173516 0.000444052 -0.000244826 -0.000108195 -7.70258e-05 6.63509e-05 -5.98942e-05 -1.31151e-06 8.94136e-05 0.000118868 5.48647e-05 -6.45087e-05 -0.000164993 0.00022824 -0.000138382 2.14215e-05 -2.34425e-05 -1.89535e-05 1.916e-05 3.81048e-05 1.55514e-05 -2.10459e-05 4.60772e-05 -4.3558e-05 1.13978e-05 -6.86495e-06 -7.42244e-06 1.24376e-05 7.90569e-06 -1.08823e-05 -1.61025e-05 0.000156113 -0.000115009 7.86536e-05 -2.83043e-06 1.50516e-05 2.79824e-05 8.19462e-06 3.47073e-05 -2.67146e-05 2.91251e-05 1.63368e-05 3.00339e-05 -2.39891e-05 -8.0697e-05 5.01159e-05 2.44588e-05 1.97709e-06 6.21759e-06 -3.03874e-05 3.93607e-05 3.59794e-05 -6.90498e-07 3.37327e-05 1.27223e-05 -4.59651e-05 -8.52921e-06 -2.74557e-05 1.55842e-06 2.51076e-06 4.81808e-06 3.94371e-07 1.14356e-07 1.93727e-05 3.52227e-05 3.43944e-05 -0.000630421 8.16038e-05 -5.36676e-05
 0.00274559 484.573 -101.426 0.000135001 27.6776 -22.2823 0.488163 0.178172 -2.86206 15.1304 1.12313 -26.1073 -9.16671e-05 2.56256 -0.0233782 -5.4515e-05 2.32772 -0.123551 2.47137e-05 1.62312 -0.722062 2.30769e-05 0.227369 -0.0612192 16.8441 35.7869 -9.40937 6.08634 23.6017 -26.6813 13.1687 2.25216 -9.59468 9.01147 14.5904 -24.3914 7.80805 1.2445 -0.144951 19.3562 -2.23281 -0.186868 10.0154 7.47653 -1.22351 1.30933 2.67624 -4.32272 2.00119 8.25519 14.5911 -13.8511 1.9767 -3.54995 1.29315 -1.18362 6.79729 2.77387 7.88662 -11.0288 0.65064 -0.0574376 -1.72533 2.21381 -0.00342238 -2.42385 0.37939 -0.107955 -0.129414 -2.27923e-05 1.32004 -0.463333 0.303943 0.0208719 -0.459636 -0.84388 -0.0260036 0.953131 -0.0221927 -0.108345 0.911571 -1.39522 3.13026 -0.235092 1.70762 -0.183861 0.516297 0.130703 0.0338019 -0.165901 1.44479 -3.74997 10.6169 18.4391 10.7328 2.1616 -31.2048 17.8438 -8.33622 17.9906 11.9932 -1.17394 -1.48362 -2.11575 -4.89836 3.24265 3.4894 1.5607 -8.86914 3.39266 -1.21323 0.353787 -1.54381 -1.01461 -0.908993 -1.13275 -0.037087 1.96795 0.356429 -0.93302 -0.020599 -0.0232635 -0.238968 -1.22354 0.211437 -0.335558 -1.24574 2.95291 -5.99468 2.57657 -0.678701 -0.52931 -1.08525 -3.81979 -1.40031 -2.23344 -1.50428 -1.73544 0.0626976 -0.0783324 -0.994813 -1.80343 -2.07391 -0.539764 -0.387837 -2.18942 0.0707221 -1.79237 -3.39277 -0.64356 -0.0802674 -2.04492 -0.423258 -1.14827 -1.08324 -1.01432 -1.05714 0.456996 -0.112786 -2.1462 -4.95174 -5.06904 88.8966 -37.0128 4.51707
 -0.000581096 -101.426 22.3659 -2.86219e-05 -5.85436 4.71314 -0.107036 -0.0388393 0.626312 -3.19916 -0.237603 5.52324 2.01575e-05 -0.558508 0.00498161 1.18197e-05 -0.50431 0.0266901 -5.26287e-06 -0.357032 0.158707 -4.85344e-06 -0.0598911 0.0154445 -3.55678 -7.55949 1.98758 -1.2893 -4.98631 5.63696 -2.77732 -0.479603 2.04119 -1.90331 -3.08407 5.15566 -1.6543 -0.272859 0.0310864 -4.08771 0.461774 0.0395366 -2.11983 -1.59328 0.260325 -0.281293 -0.571507 0.923203 -0.4248 -1.74159 -3.07828 2.92223 -0.419027 0.748901 -0.273629 0.250672 -1.43477 -0.585939 -1.66523 2.32881 -0.137788 0.0121654 0.365726 -0.467209 0.000662281 0.514089 -0.0799181 0.0227382 0.0273994 5.03983e-06 -0.299499 0.104502 -0.0692688 -0.00465543 0.103927 0.176334 0.00516514 -0.193411 0.00354813 0.0225295 -0.189529 0.296889 -0.660061 0.0495562 -0.361528 0.0389238 -0.110033 -0.0275905 -0.00712903 0.0350142 -0.304908 0.791586 -2.23849 -3.89174 -2.26717 -0.452041 6.58773 -3.77157 1.76112 -3.79648 -2.52968 0.247763 0.313472 0.44629 1.03335 -0.685494 -0.737215 -0.329143 1.87364 -0.717807 0.256612 -0.075013 0.326179 0.214452 0.191712 0.238971 0.00746245 -0.415215 -0.0756535 0.197102 0.00434001 0.00486246 0.0506023 0.257902 -0.0446161 0.0709423 0.263201 -0.624838 1.26658 -0.544598 0.143219 0.1116 0.229015 0.806443 0.295503 0.471271 0.317008 0.365928 -0.0137178 0.01623 0.210632 0.38076 0.437945 0.113651 0.0817419 0.462307 -0.0153675 0.378486 0.715856 0.135523 0.0167569 0.431921 0.0889802 0.242397 0.228405 0.214101 0.223113 -0.0964499 0.0237983 0.453157 1.04629 1.07 -18.7912 7.84641 -0.952149
 -9.67659e-10 0.000135001 -2.86219e-05 1000 -0.000899236 0.000726457 -3.74328e-06 -9.03545e-07 2.00886e-05 4.36459e-05 3.91317e-06 -8.80301e-05 6.13285e-10 -1.02836e-05 2.30413e-08 1.05112e-10 -4.94092e-06 2.45108e-07 6.05917e-12 -1.33446e-05 5.77853e-06 1.86295e-10 -1.5272e-05 3.17223e-06 5.19978e-05 3.04904e-05 -8.49182e-06 -5.50568e-06 -1.57672e-05 1.76193e-05 0.000150788 1.4419e-05 -6.78839e-05 0.000199655 -2.55872e-05 2.68594e-05 2.14333e-05 -4.21493e-06 1.34714e-07 6.39424e-06 1.81072e-07 3.60124e-07 7.47034e-05 -5.89801e-06 -2.51801e-07 3.64306e-09 1.10291e-06 -1.90466e-06 1.49998e-05 2.23106e-05 -4.3014e-05 2.36243e-05 -3.21141e-05 -2.63376e-05 0.000108242 -0.000124743 3.28892e-05 -2.18464e-05 4.1122e-05 -3.48982e-05 -6.03326e-07 -1.16823e-07 3.62474e-05 -5.23627e-05 3.86219e-06 -8.82199e-05 -5.56339e-06 1.53926e-06 7.81154e-07 2.29321e-10 -2.72647e-05 8.58902e-06 -5.70679e-06 -2.51739e-07 7.26493e-06 -1.43361e-05 -1.41662e-06 3.4622e-05 1.6095e-06 2.30165e-07 -2.38081e-06 -1.20643e-05 -0.000159983 1.25955e-05 2.26699e-05 -2.4186e-06 -4.36975e-07 -4.91547e-07 -3.08408e-07 8.06138e-07 -3.25187e-05 -5.89382e-05 -2.42307e-05 -2.6813e-05 -9.69672e-06 3.55628e-06 6.69786e-05 -1.43159e-05 -4.42998e-05 1.86386e-05 6.09133e-06 -1.29775e-05 4.1633e-06 5.82121e-05 -2.29221e-05 0.000107477 -3.5559e-05 -7.6682e-06 -1.2608e-05 8.84619e-07 7.79091e-06 4.25162e-06 1.90137e-05 -3.31724e-06 2.91369e-05 -2.51969e-05 -5.89975e-06 1.77726e-06 3.09451e-05 -3.22826e-05 -1.95601e-05 4.08435e-05 3.85087e-05 3.47776e-05 -8.43312e-05 -0.000203526 -7.50504e-05 0.000127295 -2.81767e-05 0.000136691 -1.09527e-05 5.99626e-06 3.20258e-05 2.33727e-05 1.24544e-05 -1.37548e-06 2.78676e-05 -7.92288e-06 5.63828e-05 -5.38091e-05 -0.000117574 1.80946e-06 -6.01527e-05 6.81413e-05 6.61244e-05 3.67571e-06 -4.70712e-06 -7.16861e-06 -2.18537e-05 6.58548e-05 4.82647e-05 -0.000106167 5.4351e-05 -2.8341e-05 -1.93273e-06 -7.57545e-07 -1.07289e-06 -5.12263e-06 1.77562e-06 -1.49998e-05 -4.78978e-05 -6.173e-05 0.000476838 -5.65595e-05 4.0918e-05
 -0.0001376 27.6776 -5.85436 -0.000899236 406.401 -325.731 -0.279116 -0.0882192 1.90151 9.75345 0.747717 -17.3188 0.000119781 -1.95131 -0.00686508 2.98309e-05 -0.79554 0.0264066 3.98486e-05 -3.68407 1.5998 6.41004e-05 -3.92334 0.823316 10.898 21.8453 -5.75513 4.10084 14.9849 -16.9455 14.5407 0.303853 -2.26676 8.63985 9.27721 -15.7151 3.95014 -1.11693 0.000349834 9.98067 -2.70549 -0.0848811 6.66552 2.36518 -0.479314 -0.27913 0.055514 -0.0743529 -1.29424 2.66324 -1.39592 0.121595 2.03974 -3.32777 0.675919 -0.476308 5.66358 1.64404 5.63235 -7.71573 0.340704 -0.0275835 -1.7935 -1.57973 0.251004 -8.51701 -0.762368 0.221849 0.095123 5.00379e-05 -4.84794 1.52599 -0.752199 -0.0326126 0.989742 -1.66732 -0.113297 3.04869 -0.0123826 -0.0479727 0.414436 -3.47489 -0.858986 0.0884698 2.1244 -0.227339 0.482264 0.0609655 0.0148563 -0.0764679 0.81566 -1.53142 1.98936 2.82031 1.34598 2.18716 1.70323 -1.77293 -0.743152 4.51089 1.06796 -1.24855 -0.816505 0.712865 -1.86249 3.13394 -0.404572 -0.755663 -0.864562 1.13801 0.0561409 -0.566084 -0.963219 -1.73352 0.266276 0.239984 -0.188388 0.3172 2.31468 -1.31219 -1.65294 -0.419761 -0.336357 2.83198 2.67315 -1.88828 -1.56337 3.82305 -7.65294 3.30491 0.359671 0.0678831 -0.537996 -0.982072 -0.643924 -0.0161011 -0.121936 -1.3403 0.637842 0.829889 0.342812 -0.68801 -1.48368 0.0852668 0.0539189 -0.295131 0.72793 -0.79517 -3.12337 -0.0531035 1.55964 -1.85462 0.35457 -0.732598 -0.483088 -0.426452 -0.418362 0.160961 -0.0495969 -1.79995 -3.98109 -4.31607 71.888 -27.2393 3.97393
 0.000110788 -22.2823 4.71314 0.000726457 -325.731 263.524 0.22304 0.0704751 -1.52093 -7.85275 -0.60208 13.9456 -9.6173e-05 1.56532 0.00553962 -2.39199e-05 0.636118 -0.0210565 -3.2094e-05 2.9613 -1.28593 -5.15913e-05 3.1541 -0.661883 -8.77076 -17.5839 4.63244 -3.30298 -12.0619 13.6401 -11.7028 -0.246157 1.8305 -6.95446 -7.46793 12.6502 -3.18006 0.896048 -0.000148214 -8.03138 2.17481 0.068323 -5.36538 -1.90748 0.386284 0.22303 -0.0466121 0.0630013 1.04268 -2.14333 1.12387 -0.098226 -1.64233 2.67882 -0.544095 0.383405 -4.55753 -1.32305 -4.53331 6.20998 -0.274472 0.0222252 1.44376 1.27217 -0.202084 6.85671 0.613861 -0.178631 -0.0767059 -4.01989e-05 3.89452 -1.22583 0.603476 0.0261573 -0.794077 1.34106 0.0910481 -2.4504 0.00958224 0.0385114 -0.33271 2.79808 0.690511 -0.0711463 -1.71036 0.18303 -0.388299 -0.0490681 -0.0119545 0.0615427 -0.656056 1.23252 -1.6007 -2.26947 -1.08319 -1.76006 -1.37096 1.42715 0.598555 -3.63223 -0.859607 1.0053 0.657039 -0.574091 1.49927 -2.52285 0.325779 0.608136 0.696182 -0.915782 -0.0454097 0.455502 0.77515 1.39527 -0.214384 -0.192764 0.151609 -0.255299 -1.8631 1.05627 1.33065 0.337692 0.27065 -2.27957 -2.1509 1.52089 1.25872 -3.07781 6.15971 -2.66058 -0.289422 -0.054669 0.432854 0.790346 0.518223 0.0128114 0.0978678 1.07867 -0.513689 -0.667895 -0.275326 0.553866 1.19456 -0.0690769 -0.0437429 0.237506 -0.585956 0.640215 2.5137 0.0423458 -1.25552 1.49314 -0.28588 0.589671 0.3887 0.343242 0.336724 -0.129498 0.0398957 1.44882 3.20499 3.47409 -57.8748 21.9408 -3.19793
 -2.40997e-06 0.488163 -0.107036 -3.74328e-06 -0.279116 0.22304 999.85 -0.0914462 0.886255 -0.102398 -0.0194853 0.511033 1.38841e-05 -0.280952 -7.58761e-06 7.59985e-06 -0.242673 0.0107665 -1.17867e-06 -0.300736 0.13047 2.09525e-06 -0.323973 0.0677866 0.175012 0.729237 -0.190145 0.0630916 0.780513 -0.883045 1.01222 -0.131977 0.431502 1.04358 0.101227 -0.238872 -0.0370802 -0.140635 0.00515761 -0.00752602 -0.103576 0.00128135 0.054883 -0.40992 0.0498625 -0.118514 -0.14835 0.240106 0.163643 -0.3165 -0.474589 0.463214 -0.111177 -1.74688 0.800862 -0.768783 -0.217585 -0.414341 0.204728 0.0344762 -0.0655813 0.00628437 -0.0126106 0.0287501 -0.00517665 0.190107 0.00196432 -0.000474851 -0.00529512 4.90527e-06 -0.488269 0.154027 -0.163291 -0.00767197 0.228001 -0.22164 -0.0314151 0.762388 0.0251326 0.00377592 -0.0357011 0.143828 -0.656897 0.0508711 -0.257201 0.0268096 0.0307615 0.00205295 -0.000185576 -0.00188536 -0.327089 -0.308496 -0.279615 -0.328332 -0.130948 -0.000139444 0.770227 0.675162 -1.03542 -0.023308 0.0508752 0.303086 0.383046 -0.0790433 -0.130145 0.164452 0.190429 -0.249981 -0.0189938 -0.0122364 -0.0294242 -0.0462518 -0.0591975 -0.0304034 -0.0689727 -0.108883 0.352852 -0.551597 0.112152 -0.00447317 0.0331158 -0.0456616 0.0781873 -0.0300685 -0.0464484 -0.0575324 -0.14214 0.121538 0.296159 -0.231301 0.0438617 0.0576851 0.116222 -0.57041 0.221366 -0.166053 0.0772779 0.191275 -0.402306 -0.122386 -0.0390646 0.329331 -0.158622 0.183352 0.212073 -0.0262585 0.0538517 0.0339326 0.064178 0.0520055 0.345647 0.425692 0.0654851 -0.112463 -0.0866811 0.0266593 0.0281504 -0.0727291 0.0179151 -0.377479 -0.585594 -0.945345 7.73425 5.11739 1.38522
 -2.35574e-07 0.178172 -0.0388393 -9.03545e-07 -0.0882192 0.0704751 -0.0914462 3.91541 -54.7672 -0.040665 -0.00719802 0.185399 4.26118e-06 -0.0839898 -1.54029e-05 2.49427e-06 -0.0730331 0.00323608 1.59676e-07 -0.0760062 0.0329646 9.80173e-07 -0.105772 0.022234 0.010631 0.385162 -0.0987661 0.025888 0.25576 -0.289197 0.259423 -0.0545403 0.189917 0.220768 0.122881 -0.215163 0.00384718 -0.0424765 0.00122319 0.019342 -0.0338698 2.63998e-05 -0.00940124 -0.100935 0.0121319 -0.0335683 -0.0448635 0.0727003 0.0528441 -0.119937 -0.211099 0.198881 0.0272484 -0.617697 0.143329 -0.107022 -0.0644979 -0.142594 0.0464921 0.0380491 -0.0228107 0.00260368 -0.0890692 0.0760011 -0.00213872 0.00036356 0.00121276 -0.000296183 -0.00217072 1.63911e-06 -0.153152 0.0483477 -0.0508093 -0.00237452 0.0705397 -0.0866413 -0.0116635 0.27973 0.00376528 0.000711428 -0.00751915 0.0612013 -0.026172 0.00205445 -0.0619721 0.0064407 0.0151306 0.00125969 0.000556545 -0.00183086 -0.103191 -0.108549 -0.0629213 -0.0521633 -0.00887434 0.00756839 0.511463 -0.135774 -0.334385 0.0119768 0.0442092 0.339582 0.125878 -0.0394426 -0.240697 -0.0687446 0.134082 -0.0694745 0.0173076 -0.013346 -0.0246558 -0.0320225 -0.0401752 -0.0165191 -0.0324743 -0.0943085 0.210195 -0.16924 0.0148598 -0.0198545 0.058882 -0.0294956 0.0339424 -0.0174487 0.0067146 -0.00740219 -0.0995357 0.017312 0.0273951 -0.0537215 0.0281372 0.0394293 0.0366149 -0.125401 0.0290825 -0.0106591 0.00730093 -0.0417387 -0.116842 0.047053 0.0908719 0.0973002 -0.0145515 0.0367644 0.00995902 -0.0597786 -0.0705122 0.14081 -0.0352176 0.113427 0.182385 0.0487643 -0.066894 -0.0438492 -0.0285532 0.00638213 0.0122814 -0.023817 0.0056147 -0.125857 -0.149506 -0.279878 2.6018 1.68973 0.462449
 2.43399e-06 -2.86206 0.626312 2.00886e-05 1.90151 -1.52093 0.886255 -54.7672 991.401 0.86802 0.143923 -3.67205 -7.98508e-05 1.58348 7.7679e-06 -4.55328e-05 1.36744 -0.0608102 -1.13585e-06 1.41678 -0.61467 -1.76762e-05 1.94666 -0.409354 -0.204668 -6.76851 1.73617 -0.401388 -4.45338 5.03549 -4.64509 1.03532 -3.62495 -3.9726 -2.08027 3.65863 -0.058565 0.842862 -0.0256591 -0.397452 0.672023 -0.000607951 0.174637 1.97066 -0.238504 0.655727 0.859067 -1.39331 -0.997457 2.14209 3.77803 -3.55633 -0.419974 11.0218 -2.60082 1.96066 1.16193 2.54682 -0.816865 -0.695507 0.418663 -0.0475739 1.56297 -1.34901 0.0387762 -0.0408123 -0.027358 0.00692085 0.0404288 -3.14048e-05 2.88641 -0.912151 0.967539 0.0455104 -1.34518 1.56313 0.210318 -5.04279 -0.0706271 -0.0160622 0.162191 -1.2298 0.549081 -0.0422831 1.12908 -0.11735 -0.277526 -0.0223267 -0.00993298 0.0325193 1.83336 1.93115 1.11786 0.939979 0.186007 -0.116964 -9.13547 2.36218 5.95056 -0.0646858 -0.676298 -6.09183 -2.25313 0.702004 4.28292 1.22063 -2.39224 1.24878 -0.32684 0.228208 0.4438 0.573662 0.718812 0.29465 0.570592 1.667 -3.75857 3.02589 -0.265752 0.345448 -1.05874 0.523617 -0.615518 0.309887 -0.12496 0.125505 1.76849 -0.300447 -0.513012 0.962356 -0.506822 -0.707211 -0.658763 2.24128 -0.52798 0.19557 -0.128146 0.744205 2.09571 -0.831941 -1.62724 -1.75467 0.251156 -0.656947 -0.181997 1.06532 1.26063 -2.52631 0.629493 -2.02595 -3.26268 -0.878452 1.20431 0.786043 0.513096 -0.118284 -0.223308 0.426065 -0.0999706 2.24685 2.64782 4.99777 -45.9016 -30.9726 -8.297
 -7.78176e-05 15.1304 -3.19916 4.36459e-05 9.75345 -7.85275 -0.102398 -0.040665 0.86802 898.558 -6.99563 146.477 0.000111611 -2.32252 0.00155387 5.13977e-05 -1.82792 0.0829402 2.63301e-05 -2.85613 1.24384 2.38437e-05 -2.90017 0.612734 5.82629 6.24517 -1.68828 1.52092 5.20539 -5.88954 6.61915 0.473976 -2.33021 5.56924 3.23247 -5.66565 2.16004 -0.357512 -0.00663324 4.66021 -1.42791 -0.0333503 2.7829 0.878292 -0.180329 -0.0685976 0.00311417 -0.000471069 1.41556 0.735242 -5.49231 3.77181 0.0517119 -2.75212 2.59076 -2.77495 3.38367 2.14752 1.1434 -2.80614 0.680462 -0.054666 -2.79723 4.454 -0.00938322 -4.85259 -0.118674 0.0352871 -0.0438319 1.86082e-05 -2.80328 0.882583 -0.345214 -0.010874 0.363399 -1.16614 -0.0942835 2.63928 -0.349602 -0.198971 1.67217 -1.70272 -5.56083 0.451737 0.221252 -0.0263558 0.728475 -1.86497e-05 -0.0119623 0.0120442 -0.466514 -9.29912 1.70317 7.46276 7.11096 8.8763 -7.8559 -4.90908 3.5527 10.6222 3.38775 -9.40022 2.92366 -1.61895 -3.32324 3.14501 8.77141 13.4029 -16.9061 2.06644 1.99005 0.73363 -0.406466 -0.730383 -0.933796 2.68248 -5.19561 0.399145 3.2545 -3.43315 0.914614 0.0613587 -1.72678 0.0746054 -0.386496 1.13991 -5.15104 9.29632 -10.2635 6.95085 -1.96568 -0.818009 1.47443 -5.39841 0.501452 -3.32198 -1.18861 1.276 -0.200434 -0.410802 -0.963366 -1.005 -1.25355 1.27025 0.0662954 -2.62617 0.305102 1.00971 -1.22177 0.239917 -1.87363 1.32525 2.01831 -1.32793 -2.68244 -0.898312 -0.836766 0.126557 0.00683433 -0.952178 -1.49509 2.15926 42.4011 -20.4542 1.8121
 -4.49578e-06 1.12313 -0.237603 3.91317e-06 0.747717 -0.60208 -0.0194853 -0.00719802 0.143923 -6.99563 2.31526 -33.5765 7.95385e-06 -0.162318 7.16851e-05 4.14224e-06 -0.134512 0.00601588 2.15486e-06 -0.221947 0.0965275 1.99939e-06 -0.225686 0.0475582 0.217044 0.779715 -0.20257 0.144732 0.557884 -0.630842 0.414462 -0.010632 0.0108158 0.144098 0.393955 -0.651065 0.139164 -0.0374185 -8.85956e-05 0.110982 -0.0536411 -0.00102902 0.0190115 0.0830058 -0.0124225 -0.0229696 -0.0228254 0.0373782 -0.0757125 0.0369012 0.0117763 -0.0194682 0.0987833 -0.323102 -0.0492553 0.0901869 0.147894 -0.0377768 0.171872 -0.180285 0.0130153 -0.00121624 -0.0586181 0.10308 0.000533576 -0.14511 -0.00409042 0.0012689 -0.00226858 1.60328e-06 -0.200351 0.063104 -0.041188 -0.001663 0.050984 -0.0185465 -0.000768539 0.0259554 -0.0162848 -0.00863141 0.0715968 -0.135369 0.287676 -0.0218689 0.037536 -0.00421417 0.0347304 0.00287046 0.00100405 -0.00390654 -0.0528841 -0.517341 0.305872 0.782378 0.614894 0.684751 -0.404608 -0.206744 -0.150567 0.367084 0.103411 -0.156043 0.389502 0.0195307 -0.483209 -0.26292 0.143068 0.423333 -0.224293 -0.0212285 -0.0407502 -0.0225796 -0.050059 -0.0594447 -0.078074 0.0600665 -0.162313 -0.0443453 0.108741 -0.1064 -0.010257 -0.0328622 -0.0636286 -0.0077869 0.0511514 -0.0224097 -0.149488 0.306618 -0.297052 0.0259467 -0.00963305 -0.0464923 0.0364503 -0.244383 0.0268143 -0.0630775 -0.0313805 -0.0307615 -0.0844069 0.0344515 0.00561406 -0.0681754 -0.0655854 -0.00652606 0.0242673 -0.0781096 0.0136085 -0.000109509 -0.0976689 0.00831463 0.0600659 0.004635 -0.0207751 -0.0317539 -0.0424344 -0.0261146 -0.0258831 -0.00213571 0.00145947 -0.100361 -0.188499 -0.249251 3.31703 -0.483775 0.275388
 0.000103255 -26.1073 5.52324 -8.80301e-05 -17.3188 13.9456 0.511033 0.185399 -3.67205 146.477 -33.5765 782.114 -0.000191283 3.91029 -0.00200385 -9.89499e-05 3.25668 -0.145954 -4.91059e-05 5.33625 -2.32108 -4.55768e-05 5.38735 -1.13546 -5.13993 -17.9554 4.66725 -3.3321 -12.8607 14.5427 -9.84168 0.320905 -0.516619 -3.5052 -9.02271 14.9258 -3.26495 0.998363 -0.00351932 -2.65313 1.35439 0.0236112 -0.455931 -1.75151 0.265945 0.602507 0.606375 -0.993071 1.73027 -0.906366 -0.0196081 0.282366 -2.17286 7.49228 1.02812 -1.95709 -3.525 0.787992 -3.95662 4.20704 -0.318413 0.0294358 1.49911 -2.50482 -0.0132373 3.53717 0.0786593 -0.0248091 0.0588687 -3.92749e-05 4.85511 -1.53021 1.02785 0.0419599 -1.27704 0.370123 0.0122357 -0.474386 0.37155 0.198183 -1.64457 3.25366 -6.42506 0.487219 -0.868836 0.097549 -0.790251 -0.065541 -0.0225851 0.0888553 1.23764 12.0732 -7.16377 -18.0945 -14.0109 -15.7045 9.41552 4.95985 3.45974 -9.44643 -2.60608 3.9892 -9.02172 -0.382759 11.1918 5.91897 -3.57788 -10.1779 5.74305 0.412096 0.867617 0.489716 1.16454 1.39653 1.82451 -1.47154 3.91207 0.999226 -2.6003 2.56136 0.207671 0.755755 1.52226 0.173336 -1.15356 0.478558 3.60651 -7.34891 7.16261 -0.831217 0.289713 1.09349 -0.885057 5.78293 -0.632964 1.55954 0.764548 0.667577 1.9489 -0.771799 -0.100838 1.59065 1.54607 0.111878 -0.554741 1.87923 -0.318617 -0.0328092 2.27992 -0.19635 -1.31013 -0.14962 0.410639 0.774379 1.06477 0.63222 0.624394 0.0444286 -0.0339687 2.32693 4.34991 5.61017 -77.3267 11.8226 -6.35471
 3.39127e-10 -9.16671e-05 2.01575e-05 6.13285e-10 0.000119781 -9.6173e-05 1.38841e-05 4.26118e-06 -7.98508e-05 0.000111611 7.95385e-06 -0.000191283 1000 8.02133e-05 -5.98596e-06 -1.01493e-09 4.84078e-05 -1.80816e-06 2.67571e-10 3.65643e-05 -1.57623e-05 -1.05454e-10 4.75477e-05 -9.77497e-06 -0.00027668 -0.000575629 0.000152566 -2.86358e-05 -0.000177418 0.00020055 -7.883e-05 3.10088e-05 -0.000112048 -0.000138621 6.35876e-05 -9.358e-05 0.000110794 3.1719e-05 -1.02351e-06 -0.000377948 0.000146668 3.93623e-06 -3.95042e-05 0.000172553 -2.0048e-05 2.5901e-05 3.58663e-05 -5.85124e-05 8.2604e-05 6.62994e-06 -0.000190361 0.000136929 3.16288e-05 5.22604e-05 -9.20623e-06 5.99352e-06 0.000128608 -3.02776e-05 -3.89691e-05 5.54233e-05 -3.72092e-06 4.05374e-07 -3.81226e-05 -5.51224e-06 1.5011e-06 -5.74956e-05 -1.40521e-06 4.17005e-07 -6.43836e-07 -7.30109e-10 7.70737e-05 -2.40096e-05 1.50164e-05 6.661e-07 -1.91332e-05 3.27474e-05 4.5858e-06 -0.000116692 5.47999e-07 1.22199e-06 -1.13551e-05 -4.418e-05 0.000242188 -1.84687e-05 1.05045e-05 -9.91059e-07 1.1578e-05 -8.95631e-07 -1.44841e-07 1.04957e-06 -6.36066e-05 -3.4281e-05 5.78642e-05 0.000100046 4.66424e-05 2.15619e-05 -1.36729e-05 -2.90504e-06 -9.4449e-05 4.85144e-06 9.1022e-06 0.000267226 0.00013781 -0.00015231 -8.80205e-05 4.15404e-05 3.15424e-05 6.0384e-05 4.37406e-05 -3.62122e-06 -0.000100114 -1.25276e-05 5.65976e-05 2.55602e-05 -5.79185e-05 -3.16226e-05 -6.79197e-05 4.45508e-05 3.0864e-05 1.5302e-05 -1.06139e-05 -1.52865e-05 -2.86426e-05 6.33217e-06 -1.95348e-05 -2.72431e-05 -3.26013e-05 -3.05068e-05 -2.68681e-05 -3.35901e-05 -9.85458e-06 7.76927e-06 1.85908e-05 3.41008e-05 2.70176e-05 2.41219e-05 1.04525e-05 -5.39216e-06 -4.67224e-05 -4.99329e-05 -2.51735e-05 6.49142e-06 3.05436e-05 -8.16047e-06 -4.12061e-05 -5.13459e-06 -9.76521e-06 -9.57989e-07 -8.68643e-06 -8.21595e-06 2.17038e-06 2.22386e-05 3.10872e-05 -2.03014e-05 -6.98873e-06 -1.2782e-05 -8.73028e-06 -1.72237e-06 3.11544e-06 3.38804e-05 6.4179e-05 8.58834e-05 -0.000780881 -0.000331067 -0.000117709
 -1.49981e-05 2.56256 -0.558508 -1.02836e-05 -1.95131 1.56532 -0.280952 -0.0839898 1.58348 -2.32252 -0.162318 3.91029 8.02133e-05 998.078 -2.50011 1.72038e-05 -1.07529 0.040817 -9.97801e-06 -0.679481 0.292082 -3.88041e-06 -0.905595 0.184787 8.01589 13.7251 -3.6658 0.765602 4.45702 -5.03927 2.67919 -0.646556 2.25793 4.50733 -0.541324 0.555781 -3.24877 -0.81228 0.029886 7.47221 -3.27063 -0.0828753 1.09591 -4.7604 0.554846 -0.611667 -0.864654 1.40865 -1.7512 0.807268 3.89519 -3.14362 -1.23403 -0.629515 1.00345 -1.13213 -3.62206 1.3694 0.786029 -1.52211 0.0556844 -0.00538066 0.858985 0.203361 -0.0296968 1.05777 0.0135453 -0.0040576 0.0208625 1.42114e-05 -1.61662 0.501576 -0.2719 -0.0114025 0.331749 -0.749218 -0.100333 2.56287 -0.00203865 -0.0232524 0.22192 1.21448 -8.32158 0.648756 -0.188979 0.0169228 -0.305465 0.0187708 0.00361614 -0.0225793 1.74366 1.83151 -1.09232 -2.3169 -1.08823 -0.478646 0.91779 0.322347 1.93601 -0.182042 -0.211263 -5.02596 -3.7569 2.59575 3.26769 -0.740889 -0.694543 -1.56757 -0.278673 0.460715 1.88551 0.238128 -1.36028 -1.04456 1.59969 1.05094 1.83222 -0.920025 -0.656045 -0.197341 0.229168 0.299086 0.654627 0.0137129 0.453621 0.637998 0.737486 0.586798 0.676158 0.718566 0.184514 -0.296201 -0.633699 -0.888382 -0.564666 -0.497232 -0.335673 -0.0230469 0.599426 0.644671 0.195873 -0.00630153 -0.23829 0.242279 0.781162 0.00437254 0.0806868 -0.222926 0.0955063 0.0903696 -0.181932 -0.941512 -1.29494 -0.0118297 -0.0331189 0.121895 0.0519822 0.165804 -0.0884397 -0.599581 -1.24264 -1.5796 14.1032 5.44199 2.06177
 1.92347e-07 -0.0233782 0.00498161 2.30413e-08 -0.00686508 0.00553962 -7.58761e-06 -1.54029e-05 7.7679e-06 0.00155387 7.16851e-05 -0.00200385 -5.98596e-06 -2.50011 0.82332 2.20424e-07 -0.0060885 0.000318339 2.07772e-08 -0.00275453 0.00121749 5.31134e-08 -0.00405412 0.000883078 -0.0310799 -0.0550936 0.0146483 -0.00556188 -0.0232839 0.0263252 -0.0119624 -0.000149331 0.00150802 -0.017013 -0.00466038 0.00881153 0.000711149 -0.00187015 0.000167142 -0.0361325 0.00776416 0.000384632 -0.0111548 0.00489903 -0.000287698 -5.54258e-05 -0.000760418 0.00120538 0.0027549 -0.00389106 -0.0148214 0.0123509 0.00167662 0.000420983 -0.00501184 0.00591141 0.00607355 -0.00527489 -0.00514848 0.0087171 -0.0005155 4.73886e-05 -0.0011392 -0.00093894 5.23784e-05 -0.00123377 4.291e-05 -1.26448e-05 -3.75526e-05 7.05533e-08 -0.00460535 0.00153908 -0.000403998 -1.84442e-05 0.000456593 0.001166 0.000100797 -0.0029329 -0.000277694 -0.000189673 0.00145996 -0.00416087 0.0280495 -0.00217832 -0.000198327 3.02337e-05 0.000151506 -7.37957e-05 -1.32257e-05 8.77742e-05 -0.00595517 -0.00389762 0.00168974 0.00467617 0.00250334 0.00148582 -0.00168018 -0.00119885 -0.0060383 -0.00116927 0.0008883 0.0165915 0.0118821 -0.00821193 -0.0104603 0.00194284 0.0018945 0.00483391 0.00112167 -0.00192002 -0.00612804 -0.000478909 0.00497477 0.00383236 -0.0052936 -0.00360405 -0.00600027 0.00303896 0.0019989 0.000411912 -0.000753621 -0.00103203 -0.0018945 -0.000126303 -0.00157038 -0.00203632 -0.00214874 -0.00219148 -0.00154298 -0.00258101 -0.000497615 0.00112612 0.00238174 0.00322306 0.00206239 0.00161698 0.000948155 -0.000200263 -0.00216216 -0.00205591 -1.40046e-05 0.000581717 0.00114184 -0.000809321 -0.00236751 0.000191074 -0.000230431 0.00121869 -0.000149848 -7.0805e-05 0.000761481 0.00323785 0.00405765 0.000184742 0.000153038 -0.000201189 2.38741e-05 -0.000640092 0.000305573 0.00201602 0.00467735 0.00497597 -0.0647137 0.0071891 -0.00563421
 -2.40093e-10 -5.4515e-05 1.18197e-05 1.05112e-10 2.98309e-05 -2.39199e-05 7.59985e-06 2.49427e-06 -4.55328e-05 5.13977e-05 4.14224e-06 -9.89499e-05 -1.01493e-09 1.72038e-05 2.20424e-07 1000 2.3267e-05 -3.36513e-06 -3.56183e-10 2.55436e-05 -1.09986e-05 -5.49357e-10 2.8688e-05 -5.86875e-06 2.24317e-05 3.83141e-06 -1.45229e-06 -8.1314e-06 -5.10088e-05 5.76233e-05 2.73912e-05 1.44161e-05 -5.76999e-05 6.28678e-05 1.01953e-05 -2.15163e-05 -2.01225e-05 6.2889e-06 -9.01498e-08 -0.000127715 3.38562e-05 1.01076e-06 -3.31135e-05 1.39894e-05 -7.77563e-07 7.62519e-06 1.22533e-05 -1.99921e-05 7.28661e-05 -6.31198e-06 -0.000199889 0.000148851 -1.98188e-05 7.47213e-05 2.87721e-05 -4.15419e-05 9.28917e-06 2.70718e-05 -3.95717e-05 2.78361e-05 7.06454e-06 -5.93263e-07 -1.34097e-05 1.68251e-05 -7.05177e-08 -1.79036e-05 -2.40512e-06 6.77575e-07 4.65954e-07 -4.58763e-10 3.48112e-05 -1.08557e-05 9.80607e-06 4.86209e-07 -1.39239e-05 8.1135e-06 1.65013e-06 -4.25424e-05 1.4513e-07 1.13673e-06 -1.05182e-05 -3.6047e-06 -0.000316125 2.58183e-05 1.68315e-05 -1.74229e-06 1.87006e-06 -9.92315e-07 -2.4435e-07 1.24727e-06 -3.06651e-05 4.68939e-05 5.43491e-05 5.48437e-05 2.81968e-05 2.37354e-05 5.20872e-05 -4.85465e-06 -0.000170907 -2.02497e-05 3.81717e-07 0.000257022 -1.14449e-05 0.000121022 -6.02602e-05 -4.03009e-07 6.19461e-05 -3.14104e-05 4.46943e-05 -1.74627e-05 -4.19067e-05 -2.82404e-05 -1.86863e-05 7.6307e-06 1.02717e-05 4.82364e-05 -1.55592e-05 -4.92081e-06 -3.94511e-05 4.30596e-07 7.66067e-06 7.03901e-06 -9.27324e-06 -4.97927e-06 -1.68661e-05 -1.03356e-05 -1.75943e-05 -3.10286e-05 -2.20364e-05 -1.01505e-05 -7.08108e-06 -6.88678e-07 -1.61342e-06 1.082e-05 5.78338e-06 -1.02456e-05 -1.02819e-05 -1.22014e-05 -1.45235e-05 -3.21941e-05 -4.13636e-05 -1.09283e-06 6.87676e-06 -6.88166e-06 1.4802e-06 4.37576e-06 -1.71761e-05 2.14946e-05 -1.19325e-06 -2.24748e-05 -1.29357e-05 -1.68114e-05 -8.7262e-06 -1.83767e-05 -3.85855e-06 -1.00476e-05 -8.87165e-06 6.90376e-06 1.46472e-06 2.45863e-05 4.57775e-05 5.80182e-05 -0.000503267 -0.000332852 -9.0113e-05
 -6.60461e-06 2.32772 -0.50431 -4.94092e-06 -0.79554 0.636118 -0.242673 -0.0730331 1.36744 -1.82792 -0.134512 3.25668 4.84078e-05 -1.07529 -0.0060885 2.3267e-05 996.927 -46.7275 -3.44744e-07 -0.691543 0.297655 3.75836e-06 -0.81333 0.166546 3.54152 3.83701 -1.0512 0.418362 2.65685 -3.00497 1.48955 -0.396908 1.40362 2.35679 0.0566591 -0.258425 -1.1368 -0.458326 0.0170148 3.7739 -1.5814 -0.03791 1.66734 -2.63147 0.282863 -0.374204 -0.557163 0.906349 -1.43492 1.751 3.68878 -3.33675 -0.475209 -1.1176 0.559595 -0.551883 -1.92524 0.713428 1.16245 -1.6459 -0.200813 0.0208177 0.15528 0.0885901 -0.0137496 0.519198 0.0325601 -0.00892432 -0.000655229 1.29123e-05 -1.16666 0.363231 -0.284991 -0.0132897 0.385889 -0.553659 -0.0801981 2.06051 -0.0404967 -0.0391589 0.360141 0.507237 0.558577 -0.0556479 -0.387414 0.0384369 -0.121222 0.029607 0.00625033 -0.0361645 1.55691 0.621166 -1.29322 -1.9997 -1.00928 -0.64606 -0.560475 0.695781 3.79912 0.458208 -0.0584874 -7.24135 -2.46513 -0.128843 4.04107 1.25951 -3.29833 -3.02547 2.60215 -0.153377 1.20321 0.629898 0.206577 -0.350616 -0.549469 0.673317 0.678314 0.153778 0.571279 0.41614 0.0175699 -0.0204334 0.300509 0.173958 0.735597 0.533626 0.64258 0.661817 0.923504 0.514538 0.41855 0.231985 -0.218058 -1.33601 -0.325222 0.00182031 0.170052 0.150483 0.2758 0.343298 0.584975 0.231524 0.246673 -0.278062 0.00531575 0.0923911 0.35473 -0.56185 -0.787015 0.354002 0.271034 -0.231804 -0.626039 -0.501377 -0.226963 0.0245245 0.0656597 0.0131581 -0.0789129 -0.633711 -1.11257 -1.49062 13.7082 7.52967 2.27166
 4.78663e-07 -0.123551 0.0266901 2.45108e-07 0.0264066 -0.0210565 0.0107665 0.00323608 -0.0608102 0.0829402 0.00601588 -0.145954 -1.80816e-06 0.040817 0.000318339 -3.36513e-06 -46.7275 3.068 4.51268e-08 0.0278141 -0.0119401 -1.00351e-07 0.0325495 -0.00661963 -0.17101 -0.190012 0.0519486 -0.0226851 -0.132622 0.15 -0.073041 0.0172924 -0.0605358 -0.113384 -0.00718073 0.0196868 0.0501835 0.0195003 -0.000679077 -0.184173 0.0731371 0.00185976 -0.0832133 0.117769 -0.0124197 0.0159663 0.0234968 -0.0382374 0.0660271 -0.0841074 -0.177634 0.160677 0.0210564 0.0529787 -0.02684 0.0265334 0.0877757 -0.0342812 -0.0572498 0.0809371 0.00919933 -0.0009578 -0.0062204 -0.00438709 0.000621741 -0.0231252 -0.00131283 0.000355414 6.0619e-05 -4.85774e-07 0.0484205 -0.0150006 0.0124416 0.000578894 -0.0168947 0.0255524 0.00362631 -0.0935375 0.00127649 0.00150262 -0.0141437 -0.0255533 -0.0274396 0.00271807 0.0176946 -0.00175106 0.00510854 -0.00142013 -0.00029837 0.00173323 -0.0740587 -0.0315182 0.0599841 0.097531 0.0503878 0.0323064 0.0267054 -0.033347 -0.179596 -0.0273239 0.00066069 0.345784 0.117545 0.00570724 -0.192448 -0.0601804 0.157142 0.144398 -0.123933 0.00727533 -0.0574981 -0.0298777 -0.00949954 0.016959 0.026268 -0.0321284 -0.0323191 -0.00734307 -0.027246 -0.0198329 -0.000703339 0.000972968 -0.0140894 -0.00832963 -0.035012 -0.0253359 -0.0304057 -0.0318243 -0.0434278 -0.0246889 -0.0198619 -0.010947 0.0106113 0.0638924 0.0156935 -0.000123073 -0.00821357 -0.00734016 -0.0133534 -0.0165124 -0.0275009 -0.0105962 -0.0113885 0.0131396 -0.000282975 -0.00434231 -0.0169594 0.027101 0.0374347 -0.0167787 -0.0128195 0.0112056 0.0296184 0.0239241 0.0107743 -0.00104951 -0.00300741 -0.000666899 0.00375683 0.0303065 0.0538183 0.0710934 -0.673626 -0.333476 -0.107282
 -9.5561e-10 2.47137e-05 -5.26287e-06 6.05917e-12 3.98486e-05 -3.2094e-05 -1.17867e-06 1.59676e-07 -1.13585e-06 2.63301e-05 2.15486e-06 -4.91059e-05 2.67571e-10 -9.97801e-06 2.07772e-08 -3.56183e-10 -3.44744e-07 4.51268e-08 1000 -4.70136e-07 8.39986e-07 -5.04466e-10 7.3651e-06 -1.59147e-06 6.92259e-05 -1.90602e-06 -9.75132e-07 8.74646e-06 5.60252e-05 -6.33891e-05 7.65721e-05 7.42185e-06 -3.43856e-05 0.000150091 -4.0818e-05 5.5173e-05 -3.98033e-05 -3.96305e-06 3.93581e-07 -5.13987e-05 1.82685e-06 2.45586e-07 -1.00514e-05 -3.93957e-05 5.23158e-06 -2.50211e-06 -2.07892e-06 3.31236e-06 3.77062e-05 1.72456e-05 -8.07979e-05 5.28404e-05 -3.63541e-05 1.65117e-05 7.18529e-05 -8.62923e-05 -3.32441e-05 2.23333e-05 -8.62001e-06 -1.94565e-06 -8.79082e-07 2.69375e-07 -2.23018e-05 5.23451e-06 -1.2577e-07 -3.71099e-08 -1.89265e-06 5.31651e-07 4.08423e-07 -1.39491e-10 -9.31331e-07 2.40371e-07 1.84993e-07 5.29868e-08 -1.69566e-06 4.21087e-06 5.96337e-07 -1.34199e-05 3.15086e-07 2.54755e-07 -2.02814e-06 3.97484e-06 -0.00034507 2.75886e-05 7.7373e-06 -8.22418e-07 1.20755e-06 -7.30149e-07 -2.71882e-07 1.01032e-06 -5.80969e-06 -4.14751e-05 -4.52551e-05 -5.59728e-05 -1.45272e-05 1.77203e-05 0.000119878 0.000370013 -0.000208564 -3.34585e-05 -2.15309e-05 -7.49963e-05 -6.94864e-05 0.000122136 3.42498e-05 3.94436e-06 7.16504e-05 -2.20276e-07 -2.7974e-05 1.01288e-05 3.05735e-05 -1.5435e-05 -1.21068e-05 -8.67937e-06 -2.54271e-06 9.22075e-06 8.54528e-06 -1.49451e-05 2.40129e-06 -3.5348e-06 6.14015e-06 8.48775e-06 6.32525e-07 2.64151e-06 -1.61568e-05 -7.81936e-06 2.4643e-07 -1.14415e-05 1.03671e-05 -1.08226e-05 8.20232e-06 -1.55753e-07 -3.21022e-06 -5.96192e-06 -6.78402e-07 -9.34781e-06 1.02976e-06 1.73225e-05 -2.04372e-06 -5.20157e-05 -5.40099e-05 2.30078e-05 1.37907e-05 -1.16284e-05 8.22553e-06 1.57735e-05 -6.73452e-06 3.47264e-05 -9.54524e-06 8.78718e-07 -6.56314e-06 -2.40288e-05 -2.26513e-05 -2.34519e-05 -7.17215e-06 -6.12488e-06 -4.058e-06 2.89106e-06 1.78164e-07 2.70195e-06 1.07052e-05 2.81463e-06 -5.3346e-05 -3.80999e-05 -9.89545e-06
 -1.90594e-05 1.62312 -0.357032 -1.33446e-05 -3.68407 2.9613 -0.300736 -0.0760062 1.41678 -2.85613 -0.221947 5.33625 3.65643e-05 -0.679481 -0.00275453 2.55436e-05 -0.691543 0.0278141 -4.70136e-07 836.631 -364.397 1.57281e-05 -1.87748 0.395897 -0.898677 4.81907 -1.21566 -0.232908 -0.326607 0.369607 -0.42141 -0.783369 3.0371 -0.223869 2.43181 -3.93036 0.52455 -0.311452 0.00355888 2.06921 -0.64175 -0.0138058 0.195394 -0.291765 0.0238307 -0.279802 -0.348883 0.568465 -0.709559 -0.756189 2.36268 -1.45961 0.949608 -3.24342 -1.26142 1.81716 -0.0683339 -1.7723 0.860142 0.105637 -0.189484 0.0202524 -0.34182 -0.975511 0.0301882 0.0084811 -0.0207947 0.00644253 -0.00894131 1.32309e-05 -1.28687 0.409829 -0.533418 -0.0280477 0.812062 -0.762782 -0.102632 2.47038 -0.125939 -0.0497505 0.427866 -1.43515 3.4156 -0.257241 -0.489032 0.052057 0.115291 0.0419646 -0.00198195 -0.040361 -0.549786 4.33606 1.12688 -0.469251 -1.57832 -0.843984 -33.461 15.7474 1.59276 2.84658 1.09351 4.1152 -6.70676 1.11269 2.41728 -1.03387 0.180728 -1.21237 -0.142784 -0.108253 1.32138 0.282147 0.219835 0.660244 1.03025 0.154244 -0.219215 -0.530826 0.959794 -0.290682 -0.106231 -0.00298438 0.760963 1.50266 -0.402004 0.0297529 0.362649 0.172244 0.838226 -0.882301 0.131052 0.09381 0.409827 -0.407608 0.186632 0.661511 0.726875 0.439244 0.23875 1.19976 0.956587 -0.341924 -0.268952 -0.889279 -0.0588013 0.130555 0.0382015 1.68409 -0.283055 0.494247 1.08569 0.499164 0.196675 -0.962995 -0.429677 -0.0143645 0.174043 -0.354763 0.0385566 -0.8638 -0.924268 -1.78268 18.8812 10.0421 3.09029
 8.43978e-06 -0.722062 0.158707 5.77853e-06 1.5998 -1.28593 0.13047 0.0329646 -0.61467 1.24384 0.0965275 -2.32108 -1.57623e-05 0.292082 0.00121749 -1.09986e-05 0.297655 -0.0119401 8.39986e-07 -364.397 160.283 -6.88921e-06 0.817618 -0.172403 0.392608 -2.10924 0.532085 0.10059 0.13836 -0.156581 0.182691 0.340849 -1.32143 0.0975358 -1.06595 1.72288 -0.229569 0.133613 -0.00144265 -0.9022 0.278551 0.00603225 -0.0852457 0.123001 -0.00983585 0.120727 0.150646 -0.245449 0.309393 0.330809 -1.0324 0.637669 -0.415237 1.41764 0.55203 -0.795057 0.029196 0.77426 -0.376381 -0.0454172 0.0823785 -0.00881056 0.150355 0.426223 -0.0132262 -0.00214242 0.0092428 -0.00285927 0.00382899 -5.71497e-06 0.559482 -0.178164 0.231934 0.0121876 -0.352985 0.332605 0.0447598 -1.07743 0.0537755 0.0214996 -0.184877 0.630015 -1.49228 0.112372 0.212943 -0.0226695 -0.0495878 -0.0183364 0.000869434 0.0176323 0.240509 -1.89064 -0.495228 0.19983 0.688261 0.375622 14.6246 -6.88851 -0.692825 -1.24388 -0.48025 -1.79702 2.93052 -0.48695 -1.05591 0.451685 -0.0794577 0.529474 0.0630162 0.047428 -0.577661 -0.123208 -0.0959632 -0.288358 -0.449838 -0.0670568 0.0957937 0.231907 -0.419429 0.127119 0.0465748 0.00127688 -0.332234 -0.656508 0.175792 -0.0127863 -0.158201 -0.0755933 -0.365753 0.385362 -0.0573098 -0.0410147 -0.178999 0.178151 -0.0814608 -0.289167 -0.317757 -0.192113 -0.104504 -0.524221 -0.417588 0.149526 0.117671 0.388284 0.0255542 -0.0571479 -0.0168608 -0.735477 0.12349 -0.216029 -0.474312 -0.218013 -0.086295 0.420606 0.187524 0.00630742 -0.0760046 0.15499 -0.0168603 0.377491 0.404725 0.779054 -8.27097 -4.35954 -1.34901
 -6.3802e-10 2.30769e-05 -4.85344e-06 1.86295e-10 6.41004e-05 -5.15913e-05 2.09525e-06 9.80173e-07 -1.76762e-05 2.38437e-05 1.99939e-06 -4.55768e-05 -1.05454e-10 -3.88041e-06 5.31134e-08 -5.49357e-10 3.75836e-06 -1.00351e-07 -5.04466e-10 1.57281e-05 -6.88921e-06 1000 1.9816e-05 -4.39203e-06 0.000107381 -0.000126863 3.01377e-05 1.63126e-05 7.27463e-05 -8.2333e-05 9.93664e-05 1.31039e-05 -5.59186e-05 0.000168155 2.91319e-05 -5.98607e-05 -4.87327e-05 -3.67911e-06 5.70333e-07 -0.000100598 1.26166e-05 6.23667e-07 -2.05998e-06 -4.74526e-05 5.78592e-06 -7.74171e-07 -1.6789e-06 2.52717e-06 2.29487e-05 6.96961e-05 -5.10395e-05 1.20188e-05 -5.7024e-05 2.86894e-05 0.000121674 -0.000146399 -3.96451e-05 4.58166e-05 -1.79837e-05 -5.20563e-06 2.76499e-07 1.46853e-07 -1.96025e-05 9.329e-06 1.20363e-08 -1.0477e-05 -2.03726e-06 5.89768e-07 5.3017e-07 -2.5178e-10 1.35577e-05 -4.47622e-06 3.96803e-06 2.43647e-07 -6.58643e-06 4.82999e-06 9.55619e-07 -2.21652e-05 7.38077e-07 6.46573e-07 -5.43372e-06 1.07687e-05 -0.000299791 2.41503e-05 6.02354e-06 -6.69761e-07 7.59472e-08 -7.42439e-07 -2.88461e-07 1.0393e-06 8.53423e-06 2.50437e-05 3.87514e-07 -1.21622e-05 -4.89799e-07 1.03701e-05 9.73854e-05 8.90769e-05 -0.000120567 -4.07176e-05 -1.89533e-05 -1.44847e-05 1.02652e-06 9.56302e-05 6.99352e-05 -3.46907e-05 2.63186e-05 -5.22082e-05 0.000114936 -3.63999e-05 3.61326e-06 8.72116e-07 -1.32268e-06 -6.99182e-06 8.02382e-06 3.99488e-05 8.59497e-06 -1.86909e-06 -2.21134e-05 2.51052e-05 6.69185e-07 4.92891e-06 -3.20729e-07 1.00383e-05 7.01939e-06 6.89758e-06 3.58334e-06 -8.96725e-06 9.08549e-06 -1.01227e-05 2.00942e-06 -8.46358e-06 -1.4591e-05 -2.56982e-06 7.44265e-06 -6.21257e-06 1.15796e-05 9.92502e-06 -2.32849e-05 -0.000105092 -7.04411e-05 3.64605e-05 1.76482e-05 2.56911e-06 4.38155e-06 1.12148e-05 -8.27078e-06 -2.84411e-06 5.47207e-06 -1.60728e-05 -1.58943e-05 -2.87361e-05 -3.74506e-05 -2.42497e-05 -9.17402e-06 -1.01582e-05 -9.83063e-06 7.82248e-06 -5.03443e-07 1.1746e-05 1.47977e-05 2.0249e-05 -0.000248632 -0.000148423 -4.26357e-05
 8.11099e-06 0.227369 -0.0598911 -1.5272e-05 -3.92334 3.1541 -0.323973 -0.105772 1.94666 -2.90017 -0.225686 5.38735 4.75477e-05 -0.905595 -0.00405412 2.8688e-05 -0.81333 0.0325495 7.3651e-06 -1.87748 0.817618 1.9816e-05 955.336 -202.103 -0.774362 12.6346 -3.21036 -0.0262189 0.496706 -0.558367 -3.98078 -1.20031 4.87859 -3.19376 0.73927 -0.959487 0.556472 -0.371042 -0.00123092 3.95282 -1.18728 -0.0312645 -1.5304 0.42434 -0.0268603 -0.297281 -0.366668 0.602698 -0.835956 -2.31932 1.70074 -0.400985 1.6567 -4.62131 -2.78963 3.76053 0.304917 -2.75625 0.734297 0.828073 -0.135983 0.0114987 0.363897 -0.329819 -0.0175921 1.12377 0.040271 -0.011592 -0.0172645 1.7205e-05 -1.42164 0.455738 -0.459079 -0.0241538 0.682392 -0.741843 -0.106953 2.56988 -0.107429 -0.0544785 0.473805 -0.550496 2.1332 -0.172272 -0.356735 0.0389441 0.0174338 0.0376638 0.00266615 -0.0406931 -0.824936 0.0212441 -0.80469 -1.36992 -0.997577 -0.582132 -9.21974 3.71863 2.53888 2.15965 0.94157 1.26025 -7.21808 -0.551713 4.54831 -0.0193314 -2.24436 -6.92385 1.79593 0.77811 -0.723971 -0.478712 -0.231184 0.346571 -0.321049 -1.0191 -0.953815 0.560497 1.38137 -0.744548 -0.0817999 -0.0739904 0.268602 -0.171461 0.176445 0.0649704 0.118483 0.459575 0.242934 0.141923 0.279143 0.632858 1.02043 0.570682 0.19219 0.210982 0.0905957 0.1175 0.334639 2.45056 1.83114 -0.46256 -0.398852 -0.144828 0.354836 0.309145 0.400629 0.970048 0.122 0.564708 2.23275 1.52537 0.677136 -0.505505 -0.0363427 0.286669 0.408728 -0.498086 0.0477819 -0.955556 -1.16302 -1.97051 20.9916 10.9235 3.4071
