 1000 0.00280826 -0.000563105 -4.59648e-10 -0.000144204 9.71094e-05 -2.58306e-06 -3.94198e-07 5.28364e-06 -6.25702e-05 -4.56934e-06 9.98413e-05 3.55176e-10 -1.19098e-05 1.27859e-07 -6.65321e-11 -1.09544e-05 5.80829e-07 -6.2241e-10 -2.48403e-05 1.00797e-05 -5.02054e-10 5.45921e-06 -7.9092e-07 1.4676e-05 -0.000290987 6.81308e-05 -4.72775e-05 -0.00020644 0.000207182 1.68886e-05 -9.78373e-07 1.23393e-06 8.57427e-05 -7.30129e-05 9.94804e-05 -7.60852e-05 -1.07989e-05 1.14859e-06 -0.000143119 1.18289e-05 1.41695e-06 -3.26696e-05 -8.51399e-05 1.12093e-05 -3.05648e-06 -8.34513e-06 1.71937e-05 6.86013e-05 -6.6376e-05 -0.000330675 0.000278304 -6.88835e-05 6.70019e-05 0.000114726 -0.000142429 -3.07286e-05 8.83314e-06 -5.14183e-05 5.99924e-05 -7.32701e-06 8.18972e-07 -3.14282e-06 8.21883e-06 -3.64529e-07 4.72325e-06 -5.77509e-06 2.20988e-06 1.45914e-06 -7.91658e-12 -9.65608e-06 2.38748e-06 1.43216e-06 -8.01941e-09 -1.3049e-06 3.33048e-06 -1.58994e-08 -9.44572e-07 1.56495e-06 5.1853e-07 -6.24129e-06 -2.32798e-05 -0.00036643 3.51262e-05 3.98876e-06 -6.02239e-07 -2.61721e-05 -2.68401e-06 -1.43483e-06 4.14673e-06 -1.08913e-05 -0.000244501 -0.000115015 -6.18637e-05 -3.15412e-05 2.6272e-05 0.00024224 0.000387719 -0.000220302 -7.44741e-05 -6.544e-05 5.42384e-05 -3.88985e-05 2.61694e-06 6.95843e-05 9.34553e-05 3.70704e-05 -6.35531e-05 -0.000122603 0.000193436 -0.000111895 1.12256e-05 -2.61534e-05 -1.64565e-05 7.63384e-06 3.08767e-05 2.91624e-06 -3.25639e-05 2.7655e-05 -4.15412e-05 7.22204e-06 -6.92529e-06 -4.12444e-06 1.08496e-05 5.37544e-06 -1.36314e-05 -2.06052e-05 0.000126587 -9.97505e-05 6.42211e-05 -7.53547e-06 1.28817e-05 2.23436e-05 3.79293e-06 2.17544e-05 -2.30339e-05 1.78285e-05 1.42091e-05 1.85249e-05 -2.8819e-05 -8.32806e-05 4.2771e-05 2.04405e-05 5.35365e-07 2.20182e-06 -2.65496e-05 3.22023e-05 3.29291e-05 -6.25726e-06 2.63094e-05 8.411e-06 -3.89317e-05 -1.32547e-05 -2.58923e-05 -1.72892e-06 -1.77434e-06 7.30035e-07 2.90278e-08 1.39322e-06 1.44988e-05 3.23995e-05 1.80408e-05 -0.000522692 0.000135467 -3.67226e-05
 0.00280826 466.193 -92.35 1.38906e-05 27.4677 -18.4954 0.399981 0.171362 -2.56238 10.9523 1.03285 -22.794 -8.8779e-05 2.04664 -0.0156749 -8.21104e-05 3.04508 -0.130315 -1.10229e-05 3.52536 -1.42327 -5.81422e-06 0.836838 -0.152761 16.5097 35.7146 -8.70677 5.2779 23.9501 -24.0519 9.78916 2.58065 -8.86487 8.27077 13.6154 -20.2857 8.54447 1.75253 -0.166673 21.5892 -2.1152 -0.219075 11.3095 8.49426 -1.31584 0.826238 2.3612 -4.95008 2.67255 8.58271 17.0642 -16.7854 2.19664 -3.82968 1.23074 -1.04499 4.56489 2.32687 7.13401 -10.9462 1.29323 -0.136013 -2.37825 2.44942 -0.0230265 -3.02305 0.53182 -0.185339 -0.35073 -4.39058e-05 2.14868 -0.514446 0.357898 0.0369685 -0.769485 -0.535929 0.00469913 0.166564 0.166102 0.00954255 -0.0890324 0.763987 6.07806 -0.571577 2.42782 -0.318954 3.43301 0.178932 0.0717242 -0.252418 1.53222 9.69497 9.05263 5.77809 3.86549 -1.01241 -28.2164 16.0228 -5.13011 16.0524 11.8118 -1.12711 -1.68734 -2.46269 -4.49815 3.30181 3.42111 1.27562 -8.65019 3.40854 -0.813138 0.45917 -1.40519 -1.0567 -0.864463 -1.14016 0.243388 2.38685 0.45657 -0.837935 -0.105132 -0.144917 -0.27892 -1.33283 0.022291 -0.258558 -1.07979 3.19286 -5.45253 2.63787 -0.626408 -0.413506 -1.10588 -3.56654 -1.36564 -1.9356 -1.49252 -1.63153 0.180658 0.196119 -0.324168 -1.24787 -1.76406 -0.392716 -0.13455 -1.87124 0.229461 -1.20749 -3.14787 -0.497156 0.212607 -1.57969 -0.238045 -1.06003 -0.875909 -0.722151 -0.609866 0.313857 -0.25269 -1.69931 -2.89737 -3.55058 77.0754 -39.9684 3.06548
 -0.000563105 -92.35 19.4111 -2.83621e-06 -5.50134 3.70432 -0.0827846 -0.0353446 0.530188 -2.19431 -0.206933 4.56692 1.84638e-05 -0.422349 0.00315522 1.66957e-05 -0.61976 0.0264788 2.21084e-06 -0.717291 0.289541 1.1957e-06 -0.176675 0.0321311 -3.30146 -7.14424 1.74165 -1.05873 -4.79172 4.8121 -1.9557 -0.519659 1.78401 -1.65458 -2.72573 4.06102 -1.71433 -0.359918 0.0337422 -4.31744 0.413923 0.0438707 -2.26602 -1.71226 0.264863 -0.167959 -0.476911 0.999895 -0.537568 -1.71502 -3.40817 3.35299 -0.440397 0.764694 -0.24688 0.209993 -0.915304 -0.465325 -1.42641 2.18891 -0.259176 0.02726 0.482433 -0.491351 0.00460621 0.607158 -0.106348 0.037051 0.0702811 9.06653e-06 -0.446676 0.106674 -0.0751313 -0.00762565 0.159545 0.105542 -0.00117576 -0.0271116 -0.0344226 -0.00213297 0.0202354 -0.150005 -1.21335 0.114084 -0.487044 0.0639775 -0.685434 -0.0357626 -0.0143275 0.0504422 -0.3059 -1.93367 -1.81228 -1.15927 -0.775986 0.203584 5.64148 -3.20763 1.02816 -3.21132 -2.3614 0.225737 0.337841 0.492205 0.898905 -0.660842 -0.684251 -0.254439 1.73097 -0.682879 0.163444 -0.0917478 0.281485 0.211783 0.172948 0.227951 -0.0486455 -0.476637 -0.0914116 0.168107 0.0209754 0.0291057 0.0559431 0.266487 -0.00415911 0.051918 0.216436 -0.63946 1.09135 -0.527839 0.125508 0.0826387 0.221254 0.713273 0.273125 0.386816 0.298259 0.326035 -0.0364185 -0.0391022 0.0656858 0.249749 0.352874 0.0786715 0.0270035 0.374384 -0.0458398 0.241075 0.629442 0.0993445 -0.0424627 0.316106 0.0475515 0.212284 0.175161 0.144558 0.121942 -0.0627765 0.0504827 0.339747 0.577972 0.70991 -15.4318 8.02468 -0.611152
 -4.59648e-10 1.38906e-05 -2.83621e-06 1000 -6.93692e-05 4.87029e-05 -2.54577e-06 -6.42036e-07 1.31325e-05 3.67631e-06 1.12451e-06 -2.19043e-05 1.97638e-10 -3.85397e-06 4.07278e-08 -7.25348e-11 -1.84126e-06 1.39044e-07 -2.40039e-10 3.62168e-06 -1.44743e-06 -1.67054e-10 2.27099e-06 -4.16693e-07 1.00819e-05 -8.63887e-06 1.94101e-06 -1.87085e-05 -7.42638e-05 7.44332e-05 0.000102436 1.61846e-05 -5.96064e-05 0.000184499 -5.70184e-05 6.94532e-05 -4.66036e-06 -1.51137e-06 2.32929e-07 -4.75385e-05 1.07253e-05 7.92021e-07 4.59772e-05 -2.61907e-05 2.7798e-06 5.30789e-07 1.01541e-06 -2.48983e-06 2.80301e-05 1.49844e-05 -7.0678e-05 4.65052e-05 -5.14165e-05 -3.93604e-05 0.000145266 -0.000166439 -5.31288e-06 -2.82483e-05 1.51194e-05 2.606e-06 3.63359e-07 -5.81255e-08 3.98398e-05 -4.76347e-05 2.65544e-06 -4.30679e-05 -3.48687e-06 1.26117e-06 5.87209e-07 3.26245e-11 -6.43762e-06 1.43043e-06 -2.13725e-06 -1.14007e-07 2.71702e-06 -7.60088e-06 -8.47868e-07 2.14477e-05 1.32437e-06 3.04583e-07 -3.78585e-06 3.08189e-06 -0.000176915 1.67782e-05 1.40728e-05 -1.84623e-06 -1.70873e-06 -1.17611e-06 -7.32881e-07 1.92157e-06 -3.77384e-05 -0.000106413 -3.78957e-05 -1.94911e-05 -7.53663e-06 -1.73819e-06 9.68785e-05 4.1953e-05 -4.45862e-05 1.16656e-06 1.08796e-07 -1.18685e-05 8.50219e-06 6.02879e-05 -1.33439e-05 9.38004e-05 -4.02566e-05 -1.10691e-05 -3.99345e-06 -6.29527e-06 8.96197e-06 2.29286e-06 1.64316e-05 1.28186e-06 3.39305e-05 -2.62078e-05 -4.74175e-06 -3.9801e-06 1.85913e-05 -1.75761e-05 -1.19822e-05 3.90134e-05 3.32409e-05 1.72258e-05 -8.67249e-05 -0.00018957 -5.68524e-05 0.000129193 1.38226e-06 0.000124886 -1.80518e-05 4.41493e-06 3.33493e-05 2.43627e-05 1.16924e-05 -5.10102e-06 2.65893e-05 -2.62297e-06 4.56792e-05 -6.99049e-05 -0.000140327 1.88157e-05 -4.93395e-05 7.208e-05 6.67113e-05 2.5125e-06 -7.52744e-06 -6.12369e-06 -2.41789e-05 6.5814e-05 4.694e-05 -0.000101292 4.92614e-05 -3.00003e-05 -3.48943e-06 -5.2656e-07 5.30194e-07 -3.54835e-06 4.63937e-06 -7.01436e-06 -2.17373e-05 -3.74676e-05 0.000174692 4.76806e-05 2.29064e-05
 -0.000144204 27.4677 -5.50134 -6.93692e-05 438.27 -293.75 0.0307663 -0.00178278 0.291933 8.09819 0.79106 -17.4125 9.02193e-05 -1.03419 -0.00828833 -3.88568e-06 0.458286 -0.0281423 3.81293e-05 -2.73515 1.08692 6.51938e-05 -3.24542 0.544124 11.7989 24.2609 -5.92569 4.21532 16.8248 -16.9028 12.7712 1.19642 -4.70016 9.21333 10.1401 -15.3163 4.01322 -0.633862 -0.0279554 12.7028 -2.88497 -0.118189 8.59236 3.45515 -0.639986 0.0203312 0.39252 -0.807616 -2.29111 3.75379 -1.35696 -0.485062 2.14338 -3.67585 1.16562 -0.98586 1.83772 1.92202 4.87181 -7.60895 0.886559 -0.0888708 -0.904723 -2.26993 0.26975 -10.0608 -1.42862 0.543873 0.34544 4.91565e-05 -3.10688 0.666315 -0.343485 -0.016586 0.500431 -0.873883 -0.0155025 0.707339 0.0814529 0.0314389 -0.298215 -2.49908 -0.843663 0.101313 2.79117 -0.366999 3.26524 0.0845639 0.0323023 -0.117692 0.985276 1.70119 1.02107 0.42876 0.244926 1.19671 0.643253 -1.69859 -0.267807 3.60507 0.639281 -0.872347 -1.15388 0.6085 -1.85971 3.27377 -0.386303 -0.949402 -0.619362 1.36067 -0.0311941 -0.638793 -1.23603 -2.07579 0.514314 0.489286 0.0349559 0.656797 2.31815 -1.59213 -1.62577 -0.273776 0.151018 3.32004 2.34346 -2.12538 -1.65255 3.77948 -7.55047 3.73664 0.44402 0.0987485 -0.617618 -0.976055 -0.650519 0.0408089 -0.182688 -1.36561 0.702498 0.987459 0.632944 -0.347976 -1.34704 0.206352 0.177683 -0.194484 0.825462 -0.611262 -3.1301 -0.00810233 1.70252 -1.63752 0.412416 -0.732831 -0.39826 -0.290575 -0.177974 0.104974 -0.126417 -1.60027 -3.02603 -3.29034 67.1191 -29.4291 3.29887
 9.71094e-05 -18.4954 3.70432 4.87029e-05 -293.75 198.994 -0.0225241 0.000471629 -0.184499 -5.45408 -0.532811 11.7281 -6.03874e-05 0.689678 0.00558983 2.74583e-06 -0.314236 0.0191666 -2.56881e-05 1.83618 -0.729664 -4.38943e-05 2.18041 -0.365555 -7.94126 -16.3327 3.98921 -2.84019 -11.327 11.3796 -8.59559 -0.807679 3.17114 -6.20209 -6.82724 10.3123 -2.70324 0.422216 0.0190058 -8.54889 1.93781 0.0795676 -5.78498 -2.33239 0.431613 -0.0151736 -0.266365 0.548181 1.54311 -2.52655 0.914471 0.325566 -1.4436 2.47437 -0.784833 0.66386 -1.23838 -1.29349 -3.27933 5.12169 -0.597265 0.0598755 0.613749 1.52722 -0.181591 6.77425 0.962129 -0.366252 -0.233021 -3.29468e-05 2.08216 -0.446465 0.229031 0.0110301 -0.333583 0.587204 0.010291 -0.472345 -0.0554576 -0.0212735 0.201944 1.68465 0.567183 -0.0681469 -1.87997 0.247183 -2.1972 -0.0569185 -0.0217379 0.079212 -0.662655 -1.14428 -0.687567 -0.289045 -0.165326 -0.806017 -0.432935 1.14355 0.180629 -2.42854 -0.430281 0.587637 0.776569 -0.409962 1.25198 -2.20397 0.260186 0.639001 0.417336 -0.915668 0.020761 0.429905 0.8319 1.39728 -0.346199 -0.328919 -0.0234817 -0.441982 -1.56042 1.07191 1.0944 0.184159 -0.101741 -2.23473 -1.57675 1.4315 1.1128 -2.54473 5.08249 -2.51566 -0.298668 -0.0665468 0.415662 0.656971 0.437898 -0.0277355 0.122827 0.919129 -0.473166 -0.66448 -0.425329 0.234438 0.907055 -0.139144 -0.119868 0.130899 -0.555479 0.411299 2.1069 0.00518038 -1.14613 1.10257 -0.278001 0.493431 0.268028 0.195633 0.119716 -0.0706373 0.0850311 1.07723 2.03609 2.21502 -45.197 19.834 -2.21944
 -2.58306e-06 0.399981 -0.0827846 -2.54577e-06 0.0307663 -0.0225241 999.907 -0.0749192 0.621895 -0.0500465 -0.0116753 0.301652 1.15486e-05 -0.200533 -0.000174397 5.1356e-06 -0.171007 0.00621393 -8.56603e-07 -0.190597 0.0757342 1.14644e-06 -0.212156 0.0353511 0.0909013 0.794359 -0.189896 0.0909481 0.842075 -0.8465 0.861592 -0.122162 0.330138 0.981649 0.135674 -0.264057 -0.116738 -0.120773 0.00441097 -0.0968838 -0.0824604 0.00169013 0.0542945 -0.411309 0.0467229 -0.0555179 -0.0858338 0.180946 0.113727 -0.216891 -0.339691 0.349542 -0.137801 -1.70305 0.81842 -0.777443 -0.379374 -0.37463 0.254261 -0.00653683 -0.0473432 0.00514097 1.13409 -0.291038 0.00497727 0.259127 -0.000947442 0.000851451 -0.00577136 4.72983e-06 -0.331371 0.0720752 -0.0990149 -0.0058042 0.155526 -0.16546 -0.020974 0.555708 0.0192446 0.00265623 -0.032101 0.135874 -0.618876 0.0581894 -0.358199 0.0453739 -0.0531003 0.00191957 5.10809e-06 -0.00194015 -0.301293 -0.323731 -0.10392 -0.0391141 -0.00290142 0.0562936 0.881917 0.427202 -0.783325 -0.112484 -0.0325385 0.234611 0.250204 0.0432323 -0.0556187 0.20789 0.11667 -0.228206 -0.0294293 0.00245514 -0.0376832 -0.0526137 -0.0550983 -0.0302748 -0.0458919 -0.053509 0.317727 -0.536923 0.089036 0.0530496 -0.0152616 -0.0359748 0.0424632 0.04248 -0.054468 -0.0577645 -0.107877 0.1527 0.23557 -0.237533 0.052671 0.00758861 0.0912981 -0.449062 0.146935 -0.12698 0.0394916 0.159102 -0.427072 -0.153511 -0.0696925 0.317697 -0.200104 0.238612 0.177032 -0.0429834 0.0694319 -0.136895 0.0157878 0.0565822 0.224923 0.294468 0.0992707 -0.103457 -0.0633753 -0.00794866 -0.0308635 -0.0400524 0.0370001 -0.279198 -0.851834 -0.520051 6.05728 3.53445 1.02117
 -3.94198e-07 0.171362 -0.0353446 -6.42036e-07 -0.00178278 0.000471629 -0.0749192 4.51207 -59.8752 -0.0352061 -0.00651515 0.160516 4.49094e-06 -0.075637 -5.81852e-05 2.15596e-06 -0.0631912 0.00229516 1.90069e-07 -0.0500989 0.0199011 8.87149e-07 -0.0891831 0.0150301 -0.00695802 0.476291 -0.112475 0.0377669 0.32073 -0.322259 0.251923 -0.0720161 0.211648 0.250186 0.162977 -0.252805 -0.0257978 -0.0445152 0.00122159 0.0080358 -0.0382476 0.000110804 0.00640704 -0.129422 0.0142599 -0.0193273 -0.0317653 0.0673408 0.037054 -0.106689 -0.180078 0.182453 0.0208385 -0.741614 0.16691 -0.11547 -0.146508 -0.166822 0.0982851 0.0134029 -0.0290744 0.00332825 0.464702 -0.0672249 0.00144294 0.0452791 0.00117654 -0.000166759 -0.00337894 2.00572e-06 -0.132323 0.0288594 -0.0383684 -0.00221412 0.0592486 -0.079531 -0.00979425 0.254139 0.00574694 0.00119746 -0.0149013 0.074712 -0.0284982 0.00285689 -0.134064 0.0168614 -0.022879 0.0017126 0.00106411 -0.0027952 -0.114059 -0.100572 -0.0160014 0.00329514 0.0155369 0.0215147 0.670686 -0.27128 -0.332294 -0.0461293 0.00703914 0.392824 0.144741 -0.0211195 -0.265691 -0.0597687 0.149831 -0.0770236 0.0200757 -0.00917655 -0.033229 -0.0444926 -0.0517704 -0.0219695 -0.0262016 -0.0793239 0.243953 -0.203181 0.00722848 0.0102842 0.0455704 -0.0314947 0.0219351 0.0147621 0.00787032 -0.017278 -0.105571 0.0389597 0.0209322 -0.0558916 0.0379191 0.0238706 0.0293458 -0.126188 0.0242678 -0.0169337 0.00807359 -0.0617352 -0.157674 0.0602061 0.106195 0.120728 -0.0447007 0.0706061 0.0032873 -0.0705592 -0.060281 0.0715104 -0.0348912 0.127228 0.170712 0.0198296 -0.0642176 -0.0464499 -0.0261252 -0.00561862 -0.0125434 -0.0163755 0.0142936 -0.117305 -0.351497 -0.19369 2.56771 1.46059 0.428674
 5.28364e-06 -2.56238 0.530188 1.31325e-05 0.291933 -0.184499 0.621895 -59.8752 991.802 0.678239 0.119072 -2.90484 -7.62623e-05 1.29121 0.000829916 -3.56164e-05 1.07484 -0.0391778 -1.59157e-06 0.846115 -0.336223 -1.46428e-05 1.48492 -0.250329 0.0963759 -7.70021 1.81885 -0.575871 -5.14567 5.17021 -4.14477 1.24192 -3.6629 -4.11988 -2.56756 3.99467 0.440549 0.805924 -0.0232062 -0.175139 0.684205 -0.00185155 -0.0970843 2.27471 -0.252425 0.349393 0.55796 -1.1829 -0.660142 1.74824 2.93168 -2.97322 -0.268398 12.1364 -2.76312 1.92688 2.3943 2.7332 -1.61428 -0.214305 0.493376 -0.0563556 -7.73939 1.14111 -0.0240341 -0.790993 -0.0292938 0.0065332 0.0578038 -3.50008e-05 2.27079 -0.49595 0.668703 0.0389901 -1.03629 1.3173 0.161519 -4.19051 -0.0971135 -0.0225801 0.274197 -1.36765 0.527151 -0.0514597 2.23665 -0.28138 0.409479 -0.0279125 -0.017412 0.045626 1.85484 1.63897 0.265604 -0.0447128 -0.234467 -0.317512 -10.964 4.35808 5.42238 0.905617 0.0113286 -6.4463 -2.37276 0.339755 4.33142 0.969576 -2.44992 1.26478 -0.344314 0.139757 0.545097 0.727677 0.847557 0.358433 0.418908 1.28129 -3.99592 3.32488 -0.119979 -0.180949 -0.748397 0.511945 -0.363696 -0.246789 -0.135573 0.277789 1.71603 -0.631892 -0.363429 0.915847 -0.627576 -0.391164 -0.485976 2.06422 -0.40485 0.283503 -0.134076 1.00659 2.58756 -0.981243 -1.74127 -1.9921 0.725508 -1.16248 -0.0587973 1.15176 0.980636 -1.16693 0.567016 -2.08465 -2.7983 -0.328424 1.05461 0.75875 0.427485 0.0882663 0.205708 0.268924 -0.233008 1.91938 5.78033 3.16342 -41.5109 -24.6693 -7.05376
 -6.25702e-05 10.9523 -2.19431 3.67631e-06 8.09819 -5.45408 -0.0500465 -0.0352061 0.678239 919.186 -6.72178 133.857 9.57397e-05 -1.65504 -0.000348441 4.54848e-05 -1.39256 0.0522482 2.1464e-05 -2.00923 0.80302 2.2169e-05 -2.33028 0.395085 5.53255 5.27729 -1.33888 1.11371 4.42496 -4.44758 4.48117 0.838501 -2.9873 5.0378 2.73003 -4.3043 1.95227 -0.11748 -0.0163507 4.95882 -1.29798 -0.0398245 2.96946 1.02601 -0.195792 -0.0126929 0.096086 -0.197662 0.774963 0.293645 -5.97277 4.39477 -0.0247826 -2.74498 3.03601 -3.27466 -0.225432 1.8886 0.586607 -2.09593 0.873532 -0.09048 0.544666 3.1637 -0.0174159 -4.56167 -0.3081 0.127565 -0.0625422 2.54472e-05 -2.1024 0.455828 -0.187302 -0.00487093 0.175675 -0.376297 -0.0107034 0.592557 -0.191796 -0.0851749 0.887118 -1.31363 -4.4551 0.439147 0.19844 -0.0315458 2.30507 -0.00969675 -0.0165303 0.0263769 -0.491344 -2.44023 1.47363 1.64928 2.17377 5.31878 -2.68971 -7.20371 7.12254 2.16149 -0.550851 -8.10233 2.84496 -1.33977 -2.92039 3.44475 8.83694 12.0935 -16.405 3.19884 1.83686 0.994765 -0.0876189 -0.560258 -0.537742 2.83495 -4.73216 0.745317 3.34946 -3.07046 0.897606 0.254875 -1.3783 0.538858 -0.132751 0.870979 -4.51083 9.25216 -9.06396 6.62016 -1.55386 -0.580149 1.68287 -5.23968 0.822695 -3.27784 -0.89951 1.47117 -0.152883 -0.441601 -1.03929 -0.460828 -0.841731 1.5448 0.296692 -2.36166 0.614509 1.01413 -0.943135 0.470643 -1.54147 1.45808 2.12993 -0.996742 -2.32058 -0.607267 -0.528598 0.0525084 0.0436398 -0.820469 -1.52698 1.91908 34.4076 -14.8421 1.71235
 -4.56934e-06 1.03285 -0.206933 1.12451e-06 0.79106 -0.532811 -0.0116753 -0.00651515 0.119072 -6.72178 2.44319 -34.7726 7.87667e-06 -0.134684 -5.00386e-05 4.33699e-06 -0.122898 0.00450956 2.18442e-06 -0.201606 0.0803916 2.23977e-06 -0.222188 0.0375343 0.232938 0.863753 -0.20771 0.142801 0.617978 -0.620789 0.295739 0.0170444 -0.07349 0.134192 0.432249 -0.634902 0.162947 -0.0245952 -0.00104536 0.175334 -0.0583468 -0.00171927 0.0643044 0.116973 -0.0168235 -0.0101892 -0.0127702 0.0276783 -0.109622 0.0352028 0.0129417 -0.0204724 0.122868 -0.360845 -0.0448474 0.0920044 -0.0783454 -0.0215545 0.143683 -0.155685 0.0288766 -0.0031671 0.123146 0.0617972 0.0012423 -0.172033 -0.0209999 0.00848453 -0.00117304 2.24172e-06 -0.167557 0.0363527 -0.029132 -0.00131395 0.0371691 -0.0201157 -0.000182788 0.012265 -0.0164793 -0.00505306 0.0519401 -0.0979223 0.397953 -0.0365285 0.0415744 -0.0058536 0.165699 0.004178 0.00212195 -0.00634303 -0.0423523 0.163853 0.264828 0.225405 0.225404 0.47845 -0.138053 -0.291246 -0.029086 0.0332957 -0.074356 -0.122328 0.459124 0.0103032 -0.525148 -0.257225 0.209538 0.463951 -0.237145 0.00376003 -0.0362699 -0.0103745 -0.035007 -0.0470676 -0.0477375 0.0938243 -0.162302 -0.0199768 0.13482 -0.094198 -0.00227119 -0.0257217 -0.05654 0.0250747 0.0717372 -0.015703 -0.141113 0.344071 -0.282363 0.0324961 0.00436041 -0.0392163 0.0445862 -0.250122 0.0375158 -0.0611427 -0.0266048 -0.0296011 -0.0949969 0.0518279 0.0401119 -0.0497105 -0.0614533 0.0115152 0.0341196 -0.0724026 0.0295091 -0.0114346 -0.0872589 0.0176301 0.0680837 0.00784481 -0.0173382 -0.0241513 -0.0335646 -0.0167828 -0.0163987 -0.00149285 0.00368073 -0.0898049 -0.210058 -0.183324 3.07256 -0.571504 0.241676
 9.98413e-05 -22.794 4.56692 -2.19043e-05 -17.4125 11.7281 0.301652 0.160516 -2.90484 133.857 -34.7726 771.916 -0.000179413 3.07354 0.000965317 -9.81252e-05 2.82502 -0.1039 -4.75374e-05 4.60603 -1.83691 -4.84542e-05 5.00959 -0.84638 -5.23804 -18.9172 4.55153 -3.13141 -13.5444 13.6061 -6.713 -0.308747 1.42199 -3.09952 -9.42837 13.8605 -3.61556 0.667131 0.0182053 -3.93662 1.38803 0.0377804 -1.43069 -2.41796 0.351743 0.261038 0.341772 -0.737569 2.39954 -0.799688 -0.0374274 0.273374 -2.59219 7.9592 0.873875 -1.89362 1.73554 0.405202 -3.13593 3.44348 -0.655679 0.0717552 -2.68229 -1.44825 -0.0269643 3.91967 0.443656 -0.18037 0.039309 -5.22329e-05 3.86282 -0.838946 0.696458 0.0321711 -0.898297 0.405792 -3.97487e-06 -0.171335 0.361878 0.109222 -1.12397 2.22329 -8.5604 0.784769 -0.91209 0.128543 -3.66395 -0.0906867 -0.0457639 0.137384 0.942748 -3.61827 -5.73125 -4.80421 -4.74123 -10.2736 3.00116 6.64231 0.481341 -1.36787 1.508 2.98645 -10.114 -0.177341 11.5603 5.5037 -4.86011 -10.5355 5.72062 -0.196467 0.7318 0.190017 0.766426 1.0487 1.05891 -2.14799 3.70284 0.406691 -3.05277 2.15556 0.0178589 0.552003 1.27779 -0.570318 -1.56325 0.314136 3.22418 -7.81779 6.45435 -0.9235 -0.0486667 0.870667 -1.03071 5.62185 -0.850596 1.43558 0.608717 0.601391 2.08215 -1.11917 -0.850171 1.09106 1.3652 -0.299885 -0.755883 1.65163 -0.665404 0.214913 1.93127 -0.40194 -1.44023 -0.219147 0.310267 0.55593 0.803005 0.38413 0.373298 0.0316075 -0.0821229 1.98368 4.62595 3.92975 -68.0859 12.9525 -5.32146
 3.55176e-10 -8.8779e-05 1.84638e-05 1.97638e-10 9.02193e-05 -6.03874e-05 1.15486e-05 4.49094e-06 -7.62623e-05 9.57397e-05 7.87667e-06 -0.000179413 1000 6.77325e-05 -5.28952e-06 -9.32753e-10 4.25487e-05 -1.23114e-06 1.54388e-10 3.6075e-05 -1.42565e-05 -3.07753e-10 4.86159e-05 -8.00228e-06 -0.000234037 -0.000596325 0.000145783 -2.29465e-05 -0.000183157 0.000184041 -4.87963e-05 4.72946e-05 -0.000145811 -8.28902e-05 0.000126501 -0.000177401 0.000108693 2.91748e-05 -7.57636e-07 -0.000458024 0.000157735 5.16292e-06 -1.671e-05 0.000158243 -1.73701e-05 1.42379e-05 2.27321e-05 -4.86581e-05 4.72838e-05 0.000106818 -0.000102037 2.99041e-05 6.88639e-06 9.78385e-05 2.74497e-05 -4.28248e-05 0.000123702 1.30809e-05 -4.48643e-05 3.55836e-05 -1.08157e-05 1.29992e-06 -0.000189763 2.90015e-05 4.46257e-07 -7.36641e-05 -1.87166e-07 2.1752e-07 -1.65186e-06 -1.05065e-09 7.4433e-05 -1.59247e-05 1.32069e-05 7.84046e-07 -1.97786e-05 2.48369e-05 3.48063e-06 -9.75912e-05 1.56275e-06 1.19568e-06 -1.35844e-05 -3.0322e-05 0.000221487 -2.03062e-05 2.20964e-05 -2.64209e-06 4.75278e-06 -5.26562e-07 -1.86022e-08 5.49295e-07 -1.81092e-05 5.11027e-05 3.63791e-05 2.2377e-05 1.09551e-05 2.98791e-06 7.46441e-06 1.52527e-05 -4.73948e-05 1.26096e-05 1.40814e-05 0.000325582 0.000103349 -0.000236519 -8.04684e-05 3.51926e-05 3.45723e-05 4.64533e-05 6.01864e-05 5.60547e-06 -9.16407e-05 -8.27574e-06 4.46432e-05 -1.73067e-05 -5.56981e-05 -2.57267e-05 -3.64452e-05 5.9823e-05 3.67986e-05 1.41817e-05 -1.52829e-05 -2.34402e-05 -2.6372e-05 8.44971e-06 -5.17718e-06 -1.49518e-05 -2.36472e-05 -2.37488e-05 -1.91398e-05 -2.14149e-05 -5.96714e-06 1.25507e-05 1.57466e-05 2.94451e-05 2.22125e-05 2.4311e-05 8.90961e-06 -5.71923e-06 -5.38449e-05 -6.72944e-05 -3.85431e-05 1.21596e-05 4.29014e-05 -1.83309e-05 -5.22309e-05 -1.04141e-05 -2.14231e-05 2.74137e-06 -2.27071e-05 -1.7231e-05 3.65441e-07 2.37409e-05 2.04606e-05 -2.56963e-05 -1.04539e-05 -1.46885e-05 -8.15746e-06 2.50531e-06 1.54711e-06 3.44008e-05 0.000101537 6.93297e-05 -0.000833637 -0.000302584 -0.000118974
 -1.19098e-05 2.04664 -0.422349 -3.85397e-06 -1.03419 0.689678 -0.200533 -0.075637 1.29121 -1.65504 -0.134684 3.07354 6.77325e-05 998.68 -1.48447 1.26773e-05 -0.781624 0.0229354 -5.89121e-06 -0.579334 0.228298 -4.33052e-07 -0.758111 0.123315 5.9745 11.9558 -2.94932 0.514456 3.8588 -3.87829 1.77398 -0.811429 2.4367 2.72578 -1.32289 1.72444 -2.69236 -0.659861 0.0211722 7.49662 -2.90074 -0.0895043 0.391222 -3.72016 0.410186 -0.281469 -0.472423 1.00895 -0.892206 -0.968656 1.86443 -0.971693 -0.593521 -1.30095 0.239266 -0.14717 -2.74081 0.373761 0.730429 -0.947541 0.17017 -0.0193658 2.73721 -0.317412 -0.00987278 1.09257 -0.0194558 0.00479488 0.0372147 1.75236e-05 -1.28535 0.272375 -0.202002 -0.0114331 0.293204 -0.463107 -0.061714 1.74093 -0.0221702 -0.0206255 0.239712 0.639023 -6.45276 0.601963 -0.313299 0.0366341 -0.123715 0.00944708 0.000830289 -0.0103562 0.806786 -0.620607 -0.685827 -0.461891 -0.226682 -0.0584437 0.188914 -0.0166395 0.934554 -0.195716 -0.218609 -5.18769 -2.60158 3.59318 2.46244 -0.604342 -0.620973 -1.07112 -0.378296 0.0532506 1.41818 0.06679 -1.02456 -0.340095 1.37317 0.563538 0.97259 -1.02745 -0.640439 -0.202316 0.277524 0.394203 0.489508 -0.0706387 0.19558 0.341914 0.49512 0.466086 0.390574 0.459011 0.0852426 -0.311962 -0.48617 -0.700223 -0.396774 -0.438333 -0.223177 0.0854057 0.742414 0.883765 0.430457 -0.0503844 -0.401303 0.450639 0.913518 0.136175 0.275797 -0.185573 0.305841 0.211853 -0.100918 -0.719012 -0.774615 0.188471 0.106792 0.183487 0.0963054 0.0186705 -0.0892995 -0.511197 -1.50904 -1.04629 12.5704 4.23447 1.75559
 1.27859e-07 -0.0156749 0.00315522 4.07278e-08 -0.00828833 0.00558983 -0.000174397 -5.81852e-05 0.000829916 -0.000348441 -5.00386e-05 0.000965317 -5.28952e-06 -1.48447 0.817932 1.73106e-07 -0.00542885 0.000227062 1.66809e-09 -0.00248831 0.00100408 1.60518e-08 -0.0034782 0.000602621 -0.0175036 -0.0354505 0.00870068 -0.00360258 -0.0162382 0.0163138 -0.00652982 -0.000218225 0.00117245 -0.00822343 -0.00230774 0.003914 -0.00237828 -0.00252849 0.00016946 -0.0274992 0.00440005 0.000301596 -0.00711481 -0.000565429 0.000283015 -0.000218229 -0.00103955 0.0021631 0.00095494 0.00123124 -0.00470637 0.00302225 -0.000404543 0.00139263 -0.0018551 0.0020554 0.00190712 -0.00145284 -0.00310277 0.00475489 -0.000850062 9.25943e-05 -0.00156192 -0.000584091 2.40355e-05 -0.000279682 -5.90895e-05 2.66479e-05 -3.77896e-05 8.26747e-08 -0.00509871 0.0011751 -0.000422957 -2.29533e-05 0.000520788 0.00013004 -1.93126e-05 0.000205689 -0.000201162 -0.000126783 0.00122212 -0.00325162 0.0148594 -0.00136993 -0.000520811 7.34311e-05 -0.000433584 -3.33679e-05 -4.47461e-06 3.81298e-05 -0.00206515 0.00107146 0.00119159 0.000870798 0.00049808 0.000538062 0.000160657 -0.000298288 -0.00236291 0.000219921 0.00146371 0.0114726 0.00553931 -0.00774656 -0.00539851 0.000955032 0.00109793 0.00218973 0.000920254 -0.000563161 -0.00320024 7.37795e-05 0.0027384 0.00116782 -0.00315066 -0.001495 -0.00233853 0.00225568 0.00125421 0.000327305 -0.000775392 -0.000931575 -0.00102405 0.000152749 -0.000509324 -0.000855553 -0.000913305 -0.00135534 -0.000438495 -0.001309 -0.000124722 0.000672084 0.0013001 0.00174766 0.001012 0.000786652 0.000399443 -0.000458619 -0.00191611 -0.00190607 -0.000545453 0.000507813 0.000992143 -0.000933541 -0.00194779 -0.000240922 -0.000534622 0.000330593 -0.000518907 -0.000343009 0.000256237 0.001557 0.00160642 -0.000269978 -0.00022866 -0.000350577 -0.000265896 -9.15126e-05 0.000230606 0.00114234 0.00249896 0.00229201 -0.0429526 0.0133157 -0.00275202
 -6.65321e-11 -8.21104e-05 1.66957e-05 -7.25348e-11 -3.88568e-06 2.74583e-06 5.1356e-06 2.15596e-06 -3.56164e-05 4.54848e-05 4.33699e-06 -9.81252e-05 -9.32753e-10 1.26773e-05 1.73106e-07 1000 2.03809e-05 -2.86044e-06 -3.72574e-10 2.32249e-05 -9.11386e-06 -6.18064e-10 2.61015e-05 -4.18908e-06 6.18784e-05 6.4536e-05 -1.64996e-05 -6.13843e-06 -4.29669e-05 4.31405e-05 4.55613e-05 1.89925e-05 -6.37902e-05 8.98239e-05 3.01196e-05 -5.015e-05 -2.46286e-05 1.92151e-06 7.55109e-08 -0.000122901 2.72414e-05 1.05791e-06 -3.1965e-05 2.90666e-06 6.35966e-07 3.93173e-06 8.14103e-06 -1.76228e-05 7.04915e-05 1.07127e-05 -0.000224326 0.000163836 -3.24331e-05 9.81625e-05 4.62572e-05 -6.54908e-05 1.25863e-05 4.5793e-05 -4.3874e-05 1.97753e-05 4.90642e-06 -4.96829e-07 -0.000100878 4.25764e-05 -7.4943e-07 -3.57123e-05 -1.87695e-06 7.05308e-07 3.25994e-07 -5.13378e-10 2.93316e-05 -6.2518e-06 7.56329e-06 4.95694e-07 -1.24482e-05 2.52922e-06 8.39439e-07 -2.5605e-05 -6.26864e-07 4.70414e-07 -6.12607e-06 2.6509e-06 -0.00027821 2.71231e-05 2.47313e-05 -3.11447e-06 9.97094e-07 -1.42781e-06 -5.63134e-07 2.00491e-06 -9.64829e-06 4.48189e-05 1.1004e-05 7.51514e-07 -3.56492e-07 -1.83614e-06 2.62349e-05 1.11897e-05 -0.00014404 2.35409e-05 2.21739e-05 0.000311293 -2.84458e-05 8.31306e-05 -7.98253e-05 1.2269e-05 5.99341e-05 -3.00135e-05 5.17884e-05 -1.83447e-05 -5.05455e-05 -3.07149e-05 -1.72968e-05 1.0758e-05 6.28757e-06 4.47117e-05 -1.87387e-05 1.37863e-06 -3.12177e-05 6.32468e-06 2.022e-05 1.26111e-05 -5.26207e-06 -4.56157e-06 -1.18672e-05 -3.29286e-06 -1.34346e-05 -2.44998e-05 -2.35913e-05 1.49405e-06 -1.24015e-05 3.77136e-07 -4.43771e-06 8.77111e-06 4.44871e-06 -1.08968e-05 -1.23401e-05 -7.28305e-06 -1.16434e-05 -3.46399e-05 -4.66229e-05 4.56548e-07 1.47447e-05 -6.89701e-06 3.9449e-06 6.13638e-06 -2.21445e-05 2.75124e-05 -2.4612e-06 -2.59209e-05 -1.59024e-05 -1.63417e-05 -1.31261e-05 -1.70689e-05 -4.74375e-06 -9.42481e-06 -6.49506e-06 5.90912e-06 7.30739e-07 2.29368e-05 7.06315e-05 3.84855e-05 -0.000503512 -0.000281668 -8.34582e-05
 -1.09544e-05 3.04508 -0.61976 -1.84126e-06 0.458286 -0.314236 -0.171007 -0.0631912 1.07484 -1.39256 -0.122898 2.82502 4.25487e-05 -0.781624 -0.00542885 2.03809e-05 997.779 -38.5378 1.28637e-06 -0.606113 0.238075 4.6799e-06 -0.669074 0.10761 2.40974 2.31856 -0.599551 0.315533 2.49666 -2.51015 1.02539 -0.513174 1.55239 1.52114 -0.280046 0.301797 -1.05547 -0.369291 0.0134395 3.43234 -1.3434 -0.03848 1.46704 -2.32434 0.227917 -0.192963 -0.36451 0.780449 -1.3321 1.17583 4.00715 -3.51334 -0.121531 -1.67373 0.0812956 0.0857482 -1.68264 0.106899 1.36772 -1.63199 -0.155114 0.0198418 2.48218 -0.657949 0.00769231 0.785433 0.0013246 -0.000394166 0.00698051 1.44945e-05 -0.935136 0.198514 -0.213073 -0.0129236 0.332253 -0.259658 -0.042568 1.25396 -0.015859 -0.0217949 0.264164 0.113809 -0.122944 -0.000168264 -0.613334 0.0754857 -0.0992929 0.0344808 0.0115166 -0.0463253 1.12521 -1.51819 -0.76647 -0.398485 -0.196132 -0.0702596 -0.533402 0.156915 3.41908 -0.519704 -0.545399 -8.53 -1.82376 0.819653 4.38912 0.817151 -3.12059 -2.3068 2.14823 -0.310391 1.32608 0.642934 0.118734 -0.539276 -0.427476 0.436859 0.622321 0.0758938 0.442397 0.301394 -0.175977 -0.0511458 0.196984 0.194475 0.532462 0.363328 0.573693 0.672046 0.751241 0.410943 0.432963 0.143787 -0.222832 -1.23952 -0.212008 0.0857204 0.29579 0.174933 0.293384 0.526553 0.854032 0.307565 0.170846 -0.130734 0.0733867 0.181572 0.578966 -0.693119 -0.586833 0.515875 0.503669 -0.0798052 -0.374153 -0.361358 -0.106237 0.0814869 0.0781581 -0.05515 -0.124712 -0.560678 -1.70139 -0.948754 12.7162 6.27501 2.00973
 5.80829e-07 -0.130315 0.0264788 1.39044e-07 -0.0281423 0.0191666 0.00621393 0.00229516 -0.0391778 0.0522482 0.00450956 -0.1039 -1.23114e-06 0.0229354 0.000227062 -2.86044e-06 -38.5378 2.35456 -5.56631e-09 0.0185549 -0.00724879 -7.38764e-08 0.0201667 -0.00318812 -0.0969022 -0.0977943 0.025167 -0.0148205 -0.1039 0.104459 -0.0420528 0.0186774 -0.0561633 -0.0609916 0.00715906 -0.00620606 0.038253 0.0125892 -0.000426532 -0.139524 0.0511793 0.00156502 -0.0613249 0.0844011 -0.00804191 0.00661924 0.0120752 -0.0259266 0.0504435 -0.046807 -0.158702 0.139328 0.00352393 0.0654987 -0.00335772 -0.00314519 0.0630026 -0.00443639 -0.0549497 0.0660655 0.00557008 -0.000723989 -0.0933969 0.0247324 -0.0002993 -0.0290455 0.000145315 -7.06499e-05 -0.000174394 -4.15761e-07 0.0305754 -0.00641672 0.00763261 0.000460693 -0.0119234 0.00969799 0.00152426 -0.0454518 2.88877e-05 0.00058386 -0.0075815 -0.00788614 0.00469761 3.88008e-05 0.0228628 -0.00280805 0.00293327 -0.00136578 -0.00045388 0.00183264 -0.0442725 0.0579826 0.0313062 0.0182556 0.00955387 0.00465711 0.0213648 -0.00647744 -0.13401 0.0161582 0.0202895 0.336299 0.0719054 -0.0327313 -0.172923 -0.0324257 0.122942 0.0911064 -0.0847112 0.0120658 -0.0523872 -0.0251552 -0.00432886 0.0214902 0.0168223 -0.0174352 -0.0245587 -0.00300827 -0.0175076 -0.0118672 0.00683852 0.00194128 -0.00773736 -0.00765338 -0.0209548 -0.0143635 -0.0224343 -0.0267853 -0.0291567 -0.0164564 -0.0169903 -0.00572184 0.00892881 0.0489431 0.00844008 -0.00360156 -0.0117175 -0.0070903 -0.011864 -0.0208606 -0.0333969 -0.0117915 -0.00660105 0.0051199 -0.00300785 -0.00721644 -0.0227821 0.0270621 0.0231033 -0.020274 -0.0198415 0.00310918 0.0145728 0.0142959 0.00412555 -0.00321878 -0.00319734 0.00215916 0.00490486 0.022134 0.0662266 0.0375101 -0.518066 -0.223083 -0.0780708
 -6.2241e-10 -1.10229e-05 2.21084e-06 -2.40039e-10 3.81293e-05 -2.56881e-05 -8.56603e-07 1.90069e-07 -1.59157e-06 2.1464e-05 2.18442e-06 -4.75374e-05 1.54388e-10 -5.89121e-06 1.66809e-09 -3.72574e-10 1.28637e-06 -5.56631e-09 1000 9.36881e-06 -3.5378e-06 -5.39896e-10 1.14807e-05 -1.96243e-06 6.69587e-05 1.43915e-06 -1.79786e-06 8.77905e-06 6.41466e-05 -6.44771e-05 7.32566e-05 1.20364e-05 -4.33555e-05 0.000138639 -3.89361e-05 4.64451e-05 -3.60587e-05 -4.12907e-06 3.7337e-07 -4.70839e-05 1.31487e-06 2.32324e-07 -1.16528e-05 -3.55687e-05 4.48009e-06 -6.76344e-07 -1.89045e-08 -1.02584e-07 4.15974e-05 9.9689e-06 -0.000108679 7.71227e-05 -3.90359e-05 2.32794e-05 7.73916e-05 -9.36796e-05 -1.53809e-05 2.00267e-05 -9.0146e-06 -2.15892e-06 -3.0635e-06 4.48612e-07 -4.32041e-05 1.53642e-05 -4.17381e-07 -4.31825e-06 -1.34029e-06 5.00792e-07 2.08528e-07 -1.61331e-10 1.69346e-06 -4.1948e-07 9.52686e-07 1.1789e-07 -3.19487e-06 2.73004e-06 3.55884e-07 -8.37228e-06 6.52885e-07 1.35197e-07 -1.41378e-06 -1.8104e-07 -0.000304363 2.90893e-05 8.70876e-06 -1.12865e-06 -2.59789e-06 -1.07417e-06 -4.55282e-07 1.53995e-06 -9.69783e-06 -7.71129e-05 -2.11885e-05 -6.10209e-06 4.41443e-06 2.54386e-05 0.000233052 0.000296712 -0.000204037 -1.03565e-05 -1.04591e-05 -6.85934e-05 -5.19952e-05 0.000101749 1.79286e-05 -2.00186e-06 4.95157e-05 -5.3501e-06 -3.60361e-05 4.71969e-06 1.78297e-05 -1.65237e-05 -1.74281e-05 -1.55753e-05 -7.75783e-06 9.73238e-06 7.50701e-06 -1.35297e-05 -3.92513e-06 -4.66736e-07 9.442e-06 1.0589e-05 -1.20898e-06 -3.85427e-06 -1.20382e-05 -8.68468e-06 -6.31524e-06 -6.24859e-06 2.49207e-06 -5.16949e-06 6.90961e-06 -1.0213e-06 -4.33214e-06 -4.41664e-06 -2.25886e-06 -1.11012e-05 8.19179e-07 1.86436e-05 -3.53828e-06 -5.2682e-05 -5.64556e-05 2.04205e-05 1.31607e-05 -9.08554e-06 3.83511e-06 1.16546e-05 -7.95693e-06 2.45181e-05 -7.91132e-06 -3.44017e-06 -7.93884e-06 -2.4684e-05 -2.62908e-05 -2.25931e-05 -8.27142e-06 -8.34676e-06 -7.03853e-06 2.31899e-06 5.01365e-07 3.66419e-06 1.20523e-05 1.1867e-06 -8.05604e-05 -4.4536e-05 -1.32994e-05
 -2.48403e-05 3.52536 -0.717291 3.62168e-06 -2.73515 1.83618 -0.190597 -0.0500989 0.846115 -2.00923 -0.201606 4.60603 3.6075e-05 -0.579334 -0.00248831 2.32249e-05 -0.606113 0.0185549 9.36881e-06 858.459 -342.805 1.89458e-05 -1.81248 0.30604 -1.36802 4.96042 -1.14519 -0.236147 -0.768431 0.7714 -0.941269 -1.13839 3.68203 -0.429479 2.82779 -4.05711 0.382665 -0.315052 0.00293584 2.11219 -0.661008 -0.0146954 0.319161 -0.374751 0.0288513 -0.172852 -0.299623 0.639749 -1.39164 -0.258359 4.68 -3.40118 1.12937 -3.89758 -1.74366 2.48733 -0.872323 -2.18509 1.36176 -0.015868 -0.126171 0.0149266 4.39108 -2.29718 0.0674785 0.58796 -0.0720328 0.0280222 0.0140873 1.45346e-05 -0.982945 0.218104 -0.413693 -0.0295772 0.7607 -0.658492 -0.0836313 2.16996 -0.127716 -0.040965 0.44159 -1.14378 3.06584 -0.27819 -0.998962 0.126892 0.0370964 0.0571867 0.00699452 -0.0646725 -0.659578 3.78263 0.143074 -0.476952 -1.05843 -0.611967 -34.2445 16.6205 3.88776 1.85943 0.672464 4.47264 -6.88055 1.39708 2.57821 -0.938287 0.311382 -1.14951 -0.336041 -0.0835982 1.31849 0.204106 0.154587 0.706851 1.19033 0.132351 -0.405177 -0.538416 0.936024 -0.290976 -0.343558 0.0376756 0.773328 1.81767 -0.569379 -0.105083 0.395065 0.17146 0.702064 -0.951609 0.155489 -0.0741488 0.350486 -0.418894 0.204004 0.607572 0.828524 0.319828 -0.0129702 1.32102 1.14863 -0.228824 -0.516515 -0.761393 -0.0400169 0.109597 0.344497 1.17493 -0.0573285 0.495754 1.11451 0.44821 0.341338 -1.00044 -0.438291 -0.0677423 0.0402305 -0.276313 0.107259 -0.76561 -2.25602 -1.20506 17.4852 8.30395 2.72567
 1.00797e-05 -1.42327 0.289541 -1.44743e-06 1.08692 -0.729664 0.0757342 0.0199011 -0.336223 0.80302 0.0803916 -1.83691 -1.42565e-05 0.228298 0.00100408 -9.11386e-06 0.238075 -0.00724879 -3.5378e-06 -342.805 138.385 -7.59266e-06 0.723861 -0.122221 0.54845 -1.99041 0.459524 0.0939013 0.303744 -0.304917 0.375997 0.454622 -1.47045 0.171937 -1.13605 1.62999 -0.153836 0.123637 -0.00107011 -0.843924 0.262989 0.00588065 -0.127547 0.145415 -0.0109963 0.06827 0.118506 -0.253062 0.556042 0.103904 -1.87443 1.3621 -0.452795 1.56168 0.699375 -0.997483 0.34878 0.875261 -0.545451 0.006399 0.049894 -0.00591028 -1.75358 0.918965 -0.027029 -0.233393 0.0291341 -0.0113264 -0.00577111 -5.7455e-06 0.392073 -0.0869874 0.165004 0.011781 -0.303126 0.263179 0.0334453 -0.867824 0.0497934 0.0162065 -0.174655 0.461497 -1.2286 0.111459 0.39868 -0.0506422 -0.0148921 -0.0229069 -0.00279668 0.0259004 0.264707 -1.5152 -0.0598844 0.191014 0.425021 0.252951 13.7221 -6.66824 -1.55347 -0.747303 -0.273079 -1.79073 2.75676 -0.560475 -1.03267 0.375935 -0.125086 0.460375 0.135177 0.0336349 -0.52851 -0.0816911 -0.0618946 -0.283078 -0.476545 -0.0526519 0.162347 0.215664 -0.375096 0.116825 0.137631 -0.0151192 -0.309727 -0.728038 0.228284 0.0422112 -0.157989 -0.0689638 -0.280833 0.381116 -0.0622456 0.0295619 -0.140332 0.167838 -0.0816356 -0.243678 -0.331952 -0.128294 0.00496002 -0.529087 -0.459788 0.0918402 0.206963 0.305007 0.0159177 -0.0440285 -0.137935 -0.470917 0.0229711 -0.198621 -0.446428 -0.17959 -0.13697 0.40077 0.175452 0.0271372 -0.0162517 0.110685 -0.0430205 0.306741 0.902734 0.483066 -7.02508 -3.29686 -1.09049
 -5.02054e-10 -5.81422e-06 1.1957e-06 -1.67054e-10 6.51938e-05 -4.38943e-05 1.14644e-06 8.87149e-07 -1.46428e-05 2.2169e-05 2.23977e-06 -4.84542e-05 -3.07753e-10 -4.33052e-07 1.60518e-08 -6.18064e-10 4.6799e-06 -7.38764e-08 -5.39896e-10 1.89458e-05 -7.59266e-06 1000 2.62158e-05 -5.04141e-06 0.000125009 -0.000141211 3.0592e-05 1.94344e-05 0.000104617 -0.000105174 0.00013671 2.66653e-05 -9.21407e-05 0.000193865 7.37944e-05 -0.000120554 -5.59022e-05 -7.45267e-06 8.06808e-07 -0.000121134 1.33063e-05 8.22837e-07 -1.57045e-06 -6.08627e-05 6.89335e-06 -2.63412e-07 -1.35934e-06 2.5174e-06 3.46527e-05 7.97289e-05 -8.84861e-05 3.17463e-05 -7.21065e-05 3.84924e-05 0.000158834 -0.000191438 -3.02825e-05 5.76094e-05 -2.53118e-05 -8.11606e-06 -1.76088e-06 4.02824e-07 -9.92154e-05 2.78911e-05 -4.86962e-07 -2.16463e-05 -2.37394e-06 9.0344e-07 5.62285e-07 -3.54747e-10 1.57529e-05 -3.71457e-06 3.74036e-06 3.1684e-07 -7.32039e-06 3.52281e-06 7.5514e-07 -1.90132e-05 1.00322e-06 4.52146e-07 -4.91461e-06 8.15753e-06 -0.000305552 2.94076e-05 1.09891e-05 -1.41604e-06 -2.60919e-06 -1.20304e-06 -5.8341e-07 1.79858e-06 1.93609e-05 5.65459e-06 -4.27881e-06 -4.31373e-06 1.5751e-07 6.80406e-06 0.000109211 8.46641e-05 -0.000149014 -1.11377e-05 -3.91369e-06 6.5444e-06 2.52151e-05 8.16616e-05 6.2402e-05 -3.08926e-05 3.29516e-05 -3.74197e-05 0.000115751 -3.66038e-05 1.90256e-06 2.72481e-06 -5.21216e-06 -5.29766e-06 1.12691e-05 4.86341e-05 9.25815e-06 -1.0987e-05 -3.1321e-05 2.728e-05 2.5014e-06 5.24776e-06 -2.04706e-06 6.80786e-07 3.221e-06 5.51096e-06 2.0486e-06 -1.13472e-05 1.43601e-05 -9.71771e-06 5.32633e-07 -9.0277e-06 -1.96566e-05 -5.3714e-06 7.11368e-06 -4.28383e-06 1.82693e-05 1.36039e-05 -2.75365e-05 -0.000122551 -9.09048e-05 4.2487e-05 2.95931e-05 4.80934e-06 4.20909e-06 9.14413e-06 -1.56998e-05 7.04168e-07 4.03438e-06 -1.9533e-05 -1.94571e-05 -3.15972e-05 -4.29955e-05 -2.47841e-05 -1.13281e-05 -1.1786e-05 -9.7969e-06 6.15105e-06 -2.70674e-06 1.29919e-05 3.83743e-05 1.57475e-05 -0.000297867 -0.000139686 -4.62393e-05
 5.45921e-06 0.836838 -0.176675 2.27099e-06 -3.24542 2.18041 -0.212156 -0.0891831 1.48492 -2.33028 -0.222188 5.00959 4.86159e-05 -0.758111 -0.0034782 2.61015e-05 -0.669074 0.0201667 1.14807e-05 -1.81248 0.723861 2.62158e-05 970.276 -164.342 -1.70013 13.4035 -3.12767 -0.150676 -0.382183 0.386032 -5.7441 -1.87862 6.33993 -4.4049 -0.224235 0.639438 0.707342 -0.241673 -0.00953655 4.17638 -1.08368 -0.0350643 -2.00901 1.06359 -0.0839049 -0.155289 -0.224091 0.488577 -1.20822 -2.73453 2.8934 -0.979951 2.19105 -5.52829 -3.9284 5.24617 -0.387381 -3.40543 1.11297 1.145 -0.0521597 0.0024701 5.21684 -1.61366 0.0192097 1.77 0.0266134 -0.00909532 -0.0191729 2.02339e-05 -1.18754 0.268192 -0.355165 -0.0249799 0.613315 -0.580177 -0.0816042 2.12024 -0.0990119 -0.0388053 0.428568 -0.636373 1.95371 -0.188498 -0.812869 0.103623 0.0536753 0.045384 0.0099096 -0.0557027 -1.34264 -0.925559 -0.501144 -0.330638 -0.334235 -0.118172 -8.46967 3.8176 3.7559 0.68912 0.166445 0.0860852 -7.36999 0.762881 4.5266 0.0282274 -2.49247 -6.69154 1.8616 0.717156 -0.66618 -0.362399 -0.0480831 0.423872 -0.448443 -1.27425 -0.916843 0.767129 1.38395 -0.767294 -0.280843 -0.0502967 0.162486 0.164361 0.169251 -0.0805976 0.13839 0.493445 0.0439132 0.0820418 0.331175 0.53277 1.0462 0.534331 0.0922568 0.0768245 0.0300365 -0.113817 0.177914 2.77194 2.22942 -0.465996 -0.792501 -0.0386523 0.326305 0.283338 0.683026 0.430805 0.25177 0.522045 2.2914 1.44541 0.80186 -0.604072 -0.0786429 0.207547 0.258257 -0.393715 0.177686 -0.862709 -2.52434 -1.33175 20.0853 8.77498 3.04194
