 1000 0.00269724 -0.000535054 -5.20755e-10 -0.000141955 9.72959e-05 -2.4211e-06 -3.44142e-07 4.55441e-06 -6.41818e-05 -4.50775e-06 9.85728e-05 3.88861e-10 -1.2712e-05 1.36445e-07 -1.09765e-10 -1.00797e-05 5.50937e-07 -6.39692e-10 -2.30467e-05 9.23152e-06 -5.11775e-10 4.89318e-06 -7.16583e-07 1.04961e-05 -0.000283429 6.76852e-05 -4.73492e-05 -0.000203397 0.00020865 7.5593e-06 -2.06881e-06 5.56133e-06 8.04558e-05 -7.61684e-05 0.000106897 -7.29989e-05 -9.88157e-06 1.10341e-06 -0.000137896 1.20782e-05 1.37727e-06 -3.02365e-05 -8.18447e-05 1.09683e-05 -3.5727e-06 -9.25201e-06 1.75584e-05 6.76072e-05 -6.48877e-05 -0.000304688 0.000254813 -6.66617e-05 6.61279e-05 0.000108319 -0.000136561 -3.0107e-05 7.35289e-06 -4.89798e-05 5.64332e-05 -6.78328e-06 7.03944e-07 -1.51965e-06 7.02227e-06 -3.83883e-07 7.45927e-06 -4.85792e-06 1.72553e-06 1.23256e-06 -1.2205e-11 -8.95457e-06 2.34128e-06 1.55162e-06 9.90071e-09 -1.63031e-06 3.52493e-06 9.25781e-09 -1.58669e-06 1.84272e-06 6.39169e-07 -7.04976e-06 -1.79519e-05 -0.000343831 3.11775e-05 4.5013e-06 -6.31122e-07 -2.55562e-05 -2.19815e-06 -1.13565e-06 3.35764e-06 -4.48785e-06 -0.000220595 -0.000132361 -9.38051e-05 -4.51372e-05 1.83802e-05 0.000194809 0.000368346 -0.000206115 -7.35787e-05 -6.22888e-05 5.89782e-05 -4.00862e-05 2.53842e-06 6.65509e-05 0.000103834 3.90085e-05 -5.80638e-05 -0.000125734 0.000188362 -0.000117087 9.92007e-06 -2.32472e-05 -1.15183e-05 7.18415e-06 2.69741e-05 6.31549e-06 -2.50465e-05 3.00861e-05 -4.19288e-05 1.16402e-05 -5.23972e-06 -2.9404e-06 1.10355e-05 6.95878e-06 -8.70558e-06 -1.58246e-05 0.000129342 -9.23707e-05 6.43042e-05 -3.82064e-06 1.26384e-05 2.16539e-05 6.35918e-06 2.55155e-05 -2.02288e-05 2.13729e-05 1.09159e-05 2.00582e-05 -2.96859e-05 -7.63695e-05 4.24918e-05 2.01099e-05 1.97983e-06 4.6572e-06 -2.40605e-05 3.27599e-05 3.2644e-05 -4.06291e-06 2.41319e-05 8.87997e-06 -3.75446e-05 -9.71538e-06 -2.28499e-05 3.95459e-07 4.30072e-07 2.27978e-06 -2.10306e-07 1.01418e-06 1.46569e-05 3.2563e-05 1.79014e-05 -0.000524371 0.000130698 -3.74281e-05
 0.00269724 472.726 -92.6356 3.49061e-05 28.1681 -19.3041 0.412238 0.167015 -2.56635 11.8159 1.06769 -23.5827 -9.67965e-05 2.27009 -0.0173727 -7.45074e-05 2.92354 -0.128117 -1.22554e-06 2.99082 -1.1943 1.98497e-06 0.753865 -0.141705 16.7297 35.9953 -8.93371 5.45225 24.147 -24.787 10.674 2.59466 -9.28891 8.59986 14.0845 -21.4638 8.42451 1.67541 -0.16487 21.1497 -2.12057 -0.216012 11.1131 8.34275 -1.31392 0.993608 2.55048 -4.90551 2.37902 8.59973 16.2155 -15.8659 2.18217 -3.56388 1.40399 -1.31157 4.38776 2.69414 7.0616 -10.7579 1.24807 -0.122161 -2.5843 2.51257 -0.0163074 -3.14355 0.423502 -0.140357 -0.269453 -4.04033e-05 2.07597 -0.525278 0.373752 0.0351697 -0.73319 -0.475985 0.0134372 -0.0476551 0.0840512 -0.0116902 0.128714 0.171039 5.30027 -0.466491 2.45646 -0.303511 3.43274 0.161675 0.0580579 -0.221387 1.53396 7.39146 10.0342 8.47083 5.22166 -0.471592 -27.9676 16.5691 -5.9507 16.4417 11.7975 -1.13218 -1.64452 -2.45659 -4.52442 3.32528 3.42101 1.29118 -8.72162 3.38538 -0.883255 0.466222 -1.45574 -1.10425 -0.889784 -1.12226 0.193856 2.28771 0.405523 -0.883477 -0.0647038 -0.128749 -0.260981 -1.31782 0.0545279 -0.246706 -1.10988 3.06819 -5.57384 2.60054 -0.676187 -0.450081 -1.15675 -3.6758 -1.4392 -2.0536 -1.59634 -1.72065 0.126334 0.0645987 -0.544035 -1.43482 -1.85239 -0.495486 -0.26536 -1.99154 0.114352 -1.33398 -3.28078 -0.589097 0.0646665 -1.74767 -0.387616 -1.15402 -0.975636 -0.823309 -0.715131 0.368135 -0.290337 -1.76466 -3.04023 -3.66462 79.3121 -40.3028 3.2457
 -0.000535054 -92.6356 19.2664 -6.96967e-06 -5.58069 3.82454 -0.0845015 -0.0341253 0.526244 -2.34155 -0.211608 4.67402 1.98901e-05 -0.46314 0.00346102 1.50205e-05 -0.589625 0.0257893 2.38842e-07 -0.604336 0.241268 -3.60048e-07 -0.159046 0.0297473 -3.30957 -7.12288 1.76781 -1.08194 -4.77903 4.90572 -2.10917 -0.516998 1.84961 -1.70189 -2.78915 4.25038 -1.67229 -0.340994 0.0330418 -4.18443 0.410374 0.0427989 -2.20309 -1.66413 0.261704 -0.199759 -0.509754 0.980527 -0.473686 -1.69996 -3.20383 3.13523 -0.432775 0.703866 -0.2786 0.260607 -0.870572 -0.532991 -1.39682 2.12822 -0.247371 0.0242136 0.517846 -0.498291 0.00321331 0.624526 -0.0837611 0.0277526 0.0534362 8.2721e-06 -0.428554 0.108127 -0.0777921 -0.00720049 0.150997 0.0924862 -0.0029108 0.0158547 -0.0178619 0.00205377 -0.0228524 -0.0310068 -1.0462 0.0920598 -0.487362 0.0602095 -0.678011 -0.0319669 -0.0114722 0.0437661 -0.303082 -1.45687 -1.9859 -1.67983 -1.03627 0.0948102 5.53179 -3.28094 1.17913 -3.25302 -2.33266 0.224289 0.325723 0.485656 0.89433 -0.658399 -0.676909 -0.254823 1.72636 -0.670964 0.17551 -0.0921926 0.288433 0.218882 0.176017 0.221882 -0.0383853 -0.45191 -0.0803764 0.175236 0.0127351 0.0255726 0.0517671 0.260597 -0.0105362 0.0489856 0.219996 -0.607942 1.10354 -0.51481 0.133964 0.0889725 0.228907 0.727173 0.284695 0.405979 0.315527 0.34009 -0.0253227 -0.0127042 0.108427 0.283998 0.366496 0.0981116 0.0525528 0.394107 -0.0226127 0.263478 0.648902 0.116424 -0.0127851 0.345899 0.0766197 0.228547 0.192967 0.162971 0.141425 -0.0728295 0.0573925 0.349011 0.600095 0.724745 -15.7067 8.00233 -0.640317
 -5.20755e-10 3.49061e-05 -6.96967e-06 1000 -0.000213278 0.000148221 -2.30508e-06 -5.36725e-07 1.1855e-05 8.98932e-06 1.56719e-06 -3.1731e-05 2.18685e-10 -3.83427e-06 3.91915e-08 -5.71058e-11 -1.45189e-06 1.14472e-07 -1.93026e-10 1.33413e-06 -5.3393e-07 -1.14244e-10 4.17675e-07 -1.09473e-07 1.87383e-05 -1.50542e-05 3.39227e-06 -1.67489e-05 -6.58962e-05 6.74897e-05 0.000105832 1.74725e-05 -6.61555e-05 0.000183212 -5.5522e-05 6.90836e-05 1.13823e-07 -1.18159e-06 1.77001e-07 -3.49486e-05 8.7835e-06 6.85136e-07 5.2002e-05 -2.17345e-05 2.16842e-06 6.49357e-07 1.15757e-06 -2.52659e-06 2.3173e-05 1.71465e-05 -5.71462e-05 3.54072e-05 -4.76908e-05 -2.61279e-05 0.000133729 -0.000156813 -9.80997e-07 -2.5523e-05 1.52613e-05 -2.73597e-07 2.09676e-06 -2.39689e-07 3.83173e-05 -4.87426e-05 2.74951e-06 -4.71063e-05 -3.99023e-06 1.32939e-06 8.70711e-07 6.00442e-11 -7.9805e-06 1.8572e-06 -2.24359e-06 -1.17429e-07 2.89861e-06 -7.88212e-06 -8.45483e-07 2.08899e-05 1.40479e-06 3.54339e-07 -3.97992e-06 1.63578e-06 -0.000167623 1.50115e-05 1.88128e-05 -2.32226e-06 1.19186e-07 -1.00268e-06 -5.56024e-07 1.56991e-06 -3.80191e-05 -8.29755e-05 -3.57252e-05 -2.40815e-05 -9.10795e-06 -1.49414e-06 8.08747e-05 3.10235e-05 -4.82069e-05 1.31403e-06 -1.72232e-07 -1.37595e-05 4.02552e-06 5.43475e-05 -1.39042e-05 9.21573e-05 -3.70511e-05 -5.47777e-06 -7.33989e-06 -5.7535e-06 5.03853e-06 2.51037e-06 2.28698e-05 4.51422e-06 3.75913e-05 -2.37713e-05 -7.47006e-06 -5.67825e-06 1.73632e-05 -2.41395e-05 -1.02579e-05 4.01073e-05 4.05076e-05 2.0341e-05 -8.338e-05 -0.000187665 -5.62155e-05 0.000126189 -2.78541e-06 0.000124634 -1.38031e-05 7.11162e-06 3.6209e-05 2.61932e-05 1.52363e-05 -2.41369e-06 2.55022e-05 -4.23918e-06 4.82266e-05 -6.74829e-05 -0.000137434 1.1437e-05 -5.20884e-05 7.12599e-05 6.84111e-05 4.95759e-06 -6.29169e-06 -3.06782e-06 -2.19483e-05 6.4572e-05 4.49917e-05 -0.000105604 4.31607e-05 -3.00309e-05 -3.51355e-06 -5.02213e-07 2.44606e-07 -4.19666e-06 5.17777e-06 -7.71068e-06 -2.2339e-05 -3.93647e-05 0.000209675 2.61715e-05 2.39194e-05
 -0.000141955 28.1681 -5.58069 -0.000213278 437.345 -298.353 -0.0103562 -0.0156473 0.546775 8.71766 0.817622 -18.0124 9.12007e-05 -1.12742 -0.00852583 2.31457e-06 0.247182 -0.0203987 3.94e-05 -2.88084 1.13009 6.60516e-05 -3.29358 0.562671 11.6362 24.002 -5.96646 4.24438 16.7429 -17.193 13.4259 1.0264 -4.33965 9.14472 10.2474 -15.8153 4.00808 -0.668813 -0.02546 11.947 -2.76027 -0.112024 8.13651 3.38107 -0.62907 0.0117345 0.408926 -0.773023 -2.21724 3.53468 -1.41446 -0.30223 2.24825 -3.58179 1.07754 -0.919038 1.62922 2.06655 4.7916 -7.3605 0.861668 -0.0802188 -1.06292 -2.11163 0.2693 -9.91155 -1.30617 0.464246 0.255647 4.91867e-05 -3.32495 0.754601 -0.385471 -0.0185999 0.553357 -0.892063 -0.0165285 0.721375 0.0340263 0.0201923 -0.167245 -2.69208 -0.863342 0.099418 2.7879 -0.34473 3.27348 0.0772119 0.0262825 -0.104277 0.972349 1.35607 1.21979 0.675407 0.35245 1.33791 1.10824 -1.61492 -0.365154 3.84174 0.720925 -1.02774 -1.02216 0.631563 -1.85237 3.24942 -0.382148 -0.894994 -0.699619 1.33958 -0.00101614 -0.605804 -1.1854 -2.01861 0.460113 0.436952 -0.00554324 0.598593 2.35724 -1.56445 -1.6509 -0.321943 0.0670334 3.25322 2.47171 -2.04985 -1.61869 3.78417 -7.57652 3.63607 0.422866 0.106126 -0.604677 -1.03246 -0.666372 0.00462036 -0.195348 -1.38327 0.696414 0.951257 0.559691 -0.467744 -1.3915 0.1526 0.139367 -0.227478 0.786252 -0.637388 -3.17468 -0.031772 1.65057 -1.69934 0.3594 -0.762133 -0.434462 -0.319173 -0.209606 0.125848 -0.142103 -1.65522 -3.13622 -3.40881 69.0963 -29.8677 3.44266
 9.72959e-05 -19.3041 3.82454 0.000148221 -298.353 205.673 0.00525719 0.0100127 -0.362526 -5.97539 -0.560479 12.3475 -6.21379e-05 0.765742 0.00585313 -1.45274e-06 -0.17514 0.0142043 -2.70159e-05 1.96863 -0.772238 -4.52581e-05 2.25203 -0.384722 -7.97122 -16.4458 4.08809 -2.91057 -11.4723 11.7807 -9.19685 -0.705523 2.98069 -6.26545 -7.02209 10.8374 -2.74766 0.453896 0.0176292 -8.18342 1.88709 0.0767607 -5.57559 -2.32271 0.431777 -0.00970736 -0.282506 0.534164 1.51993 -2.42145 0.969964 0.206267 -1.54105 2.45396 -0.738485 0.629931 -1.11756 -1.41554 -3.28278 5.04267 -0.590759 0.0550015 0.732704 1.44617 -0.184524 6.79253 0.895313 -0.318201 -0.175526 -3.35622e-05 2.26852 -0.514758 0.261817 0.0126062 -0.375763 0.610111 0.0111728 -0.490377 -0.0239376 -0.013957 0.115827 1.84668 0.590823 -0.0680683 -1.91106 0.236301 -2.24198 -0.0528956 -0.0180016 0.0714335 -0.66565 -0.928172 -0.835805 -0.463177 -0.24195 -0.91703 -0.7591 1.10661 0.250555 -2.63391 -0.49391 0.704561 0.700167 -0.433027 1.26922 -2.22651 0.261951 0.613084 0.479719 -0.917528 0.000462168 0.414953 0.812023 1.38297 -0.315241 -0.298943 0.003827 -0.409986 -1.61496 1.072 1.1311 0.220435 -0.0460266 -2.22874 -1.69267 1.40523 1.10939 -2.5932 5.19075 -2.49154 -0.289506 -0.0727721 0.41419 0.707306 0.45654 -0.00340678 0.133682 0.947578 -0.47742 -0.651515 -0.38275 0.320653 0.953634 -0.104799 -0.0957501 0.155827 -0.538515 0.436526 2.17491 0.0214801 -1.13094 1.16453 -0.246603 0.522269 0.297597 0.218697 0.143524 -0.0861904 0.0972911 1.13404 2.14792 2.33555 -47.3542 20.4848 -2.35757
 -2.4211e-06 0.412238 -0.0845015 -2.30508e-06 -0.0103562 0.00525719 999.903 -0.0747635 0.640149 -0.0625904 -0.0133244 0.33996 1.17614e-05 -0.209093 -0.000154882 5.52729e-06 -0.180071 0.00665864 -8.03437e-07 -0.206359 0.0809374 1.41581e-06 -0.228005 0.0387642 0.0938361 0.759109 -0.184935 0.0843442 0.807589 -0.829795 0.864774 -0.120995 0.339886 0.964126 0.125123 -0.252311 -0.0988145 -0.119348 0.00438905 -0.0706729 -0.084444 0.00154284 0.0561204 -0.396726 0.0459134 -0.0679058 -0.0988582 0.190927 0.113323 -0.231585 -0.319337 0.334325 -0.131921 -1.68291 0.782525 -0.755008 -0.352139 -0.369105 0.25907 -0.0248825 -0.0475352 0.00477481 1.17056 -0.276075 0.00345049 0.281479 0.00105412 -8.15236e-05 -0.005092 4.66159e-06 -0.351134 0.0806944 -0.106469 -0.00615233 0.164986 -0.169987 -0.0222565 0.571743 0.0210792 0.00294711 -0.0329352 0.130616 -0.610528 0.0541829 -0.361785 0.0430345 -0.0551567 0.00184741 -5.59686e-05 -0.00180684 -0.295597 -0.348 -0.144007 -0.0758117 -0.0158431 0.0517806 0.822952 0.458695 -0.803206 -0.119192 -0.0291497 0.245644 0.265588 0.0226513 -0.0719251 0.193806 0.125727 -0.226021 -0.0237364 -0.00118854 -0.0353016 -0.0508323 -0.054525 -0.0281406 -0.0487543 -0.0628578 0.319209 -0.531443 0.0907937 0.0478684 -0.0116423 -0.0372649 0.0404001 0.0352256 -0.0532135 -0.0575472 -0.108215 0.144459 0.244593 -0.234209 0.0568731 0.0156375 0.0979999 -0.449604 0.153361 -0.123664 0.0513151 0.16331 -0.410281 -0.14222 -0.0627168 0.313128 -0.194876 0.238315 0.180543 -0.0397714 0.0796142 -0.127224 0.0308516 0.060259 0.239008 0.303039 0.101809 -0.0948316 -0.0571399 -0.000995503 -0.0245742 -0.0460653 0.0407118 -0.286871 -0.868132 -0.543066 6.22009 3.62907 1.04935
 -3.44142e-07 0.167015 -0.0341253 -5.36725e-07 -0.0156473 0.0100127 -0.0747635 4.27001 -57.8668 -0.0380242 -0.00678971 0.166634 4.34375e-06 -0.0750538 -5.3455e-05 2.19463e-06 -0.06357 0.00235014 1.95013e-07 -0.0538844 0.0211277 9.26612e-07 -0.0900377 0.0154542 -0.00437724 0.44373 -0.106786 0.0347469 0.299495 -0.307578 0.246068 -0.0644689 0.195594 0.237613 0.150402 -0.238882 -0.019401 -0.04222 0.00117721 0.0155391 -0.0372628 5.85226e-05 0.00603215 -0.120234 0.0135178 -0.022738 -0.0350742 0.068023 0.0375279 -0.109901 -0.169742 0.172875 0.0183942 -0.698564 0.155682 -0.11126 -0.129725 -0.156546 0.0946841 0.00598654 -0.0278484 0.00297645 0.456245 -0.0580955 0.000846089 0.054247 0.00182073 -0.000475793 -0.00278018 1.87123e-06 -0.132856 0.0305951 -0.039258 -0.00223551 0.0599388 -0.0773622 -0.00984032 0.248043 0.00602735 0.001205 -0.0138989 0.0681942 -0.0342766 0.003186 -0.130377 0.0154029 -0.0224484 0.00146963 0.000854782 -0.00234096 -0.108142 -0.114764 -0.0275645 -0.00152701 0.014878 0.0220326 0.62121 -0.232675 -0.324356 -0.0448896 0.00884373 0.375562 0.131367 -0.0231446 -0.252011 -0.0588088 0.141364 -0.0738814 0.019912 -0.00985239 -0.0304271 -0.0408479 -0.0479055 -0.0195113 -0.0265009 -0.0819028 0.231866 -0.191931 0.00780804 0.00573108 0.0457587 -0.0290663 0.0199217 0.0102022 0.00774247 -0.0160363 -0.0998 0.0326844 0.023761 -0.0548261 0.0369026 0.0251104 0.0310171 -0.120479 0.0243632 -0.0152989 0.0112426 -0.0551215 -0.146478 0.0567634 0.099208 0.114219 -0.0400664 0.0681711 0.00427289 -0.0667187 -0.0544573 0.0700676 -0.0296117 0.12246 0.167892 0.023229 -0.0588631 -0.0418559 -0.0230836 -0.00345174 -0.0103153 -0.0179232 0.0151434 -0.114806 -0.341571 -0.19257 2.5117 1.42781 0.419523
 4.55441e-06 -2.56635 0.526244 1.1855e-05 0.546775 -0.362526 0.640149 -57.8668 991.997 0.755244 0.128366 -3.12075 -7.65144e-05 1.33008 0.000760832 -3.76364e-05 1.12152 -0.0416168 -1.78445e-06 0.945334 -0.370794 -1.58442e-05 1.55762 -0.267446 0.0567579 -7.41486 1.78489 -0.542764 -4.96333 5.09728 -4.18576 1.15458 -3.51752 -4.04922 -2.44284 3.89273 0.345503 0.793239 -0.023265 -0.310955 0.69114 -0.00102447 -0.0961713 2.19468 -0.248547 0.423812 0.637563 -1.23686 -0.69078 1.86337 2.85871 -2.91468 -0.238709 11.8251 -2.6672 1.9214 2.18934 2.65389 -1.6092 -0.0960055 0.4884 -0.0520849 -7.86352 1.0229 -0.0145463 -0.970655 -0.0403804 0.0114194 0.0492862 -3.38657e-05 2.36459 -0.545301 0.709139 0.0407818 -1.0862 1.32661 0.168085 -4.23627 -0.105475 -0.0234468 0.26454 -1.29631 0.645028 -0.0587477 2.25033 -0.265927 0.415879 -0.0247497 -0.0144666 0.0394953 1.81941 1.93515 0.465938 0.0345835 -0.229608 -0.342664 -10.5055 3.86026 5.47347 0.913189 -0.0243503 -6.37792 -2.22827 0.38643 4.24956 0.987365 -2.39096 1.25582 -0.353371 0.156508 0.516798 0.691372 0.811343 0.329121 0.43887 1.36947 -3.92891 3.24958 -0.133293 -0.109859 -0.777492 0.488492 -0.342147 -0.177798 -0.137705 0.26655 1.67803 -0.546879 -0.424023 0.930012 -0.631698 -0.425594 -0.530815 2.03873 -0.420193 0.265578 -0.191994 0.929888 2.48762 -0.956532 -1.68303 -1.9502 0.672461 -1.16082 -0.0771089 1.12689 0.916449 -1.18272 0.497271 -2.07532 -2.84661 -0.397127 1.00056 0.707494 0.390984 0.0549235 0.175217 0.304279 -0.255392 1.94306 5.81004 3.25413 -41.9983 -24.948 -7.14059
 -6.41818e-05 11.8159 -2.34155 8.98932e-06 8.71766 -5.97539 -0.0625904 -0.0380242 0.755244 916.355 -6.79206 135.47 9.91805e-05 -1.74473 -0.000202754 4.61055e-05 -1.42771 0.0543421 2.37811e-05 -2.16682 0.854508 2.353e-05 -2.38463 0.411832 5.43348 5.4119 -1.3923 1.17355 4.58867 -4.71426 4.93608 0.748158 -2.82689 5.09473 2.84905 -4.57963 1.99351 -0.128253 -0.0160439 4.66546 -1.24148 -0.0378127 2.8456 1.08025 -0.202367 -0.00272724 0.107158 -0.202299 0.785743 0.319315 -5.84265 4.25153 0.0734706 -2.80147 2.89508 -3.1597 -0.326532 2.07275 0.475335 -2.00343 0.890052 -0.0857409 0.215227 3.37149 -0.0132119 -4.66467 -0.283012 0.106361 -0.0583841 2.51692e-05 -2.22469 0.509627 -0.213885 -0.00625735 0.211801 -0.422435 -0.0140277 0.671404 -0.207197 -0.0923262 0.90711 -1.43794 -4.51257 0.421539 0.25814 -0.036949 2.37288 -0.00655771 -0.0147169 0.0213995 -0.491334 -3.51313 1.81417 2.75637 3.17364 6.16126 -3.82518 -6.4962 6.6198 3.04363 -0.141413 -8.25516 2.89384 -1.37157 -2.9595 3.36778 8.82277 12.3852 -16.4898 2.91135 1.87418 1.00503 -0.097 -0.602187 -0.638444 2.7673 -4.79872 0.686233 3.33322 -3.16473 0.904891 0.211173 -1.44604 0.447623 -0.199117 0.91705 -4.61004 9.26094 -9.27924 6.6498 -1.63409 -0.618604 1.62381 -5.28196 0.758165 -3.29008 -0.959601 1.41265 -0.161077 -0.419643 -0.9818 -0.6019 -0.934938 1.47041 0.240703 -2.41039 0.557661 0.980544 -0.988797 0.425148 -1.60647 1.39152 2.07158 -1.04986 -2.37661 -0.657948 -0.572595 0.0675933 0.0419493 -0.841309 -1.51751 2.18021 36.031 -16.3363 1.69836
 -4.50775e-06 1.06769 -0.211608 1.56719e-06 0.817622 -0.560479 -0.0133244 -0.00678971 0.128366 -6.79206 2.44773 -34.8779 8.02248e-06 -0.139548 -4.1542e-05 4.33227e-06 -0.124647 0.00464959 2.32121e-06 -0.206948 0.0814466 2.38516e-06 -0.223318 0.0384362 0.222545 0.847432 -0.207405 0.143487 0.612924 -0.629352 0.337543 0.00560165 -0.04104 0.13457 0.431481 -0.648278 0.165989 -0.0247623 -0.00100825 0.144972 -0.0505764 -0.00149704 0.0517153 0.123365 -0.0176109 -0.011731 -0.0129988 0.0257251 -0.108851 0.0315608 0.00875238 -0.0153919 0.124188 -0.354564 -0.0456048 0.0922803 -0.0850381 -0.0179732 0.138109 -0.147459 0.0284302 -0.00292931 0.111009 0.0682574 0.00121293 -0.168202 -0.0179946 0.006699 -0.00187692 2.19836e-06 -0.177678 0.0407386 -0.0316272 -0.00144154 0.0405907 -0.0164162 0.000175124 0.00306566 -0.0173344 -0.00548518 0.0532047 -0.107576 0.39149 -0.033898 0.0438797 -0.0057935 0.165791 0.00371392 0.00172739 -0.00548115 -0.048578 0.049872 0.299992 0.343329 0.313878 0.534584 -0.188872 -0.263548 -0.0489802 0.0842882 -0.04462 -0.125981 0.446943 0.0107907 -0.523152 -0.262754 0.195433 0.462373 -0.238703 -0.00356268 -0.0384943 -0.0126113 -0.0372156 -0.0506839 -0.0573913 0.0843762 -0.16509 -0.0254223 0.13105 -0.100096 -0.00484554 -0.0283135 -0.059961 0.017645 0.0671741 -0.0171055 -0.14454 0.339123 -0.289825 0.0306421 0.000438548 -0.0414781 0.0422228 -0.252795 0.0345367 -0.0635332 -0.02903 -0.0318118 -0.0946982 0.0477353 0.0303225 -0.0559456 -0.0648216 0.00751706 0.0302689 -0.0759718 0.0264238 -0.0128737 -0.0905031 0.0150541 0.0650356 0.00533647 -0.0189784 -0.0266606 -0.0364569 -0.0199576 -0.0195229 -0.0014321 0.00438648 -0.0923077 -0.213201 -0.189735 3.18058 -0.620844 0.246721
 9.85728e-05 -23.5827 4.67402 -3.1731e-05 -18.0124 12.3475 0.33996 0.166634 -3.12075 135.47 -34.8779 774.343 -0.000182819 3.18968 0.00075038 -9.81412e-05 2.86808 -0.10724 -5.05296e-05 4.72833 -1.86112 -5.18536e-05 5.04528 -0.868489 -5.00622 -18.5665 4.54639 -3.1469 -13.4405 13.8009 -7.64808 -0.0526392 0.68711 -3.11006 -9.41435 14.1566 -3.68878 0.669649 0.0173433 -3.26323 1.21528 0.0328458 -1.15196 -2.56344 0.369266 0.30211 0.351508 -0.693154 2.38338 -0.722035 0.0509659 0.166646 -2.62745 7.82695 0.896211 -1.90506 1.88125 0.322064 -3.01101 3.26156 -0.646591 0.0664434 -2.40186 -1.5953 -0.0265899 3.84433 0.378792 -0.141723 0.0524139 -5.12661e-05 4.09622 -0.940114 0.755016 0.0351361 -0.977937 0.318778 -0.00833686 0.0395231 0.379388 0.1186 -1.15156 2.44519 -8.42736 0.728669 -0.965084 0.127509 -3.66831 -0.0806672 -0.0372226 0.118754 1.08099 -1.12938 -6.54671 -7.38241 -6.65921 -11.5265 4.1338 6.00605 0.945237 -2.5342 0.84516 3.07831 -9.85193 -0.186575 11.5212 5.62865 -4.5525 -10.513 5.75908 -0.0260196 0.779252 0.237952 0.814827 1.12956 1.27366 -1.93885 3.76728 0.527091 -2.97053 2.28839 0.0746536 0.61075 1.35559 -0.405142 -1.46125 0.343821 3.30353 -7.71176 6.62594 -0.883926 0.0398309 0.921668 -0.977346 5.68309 -0.783523 1.48862 0.664033 0.651885 2.07673 -1.03053 -0.638654 1.23205 1.44241 -0.210032 -0.669915 1.73165 -0.596181 0.247373 2.00403 -0.344197 -1.37164 -0.162312 0.347847 0.612741 0.868344 0.455429 0.443225 0.0298313 -0.0977429 2.03924 4.6943 4.06079 -70.5151 14.0949 -5.43102
 3.88861e-10 -9.67965e-05 1.98901e-05 2.18685e-10 9.12007e-05 -6.21379e-05 1.17614e-05 4.34375e-06 -7.65144e-05 9.91805e-05 8.02248e-06 -0.000182819 1000 7.07256e-05 -5.50381e-06 -9.76251e-10 4.46091e-05 -1.32349e-06 1.86173e-10 3.67013e-05 -1.43073e-05 -2.48296e-10 4.82981e-05 -8.08399e-06 -0.00024771 -0.000597278 0.000148873 -2.44125e-05 -0.000185769 0.000190776 -5.7965e-05 4.2353e-05 -0.000134562 -0.000100009 0.000105348 -0.000149043 0.00011312 3.05289e-05 -8.75489e-07 -0.000430637 0.000153678 4.8754e-06 -2.19882e-05 0.000166968 -1.86724e-05 1.73643e-05 2.72713e-05 -5.3338e-05 5.8178e-05 8.11626e-05 -0.000133986 6.56533e-05 1.20406e-05 8.04597e-05 2.33062e-05 -3.61972e-05 0.000131781 -6.29094e-07 -4.6981e-05 4.69633e-05 -1.0588e-05 1.1921e-06 -0.000187312 2.32007e-05 7.04569e-07 -7.22778e-05 -3.00433e-07 1.92382e-07 -1.39917e-06 -9.86555e-10 7.53995e-05 -1.70314e-05 1.34784e-05 7.69578e-07 -1.96376e-05 2.63945e-05 3.74218e-06 -0.000101441 1.22949e-06 1.20392e-06 -1.29172e-05 -3.36175e-05 0.000258891 -2.25807e-05 2.27895e-05 -2.56001e-06 5.4412e-06 -7.45493e-07 -9.17853e-08 8.44085e-07 -3.06071e-05 4.45008e-05 4.80959e-05 3.91888e-05 1.81894e-05 6.73228e-06 1.72361e-06 9.1135e-06 -7.25675e-05 9.79532e-06 1.22543e-05 0.000314631 0.000110533 -0.000220858 -9.25145e-05 3.36412e-05 3.02101e-05 4.84331e-05 5.38672e-05 4.79267e-06 -9.34862e-05 -4.7702e-06 5.1768e-05 3.56398e-06 -5.13976e-05 -2.49893e-05 -4.71294e-05 5.24983e-05 3.83953e-05 1.32847e-05 -1.3253e-05 -2.34666e-05 -2.87101e-05 9.53367e-06 -8.04712e-06 -1.7235e-05 -2.40469e-05 -3.19265e-05 -1.29685e-05 -2.82831e-05 -4.94696e-06 1.30308e-05 1.75603e-05 3.03072e-05 2.39369e-05 2.58063e-05 6.83305e-06 -1.05252e-05 -5.48772e-05 -6.50362e-05 -3.47618e-05 1.12094e-05 3.92649e-05 -1.58399e-05 -4.87819e-05 -7.42362e-06 -1.78217e-05 7.29432e-06 -1.87813e-05 -1.45468e-05 1.08749e-06 2.30395e-05 1.989e-05 -2.30306e-05 -9.47544e-06 -1.36313e-05 -8.25421e-06 1.54208e-06 3.35699e-06 3.38628e-05 9.91197e-05 6.97639e-05 -0.000822644 -0.000294185 -0.00011696
 -1.2712e-05 2.27009 -0.46314 -3.83427e-06 -1.12742 0.765742 -0.209093 -0.0750538 1.33008 -1.74473 -0.139548 3.18968 7.07256e-05 998.572 -1.64875 1.401e-05 -0.847197 0.0255497 -6.65126e-06 -0.607588 0.236155 -1.17026e-06 -0.78324 0.12966 6.39685 12.2955 -3.09132 0.561179 4.01371 -4.1228 2.02071 -0.764147 2.35928 3.17321 -1.04115 1.31814 -2.84194 -0.697177 0.0237695 7.2538 -2.9162 -0.0872356 0.536323 -3.98607 0.446927 -0.352281 -0.576185 1.12478 -1.10306 -0.51481 2.43321 -1.58972 -0.722785 -1.13082 0.405772 -0.372637 -2.98159 0.640184 0.759287 -1.1341 0.178701 -0.0188726 2.76973 -0.257054 -0.0138366 1.1299 -0.0156883 0.00393284 0.0336303 1.70904e-05 -1.35428 0.303559 -0.212564 -0.011548 0.299235 -0.518709 -0.0692974 1.88899 -0.0215351 -0.0220123 0.24123 0.765078 -7.04046 0.622081 -0.314768 0.0343005 -0.136103 0.0119444 0.00178597 -0.0138393 1.06341 -0.28455 -0.858167 -0.779793 -0.365333 -0.129769 0.284375 0.0279103 1.17459 -0.187652 -0.209344 -5.20355 -2.8436 3.37012 2.6304 -0.610594 -0.625638 -1.16607 -0.336896 0.145995 1.51009 0.0798583 -1.12567 -0.503858 1.44048 0.688048 1.16916 -1.00372 -0.646632 -0.195518 0.260842 0.376657 0.515363 -0.0550438 0.250413 0.413506 0.564352 0.49142 0.464548 0.516873 0.115227 -0.310955 -0.517542 -0.736253 -0.42546 -0.450607 -0.244449 0.0631236 0.706091 0.83818 0.383488 -0.0210477 -0.3415 0.419917 0.869842 0.101611 0.251297 -0.216551 0.282496 0.191752 -0.126268 -0.776631 -0.877869 0.153969 0.0887246 0.176992 0.0924499 0.048282 -0.133087 -0.515447 -1.50756 -1.08382 12.7312 4.17578 1.76583
 1.36445e-07 -0.0173727 0.00346102 3.91915e-08 -0.00852583 0.00585313 -0.000154882 -5.3455e-05 0.000760832 -0.000202754 -4.1542e-05 0.00075038 -5.50381e-06 -1.64875 0.818663 1.89909e-07 -0.00569072 0.000243805 9.03419e-09 -0.00266431 0.00106216 2.94613e-08 -0.00379261 0.000670633 -0.0197516 -0.0386396 0.00966591 -0.00388905 -0.0175546 0.018026 -0.00749856 -0.00030558 0.00156131 -0.00982378 -0.00305815 0.00522063 -0.00186837 -0.00241256 0.000169561 -0.0285129 0.00479646 0.000316174 -0.00787844 0.000328478 0.000199286 -0.000255194 -0.00109665 0.0020913 0.00113859 0.00020404 -0.0066174 0.00487815 -6.22222e-05 0.00112406 -0.00245954 0.00284722 0.00252058 -0.00222568 -0.00347744 0.00556532 -0.000867063 8.79402e-05 -0.00193936 -0.00059664 2.59433e-05 -0.000400097 -2.83605e-05 1.17478e-05 -2.64368e-05 8.14216e-08 -0.00520161 0.00126659 -0.000443131 -2.44093e-05 0.000553947 0.000236244 -9.08617e-06 -0.000102553 -0.000214488 -0.000144289 0.00130565 -0.00326694 0.0175072 -0.00153289 -0.000467057 6.37258e-05 -0.000426235 -4.07644e-05 -6.53288e-06 4.76734e-05 -0.002826 0.000553508 0.00137275 0.00140692 0.000771701 0.000679871 -6.24279e-05 -0.000393619 -0.00299806 -5.90453e-05 0.00134669 0.0124355 0.00653556 -0.0078155 -0.00619972 0.0010452 0.00119267 0.00258015 0.00091027 -0.000799586 -0.00364792 4.11881e-05 0.00317576 0.00163049 -0.00355092 -0.00189101 -0.00294829 0.00238889 0.00138017 0.000334498 -0.000784373 -0.00095802 -0.00116112 0.000125391 -0.000681305 -0.00107546 -0.0011471 -0.00147724 -0.000633606 -0.00152568 -0.00018808 0.000749966 0.00148533 0.00198835 0.00117246 0.000925613 0.000503703 -0.000418587 -0.00195598 -0.00192606 -0.000453792 0.00048841 0.000955195 -0.000920904 -0.00197623 -0.000153572 -0.000494487 0.000471203 -0.000474296 -0.000299164 0.000360069 0.0018486 0.00201015 -0.000198207 -0.000178626 -0.000340275 -0.000241545 -0.000178365 0.000357702 0.00124825 0.0027872 0.00252363 -0.0457374 0.0126809 -0.00310428
 -1.09765e-10 -7.45074e-05 1.50205e-05 -5.71058e-11 2.31457e-06 -1.45274e-06 5.52729e-06 2.19463e-06 -3.76364e-05 4.61055e-05 4.33227e-06 -9.81412e-05 -9.76251e-10 1.401e-05 1.89909e-07 1000 2.09607e-05 -3.04634e-06 -3.68469e-10 2.28587e-05 -8.85382e-06 -5.96319e-10 2.62469e-05 -4.30648e-06 5.11158e-05 4.92559e-05 -1.28879e-05 -6.8073e-06 -4.79959e-05 4.9256e-05 4.04987e-05 1.73115e-05 -6.02073e-05 8.44124e-05 2.64257e-05 -4.53762e-05 -2.16399e-05 2.85878e-06 3.74156e-08 -0.000125686 2.93865e-05 1.09503e-06 -3.24905e-05 7.31039e-06 1.25671e-07 5.06369e-06 9.39317e-06 -1.85095e-05 7.11764e-05 8.29196e-06 -0.000218425 0.000159192 -3.05023e-05 8.7232e-05 4.73076e-05 -6.61276e-05 1.45367e-05 4.08088e-05 -4.39725e-05 2.33577e-05 5.15381e-06 -4.88269e-07 -0.000102593 3.99662e-05 -5.73189e-07 -3.59936e-05 -1.88955e-06 6.47109e-07 3.94575e-07 -4.98382e-10 3.04936e-05 -6.87035e-06 8.12474e-06 5.12329e-07 -1.30601e-05 3.50362e-06 9.76391e-07 -2.83928e-05 -9.1152e-07 4.96093e-07 -6.01255e-06 2.59101e-06 -0.000266375 2.46311e-05 2.70239e-05 -3.20732e-06 1.11137e-06 -1.28779e-06 -4.62307e-07 1.76314e-06 -1.02991e-05 6.90052e-05 2.3226e-05 7.91779e-06 2.95872e-06 1.87642e-06 3.01164e-05 2.1846e-05 -0.000169121 2.06057e-05 2.08562e-05 0.000307668 -2.89314e-05 8.49062e-05 -8.21816e-05 1.01098e-05 6.11913e-05 -3.13519e-05 4.44716e-05 -1.03103e-05 -4.89655e-05 -2.83611e-05 -1.40258e-05 8.636e-06 8.22198e-06 4.79227e-05 -2.05649e-05 -3.5059e-06 -3.61648e-05 4.44502e-06 1.85727e-05 1.03422e-05 -4.78788e-06 -5.29632e-06 -1.31778e-05 -6.11497e-06 -1.61374e-05 -2.56959e-05 -2.89891e-05 2.77852e-06 -1.22684e-05 1.20113e-06 -2.48435e-06 9.85886e-06 6.48964e-06 -6.69406e-06 -1.30145e-05 -8.45669e-06 -1.33977e-05 -3.48482e-05 -4.76703e-05 -3.82834e-07 1.10981e-05 -7.11909e-06 4.39206e-06 8.19973e-06 -2.00807e-05 2.8558e-05 -5.32624e-06 -2.69661e-05 -1.91335e-05 -2.01626e-05 -1.61721e-05 -1.67799e-05 -5.04837e-06 -9.91183e-06 -7.25593e-06 6.13174e-06 8.47011e-07 2.34048e-05 7.14577e-05 4.01522e-05 -0.000513833 -0.000287064 -8.51926e-05
 -1.00797e-05 2.92354 -0.589625 -1.45189e-06 0.247182 -0.17514 -0.180071 -0.06357 1.12152 -1.42771 -0.124647 2.86808 4.46091e-05 -0.847197 -0.00569072 2.09607e-05 997.695 -39.2519 8.54894e-07 -0.629482 0.244212 4.29434e-06 -0.693371 0.114078 2.7201 2.78442 -0.727633 0.338057 2.57376 -2.64463 1.17125 -0.476913 1.4833 1.77013 -0.1594 0.114112 -1.13577 -0.391935 0.0146433 3.42697 -1.38375 -0.038546 1.48433 -2.44609 0.247475 -0.239187 -0.425063 0.830692 -1.37771 1.31726 3.97434 -3.5008 -0.206854 -1.55003 0.187017 -0.0597127 -1.79958 0.29474 1.34497 -1.6907 -0.144976 0.017703 2.52748 -0.5814 0.00369794 0.790698 0.0074049 -0.00235398 0.00538431 1.42955e-05 -0.987928 0.22199 -0.226872 -0.0133939 0.346585 -0.31672 -0.0496174 1.39589 -0.0165461 -0.0235726 0.26604 0.184613 -0.0707977 -0.00488977 -0.614462 0.0708913 -0.109034 0.0325367 0.0096122 -0.0424704 1.26616 -1.26402 -0.867204 -0.590619 -0.276456 -0.11079 -0.622174 0.265594 3.57088 -0.470228 -0.518128 -8.24916 -1.92101 0.665506 4.29692 0.872777 -3.1719 -2.45035 2.24718 -0.263101 1.30442 0.628836 0.126786 -0.497236 -0.442651 0.505093 0.640082 0.0926521 0.471702 0.351484 -0.146855 -0.0435463 0.203585 0.199729 0.585917 0.41235 0.609033 0.659827 0.803523 0.424548 0.440472 0.150976 -0.227826 -1.23667 -0.238498 0.0530172 0.266629 0.170346 0.287395 0.498684 0.788021 0.300178 0.182826 -0.141309 0.0610768 0.161319 0.539582 -0.711732 -0.599536 0.482378 0.426516 -0.142972 -0.43686 -0.382817 -0.12535 0.0665462 0.0645978 -0.0397309 -0.156864 -0.569008 -1.71045 -0.989057 12.9266 6.32211 2.03778
 5.50937e-07 -0.128117 0.0257893 1.14472e-07 -0.0203987 0.0142043 0.00665864 0.00235014 -0.0416168 0.0543421 0.00464959 -0.10724 -1.32349e-06 0.0255497 0.000243805 -3.04634e-06 -39.2519 2.41138 7.96426e-09 0.0199896 -0.00771767 -6.98088e-08 0.0216627 -0.0035113 -0.111253 -0.118368 0.0308192 -0.0160108 -0.108964 0.111962 -0.0487252 0.01754 -0.0541466 -0.0721263 0.00233999 0.0015075 0.0419857 0.0136688 -0.00047678 -0.142002 0.0536947 0.00159856 -0.0632219 0.09084 -0.00895591 0.0083977 0.014523 -0.0284351 0.0531549 -0.0534216 -0.160389 0.141465 0.00700209 0.0616991 -0.00776749 0.00276654 0.0687217 -0.0121081 -0.0551226 0.069707 0.00530924 -0.000659907 -0.0969207 0.0222263 -0.000152877 -0.0297207 -8.56129e-05 1.32875e-05 -0.000136462 -4.26251e-07 0.0330864 -0.00735828 0.00824883 0.000484899 -0.0126327 0.0120756 0.00182516 -0.0518514 5.46924e-05 0.000649231 -0.00780838 -0.0102439 0.00263108 0.00022831 0.0233676 -0.00269031 0.00338202 -0.00131299 -0.000385942 0.0017119 -0.0507445 0.0483984 0.0354488 0.0268649 0.0133328 0.00642744 0.0250841 -0.011012 -0.14238 0.0141578 0.0193496 0.331285 0.0771163 -0.0271311 -0.172362 -0.0352506 0.127223 0.0985065 -0.0902052 0.0104043 -0.052487 -0.0250711 -0.00474187 0.0201896 0.0177424 -0.02047 -0.0257217 -0.00374205 -0.0190036 -0.0140872 0.00580744 0.00168118 -0.00813795 -0.00800872 -0.0234891 -0.0165871 -0.0242601 -0.0267768 -0.0317707 -0.0172973 -0.0175917 -0.00609736 0.00930327 0.0497477 0.00967355 -0.00232369 -0.0107531 -0.00703206 -0.0118362 -0.0201121 -0.0313383 -0.0116947 -0.00718374 0.0056484 -0.00255345 -0.0065169 -0.0216078 0.0283303 0.0240573 -0.0192904 -0.0171003 0.00571973 0.017374 0.0154218 0.00498047 -0.00266518 -0.00269144 0.00157428 0.00628608 0.0228821 0.0678647 0.0397871 -0.5358 -0.229804 -0.0806901
 -6.39692e-10 -1.22554e-06 2.38842e-07 -1.93026e-10 3.94e-05 -2.70159e-05 -8.03437e-07 1.95013e-07 -1.78445e-06 2.37811e-05 2.32121e-06 -5.05296e-05 1.86173e-10 -6.65126e-06 9.03419e-09 -3.68469e-10 8.54894e-07 7.96426e-09 1000 7.5688e-06 -2.75282e-06 -5.31145e-10 1.05572e-05 -1.84307e-06 6.55955e-05 1.5831e-06 -1.8105e-06 9.04177e-06 6.38876e-05 -6.56336e-05 7.52336e-05 1.00533e-05 -3.85181e-05 0.000137271 -4.0709e-05 5.03538e-05 -3.67517e-05 -4.17647e-06 3.84388e-07 -5.06283e-05 2.03094e-06 2.68393e-07 -1.07279e-05 -3.65689e-05 4.67143e-06 -9.55372e-07 -4.86498e-07 8.18349e-07 4.08386e-05 1.29993e-05 -0.000101613 7.00976e-05 -3.83026e-05 2.23178e-05 7.47464e-05 -9.17534e-05 -1.69722e-05 2.0858e-05 -9.45908e-06 -1.82718e-06 -3.28101e-06 4.57707e-07 -4.42631e-05 1.33249e-05 -3.48431e-07 -3.35936e-06 -1.48837e-06 5.06661e-07 3.86569e-07 -1.50868e-10 1.2933e-06 -3.50332e-07 8.65779e-07 1.0792e-07 -2.95064e-06 2.68848e-06 3.69849e-07 -8.4842e-06 7.65531e-07 1.92591e-07 -1.85671e-06 1.67522e-06 -0.000313363 2.83607e-05 9.28324e-06 -1.13203e-06 -2.64309e-06 -1.0044e-06 -3.97128e-07 1.41195e-06 -6.3652e-06 -8.72093e-05 -3.52427e-05 -1.8325e-05 7.03905e-08 2.21336e-05 0.000200682 0.000293586 -0.000214779 -1.48464e-05 -1.19371e-05 -7.18807e-05 -5.17689e-05 0.000101127 1.43223e-05 3.27202e-06 5.30688e-05 -1.08348e-06 -2.48705e-05 2.64661e-06 1.94706e-05 -1.57914e-05 -1.27676e-05 -2.07608e-05 1.36141e-06 1.14933e-05 5.62227e-06 -1.37055e-05 -3.89611e-06 -9.62973e-07 1.12676e-05 1.11206e-05 2.89173e-06 1.11756e-06 -9.76516e-06 -4.27397e-06 -2.05484e-06 -7.59758e-06 8.70515e-06 -9.50005e-06 1.09699e-05 6.87638e-07 -2.62613e-06 -2.89312e-06 1.21944e-06 -7.84093e-06 1.95812e-06 1.57177e-05 -1.8133e-06 -5.19677e-05 -5.44894e-05 2.14423e-05 1.61749e-05 -7.67343e-06 6.15581e-06 1.35349e-05 -6.69492e-06 2.76363e-05 -6.96745e-06 -1.82849e-06 -8.72417e-06 -2.36552e-05 -2.38412e-05 -2.05423e-05 -6.34425e-06 -6.871e-06 -5.56224e-06 2.27789e-06 3.12041e-07 3.66649e-06 1.19444e-05 2.06746e-06 -8.14036e-05 -4.28751e-05 -1.31974e-05
 -2.30467e-05 2.99082 -0.604336 1.33413e-06 -2.88084 1.96863 -0.206359 -0.0538844 0.945334 -2.16682 -0.206948 4.72833 3.67013e-05 -0.607588 -0.00266431 2.28587e-05 -0.629482 0.0199896 7.5688e-06 861.555 -339.627 1.79833e-05 -1.80421 0.310527 -1.18041 5.05869 -1.19441 -0.21116 -0.568732 0.583588 -0.828834 -0.989518 3.32148 -0.354416 2.79664 -4.10965 0.370535 -0.3183 0.00339618 2.20603 -0.692932 -0.0156551 0.321903 -0.427239 0.0359169 -0.207642 -0.325647 0.635612 -1.24603 -0.418569 4.18244 -2.94005 1.0577 -3.69662 -1.6414 2.36539 -0.829911 -2.04366 1.32003 -0.100248 -0.120016 0.013391 4.44688 -2.17939 0.0595457 0.633708 -0.0547803 0.0200205 0.00673614 1.35487e-05 -1.0415 0.243429 -0.43403 -0.0297785 0.768679 -0.670556 -0.0877819 2.21637 -0.127429 -0.0440053 0.444382 -1.14698 3.10483 -0.266378 -1.00032 0.119306 0.0271935 0.0521889 0.00381521 -0.0564654 -0.587799 3.98286 0.253794 -0.670372 -1.28697 -0.776165 -33.933 16.5008 3.29443 2.06318 0.763937 4.27371 -6.77492 1.35363 2.52158 -0.933768 0.290592 -1.18623 -0.288606 -0.0450907 1.32995 0.222392 0.169408 0.706882 1.16453 0.157589 -0.345872 -0.524129 0.944889 -0.249676 -0.308367 0.0452865 0.75711 1.77876 -0.517666 -0.0700765 0.421249 0.175278 0.75505 -0.933194 0.177432 -0.0434664 0.370473 -0.414809 0.196604 0.600311 0.830659 0.359837 0.0548727 1.32974 1.10579 -0.253002 -0.477288 -0.745413 -0.0493484 0.108551 0.320845 1.15782 -0.0633543 0.512032 1.09354 0.42101 0.322031 -0.974774 -0.418167 -0.0571313 0.0505813 -0.297635 0.11109 -0.777321 -2.26998 -1.24976 17.8014 8.34044 2.76354
 9.23152e-06 -1.1943 0.241268 -5.3393e-07 1.13009 -0.772238 0.0809374 0.0211277 -0.370794 0.854508 0.0814466 -1.86112 -1.43073e-05 0.236155 0.00106216 -8.85382e-06 0.244212 -0.00771767 -2.75282e-06 -339.627 135.366 -7.11903e-06 0.711189 -0.1224 0.46715 -2.00391 0.473148 0.082716 0.220751 -0.226517 0.326602 0.389928 -1.30887 0.140043 -1.10931 1.63018 -0.147125 0.123295 -0.00123339 -0.870252 0.272174 0.00618615 -0.127045 0.16417 -0.0136203 0.0809805 0.127119 -0.248133 0.491524 0.165897 -1.65364 1.1623 -0.418707 1.4622 0.649951 -0.936463 0.327541 0.808092 -0.521989 0.0397286 0.0468519 -0.00523514 -1.753 0.860696 -0.0235544 -0.248372 0.0219179 -0.0080043 -0.00276954 -5.28386e-06 0.40988 -0.0957902 0.170828 0.0117064 -0.302308 0.264518 0.0346468 -0.874813 0.0490426 0.0171825 -0.17348 0.456959 -1.22829 0.105359 0.394106 -0.0470041 -0.0108076 -0.0206386 -0.00150419 0.0223252 0.23291 -1.57432 -0.103575 0.263829 0.509614 0.314788 13.4237 -6.53538 -1.29903 -0.817918 -0.305547 -1.68909 2.67967 -0.536102 -0.997024 0.369328 -0.115284 0.468976 0.114716 0.0179933 -0.526277 -0.087878 -0.0669495 -0.279448 -0.460231 -0.061945 0.13682 0.207255 -0.373798 0.0990109 0.12197 -0.0179188 -0.29933 -0.703322 0.204919 0.0278424 -0.166305 -0.0696025 -0.298154 0.368942 -0.0701195 0.0170611 -0.146427 0.164096 -0.0776572 -0.237677 -0.328542 -0.142472 -0.0219345 -0.525767 -0.436952 0.100237 0.188807 0.294777 0.0194046 -0.0430499 -0.126819 -0.458111 0.0250668 -0.202517 -0.432422 -0.166528 -0.12758 0.385483 0.165247 0.0225971 -0.0201308 0.117698 -0.0439869 0.307454 0.896728 0.49454 -7.06056 -3.26896 -1.09152
 -5.11775e-10 1.98497e-06 -3.60048e-07 -1.14244e-10 6.60516e-05 -4.52581e-05 1.41581e-06 9.26612e-07 -1.58442e-05 2.353e-05 2.38516e-06 -5.18536e-05 -2.48296e-10 -1.17026e-06 2.94613e-08 -5.96319e-10 4.29434e-06 -6.98088e-08 -5.31145e-10 1.79833e-05 -7.11903e-06 1000 2.3934e-05 -4.71343e-06 0.000121555 -0.000152373 3.39958e-05 1.72059e-05 9.14377e-05 -9.39703e-05 0.000133893 2.02327e-05 -7.42003e-05 0.000185043 5.68936e-05 -9.75099e-05 -5.19657e-05 -6.0891e-06 7.2844e-07 -0.000116462 1.39286e-05 7.9305e-07 -1.14229e-06 -5.44704e-05 6.28692e-06 -1.26392e-07 -1.14883e-06 1.92007e-06 3.31041e-05 7.58023e-05 -8.02945e-05 2.81384e-05 -6.80381e-05 4.0139e-05 0.000147403 -0.000180711 -2.69063e-05 5.38209e-05 -2.63826e-05 -3.64831e-06 -2.00312e-06 4.05607e-07 -9.53397e-05 2.80122e-05 -4.08081e-07 -2.31704e-05 -2.08862e-06 7.37936e-07 4.99355e-07 -3.18383e-10 1.47432e-05 -3.63819e-06 3.77824e-06 3.08951e-07 -7.23773e-06 4.32584e-06 8.59641e-07 -2.09179e-05 9.13813e-07 4.45562e-07 -4.51299e-06 8.88868e-06 -0.000321088 2.92245e-05 1.26248e-05 -1.52787e-06 -2.22496e-06 -1.10163e-06 -4.75608e-07 1.5887e-06 1.58954e-05 9.63973e-06 -6.92617e-06 -9.30189e-06 -1.80459e-06 5.74592e-06 0.000102529 8.48315e-05 -0.000148685 -1.4037e-05 -5.44224e-06 -3.12267e-06 1.55546e-05 8.35283e-05 6.55271e-05 -2.608e-05 2.80714e-05 -3.04986e-05 0.000115821 -4.2578e-05 -1.136e-06 -2.6438e-06 -6.48908e-06 -8.00093e-06 6.50434e-06 4.53577e-05 1.31241e-05 -3.49733e-06 -1.98586e-05 2.94171e-05 7.51967e-06 7.41219e-06 2.18005e-06 4.02439e-06 4.57778e-06 7.0502e-06 1.72962e-06 -1.12787e-05 1.22901e-05 -1.18088e-05 2.00538e-06 -6.5607e-06 -1.55657e-05 -2.56902e-06 1.14283e-05 -1.23606e-06 1.19074e-05 1.58601e-05 -2.37842e-05 -0.000117362 -8.38499e-05 3.94523e-05 2.68035e-05 1.53928e-06 9.66989e-07 6.84666e-06 -1.69882e-05 -9.95574e-07 2.77299e-06 -1.91555e-05 -1.94564e-05 -2.99259e-05 -4.15229e-05 -2.40835e-05 -1.10551e-05 -1.13919e-05 -9.40685e-06 6.48455e-06 -2.52231e-06 1.27298e-05 3.76601e-05 1.58668e-05 -0.000289344 -0.000140399 -4.54999e-05
 4.89318e-06 0.753865 -0.159046 4.17675e-07 -3.29358 2.25203 -0.228005 -0.0900377 1.55762 -2.38463 -0.223318 5.04528 4.82981e-05 -0.78324 -0.00379261 2.62469e-05 -0.693371 0.0216627 1.05572e-05 -1.80421 0.711189 2.3934e-05 969.265 -167.383 -1.42116 13.2547 -3.1568 -0.09534 -0.046623 0.0501374 -5.32605 -1.57658 5.54762 -4.01535 0.144629 0.0768224 0.57521 -0.280837 -0.00675062 4.11558 -1.12554 -0.0349271 -1.87861 0.773887 -0.0550917 -0.196764 -0.273363 0.541816 -1.1663 -2.63103 2.736 -0.93712 2.01598 -5.22166 -3.61874 4.89967 -0.440561 -3.18357 1.09072 0.944 -0.0547612 0.00246793 5.22409 -1.50959 0.0121102 1.78247 0.0273931 -0.00908056 -0.0171852 1.89816e-05 -1.21049 0.287047 -0.370506 -0.0251516 0.624385 -0.605449 -0.0865805 2.18704 -0.0916371 -0.0393084 0.406934 -0.598338 1.90106 -0.173813 -0.825061 0.0987761 0.0303545 0.0426544 0.00737059 -0.0504223 -1.15773 -0.910193 -0.599813 -0.506993 -0.44224 -0.188906 -8.63638 3.75705 3.51318 0.808659 0.240777 0.288157 -7.23329 0.540682 4.47466 -0.000882062 -2.4666 -6.71534 1.85193 0.744371 -0.671357 -0.407112 -0.113683 0.406941 -0.411682 -1.21071 -0.901193 0.728602 1.38209 -0.723334 -0.268169 -0.0559451 0.150404 0.1026 0.180348 -0.0449196 0.165631 0.480951 0.117667 0.0968407 0.353373 0.551514 1.04767 0.541581 0.105781 0.0893548 0.0794448 -0.0340187 0.239882 2.72557 2.12584 -0.450945 -0.704917 -0.0103111 0.334767 0.292296 0.665035 0.439071 0.268374 0.562542 2.26172 1.42376 0.795286 -0.542465 -0.0376145 0.232846 0.279445 -0.423334 0.176067 -0.87195 -2.53545 -1.3711 20.2484 8.93345 3.07895
