 1000 0.00288252 -0.000564063 -6.21711e-10 -0.000149959 0.000104844 -2.24648e-06 -2.31235e-07 2.47749e-06 -7.05056e-05 -4.72005e-06 0.00010295 4.09611e-10 -1.44419e-05 1.62466e-07 -1.05157e-10 -9.93965e-06 5.62007e-07 -8.16682e-10 -2.2695e-05 8.97595e-06 -5.57934e-10 5.73272e-06 -8.76784e-07 7.8667e-06 -0.000312333 7.60021e-05 -5.17815e-05 -0.000218392 0.000229211 -1.47647e-06 -2.89036e-06 9.23613e-06 8.27546e-05 -9.03737e-05 0.000131203 -7.7675e-05 -9.49574e-06 1.14657e-06 -0.000151177 1.49846e-05 1.49698e-06 -3.10942e-05 -8.62616e-05 1.17759e-05 -4.41951e-06 -1.14383e-05 1.9562e-05 7.29526e-05 -6.46833e-05 -0.000303939 0.000249479 -6.81976e-05 6.89338e-05 0.000106246 -0.000136164 -3.07828e-05 7.81883e-06 -5.40066e-05 5.99274e-05 -7.09163e-06 6.9394e-07 -1.25107e-05 1.17312e-05 -4.27562e-07 2.78693e-06 -4.10475e-06 1.34436e-06 9.45878e-07 -6.69507e-11 -7.8602e-06 2.22886e-06 2.22261e-06 5.23411e-08 -2.79954e-06 5.82215e-06 2.51953e-07 -7.6249e-06 2.08595e-06 8.51445e-07 -8.44556e-06 -1.33936e-05 -0.000351883 2.9664e-05 5.60655e-06 -7.14538e-07 -2.76998e-05 -2.01901e-06 -9.55558e-07 2.99732e-06 7.33181e-07 -0.000182298 -0.000156896 -0.000153771 -7.11569e-05 1.05045e-05 0.000184606 0.000414472 -0.000227859 -8.67771e-05 -6.90154e-05 5.72734e-05 -4.24096e-05 6.52611e-06 8.11994e-05 0.0001062 3.96766e-05 -6.21644e-05 -0.000135121 0.000209367 -0.000124462 1.5422e-05 -2.10963e-05 -1.29158e-05 1.51964e-05 3.65664e-05 2.69146e-06 -2.56136e-05 4.28652e-05 -4.22838e-05 1.26569e-05 -5.58678e-06 -4.49328e-06 1.22105e-05 5.42317e-06 -1.10934e-05 -2.07437e-05 0.000150269 -0.000105227 6.85666e-05 -2.9944e-06 1.28811e-05 2.32747e-05 6.87383e-06 2.84399e-05 -2.51698e-05 2.40379e-05 1.56438e-05 2.61555e-05 -2.50353e-05 -7.43565e-05 4.77697e-05 2.26037e-05 -9.75843e-07 1.94717e-06 -2.75391e-05 3.54765e-05 3.86926e-05 -1.40404e-06 3.10625e-05 1.06316e-05 -4.46681e-05 -1.41676e-05 -2.66471e-05 3.23444e-07 1.50951e-06 3.88689e-06 -8.76659e-08 3.66195e-07 1.75888e-05 4.03863e-05 2.3809e-05 -0.000604395 0.000118934 -4.68323e-05
 0.00288252 480.922 -92.9584 5.88186e-05 28.3181 -19.7957 0.406979 0.155582 -2.46932 12.613 1.08961 -24.0284 -9.83141e-05 2.42546 -0.0192696 -7.35631e-05 2.73939 -0.123329 9.87392e-06 2.33714 -0.924118 6.80926e-06 0.606748 -0.119584 17.1082 36.1636 -9.13221 5.60969 24.2081 -25.4248 11.6585 2.60638 -9.80057 9.07633 14.4984 -22.6822 8.17995 1.55195 -0.159792 21.0951 -2.29174 -0.212899 11.0165 7.92408 -1.27868 1.19386 2.74799 -4.74839 1.90159 8.66639 15.4558 -14.9368 2.11784 -3.40709 1.67552 -1.6962 3.99867 3.07801 7.0412 -10.5065 1.18826 -0.105521 -1.80556 2.39104 -0.00813774 -2.94523 0.283059 -0.0884339 -0.175456 -3.27205e-05 1.90273 -0.51446 0.365887 0.0313956 -0.649213 -0.587566 0.00190442 0.258856 0.0124115 -0.0354865 0.338285 -0.540111 3.98696 -0.321275 2.32143 -0.266451 3.42085 0.144219 0.0448691 -0.190609 1.52196 3.02228 10.8259 12.7985 7.43139 0.581918 -28.3838 16.993 -7.05915 17.2085 11.9365 -1.16807 -1.64425 -2.43161 -4.56801 3.37354 3.44346 1.28739 -8.77741 3.38773 -1.01717 0.39832 -1.54307 -1.1079 -0.891479 -1.09579 0.118837 2.11972 0.354001 -0.918624 -0.0299624 -0.110359 -0.230231 -1.31398 0.0962413 -0.253815 -1.11959 2.87926 -5.69896 2.54826 -0.730124 -0.484476 -1.15124 -3.77713 -1.47723 -2.18692 -1.67112 -1.79823 0.086189 -0.0634598 -0.790772 -1.64063 -1.95412 -0.603512 -0.388855 -2.14362 0.00647097 -1.482 -3.41977 -0.668382 -0.0715329 -1.91339 -0.538954 -1.2378 -1.08528 -0.912051 -0.820463 0.429 -0.219294 -1.91398 -3.49216 -3.96414 82.3843 -38.0855 3.80635
 -0.000564063 -92.9584 19.077 -1.15463e-05 -5.53513 3.86931 -0.082594 -0.0314646 0.50167 -2.46569 -0.213065 4.69869 1.99648e-05 -0.488539 0.00378954 1.46665e-05 -0.546423 0.0245426 -1.93917e-06 -0.469361 0.185509 -1.29288e-06 -0.129142 0.0252394 -3.33804 -7.05876 1.78248 -1.09823 -4.72613 4.96367 -2.27219 -0.512472 1.92557 -1.77146 -2.83213 4.43066 -1.60195 -0.312521 0.031623 -4.11635 0.437782 0.041609 -2.15408 -1.56038 0.251367 -0.236815 -0.542073 0.936752 -0.374126 -1.68966 -3.01209 2.91133 -0.414457 0.663754 -0.327626 0.331916 -0.783027 -0.600615 -1.37381 2.05016 -0.232374 0.0206361 0.359859 -0.467776 0.0015599 0.577775 -0.0552148 0.0172468 0.0343593 6.65547e-06 -0.390353 0.105164 -0.0756929 -0.00638592 0.133103 0.112826 -0.000662261 -0.0433956 -0.00364722 0.00662406 -0.0632273 0.108168 -0.776189 0.0625272 -0.454566 0.0521661 -0.666544 -0.0281284 -0.0087439 0.0371687 -0.29665 -0.585506 -2.11126 -2.50001 -1.45284 -0.110872 5.53768 -3.31889 1.37886 -3.35713 -2.32727 0.228105 0.321118 0.474046 0.890517 -0.65889 -0.672121 -0.250707 1.71362 -0.662306 0.199108 -0.0778019 0.301437 0.216522 0.173873 0.213668 -0.0233222 -0.413066 -0.0693395 0.179632 0.00573125 0.0215831 0.0450046 0.256204 -0.0185757 0.0496319 0.218819 -0.562929 1.11286 -0.497685 0.142586 0.0943704 0.224629 0.736932 0.288145 0.426295 0.325684 0.350453 -0.017278 0.0123132 0.15497 0.32023 0.381275 0.117761 0.0758243 0.418286 -0.0013479 0.288635 0.667029 0.130193 0.0138517 0.373389 0.104958 0.24167 0.211611 0.177958 0.159927 -0.0836808 0.0427534 0.373404 0.67999 0.773258 -16.0953 7.46487 -0.740805
 -6.21711e-10 5.88186e-05 -1.15463e-05 1000 -0.000377779 0.00026618 -2.09101e-06 -4.73429e-07 1.13179e-05 1.76238e-05 2.20954e-06 -4.61722e-05 2.5258e-10 -4.14306e-06 3.52329e-08 -3.50238e-11 -1.34318e-06 9.66613e-08 -1.36371e-10 -1.58137e-07 4.48751e-08 -4.00354e-11 -1.81637e-06 2.83434e-07 2.74667e-05 -7.6653e-06 1.51807e-06 -1.34194e-05 -5.18599e-05 5.43092e-05 0.000108568 1.66392e-05 -6.6277e-05 0.000181957 -4.85466e-05 6.06053e-05 4.336e-06 -1.12095e-06 1.34535e-07 -2.07937e-05 6.04486e-06 5.4714e-07 5.69763e-05 -1.72331e-05 1.51592e-06 9.75454e-07 1.46217e-06 -2.74035e-06 1.83072e-05 1.96521e-05 -4.75882e-05 2.72892e-05 -4.0476e-05 -2.55016e-05 0.000117981 -0.000140389 1.66975e-06 -2.15794e-05 1.91924e-05 -8.0395e-06 2.93155e-06 -3.07268e-07 3.87429e-05 -4.82413e-05 2.95544e-06 -5.76617e-05 -4.41011e-06 1.3568e-06 8.12924e-07 9.14598e-11 -1.01823e-05 2.49587e-06 -2.3779e-06 -1.23645e-07 3.0797e-06 -8.19757e-06 -8.5837e-07 2.07007e-05 1.16809e-06 3.27566e-07 -3.4081e-06 3.42303e-07 -0.000146022 1.20678e-05 1.79555e-05 -2.04959e-06 2.50983e-06 -7.27084e-07 -4.17392e-07 1.1531e-06 -3.46891e-05 -5.14459e-05 -2.49988e-05 -2.25553e-05 -7.41935e-06 1.13534e-06 8.34866e-05 1.23962e-05 -3.71309e-05 3.49577e-06 2.76379e-07 -2.16172e-05 6.26892e-06 5.6819e-05 -1.98948e-05 9.71219e-05 -3.7528e-05 -6.54938e-06 -1.48311e-05 -1.04212e-05 4.71224e-06 4.5392e-06 1.96868e-05 3.13908e-06 3.22988e-05 -2.11533e-05 -4.49296e-06 -7.32707e-06 1.74208e-05 -2.98726e-05 -1.52837e-05 3.75012e-05 3.70702e-05 2.36658e-05 -8.55444e-05 -0.000190877 -6.30257e-05 0.000129997 -1.21938e-05 0.000125983 -1.32342e-05 8.03811e-06 3.40892e-05 2.43821e-05 1.51041e-05 -2.79999e-06 2.37784e-05 -9.2344e-06 4.91051e-05 -5.76053e-05 -0.000122546 6.7964e-06 -5.05839e-05 6.53054e-05 6.25524e-05 1.45201e-06 -7.73124e-06 -3.71886e-06 -2.11306e-05 6.3815e-05 4.22392e-05 -9.96963e-05 4.46441e-05 -2.8831e-05 -3.18424e-06 -5.4831e-08 7.69667e-07 -4.0929e-06 3.44315e-06 -8.40378e-06 -2.31062e-05 -4.06352e-05 0.000244133 5.64673e-06 2.49853e-05
 -0.000149959 28.3181 -5.53513 -0.000377779 435.966 -303.373 -0.049873 -0.0259787 0.769489 9.08243 0.813704 -17.8906 9.23291e-05 -1.19995 -0.00877135 8.87265e-06 0.0627534 -0.0134448 4.29355e-05 -2.95388 1.14282 6.45496e-05 -3.26571 0.571154 11.6677 23.633 -5.97718 4.24194 16.4624 -17.2959 13.8094 0.991629 -4.41386 9.17873 10.2605 -16.2435 3.85657 -0.714372 -0.0213299 11.7859 -2.81805 -0.108379 7.8649 3.02122 -0.584661 0.0128691 0.437897 -0.745656 -2.20212 3.29678 -1.21454 -0.301715 2.25525 -3.61679 1.08412 -0.955025 1.31338 2.18065 4.81864 -7.13904 0.789764 -0.0662237 0.0169786 -2.18062 0.26959 -9.32299 -1.15549 0.377177 0.178369 4.70143e-05 -3.42241 0.826582 -0.425042 -0.0203723 0.603226 -1.10213 -0.0437641 1.37576 0.0162136 0.0107728 -0.069641 -2.84295 -1.14307 0.115523 2.53007 -0.29078 3.15887 0.0696583 0.0205186 -0.0909049 0.930375 0.447088 1.64162 1.40197 0.701375 1.73778 1.45736 -1.60221 -0.585923 4.405 1.01198 -1.20542 -0.958294 0.64377 -1.84789 3.23669 -0.392936 -0.86553 -0.76837 1.29413 0.00501344 -0.598972 -1.14357 -1.94425 0.40023 0.37011 -0.0740383 0.475653 2.36966 -1.49853 -1.71078 -0.393715 -0.0367034 3.12518 2.61255 -1.99087 -1.55858 3.70512 -7.57505 3.46867 0.385043 0.0865877 -0.555305 -1.10521 -0.674258 -0.0876632 -0.194643 -1.39889 0.691592 0.91067 0.465529 -0.613146 -1.45807 0.084742 0.100328 -0.301694 0.747767 -0.698641 -3.23525 -0.0544092 1.60566 -1.77296 0.282606 -0.791693 -0.496521 -0.347081 -0.261558 0.148884 -0.103526 -1.78716 -3.59441 -3.70144 70.6991 -26.2252 4.02545
 0.000104844 -19.7957 3.86931 0.00026618 -303.373 213.28 0.0329855 0.0174753 -0.525576 -6.34999 -0.568972 12.5099 -6.41791e-05 0.831715 0.00614336 -6.0609e-06 -0.0496781 0.00963001 -3.00271e-05 2.05907 -0.796615 -4.51097e-05 2.27746 -0.398303 -8.15267 -16.5169 4.17736 -2.96711 -11.5058 12.0884 -9.64901 -0.695222 3.09215 -6.4145 -7.17177 11.3536 -2.69667 0.495067 0.0150894 -8.2344 1.96538 0.0757475 -5.49708 -2.11743 0.409357 -0.0108919 -0.308601 0.525597 1.53971 -2.30364 0.849574 0.210122 -1.57682 2.52759 -0.757736 0.667533 -0.919159 -1.52361 -3.36735 4.9888 -0.552331 0.0463177 -0.00703246 1.52341 -0.188429 6.51734 0.807861 -0.263698 -0.124895 -3.27256e-05 2.38201 -0.575214 0.294633 0.014097 -0.418098 0.769089 0.0304159 -0.957313 -0.011924 -0.00766362 0.0499245 1.98888 0.797826 -0.0806628 -1.76918 0.203325 -2.20691 -0.0486766 -0.0143346 0.06352 -0.649631 -0.311694 -1.147 -0.979941 -0.490505 -1.2146 -1.01819 1.11992 0.409855 -3.08018 -0.707186 0.842821 0.669541 -0.450215 1.29151 -2.26217 0.274731 0.604746 0.537365 -0.904125 -0.00375243 0.418467 0.799041 1.35869 -0.279692 -0.258196 0.0517544 -0.332316 -1.65597 1.0474 1.19559 0.275005 0.025534 -2.18389 -1.82496 1.39214 1.08959 -2.58987 5.29361 -2.42444 -0.268888 -0.0605949 0.387961 0.772282 0.471164 0.0609784 0.135834 0.977424 -0.483638 -0.636248 -0.324683 0.428682 1.01923 -0.0594881 -0.0704083 0.210777 -0.522428 0.488031 2.26072 0.037694 -1.12222 1.23923 -0.197914 0.553341 0.346889 0.242548 0.18267 -0.103997 0.0722946 1.24896 2.51111 2.58677 -49.423 18.3503 -2.81201
 -2.24648e-06 0.406979 -0.082594 -2.09101e-06 -0.049873 0.0329855 999.896 -0.0749117 0.677511 -0.0640276 -0.0145752 0.368919 1.22307e-05 -0.222985 -0.000124798 6.33668e-06 -0.19656 0.00740118 -7.45931e-07 -0.231896 0.08973 1.75361e-06 -0.253312 0.0441774 0.108448 0.717215 -0.178121 0.0721659 0.764715 -0.80389 0.86817 -0.122243 0.36134 0.946334 0.11005 -0.233484 -0.0769696 -0.119777 0.00442223 -0.0330041 -0.0894823 0.00132339 0.0644926 -0.387379 0.0456235 -0.0869476 -0.11848 0.205285 0.114586 -0.252605 -0.294054 0.31545 -0.127629 -1.65214 0.74409 -0.731397 -0.298327 -0.363098 0.274758 -0.0577359 -0.0516207 0.00462623 1.23811 -0.272514 0.00194987 0.308372 0.00325205 -0.000925601 -0.00404061 4.77552e-06 -0.384453 0.0940503 -0.119441 -0.00676017 0.181617 -0.154987 -0.0217992 0.539294 0.0226987 0.00301959 -0.0310593 0.12359 -0.598449 0.0490884 -0.373231 0.0409848 -0.0613659 0.00178726 -0.000114977 -0.0016876 -0.289422 -0.336471 -0.199341 -0.15638 -0.0504994 0.0317085 0.740514 0.511439 -0.824078 -0.130313 -0.0255168 0.254457 0.288327 -0.00267049 -0.0912582 0.176765 0.139601 -0.222393 -0.0171189 -0.00535267 -0.0314491 -0.0440686 -0.0537556 -0.0292603 -0.0524358 -0.0728608 0.318899 -0.518157 0.0918094 0.0409917 -0.00953712 -0.0401012 0.0368847 0.0269015 -0.0510599 -0.0586302 -0.107564 0.133599 0.254066 -0.228385 0.0625624 0.0252162 0.107959 -0.44887 0.160566 -0.119519 0.0668016 0.170087 -0.384867 -0.124516 -0.0529735 0.307068 -0.187863 0.238724 0.186051 -0.0359628 0.0932494 -0.115326 0.0501092 0.0667982 0.25776 0.313235 0.105843 -0.0820345 -0.0487154 0.00775565 -0.0181055 -0.0544427 0.0298129 -0.299481 -0.902329 -0.577178 6.4318 3.87153 1.09989
 -2.31235e-07 0.155582 -0.0314646 -4.73429e-07 -0.0259787 0.0174753 -0.0749117 3.9564 -55.1535 -0.0350116 -0.00668956 0.163958 4.2296e-06 -0.0752023 -4.56112e-05 2.31983e-06 -0.0655197 0.00246663 2.36135e-07 -0.0603141 0.0233309 9.50433e-07 -0.0927145 0.0162889 0.00304371 0.403239 -0.0988984 0.0296072 0.273295 -0.287149 0.240979 -0.0585686 0.185139 0.224555 0.133561 -0.218349 -0.0122723 -0.0400571 0.00114116 0.0249731 -0.0366063 -3.23002e-06 0.00837441 -0.111973 0.0128293 -0.0276654 -0.0397592 0.0690681 0.0381045 -0.112809 -0.155356 0.159088 0.0140924 -0.644203 0.144718 -0.108687 -0.102888 -0.144126 0.09372 -0.00637364 -0.0275508 0.002666 0.451874 -0.0535941 0.00033839 0.0636719 0.00236961 -0.000688135 -0.0020263 1.77803e-06 -0.13585 0.0332787 -0.0413198 -0.00230887 0.062089 -0.0667754 -0.0090624 0.220196 0.00606981 0.0010917 -0.011641 0.0595702 -0.0402835 0.00337971 -0.127953 0.0139623 -0.0231141 0.00124555 0.000656808 -0.00191681 -0.100776 -0.119537 -0.0445586 -0.0170693 0.00869158 0.0178371 0.554066 -0.182492 -0.311493 -0.0433482 0.0111621 0.350286 0.116868 -0.0254334 -0.233406 -0.0558533 0.132261 -0.0698331 0.0188345 -0.0104569 -0.0262087 -0.0341525 -0.0425049 -0.0177802 -0.0266887 -0.0834675 0.215847 -0.175699 0.00831781 0.000523068 0.0444841 -0.0264718 0.0170356 0.00533337 0.00759147 -0.0150828 -0.091807 0.0256448 0.0265842 -0.0525874 0.0354832 0.0260468 0.0333302 -0.113096 0.0245729 -0.0136936 0.0154674 -0.0459197 -0.131525 0.0530156 0.0902461 0.106026 -0.0347428 0.0653818 0.00614846 -0.0615459 -0.0467257 0.0678059 -0.02299 0.116358 0.163696 0.0273807 -0.0516037 -0.0355458 -0.0193851 -0.00103117 -0.0083882 -0.019882 0.0104371 -0.112429 -0.33341 -0.192119 2.43805 1.42645 0.412292
 2.47749e-06 -2.46932 0.50167 1.13179e-05 0.769489 -0.525576 0.677511 -55.1535 992.155 0.745299 0.133514 -3.2397 -7.85289e-05 1.40345 0.000630708 -4.19377e-05 1.21596 -0.0459582 -2.58372e-06 1.11456 -0.431307 -1.7138e-05 1.69136 -0.297278 -0.0740413 -7.05808 1.73162 -0.474579 -4.73864 4.97883 -4.29551 1.10453 -3.50821 -4.01594 -2.26081 3.7106 0.233297 0.791612 -0.0237555 -0.497796 0.713425 4.65561e-05 -0.1472 2.15235 -0.248413 0.538557 0.757792 -1.31716 -0.734727 2.00478 2.74417 -2.81297 -0.175997 11.4329 -2.6031 1.97103 1.81247 2.56239 -1.67166 0.120618 0.506784 -0.0489319 -8.16963 0.990604 -0.00603522 -1.18505 -0.0510261 0.0151094 0.0379319 -3.38547e-05 2.54297 -0.623814 0.783968 0.0442058 -1.1813 1.20131 0.162493 -3.94727 -0.111661 -0.0224498 0.234122 -1.19483 0.790311 -0.0653438 2.31679 -0.25288 0.448386 -0.0219673 -0.0116638 0.0338865 1.77691 2.11464 0.785346 0.308235 -0.131226 -0.292834 -9.8276 3.16533 5.50891 0.92716 -0.0739309 -6.24166 -2.07946 0.447076 4.12695 0.983441 -2.34618 1.24559 -0.351674 0.175114 0.467631 0.606598 0.755237 0.314693 0.463641 1.46358 -3.83584 3.12028 -0.148013 -0.0226995 -0.793035 0.466099 -0.307544 -0.100038 -0.141715 0.262854 1.6185 -0.447746 -0.495026 0.93613 -0.637015 -0.462496 -0.596983 2.0073 -0.443855 0.250771 -0.275414 0.81291 2.34435 -0.935686 -1.60558 -1.89948 0.610986 -1.16714 -0.113206 1.09073 0.824866 -1.1996 0.404558 -2.06709 -2.90989 -0.489244 0.921684 0.630699 0.345023 0.0154003 0.150337 0.353545 -0.184476 1.99474 5.94624 3.40382 -42.7038 -26.152 -7.35844
 -7.05056e-05 12.613 -2.46569 1.76238e-05 9.08243 -6.34999 -0.0640276 -0.0350116 0.745299 912.67 -6.90494 137.783 9.88279e-05 -1.81749 -5.20174e-05 4.48973e-05 -1.40162 0.05399 2.43637e-05 -2.28649 0.889053 2.18943e-05 -2.36416 0.417951 5.50999 5.63373 -1.4698 1.23378 4.72713 -4.96888 5.40852 0.687871 -2.77231 5.28924 2.94806 -4.85869 1.83332 -0.142922 -0.0144131 4.79826 -1.33331 -0.0381674 2.85861 0.890358 -0.181232 0.0233571 0.129328 -0.220579 0.745509 0.450451 -5.54411 3.92602 0.0751671 -2.9568 2.84532 -3.14559 -0.505355 2.31104 0.373573 -1.92669 0.877459 -0.0764836 0.468852 3.47206 -0.00500518 -4.61889 -0.270267 0.090209 -0.0421827 2.29261e-05 -2.21946 0.540156 -0.2286 -0.00708025 0.23517 -0.588812 -0.0338693 1.15153 -0.194033 -0.0977801 0.891374 -1.57866 -5.0381 0.434784 0.181638 -0.0260277 2.3632 -0.00362712 -0.0132134 0.0169395 -0.472272 -6.12245 2.41512 5.16049 5.02946 7.5909 -5.68083 -5.71284 5.79006 4.61809 0.552 -8.47793 2.93215 -1.43964 -3.05999 3.2578 8.82379 12.7268 -16.6228 2.59596 1.88754 0.9014 -0.22368 -0.654541 -0.739508 2.70473 -4.89997 0.562819 3.25429 -3.26185 0.886453 0.141273 -1.53435 0.309768 -0.291128 0.973583 -4.72445 9.18425 -9.52212 6.65503 -1.74146 -0.686703 1.56105 -5.34894 0.679098 -3.34557 -1.03547 1.33749 -0.172298 -0.391417 -0.906896 -0.778768 -1.06042 1.37278 0.166469 -2.49639 0.485088 0.913443 -1.05909 0.364816 -1.68206 1.30586 1.98081 -1.12521 -2.46683 -0.725974 -0.646473 0.0876704 0.0240038 -0.899672 -1.68036 2.53504 37.422 -15.7584 1.90237
 -4.72005e-06 1.08961 -0.213065 2.20954e-06 0.813704 -0.568972 -0.0145752 -0.00668956 0.133514 -6.90494 2.45762 -35.0332 7.93117e-06 -0.142875 -3.38042e-05 4.30276e-06 -0.122475 0.00463144 2.39384e-06 -0.209195 0.0811921 2.26507e-06 -0.218989 0.0385862 0.224814 0.832031 -0.207275 0.143293 0.6024 -0.632857 0.367027 0.00335703 -0.0365448 0.143449 0.427882 -0.660327 0.155734 -0.0255537 -0.00086265 0.145879 -0.0532313 -0.00145249 0.0479282 0.111284 -0.0162997 -0.013243 -0.0130389 0.0230223 -0.112406 0.0316608 0.0172811 -0.0211645 0.117964 -0.352791 -0.040146 0.0851976 -0.0967615 -0.0154307 0.136781 -0.142236 0.0259733 -0.00246798 0.150345 0.0633412 0.00127812 -0.148018 -0.0158245 0.00530368 -0.00178846 2.05913e-06 -0.179196 0.0436679 -0.033882 -0.00155603 0.0439014 -0.0171084 -0.000237666 0.0134884 -0.0159095 -0.00572292 0.051444 -0.119444 0.358149 -0.0287471 0.0355729 -0.00447356 0.158898 0.00329672 0.00136435 -0.0046975 -0.0538732 -0.184734 0.343121 0.560588 0.463274 0.627531 -0.290349 -0.244875 -0.0805109 0.174409 0.00179341 -0.133786 0.431993 0.0111058 -0.522137 -0.26995 0.180241 0.460215 -0.242132 -0.0119936 -0.0408516 -0.0170651 -0.0441742 -0.0569354 -0.0689495 0.0748625 -0.168769 -0.0346597 0.123999 -0.106096 -0.0102301 -0.0324224 -0.0643746 0.007278 0.0612403 -0.0201027 -0.147675 0.329475 -0.297892 0.0273445 -0.0046011 -0.0455835 0.0407306 -0.256809 0.0315471 -0.0688335 -0.0310758 -0.0337017 -0.0936804 0.0433766 0.0179887 -0.0631747 -0.0689973 0.00310418 0.0263407 -0.0814457 0.0234641 -0.0157446 -0.0946112 0.0124478 0.0624699 0.00267495 -0.0214498 -0.0293179 -0.0406882 -0.0236291 -0.0241922 -0.00164678 0.00325111 -0.0982263 -0.231512 -0.203948 3.27817 -0.498699 0.270754
 0.00010295 -24.0284 4.69869 -4.61722e-05 -17.8906 12.5099 0.368919 0.163958 -3.2397 137.783 -35.0332 776.417 -0.000180937 3.26658 0.000540935 -9.76051e-05 2.81895 -0.106883 -5.20567e-05 4.77471 -1.8534 -4.93076e-05 4.95178 -0.872665 -5.04999 -18.2046 4.53745 -3.13576 -13.1883 13.8552 -8.28954 -0.00225518 0.573894 -3.30591 -9.31817 14.3929 -3.45804 0.684541 0.0140432 -3.28938 1.275 0.0318789 -1.07139 -2.28984 0.339084 0.344268 0.357208 -0.629287 2.46021 -0.730617 -0.144892 0.304269 -2.48819 7.78249 0.775871 -1.74629 2.13351 0.259199 -2.97452 3.14139 -0.590335 0.0558877 -3.2677 -1.48386 -0.028468 3.3998 0.332913 -0.111871 0.0470897 -4.79707e-05 4.13082 -1.00765 0.807636 0.0377727 -1.05424 0.32681 0.000399706 -0.185085 0.344453 0.123237 -1.10864 2.71395 -7.6748 0.614971 -0.777546 0.0979194 -3.5085 -0.0715363 -0.0293125 0.101638 1.19667 4.05253 -7.56068 -12.1903 -9.93354 -13.5973 6.38518 5.55942 1.67788 -4.57597 -0.191212 3.26215 -9.51047 -0.189282 11.4856 5.78204 -4.21254 -10.4591 5.82997 0.170484 0.830539 0.338958 0.970678 1.26745 1.5281 -1.72437 3.84647 0.73249 -2.80796 2.41996 0.194999 0.70365 1.45442 -0.172829 -1.32498 0.4086 3.37176 -7.48428 6.79986 -0.809002 0.154625 1.01382 -0.93979 5.76546 -0.713018 1.606 0.711892 0.696121 2.05356 -0.932798 -0.369905 1.39442 1.53662 -0.108793 -0.579032 1.85273 -0.526807 0.313416 2.09418 -0.283227 -1.30933 -0.0996151 0.40594 0.673744 0.963917 0.538676 0.548678 0.033481 -0.0721788 2.1665 5.09179 4.34982 -72.5356 11.3492 -5.95381
 4.09611e-10 -9.83141e-05 1.99648e-05 2.5258e-10 9.23291e-05 -6.41791e-05 1.22307e-05 4.2296e-06 -7.85289e-05 9.88279e-05 7.93117e-06 -0.000180937 1000 7.41564e-05 -5.72517e-06 -1.05314e-09 4.72339e-05 -1.44315e-06 2.21037e-10 3.7462e-05 -1.43922e-05 -1.89794e-10 4.86422e-05 -8.32514e-06 -0.00026615 -0.000590242 0.000149995 -2.59889e-05 -0.000189181 0.000198746 -7.17135e-05 3.89699e-05 -0.000128358 -0.000121623 8.23608e-05 -0.000116646 0.000115287 3.16127e-05 -9.72707e-07 -0.000402049 0.000148929 4.55005e-06 -2.96826e-05 0.000173875 -1.97557e-05 2.17741e-05 3.29382e-05 -5.76121e-05 7.01699e-05 4.97545e-05 -0.000164907 0.000101211 2.02983e-05 6.88055e-05 8.06056e-06 -1.66234e-05 0.000136991 -1.40784e-05 -4.57392e-05 5.31213e-05 -9.99169e-06 1.04041e-06 -0.00018455 2.42522e-05 8.24844e-07 -7.37692e-05 -3.59976e-07 1.51577e-07 -1.13059e-06 -9.40272e-10 7.76064e-05 -1.86584e-05 1.42272e-05 7.76113e-07 -2.00561e-05 2.60683e-05 3.78506e-06 -9.89109e-05 1.41632e-06 1.32267e-06 -1.32019e-05 -4.01234e-05 0.000262557 -2.12399e-05 2.32506e-05 -2.40022e-06 6.04562e-06 -8.32155e-07 -1.17242e-07 9.57374e-07 -3.90476e-05 2.0878e-06 5.11649e-05 6.10435e-05 2.75484e-05 1.13629e-05 -1.79429e-05 -5.42705e-06 -8.11518e-05 9.73772e-06 1.2164e-05 0.000300149 0.000123186 -0.000191266 -9.15898e-05 3.77519e-05 2.87915e-05 5.32322e-05 4.90402e-05 -2.30214e-07 -9.01829e-05 -5.44617e-06 5.38207e-05 1.02695e-05 -5.45761e-05 -2.67261e-05 -5.27889e-05 5.14326e-05 3.5329e-05 1.79853e-05 -9.62024e-06 -1.87507e-05 -2.82041e-05 3.13285e-06 -1.07828e-05 -2.34854e-05 -3.16514e-05 -2.80389e-05 -2.83204e-05 -2.66501e-05 -8.17655e-06 1.29179e-05 1.97256e-05 3.49188e-05 2.69055e-05 2.65347e-05 9.83633e-06 -6.0983e-06 -5.06039e-05 -5.88653e-05 -2.98147e-05 9.88984e-06 3.64764e-05 -1.32171e-05 -4.43165e-05 -3.56799e-06 -1.48241e-05 9.60924e-06 -1.69652e-05 -1.33048e-05 1.4217e-06 2.39138e-05 2.2757e-05 -2.32754e-05 -8.83845e-06 -1.29884e-05 -7.60648e-06 -6.45126e-08 3.48019e-06 3.35827e-05 9.79173e-05 7.0399e-05 -0.000807785 -0.000302488 -0.000116513
 -1.44419e-05 2.42546 -0.488539 -4.14306e-06 -1.19995 0.831715 -0.222985 -0.0752023 1.40345 -1.81749 -0.142875 3.26658 7.41564e-05 998.433 -1.84665 1.6196e-05 -0.936778 0.0291914 -7.80493e-06 -0.64275 0.246266 -2.11133e-06 -0.83026 0.140802 6.89619 12.6462 -3.23804 0.607559 4.17417 -4.38617 2.31332 -0.729495 2.33304 3.68064 -0.746285 0.872976 -2.97593 -0.736358 0.0263498 6.97609 -2.92643 -0.0840648 0.729677 -4.25986 0.485387 -0.45429 -0.713932 1.24689 -1.35073 0.0400701 3.05341 -2.2509 -0.871669 -0.928957 0.605621 -0.648483 -3.24224 0.964188 0.806329 -1.35145 0.176844 -0.0171831 2.85366 -0.219669 -0.0174789 1.16691 -0.00857066 0.00214872 0.0274373 1.67667e-05 -1.45391 0.347555 -0.233126 -0.0120673 0.316473 -0.542085 -0.0743113 1.94936 -0.0262164 -0.0251778 0.254798 0.961246 -7.61921 0.626312 -0.332941 0.0333187 -0.154645 0.01442 0.00255133 -0.0171121 1.35416 0.518253 -1.05522 -1.41358 -0.659052 -0.304693 0.518623 0.150452 1.46288 -0.168253 -0.200503 -5.16842 -3.10125 3.09823 2.82709 -0.646045 -0.651153 -1.27957 -0.284837 0.26922 1.61482 0.118779 -1.21604 -0.678194 1.51075 0.841497 1.39889 -0.95508 -0.638543 -0.166872 0.226516 0.345776 0.541285 -0.0130922 0.331278 0.501926 0.649589 0.514697 0.549992 0.58638 0.148665 -0.310283 -0.549097 -0.780259 -0.46107 -0.478355 -0.278221 0.0251968 0.647876 0.76777 0.313748 0.00105112 -0.283777 0.375751 0.806981 0.0449051 0.207483 -0.268245 0.238542 0.152426 -0.171154 -0.857765 -1.01059 0.101137 0.0528344 0.15775 0.0741608 0.0939355 -0.127411 -0.528816 -1.54056 -1.14591 12.9624 4.42303 1.81903
 1.62466e-07 -0.0192696 0.00378954 3.52329e-08 -0.00877135 0.00614336 -0.000124798 -4.56112e-05 0.000630708 -5.20174e-05 -3.38042e-05 0.000540935 -5.72517e-06 -1.84665 0.819616 2.05972e-07 -0.0058831 0.000258737 1.52731e-08 -0.00281132 0.001107 4.12829e-08 -0.00404851 0.000734827 -0.0225259 -0.0423794 0.0107966 -0.00424007 -0.019096 0.0200612 -0.00877961 -0.000366934 0.00191846 -0.011834 -0.00394752 0.00684059 -0.00122705 -0.00224668 0.00016741 -0.0295577 0.00527563 0.000329347 -0.00878771 0.00148349 8.1877e-05 -0.000277492 -0.0011192 0.0019157 0.00146532 -0.00125202 -0.00905003 0.00718798 0.000383912 0.000797685 -0.00321138 0.00384844 0.00335687 -0.00327367 -0.00395105 0.00653077 -0.000890799 8.2437e-05 -0.00256163 -0.000557307 2.69773e-05 -0.000554988 1.12313e-05 -3.17144e-06 -2.64444e-05 8.12134e-08 -0.00519137 0.00134631 -0.000458222 -2.54365e-05 0.000577057 0.000338992 1.75185e-06 -0.000413291 -0.000222604 -0.000163341 0.00136765 -0.00332561 0.0206333 -0.00168486 -0.000377571 5.06061e-05 -0.00041601 -4.91605e-05 -8.20917e-06 5.78489e-05 -0.0037708 -0.000734207 0.00148542 0.00235006 0.00126533 0.000948287 -0.000540962 -0.000632654 -0.00382981 -0.000473782 0.00117665 0.0134644 0.00776977 -0.00779101 -0.00722442 0.00124151 0.00137281 0.00309902 0.000886746 -0.00112633 -0.00420315 -4.83943e-05 0.00365986 0.00218742 -0.004014 -0.00239829 -0.00372961 0.00250231 0.00150201 0.000303573 -0.000735745 -0.00094764 -0.00131944 4.13871e-05 -0.00092868 -0.00136392 -0.00145404 -0.00160021 -0.000884141 -0.00179327 -0.000259672 0.000843162 0.00169836 0.00229248 0.00137819 0.00111919 0.000655493 -0.000330345 -0.00195104 -0.00189459 -0.000291155 0.000495413 0.000932665 -0.000864879 -0.00196524 1.11461e-05 -0.000394929 0.000688713 -0.000373414 -0.000200566 0.000532467 0.00224631 0.00255037 -6.84007e-05 -7.42528e-05 -0.000297542 -0.000181785 -0.000321108 0.000359087 0.00141403 0.00323499 0.00289531 -0.050131 0.011774 -0.00364919
 -1.05157e-10 -7.35631e-05 1.46665e-05 -3.50238e-11 8.87265e-06 -6.0609e-06 6.33668e-06 2.31983e-06 -4.19377e-05 4.48973e-05 4.30276e-06 -9.76051e-05 -1.05314e-09 1.6196e-05 2.05972e-07 1000 2.24158e-05 -3.29231e-06 -3.81158e-10 2.59171e-05 -9.92491e-06 -5.86707e-10 2.79072e-05 -4.71874e-06 3.24881e-05 2.14935e-05 -5.93262e-06 -7.74139e-06 -5.49125e-05 5.76558e-05 2.71534e-05 1.70515e-05 -6.10274e-05 6.93032e-05 1.91299e-05 -3.43218e-05 -1.68168e-05 4.53865e-06 -4.36811e-08 -0.000125441 3.17455e-05 1.08663e-06 -3.53906e-05 1.56193e-05 -8.55989e-07 6.92827e-06 1.17679e-05 -2.0654e-05 7.31718e-05 1.1371e-06 -0.000212962 0.000155914 -2.43658e-05 8.60298e-05 3.5754e-05 -5.25617e-05 1.82587e-05 3.16908e-05 -4.6503e-05 3.19594e-05 5.75477e-06 -5.02137e-07 -0.000105301 3.8965e-05 -4.7973e-07 -3.41736e-05 -2.00664e-06 6.32627e-07 3.89456e-07 -5.21751e-10 3.36623e-05 -8.08347e-06 9.15557e-06 5.59131e-07 -1.43721e-05 4.58723e-06 1.14258e-06 -3.14408e-05 -9.1259e-07 5.80716e-07 -6.36216e-06 3.49641e-06 -0.000297489 2.55833e-05 2.76273e-05 -3.01912e-06 2.30462e-06 -1.11059e-06 -3.26343e-07 1.44857e-06 -2.6184e-05 8.30312e-05 3.41893e-05 1.69337e-05 7.28472e-06 5.12955e-06 5.48244e-05 8.21236e-06 -0.000172847 1.92739e-05 2.06172e-05 0.000288808 -2.58158e-05 0.000102848 -7.44078e-05 7.9762e-06 6.34635e-05 -2.4652e-05 4.40472e-05 -1.59106e-05 -4.40526e-05 -3.06444e-05 -1.59264e-05 1.58519e-05 1.42905e-05 4.45737e-05 -2.43222e-05 -5.73664e-06 -4.41328e-05 -1.36973e-06 1.35724e-05 8.42833e-06 -6.6324e-06 -8.17887e-06 -1.81732e-05 -1.01886e-05 -2.18793e-05 -2.85715e-05 -3.12583e-05 -7.40048e-06 -1.11216e-05 4.30333e-07 -2.32279e-06 1.1039e-05 8.57547e-06 -6.3312e-06 -1.26283e-05 -1.21155e-05 -1.17193e-05 -3.6558e-05 -4.56497e-05 -2.42945e-06 1.1006e-05 -7.15666e-06 4.73094e-06 5.39119e-06 -2.05641e-05 3.16097e-05 -2.59638e-06 -2.32409e-05 -1.71376e-05 -1.8359e-05 -1.57745e-05 -1.96885e-05 -5.72717e-06 -9.94726e-06 -6.81634e-06 6.82415e-06 2.10644e-06 2.42652e-05 7.38522e-05 4.25635e-05 -0.000524919 -0.00030789 -8.88162e-05
 -9.93965e-06 2.73939 -0.546423 -1.34318e-06 0.0627534 -0.0496781 -0.19656 -0.0655197 1.21596 -1.40162 -0.122475 2.81895 4.72339e-05 -0.936778 -0.0058831 2.24158e-05 997.589 -39.963 3.43588e-07 -0.669869 0.256624 4.03326e-06 -0.741872 0.125695 3.10393 3.32231 -0.87787 0.358448 2.67167 -2.80828 1.4061 -0.468962 1.51032 2.07551 -0.0261784 -0.104555 -1.21737 -0.420854 0.0160729 3.43735 -1.43497 -0.0384072 1.52668 -2.59065 0.270398 -0.307364 -0.508839 0.888492 -1.41274 1.47217 3.8773 -3.42043 -0.316367 -1.39949 0.327787 -0.255351 -1.91574 0.518365 1.33229 -1.76074 -0.14596 0.0163677 2.61956 -0.515625 -0.000264673 0.795883 0.0155266 -0.00464626 0.00371409 1.45125e-05 -1.07776 0.258537 -0.25245 -0.0143986 0.375748 -0.350324 -0.0551321 1.47939 -0.0184178 -0.0265925 0.273995 0.277652 0.0066415 -0.01141 -0.630231 0.0670163 -0.129528 0.0302855 0.00762934 -0.0382233 1.41638 -0.769934 -0.961831 -0.927774 -0.43172 -0.206061 -0.67351 0.456288 3.72976 -0.408859 -0.495488 -7.9156 -1.98457 0.477025 4.18875 0.937412 -3.23681 -2.6 2.35354 -0.202006 1.26704 0.628976 0.144662 -0.447913 -0.446155 0.587301 0.655507 0.109071 0.503345 0.416355 -0.105583 -0.0299075 0.214462 0.213755 0.655731 0.466218 0.646659 0.645168 0.855236 0.445294 0.447409 0.159111 -0.228541 -1.23566 -0.268984 0.00652224 0.228688 0.159185 0.272897 0.457225 0.698909 0.282807 0.188048 -0.15907 0.0406691 0.12689 0.484943 -0.744126 -0.624896 0.433708 0.327179 -0.227111 -0.518809 -0.41219 -0.153881 0.0441571 0.0416834 -0.0160708 -0.132486 -0.588129 -1.75884 -1.05416 13.2393 6.70195 2.11528
 5.62007e-07 -0.123329 0.0245426 9.66613e-08 -0.0134448 0.00963001 0.00740118 0.00246663 -0.0459582 0.05399 0.00463144 -0.106883 -1.44315e-06 0.0291914 0.000258737 -3.29231e-06 -39.963 2.46903 2.57179e-08 0.0221621 -0.00845556 -7.18808e-08 0.024181 -0.00404813 -0.128972 -0.14251 0.037549 -0.0171729 -0.114989 0.120867 -0.059211 0.0174605 -0.0557346 -0.085881 -0.00320821 0.0108536 0.0458707 0.0150232 -0.000537295 -0.145071 0.0566913 0.00162293 -0.0661065 0.0983552 -0.0100325 0.0110603 0.0179401 -0.0313572 0.0555341 -0.0607884 -0.159453 0.140834 0.0115569 0.0566871 -0.0137267 0.0108925 0.0745932 -0.0215022 -0.0556764 0.0738567 0.00546124 -0.000623593 -0.10246 0.0200541 -3.05849e-06 -0.0304106 -0.000406712 0.000113756 -0.000104461 -4.4891e-07 0.0371441 -0.00883326 0.00933023 0.000530228 -0.0139288 0.0136092 0.00207503 -0.0561522 0.000134909 0.000762963 -0.00829706 -0.0134844 -0.000704988 0.00050979 0.0244584 -0.00259526 0.00425831 -0.00124474 -0.000311828 0.00156924 -0.057738 0.0287662 0.0390682 0.0412838 0.020162 0.0103624 0.0273955 -0.0189859 -0.151148 0.0114545 0.0184858 0.323745 0.0811037 -0.0198946 -0.170991 -0.0384919 0.132154 0.106376 -0.0961197 0.00814807 -0.0518954 -0.0255387 -0.00556931 0.0185329 0.018241 -0.0241214 -0.0267925 -0.00447091 -0.0206244 -0.0169557 0.00426934 0.00118877 -0.00870468 -0.00870525 -0.0267396 -0.0190569 -0.026212 -0.0266252 -0.034417 -0.0184199 -0.0181567 -0.00651095 0.00951341 0.050634 0.0111212 -0.000431604 -0.00938165 -0.00668918 -0.0114452 -0.0187628 -0.0282277 -0.0111523 -0.00748031 0.00650473 -0.00174037 -0.00519143 -0.0197397 0.030196 0.0255537 -0.0176295 -0.0133316 0.00928063 0.0210477 0.0169107 0.0062592 -0.00177598 -0.00177781 0.0006297 0.00540253 0.0241011 0.0711456 0.0431692 -0.55896 -0.249575 -0.0853912
 -8.16682e-10 9.87392e-06 -1.93917e-06 -1.36371e-10 4.29355e-05 -3.00271e-05 -7.45931e-07 2.36135e-07 -2.58372e-06 2.43637e-05 2.39384e-06 -5.20567e-05 2.21037e-10 -7.80493e-06 1.52731e-08 -3.81158e-10 3.43588e-07 2.57179e-08 1000 5.32012e-06 -1.77589e-06 -5.48015e-10 9.922e-06 -1.78137e-06 6.80819e-05 -3.32809e-06 -6.62438e-07 9.27671e-06 6.343e-05 -6.66758e-05 7.7095e-05 9.69291e-06 -3.90247e-05 0.000145998 -4.38424e-05 5.59573e-05 -3.8837e-05 -4.20207e-06 4.00899e-07 -5.5266e-05 2.79204e-06 2.94408e-07 -1.16339e-05 -3.81708e-05 4.97541e-06 -1.26832e-06 -9.64741e-07 1.57605e-06 4.33119e-05 1.42307e-05 -0.000101436 6.8734e-05 -3.89998e-05 1.99788e-05 7.60722e-05 -9.443e-05 -1.99415e-05 2.34594e-05 -9.09569e-06 -3.46816e-06 -3.54689e-06 4.71849e-07 -4.88408e-05 1.24149e-05 -2.51794e-07 -5.02679e-06 -1.59985e-06 5.01629e-07 4.13747e-07 -1.61555e-10 8.6991e-07 -2.67719e-07 8.02477e-07 1.06801e-07 -2.9114e-06 3.39481e-06 4.70283e-07 -1.03628e-05 3.36418e-07 1.08502e-07 -8.6968e-07 4.61365e-06 -0.000334609 2.81877e-05 1.00299e-05 -1.13024e-06 -2.84077e-06 -9.11466e-07 -3.2246e-07 1.24356e-06 -2.84399e-06 -7.90825e-05 -4.64713e-05 -3.6374e-05 -5.0328e-06 2.22409e-05 0.000188345 0.000340138 -0.000218868 -1.7469e-05 -1.38659e-05 -8.40351e-05 -6.68236e-05 0.000113195 2.02987e-05 3.21047e-06 5.76647e-05 3.08211e-06 -2.15764e-05 2.56712e-07 2.85121e-05 -1.63727e-05 -1.50802e-05 -1.47979e-05 -8.86126e-06 9.09018e-06 1.00205e-05 -1.13809e-05 -6.89673e-06 -2.83626e-06 9.51068e-06 1.20462e-05 1.65831e-06 2.09017e-06 -1.26164e-05 -7.11791e-06 -2.90083e-06 -3.54325e-06 7.67047e-07 -6.25144e-06 9.15255e-06 8.18912e-07 -3.05549e-06 -3.5573e-06 5.68129e-07 -9.25398e-06 8.18192e-07 1.47393e-05 -2.22452e-06 -5.38047e-05 -5.40849e-05 2.64982e-05 1.81228e-05 -6.37118e-06 9.05606e-06 1.764e-05 -6.70079e-06 2.94068e-05 -9.97063e-06 -3.4138e-06 -7.64744e-06 -2.30385e-05 -2.41891e-05 -2.17091e-05 -6.59127e-06 -6.78765e-06 -5.94567e-06 3.18907e-06 -5.8852e-08 3.87514e-06 1.2498e-05 1.87941e-06 -8.49923e-05 -4.67305e-05 -1.40227e-05
 -2.2695e-05 2.33714 -0.469361 -1.58137e-07 -2.95388 2.05907 -0.231896 -0.0603141 1.11456 -2.28649 -0.209195 4.77471 3.7462e-05 -0.64275 -0.00281132 2.59171e-05 -0.669869 0.0221621 5.32012e-06 864.762 -336.292 1.79177e-05 -1.81373 0.319777 -0.940675 5.12517 -1.23721 -0.197707 -0.361951 0.380035 -0.581249 -0.908428 3.17576 -0.237674 2.71472 -4.10165 0.377569 -0.32142 0.00381273 2.24082 -0.705987 -0.0161206 0.344302 -0.463846 0.0409952 -0.25524 -0.359309 0.627648 -1.05886 -0.590742 3.58652 -2.40256 0.961996 -3.47047 -1.4963 2.18399 -0.713453 -1.879 1.29981 -0.226757 -0.130434 0.0131124 4.578 -2.10472 0.0522266 0.674828 -0.0357493 0.0121075 0.000530853 1.40106e-05 -1.13978 0.282657 -0.467302 -0.030407 0.790184 -0.581151 -0.0819475 1.99582 -0.134503 -0.0501271 0.467489 -1.16611 3.17278 -0.252891 -1.02592 0.11293 0.00042839 0.0470784 0.000939172 -0.0484423 -0.525498 4.41979 0.432673 -0.939997 -1.61212 -1.0003 -33.4161 16.2617 2.56151 2.35883 0.891817 4.05447 -6.70444 1.29817 2.46327 -0.938295 0.272996 -1.20225 -0.239062 -0.0166091 1.34444 0.269423 0.197182 0.688348 1.12804 0.188941 -0.27697 -0.503251 0.946134 -0.199588 -0.284236 0.0429997 0.729251 1.73786 -0.454686 -0.0421697 0.45037 0.177722 0.807588 -0.906152 0.20072 -0.0123969 0.396173 -0.410811 0.190391 0.579917 0.831909 0.405626 0.129631 1.32909 1.04089 -0.28409 -0.434042 -0.727835 -0.0622152 0.100378 0.286916 1.13108 -0.0767378 0.526069 1.06345 0.381291 0.294536 -0.941992 -0.397059 -0.0472953 0.0564047 -0.324487 0.0735253 -0.801938 -2.33553 -1.31454 18.1589 8.89774 2.86677
 8.97595e-06 -0.924118 0.185509 4.48751e-08 1.14282 -0.796615 0.08973 0.0233309 -0.431307 0.889053 0.0811921 -1.8534 -1.43922e-05 0.246266 0.001107 -9.92491e-06 0.256624 -0.00845556 -1.77589e-06 -336.292 132.251 -7.0015e-06 0.705134 -0.124317 0.367265 -2.00303 0.483532 0.076205 0.136915 -0.143755 0.22553 0.352958 -1.2339 0.0926122 -1.06262 1.60555 -0.147923 0.122812 -0.00137437 -0.872203 0.273548 0.00628606 -0.134081 0.176111 -0.0153901 0.0982302 0.138343 -0.241664 0.412154 0.230828 -1.39888 0.936952 -0.375808 1.35433 0.58459 -0.853102 0.277786 0.732951 -0.507077 0.0885554 0.0502813 -0.00506128 -1.78039 0.820032 -0.0203905 -0.260971 0.0141757 -0.00479615 -0.000299661 -5.39189e-06 0.44227 -0.109667 0.181363 0.0117894 -0.306497 0.226127 0.0319022 -0.777016 0.0511392 0.0193123 -0.180083 0.458324 -1.23824 0.0986761 0.39875 -0.0438932 -0.000278485 -0.0183683 -0.000362142 0.0188961 0.205463 -1.72213 -0.172418 0.363362 0.628797 0.397913 13.0421 -6.35377 -0.995759 -0.921652 -0.351046 -1.58083 2.61609 -0.507251 -0.96083 0.36612 -0.106884 0.468891 0.0938836 0.00666546 -0.524846 -0.10503 -0.0768631 -0.268442 -0.439773 -0.0733135 0.10811 0.196337 -0.369244 0.0781573 0.110937 -0.0167631 -0.284411 -0.67787 0.177613 0.0165989 -0.175406 -0.0696325 -0.314592 0.353417 -0.0782486 0.00471355 -0.154483 0.160346 -0.0741882 -0.22653 -0.324617 -0.158428 -0.0508241 -0.518459 -0.405755 0.111034 0.169407 0.283941 0.0241492 -0.0392849 -0.111888 -0.441513 0.0299445 -0.205281 -0.414876 -0.148807 -0.115161 0.367487 0.154779 0.0184477 -0.0221419 0.126592 -0.0287245 0.312949 0.910286 0.513186 -7.10657 -3.44138 -1.11714
 -5.57934e-10 6.80926e-06 -1.29288e-06 -4.00354e-11 6.45496e-05 -4.51097e-05 1.75361e-06 9.50433e-07 -1.7138e-05 2.18943e-05 2.26507e-06 -4.93076e-05 -1.89794e-10 -2.11133e-06 4.12829e-08 -5.86707e-10 4.03326e-06 -7.18808e-08 -5.48015e-10 1.79177e-05 -7.0015e-06 1000 2.22704e-05 -4.48478e-06 0.000114771 -0.000145095 3.30301e-05 1.57257e-05 7.93906e-05 -8.34911e-05 0.000119754 1.78337e-05 -6.82082e-05 0.000179797 4.55911e-05 -8.23228e-05 -4.95216e-05 -5.2343e-06 6.69828e-07 -0.000113354 1.42932e-05 7.76534e-07 -7.91115e-11 -5.12689e-05 6.01866e-06 -1.88324e-07 -1.25113e-06 1.93259e-06 3.01561e-05 7.70394e-05 -7.01675e-05 2.1106e-05 -6.27177e-05 3.22716e-05 0.000136096 -0.000168752 -2.7622e-05 4.93893e-05 -2.29733e-05 -3.82549e-06 -1.09018e-06 3.02987e-07 -9.58303e-05 2.16712e-05 -2.50113e-07 -1.80474e-05 -2.1007e-06 6.75273e-07 6.00364e-07 -3.08257e-10 1.43114e-05 -3.73173e-06 4.03696e-06 3.10795e-07 -7.48236e-06 3.28918e-06 7.7142e-07 -1.79994e-05 5.76089e-07 4.19029e-07 -3.86271e-06 1.21995e-05 -0.000321225 2.72324e-05 1.32584e-05 -1.48133e-06 -1.36363e-06 -9.80607e-07 -3.68164e-07 1.35916e-06 1.31965e-05 2.45809e-05 -6.80037e-06 -1.59609e-05 -3.9996e-06 4.88916e-06 0.000107922 8.1683e-05 -0.000141415 -1.73371e-05 -6.87225e-06 -1.0532e-05 8.65134e-06 9.06965e-05 6.69356e-05 -3.00416e-05 3.06263e-05 -3.69748e-05 0.000112308 -4.02243e-05 4.24185e-06 -2.96831e-06 -5.05368e-06 -5.53472e-06 6.49725e-06 4.87684e-05 8.07923e-06 -6.76208e-06 -2.9662e-05 2.31855e-05 2.23753e-06 4.76741e-06 2.05025e-06 3.40704e-06 2.68555e-06 6.6393e-06 5.2996e-06 -1.6834e-05 1.44452e-05 -8.93456e-06 7.7693e-07 -5.89986e-06 -1.43785e-05 -7.412e-07 1.06858e-05 5.10622e-07 1.46053e-05 1.20807e-05 -2.68648e-05 -0.000114371 -7.93354e-05 3.75307e-05 2.28723e-05 1.63067e-06 3.48346e-06 9.65456e-06 -1.19364e-05 4.04124e-06 6.32968e-06 -1.59721e-05 -1.75838e-05 -2.82131e-05 -4.14987e-05 -2.48549e-05 -1.0707e-05 -1.0853e-05 -9.07924e-06 7.45275e-06 -1.48121e-06 1.2643e-05 3.73771e-05 1.58316e-05 -0.000281521 -0.000147939 -4.56356e-05
 5.73272e-06 0.606748 -0.129142 -1.81637e-06 -3.26571 2.27746 -0.253312 -0.0927145 1.69136 -2.36416 -0.218989 4.95178 4.86422e-05 -0.83026 -0.00404851 2.79072e-05 -0.741872 0.024181 9.922e-06 -1.81373 0.705134 2.22704e-05 967.883 -171.272 -1.04569 13.017 -3.16329 -0.0518567 0.315795 -0.329241 -4.53744 -1.42913 5.2295 -3.52168 0.491918 -0.488224 0.454329 -0.32039 -0.00380141 4.00973 -1.15631 -0.0341643 -1.67279 0.48924 -0.0274144 -0.256486 -0.338241 0.597293 -1.10367 -2.48606 2.51513 -0.86372 1.79272 -4.87198 -3.22782 4.43827 -0.45299 -2.91588 1.08687 0.686471 -0.0744565 0.00375189 5.28921 -1.43959 0.00543044 1.77948 0.0290523 -0.00922591 -0.0138767 1.90452e-05 -1.28941 0.323251 -0.401591 -0.0260154 0.655674 -0.548731 -0.0837877 2.04114 -0.0883681 -0.0418883 0.400043 -0.579907 1.87259 -0.159799 -0.864745 0.0955604 -0.00671144 0.0399791 0.00492839 -0.0452892 -0.950312 -0.750905 -0.667794 -0.757243 -0.598368 -0.28786 -8.74233 3.70602 3.20457 0.988971 0.339972 0.517073 -7.10274 0.254108 4.44518 -0.0329678 -2.42278 -6.7267 1.84317 0.763891 -0.672905 -0.416546 -0.160069 0.367342 -0.374226 -1.12631 -0.88296 0.67594 1.36445 -0.665248 -0.257223 -0.068379 0.133531 0.0369368 0.196225 -0.0120348 0.193696 0.469193 0.192932 0.117749 0.373869 0.565002 1.04847 0.542616 0.123836 0.0904781 0.136952 0.0546038 0.298156 2.64769 1.98353 -0.437886 -0.608701 0.0195421 0.338976 0.29081 0.636058 0.438077 0.278498 0.599409 2.21564 1.38663 0.777452 -0.475434 0.000267929 0.25233 0.288222 -0.458675 0.106583 -0.894457 -2.59915 -1.43263 20.4642 9.61082 3.18231
