 1000 0.00245603 -0.000488696 -1.40749e-09 -0.000134508 0.000112655 -3.94382e-06 -6.69797e-07 1.15244e-05 -8.866e-05 -4.98966e-06 0.000112367 3.46403e-10 -1.60458e-05 2.09811e-07 -3.64443e-10 -4.3844e-06 3.54748e-07 -9.83474e-10 -2.31978e-05 1.00164e-05 -6.45047e-10 4.44415e-06 -8.91259e-07 1.89788e-05 -0.000327727 7.8265e-05 -6.201e-05 -0.000222368 0.000244554 -3.46055e-06 -3.08177e-06 1.18457e-05 9.84541e-05 -0.000106793 0.000167912 -6.50912e-05 -1.65077e-06 6.4322e-07 -0.000125956 1.82079e-05 1.02379e-06 -3.66526e-06 -7.23123e-05 9.37936e-06 -6.24746e-06 -1.36534e-05 1.69269e-05 8.27668e-05 -6.51826e-05 -0.000245486 0.000190662 -6.55692e-05 9.2567e-05 0.000105266 -0.000126481 -3.55752e-05 1.89307e-05 -4.73472e-05 3.76624e-05 -1.81452e-06 9.34077e-08 2.91599e-05 9.10981e-06 -2.17376e-07 -2.72561e-07 -3.54132e-06 8.29962e-07 2.72326e-07 -1.49162e-10 -9.35887e-06 3.61136e-06 1.78592e-06 3.96554e-08 -2.41204e-06 6.82153e-06 6.79902e-07 -1.50504e-05 4.14735e-06 3.41935e-06 -2.2228e-05 -8.56086e-06 -0.00030983 1.93748e-05 8.68387e-06 -8.50182e-07 -8.29664e-06 -1.27165e-06 -5.20447e-07 1.80621e-06 1.75937e-05 -8.73957e-06 -8.49383e-05 -0.000211649 -0.000116925 1.19948e-05 6.73622e-05 0.000479849 -0.000207453 -0.000214601 -0.000108983 6.50766e-05 -6.69772e-05 -4.32499e-06 0.000106369 0.000131711 6.58137e-05 -6.90971e-05 -0.000185492 0.00025464 -0.000150135 3.49099e-05 -1.87315e-05 -1.20585e-05 8.70653e-06 4.02665e-05 2.34955e-05 -2.01112e-05 5.88515e-05 -4.70789e-05 1.74538e-05 -6.11942e-06 -9.09393e-06 1.05017e-05 8.69474e-06 -8.28349e-06 -2.02471e-05 0.000189003 -0.000142563 9.63565e-05 -8.53013e-06 1.23824e-05 2.48882e-05 -4.69514e-07 2.71337e-05 -4.10496e-05 2.84552e-05 1.44046e-05 3.30832e-05 -2.09534e-05 -7.58307e-05 4.58965e-05 9.50252e-06 -8.50328e-06 1.99988e-07 -4.1123e-05 4.11639e-05 3.67066e-05 1.45073e-06 3.58712e-05 1.06184e-05 -5.50898e-05 -9.87053e-06 -3.5827e-05 -2.13444e-06 -1.54843e-07 2.5352e-06 3.55229e-06 -7.72404e-07 2.08049e-05 3.42818e-05 4.16088e-05 -0.000599912 -3.85871e-05 -6.50436e-05
 0.00245603 522.577 -102.815 0.000237596 26.9091 -22.5354 1.00339 0.29612 -5.62536 16.9086 1.15626 -26.3286 -0.000120796 3.21413 -0.0263684 -6.0741e-05 2.49169 -0.127839 2.69886e-05 2.13413 -0.924893 1.86573e-05 1.19361 -0.286027 19.0888 36.1975 -8.96952 6.7988 23.7394 -26.1315 12.9952 2.56781 -11.6524 10.5692 15.0196 -25.3306 6.08579 0.761955 -0.106233 20.4181 -3.41033 -0.158687 10.0246 5.05645 -0.857085 2.04986 3.24831 -4.06464 0.539852 8.95243 12.1204 -11.1785 0.426649 -2.91403 2.72013 -2.84634 4.60957 4.51124 7.44036 -9.41944 0.14694 -0.0052746 -2.62005 1.884 0.0294823 -2.43863 0.28217 -0.064628 -0.0200389 -2.22425e-05 2.80729 -1.05351 0.92822 0.0411019 -1.14064 -0.851055 -0.0379113 1.06965 0.102259 -0.0873616 0.555923 -0.734683 -0.8009 0.0546953 1.38698 -0.11853 -0.0278192 0.108007 0.0193411 -0.128427 2.26059 -3.79886 4.05802 14.3703 11.1702 0.12444 -30.1644 20.1043 -9.6174 14.885 9.21055 0.0374501 -1.07763 -1.48889 -4.4647 3.79515 4.07178 2.02967 -8.4167 4.06114 -1.22785 0.839991 -1.32296 -0.675478 -0.121542 -0.172212 0.259433 2.01018 0.774687 -0.580833 0.598664 0.476779 0.531278 -0.511063 0.894125 0.255298 -0.700822 3.0331 -6.03475 3.01934 -0.384636 -0.18896 -0.703554 -3.64455 -1.02509 -2.22543 -1.54817 -1.75513 0.136529 -0.420094 -1.34112 -1.71999 -1.61932 -0.537754 -0.404381 -2.21198 0.0627543 -1.47244 -3.68258 -0.608452 -0.0578966 -2.23013 -0.811759 -1.18386 -1.11061 -0.870071 -0.91991 0.628688 -0.182579 -2.12448 -4.27609 -4.91917 77.3129 -19.9735 5.36918
 -0.000488696 -102.815 21.3431 -4.72718e-05 -5.3488 4.47942 -0.202917 -0.0597286 1.13583 -3.35791 -0.229847 5.23381 2.47134e-05 -0.655429 0.00528447 1.23338e-05 -0.506567 0.0259261 -5.44615e-06 -0.436264 0.188993 -3.7398e-06 -0.247443 0.0591911 -3.7887 -7.18629 1.7807 -1.35368 -4.71358 5.18857 -2.57639 -0.512753 2.32546 -2.09832 -2.98307 5.03089 -1.21514 -0.160968 0.0215347 -4.05315 0.667014 0.0315682 -1.99566 -1.01876 0.172078 -0.41239 -0.651591 0.815372 -0.109994 -1.77569 -2.40396 2.21721 -0.0868026 0.576246 -0.540527 0.565835 -0.916802 -0.895611 -1.47743 1.87038 -0.0296431 0.00108364 0.520248 -0.373495 -0.00592583 0.486202 -0.0558521 0.0127914 0.00405091 4.53768e-06 -0.575174 0.21563 -0.189318 -0.00836517 0.232542 0.167278 0.00717873 -0.204957 -0.0212626 0.016966 -0.107931 0.149935 0.159229 -0.0108877 -0.276167 0.0235997 0.00429132 -0.0214299 -0.00383302 0.0254769 -0.448635 0.753205 -0.803983 -2.8494 -2.21827 -0.0215234 5.98506 -3.99219 1.90895 -2.95172 -1.82575 -0.00740456 0.21411 0.295202 0.88508 -0.75383 -0.808383 -0.402336 1.67097 -0.807134 0.244096 -0.166956 0.262701 0.134203 0.0239436 0.0339847 -0.051851 -0.398663 -0.154033 0.115232 -0.118731 -0.0946376 -0.105083 0.100979 -0.177331 -0.0505669 0.139206 -0.603149 1.19825 -0.599596 0.0762445 0.0374404 0.139691 0.723121 0.203407 0.441344 0.306659 0.347859 -0.0273956 0.0830802 0.266741 0.341295 0.321549 0.106387 0.0802418 0.439014 -0.0128482 0.292715 0.730179 0.12053 0.0115385 0.442909 0.16071 0.234895 0.220069 0.172706 0.182587 -0.124795 0.0362276 0.421348 0.849449 0.975589 -15.363 4.00579 -1.0625
 -1.40749e-09 0.000237596 -4.72718e-05 1000 -0.001343 0.00112756 -7.84089e-07 8.0069e-08 2.86292e-06 9.758e-05 7.0798e-06 -0.000159117 5.71713e-10 -1.00567e-05 -1.04603e-08 5.28332e-11 -2.47105e-06 8.37751e-08 8.00965e-11 -1.04657e-05 4.41239e-06 1.79416e-10 -1.31296e-05 2.93768e-06 0.000101072 7.23212e-05 -1.86898e-05 8.52033e-06 2.49382e-05 -2.76765e-05 0.000182479 1.81969e-05 -9.08455e-05 0.000223583 4.51499e-06 -2.29202e-05 1.75339e-05 -7.25211e-06 2.06455e-07 3.78705e-05 -1.15656e-05 1.18116e-07 8.75584e-05 -1.39538e-05 5.40034e-07 3.27353e-06 3.96998e-06 -5.09905e-06 3.57309e-06 3.86854e-05 -2.74297e-05 7.85752e-06 -2.77712e-05 -2.62024e-05 9.63444e-05 -0.000106456 2.54313e-05 7.2794e-06 5.08872e-05 -5.28271e-05 -1.94345e-06 3.35435e-08 9.92381e-06 -5.48741e-05 5.54943e-06 -0.000133094 -5.25056e-06 1.16138e-06 7.31295e-07 1.17887e-10 -2.10132e-05 7.3888e-06 -3.23504e-06 -1.11164e-07 3.56051e-06 -1.51512e-05 -1.54523e-06 3.43614e-05 1.57079e-06 -7.68695e-08 2.87478e-07 -8.90527e-06 -0.000131535 7.95366e-06 2.62364e-05 -2.20657e-06 -1.49053e-06 -1.46325e-07 -1.28349e-07 2.76689e-07 -1.84581e-05 -4.03826e-05 -1.51437e-05 -1.95297e-05 -7.09207e-06 1.0686e-05 8.89458e-05 -4.13758e-05 -4.77281e-05 7.0783e-05 2.56899e-05 -3.55766e-05 9.44967e-06 4.56239e-05 -3.78262e-05 0.000117746 -3.7714e-05 1.58581e-06 -1.74365e-05 4.84566e-06 8.37125e-06 3.81263e-06 1.55442e-05 -3.54262e-06 2.92853e-05 -2.21221e-05 -2.58877e-07 1.33244e-06 3.67711e-05 -4.41437e-05 -2.65947e-05 4.10055e-05 4.55181e-05 5.38938e-05 -7.46579e-05 -0.0002096 -8.30018e-05 0.000140954 -4.8505e-05 0.000140446 -8.01478e-06 1.4655e-06 2.28837e-05 1.40227e-05 7.05549e-06 -5.60767e-06 2.27488e-05 -1.62122e-05 6.15457e-05 -4.35654e-05 -0.000103157 -1.58358e-05 -7.03404e-05 6.12782e-05 6.25136e-05 -2.32716e-07 -8.30075e-06 -7.08388e-06 -2.93842e-05 6.32798e-05 4.58337e-05 -0.000115475 4.60973e-05 -3.2789e-05 -6.92401e-06 -3.48438e-06 -4.08514e-06 -3.82372e-06 1.22049e-06 -1.97838e-05 -4.97749e-05 -5.99326e-05 0.000601224 -1.82776e-05 5.79783e-05
 -0.000134508 26.9091 -5.3488 -0.001343 416.149 -347.041 0.14665 0.0508714 -0.72707 11.2682 0.770208 -17.491 7.38581e-05 -1.32148 -0.00764877 9.3116e-06 -0.23004 0.000556905 2.28291e-05 -1.92166 0.814662 3.29971e-05 -2.12501 0.481176 11.9274 21.2085 -5.26756 4.30952 14.3501 -15.8013 12.9487 0.882673 -4.64235 9.08458 9.2244 -15.7296 1.58393 -1.12191 0.0146253 10.3983 -3.40817 -0.069801 5.94276 -0.112939 -0.129633 0.129807 0.426861 -0.536928 -1.47632 3.04594 -1.21879 -0.00886645 0.816369 -3.43697 1.34615 -1.24935 2.74342 2.70757 4.9337 -6.10079 -0.0949136 0.0128162 -2.61671 -1.64437 0.280236 -8.04369 -0.477509 0.111327 0.0686496 1.58059e-05 -2.18402 0.767463 -0.180257 -0.0048298 0.201566 -1.45841 -0.127036 2.94609 0.0989814 -0.0345943 0.225848 -1.91605 -2.381 0.15495 1.69086 -0.143083 0.00385444 0.05358 0.00984648 -0.0639626 1.18447 -1.0058 0.883789 2.09489 0.994099 1.86728 2.73427 -1.16348 -1.75305 7.3652 2.31351 -1.91666 -0.640777 0.795177 -1.76517 3.16888 -0.280601 -0.603745 -0.898892 1.30414 0.0791323 -0.46923 -0.91281 -1.60397 0.4765 0.515961 -0.193674 0.0360958 2.45793 -1.0292 -1.59289 -0.488125 -0.336544 2.6815 3.08535 -1.60468 -1.31391 3.80735 -7.67917 3.02063 0.299509 0.0510044 -0.46572 -1.14326 -0.645419 -0.298296 -0.360643 -1.55639 0.511875 0.412609 0.0651525 -0.858977 -1.34039 -0.182956 -0.127385 -0.49891 0.477759 -0.568311 -3.53359 -0.237498 1.46332 -2.15683 -0.17304 -0.985129 -0.748563 -0.506068 -0.507824 0.279298 -0.0931708 -1.8029 -3.32276 -4.1854 60.3567 -9.19129 4.96164
 0.000112655 -22.5354 4.47942 0.00112756 -347.041 291.947 -0.124143 -0.0429664 0.616268 -9.43636 -0.6451 14.6499 -6.16554e-05 1.10194 0.00641807 -7.72284e-06 0.189155 -0.000306813 -1.91392e-05 1.60608 -0.680866 -2.76383e-05 1.77644 -0.402238 -9.98659 -17.7588 4.41075 -3.61058 -12.016 13.2312 -10.842 -0.740035 3.8911 -7.60728 -7.72402 13.1711 -1.32758 0.937028 -0.0121397 -8.70527 2.85136 0.0584508 -4.97679 0.0911896 0.10897 -0.110273 -0.35927 0.451911 1.23681 -2.55039 1.02059 0.00735246 -0.684195 2.87751 -1.1273 1.04629 -2.29735 -2.26699 -4.13134 5.10851 0.0792386 -0.0107125 2.19076 1.37761 -0.234713 6.73675 0.399994 -0.0932543 -0.0575422 -1.31979e-05 1.82302 -0.640538 0.149202 0.00397506 -0.166727 1.22041 0.106236 -2.46399 -0.0832144 0.028844 -0.188316 1.60588 1.99291 -0.129703 -1.41618 0.119838 -0.00337139 -0.044862 -0.00824278 0.0535536 -0.99149 0.842179 -0.739813 -1.75369 -0.832296 -1.56333 -2.28974 0.974595 1.46809 -6.1677 -1.93702 1.60513 0.536399 -0.666054 1.47818 -2.65379 0.235092 0.505447 0.752838 -1.0918 -0.0664452 0.392812 0.764194 1.34301 -0.399041 -0.431712 0.162116 -0.0302711 -2.05809 0.861853 1.33398 0.408527 0.281723 -2.2455 -2.58274 1.34468 1.10055 -3.1886 6.4298 -2.52973 -0.250762 -0.0427106 0.389869 0.957132 0.540393 0.249625 0.301724 1.30309 -0.42887 -0.345446 -0.0540415 0.71932 1.12272 0.152738 0.106357 0.417689 -0.40009 0.476179 2.95842 0.198497 -1.22536 1.8064 0.144421 0.824875 0.626638 0.423754 0.425229 -0.233821 0.0779935 1.50956 2.78283 3.50446 -50.5488 7.71466 -4.15334
 -3.94382e-06 1.00339 -0.202917 -7.84089e-07 0.14665 -0.124143 999.826 -0.0896339 0.958057 0.357044 0.00591205 -0.0881222 1.50494e-05 -0.326127 8.24692e-05 9.41903e-06 -0.287426 0.0124357 -1.10666e-06 -0.359444 0.152748 2.07506e-06 -0.366857 0.0832976 0.112083 0.647312 -0.1589 0.0424747 0.799781 -0.881079 1.09111 -0.132907 0.476323 0.947836 0.170028 -0.342233 -0.0679164 -0.138889 0.00497156 -0.421875 0.0017532 0.00270458 -0.166979 -0.348768 0.0436749 -0.174125 -0.211662 0.262987 0.167838 -0.32467 -0.400076 0.375012 -0.0129626 -1.72023 0.666124 -0.606685 -0.326598 -0.336897 0.137057 0.0404394 -0.0549228 0.0046572 -0.169196 0.0710654 -0.00561538 0.138708 -0.00363124 0.000847057 -0.00364685 3.78864e-06 -0.54997 0.196646 -0.1983 -0.00810801 0.253514 -0.10741 -0.0198835 0.428895 -0.00334698 -0.00848055 0.0528503 0.105616 -0.407569 0.0248751 -0.211949 0.0174719 0.0608771 0.00293631 3.51663e-05 -0.0029981 -0.292244 -0.207589 -0.18322 -0.373403 -0.241692 -0.0440802 0.449118 0.856143 -1.25029 0.365727 0.234072 0.219653 0.4682 -0.172222 -0.214999 0.0846793 0.238108 -0.218012 -0.0315121 -0.0280094 -0.0181818 -0.0227267 -0.0536261 -0.0319279 -0.0851274 -0.155819 0.336105 -0.483953 0.121101 -0.0412013 0.0154213 -0.063671 0.047707 -0.0561205 -0.0509913 -0.0532644 -0.145223 0.0826027 0.293562 -0.216658 0.0470221 0.0760822 0.124388 -0.627616 0.221948 -0.201017 0.0893397 0.190767 -0.362193 -0.0890617 -0.0280156 0.307438 -0.148894 0.163923 0.20328 -0.0335138 0.0718779 0.0241194 0.118304 0.0327732 0.38349 0.43094 0.0498424 -0.109322 -0.0835741 0.0333887 0.0370512 -0.0975152 0.0203065 -0.383037 -0.581332 -0.909411 8.37904 4.70527 1.40679
 -6.69797e-07 0.29612 -0.0597286 8.0069e-08 0.0508714 -0.0429664 -0.0896339 3.29854 -48.9684 0.0969279 0.00144976 -0.0208629 3.89785e-06 -0.0825295 5.87085e-06 2.59172e-06 -0.0740779 0.00320561 1.2385e-07 -0.0803062 0.0341162 7.9049e-07 -0.0988045 0.0224934 -0.001964 0.303638 -0.0733812 0.0198712 0.232715 -0.25622 0.248702 -0.0426784 0.160394 0.173915 0.117934 -0.204623 -0.00925213 -0.0354761 0.0010473 -0.101848 0.000558188 0.000479541 -0.0672089 -0.0728407 0.0091826 -0.0422266 -0.0545612 0.0677159 0.0474469 -0.102732 -0.152667 0.137099 0.0410082 -0.50593 0.100673 -0.0710479 -0.0892426 -0.10246 0.0215914 0.0309191 -0.0148696 0.00161113 -0.112783 0.0696192 -0.00152381 -0.00367326 -0.000796633 0.000193937 -0.00114272 1.06187e-06 -0.143441 0.0513063 -0.0511143 -0.00208065 0.0650816 -0.0344553 -0.00597792 0.126538 -0.00533704 -0.00331611 0.0207191 0.0367384 0.0332318 -0.001809 -0.0411432 0.00339193 0.0207825 0.00118629 0.000395166 -0.0015942 -0.0781734 -0.0780429 -0.0467672 -0.0666895 -0.0357053 -0.00578023 0.351677 -0.0331329 -0.344866 0.139487 0.0933264 0.234146 0.101211 -0.0429188 -0.199068 -0.0650819 0.112253 -0.0511414 0.0069116 -0.014293 -0.0158727 -0.0175908 -0.0289389 -0.0123134 -0.0295648 -0.0946834 0.168277 -0.124645 0.0176362 -0.0304313 0.043338 -0.0261336 0.0203492 -0.0226901 0.00526558 -0.00626614 -0.0797075 0.00718738 0.0227993 -0.0476806 0.023463 0.0356246 0.0357994 -0.115323 0.0229872 -0.0148703 0.00911951 -0.0274806 -0.0932757 0.0329063 0.0643218 0.076879 -0.00738198 0.0306298 0.00895776 -0.0507479 -0.0550887 0.113929 -0.0207904 0.0894156 0.16175 0.0458043 -0.0529077 -0.0353106 -0.0225153 0.0062903 0.0118077 -0.0272542 0.00536365 -0.105868 -0.124981 -0.23375 2.32855 1.2957 0.389734
 1.15244e-05 -5.62536 1.13583 2.86292e-06 -0.72707 0.616268 0.958057 -48.9684 992.061 -1.83063 -0.015268 0.10292 -8.22913e-05 1.7532 -0.000465737 -5.34089e-05 1.56041 -0.0677797 -9.17406e-07 1.68651 -0.716718 -1.602e-05 2.05635 -0.468346 0.0644494 -5.9353 1.4344 -0.324084 -4.53314 4.9909 -4.98472 0.911539 -3.44858 -3.47835 -2.2443 3.90487 0.197782 0.79322 -0.024661 2.05386 0.0398482 -0.0101479 1.38961 1.60742 -0.2031 0.919002 1.1651 -1.44794 -1.00236 2.06185 3.05357 -2.74322 -0.772948 10.1058 -2.02493 1.43476 1.80775 2.0549 -0.409806 -0.642975 0.302334 -0.032594 2.22717 -1.38562 0.0312001 0.0436525 0.0138435 -0.00339969 0.0239985 -2.2924e-05 3.04118 -1.0888 1.09453 0.0447833 -1.39499 0.691829 0.120387 -2.54711 0.107136 0.0648331 -0.404978 -0.851239 -0.613103 0.0335721 0.835282 -0.0688607 -0.427 -0.0235204 -0.00787172 0.0316449 1.56147 1.56553 0.923865 1.32792 0.743216 0.11896 -7.01577 0.625774 6.87501 -2.70786 -1.79624 -4.69339 -2.02569 0.857753 3.96317 1.29697 -2.2355 1.0299 -0.148752 0.28047 0.320809 0.352714 0.578489 0.246424 0.586745 1.88175 -3.35912 2.49122 -0.350854 0.6033 -0.867588 0.521037 -0.411474 0.453533 -0.105476 0.12287 1.58661 -0.135456 -0.474926 0.956779 -0.471164 -0.714274 -0.720208 2.30526 -0.467663 0.300539 -0.181675 0.547189 1.87046 -0.651779 -1.29102 -1.54917 0.141794 -0.612233 -0.183811 1.01047 1.09918 -2.28362 0.41175 -1.78602 -3.23577 -0.924599 1.06025 0.706514 0.45144 -0.129712 -0.239816 0.546188 -0.107284 2.11475 2.48193 4.6691 -46.1334 -26.453 -7.81545
 -8.866e-05 16.9086 -3.35791 9.758e-05 11.2682 -9.43636 0.357044 0.0969279 -1.83063 882.464 -7.46317 154.049 6.04594e-05 -1.40258 -0.000496794 3.32133e-05 -1.00252 0.0429824 1.77253e-05 -1.20969 0.514692 8.66545e-06 -1.50224 0.343544 7.14406 7.36518 -1.87008 2.12828 5.64308 -6.21805 6.04495 1.00281 -4.64877 6.19934 3.7908 -6.63729 1.3217 -0.224361 -0.00829278 5.57554 -1.76893 -0.0330585 3.40585 0.160924 -0.0926754 0.486429 0.649057 -0.815084 0.976266 1.41678 -4.04697 2.41057 -0.429981 -2.27338 2.29665 -2.40803 2.17441 2.50563 1.49181 -2.69456 0.452732 -0.0295697 -2.16559 4.15357 0.0287715 -4.27416 -0.0547588 0.0127566 -0.0066449 -7.83812e-06 -0.334844 0.106581 0.217212 0.0139104 -0.366344 -0.42749 -0.0359431 1.03047 -0.337561 -0.274564 1.76342 -0.0277431 -6.06334 0.378019 -0.150373 0.00913064 0.397027 0.00671589 -0.00843196 0.00169839 -0.154023 -3.47634 -2.60652 0.536247 6.68991 8.34837 -9.54855 -2.0999 -2.08355 24.4162 7.49079 -11.6086 3.1807 -1.66403 -3.41023 2.86599 8.67929 14.2106 -16.4114 1.20681 2.25584 0.892159 -0.508317 -0.893661 -0.85353 2.78307 -5.18759 0.284827 3.40805 -3.43482 0.753012 0.107638 -1.72451 0.0597465 -0.116895 1.09237 -5.2711 9.3647 -10.9467 7.24559 -2.13338 -1.05851 1.37013 -5.53423 0.298227 -3.56508 -1.43964 1.06367 -0.268971 -0.391177 -0.94745 -1.28462 -1.38279 1.04985 -0.0845399 -2.86469 0.0712179 0.945804 -1.52219 0.0470688 -2.12115 1.00538 1.58525 -1.57753 -3.0231 -1.0723 -1.02332 0.236792 -0.0213056 -0.971622 -1.49397 0.691985 35.9139 -9.70468 2.43355
 -4.98966e-06 1.15626 -0.229847 7.0798e-06 0.770208 -0.6451 0.00591205 0.00144976 -0.015268 -7.46317 2.40463 -34.795 4.77198e-06 -0.107022 -4.63863e-05 2.68439e-06 -0.0790625 0.00333365 1.25092e-06 -0.115239 0.0489549 8.31362e-07 -0.13163 0.0299832 0.294087 0.799143 -0.196302 0.171265 0.563107 -0.620068 0.372408 0.0246657 -0.128929 0.196137 0.404852 -0.676465 0.0732126 -0.0309984 -8.72003e-06 0.166352 -0.0751965 -0.00126128 0.0450992 0.0304411 -0.00598031 0.000837327 0.011801 -0.0149539 -0.100038 0.0768773 0.0244851 -0.0376769 0.0522475 -0.291874 -0.00160043 0.0258751 0.0709203 0.0118752 0.153729 -0.155276 0.000638106 8.85425e-05 -0.0850832 0.104007 0.00137239 -0.129106 -0.000406348 0.000130294 -0.000435342 8.19685e-09 -0.0575395 0.0198278 -0.0108877 -0.000199313 0.00964734 -0.00513722 0.000711005 -0.00906643 -0.00796354 -0.0064172 0.040781 -0.055144 0.200143 -0.0119581 0.0272735 -0.00249472 0.0223838 0.00250743 0.000702598 -0.00323634 -0.0199015 -0.390412 -0.0648283 0.431443 0.654995 0.642989 -0.483772 -0.0631568 -0.245217 0.554224 0.113166 -0.167732 0.373235 0.0433809 -0.442782 -0.25355 0.123998 0.434232 -0.197473 -0.00744285 -0.0274528 -0.0107343 -0.0444004 -0.0518057 -0.0667956 0.075538 -0.14033 -0.0452717 0.116847 -0.0927763 0.0038245 -0.0195427 -0.0470216 -0.00426155 0.0636875 0.00353881 -0.132565 0.3103 -0.299683 0.0442307 -0.0019787 -0.0404728 0.046646 -0.242082 0.0331801 -0.0645346 -0.0306117 -0.0231253 -0.0713821 0.0275338 -0.0146026 -0.0639004 -0.0481412 -0.00477689 0.0277865 -0.0762261 0.0162509 0.0191402 -0.102423 0.0105138 0.0642024 0.0059906 -0.0290449 -0.030572 -0.0407767 -0.0188749 -0.0188624 -0.003377 0.000119655 -0.0981315 -0.162368 -0.235252 2.90571 0.0833153 0.302015
 0.000112367 -26.3286 5.23381 -0.000159117 -17.491 14.6499 -0.0881222 -0.0208629 0.10292 154.049 -34.795 791.608 -0.000113566 2.55169 0.000730121 -6.3153e-05 1.9026 -0.0806262 -2.75912e-05 2.75365 -1.17015 -1.7988e-05 3.10956 -0.708573 -6.7893 -18.0371 4.43289 -3.87104 -12.7116 13.9977 -8.64136 -0.509741 2.73262 -4.6069 -9.08716 15.1974 -1.67493 0.816205 -0.00453849 -3.85073 1.80991 0.028358 -1.0463 -0.518784 0.114843 0.0560687 -0.206292 0.260572 2.26839 -1.7791 -0.349342 0.720164 -1.10319 6.59686 -0.0379439 -0.501151 -1.66265 -0.348963 -3.47676 3.55186 -0.0316191 -0.000834462 1.99703 -2.46728 -0.0325193 3.06197 -0.000531303 -0.000720438 0.0124687 -1.01286e-06 1.43883 -0.498063 0.306709 0.00695094 -0.291045 0.0679854 -0.0214869 0.314172 0.174117 0.142577 -0.906701 1.3579 -4.27936 0.254994 -0.608928 0.0558172 -0.497619 -0.0561746 -0.0154187 0.0721812 0.456951 8.91074 1.42175 -9.81253 -14.6169 -14.4356 11.0636 1.51334 5.64956 -13.6114 -2.73948 4.19995 -8.47281 -0.913207 10.0322 5.58003 -3.07244 -10.2243 4.99369 0.124556 0.53642 0.207252 1.01087 1.19405 1.52667 -1.79055 3.32953 0.999936 -2.73057 2.19522 -0.110898 0.433701 1.11508 0.0896241 -1.41896 -0.114218 3.14928 -7.27451 7.08285 -1.23581 0.11385 0.939269 -1.093 5.60259 -0.757591 1.56047 0.733047 0.484675 1.61294 -0.606286 0.349809 1.46549 1.12346 0.0709607 -0.619893 1.79945 -0.368884 -0.458435 2.33891 -0.23907 -1.36803 -0.16937 0.593783 0.734093 1.01002 0.458255 0.456022 0.0682768 -0.00237363 2.22477 3.67947 5.22884 -66.2706 -1.30508 -6.81628
 3.46403e-10 -0.000120796 2.47134e-05 5.71713e-10 7.38581e-05 -6.16554e-05 1.50494e-05 3.89785e-06 -8.22913e-05 6.04594e-05 4.77198e-06 -0.000113566 1000 8.24168e-05 -6.40131e-06 -1.04353e-09 4.79965e-05 -1.75251e-06 2.70381e-10 3.68084e-05 -1.55397e-05 4.50411e-11 4.42024e-05 -9.86347e-06 -0.000270226 -0.000545773 0.00013606 -2.87682e-05 -0.000184271 0.000202821 -9.97191e-05 2.55477e-05 -9.86753e-05 -0.000137125 3.12238e-05 -4.19501e-05 0.000113826 2.71836e-05 -7.95166e-07 -0.000303939 0.000130373 2.8565e-06 -2.62393e-05 0.00016195 -1.82006e-05 3.38138e-05 4.34662e-05 -5.42529e-05 0.000104796 -4.302e-05 -0.000214041 0.000161829 2.66217e-05 5.92321e-05 -1.33364e-05 1.04798e-05 0.000121513 -4.47634e-05 -3.92116e-05 5.46679e-05 -9.85273e-07 8.88597e-08 -9.28118e-06 5.78408e-06 1.22314e-06 -4.77439e-05 -2.5899e-07 5.22098e-08 -3.71406e-07 -4.2175e-10 7.06361e-05 -2.49755e-05 1.64454e-05 6.32738e-07 -1.92642e-05 2.44737e-05 3.81467e-06 -8.60202e-05 3.51148e-06 2.50989e-06 -1.69883e-05 -5.43564e-05 0.000207651 -1.22314e-05 5.43481e-06 -3.68918e-07 7.55082e-06 -9.19016e-07 -8.11042e-08 1.00897e-06 -6.12964e-05 -6.63513e-05 9.13056e-06 6.80929e-05 3.80958e-05 8.22712e-06 3.01703e-06 1.97607e-05 -0.000100644 -6.03859e-05 -2.32216e-05 0.000199814 0.000146965 -8.18956e-05 -7.72979e-05 6.12481e-05 4.12948e-05 7.40919e-05 4.66835e-05 -1.95253e-05 -9.71981e-05 -1.71372e-05 6.30057e-05 4.05832e-05 -3.40863e-05 -3.54572e-05 -8.88196e-05 3.59481e-05 3.03644e-05 2.25635e-05 9.76359e-06 9.91805e-07 -2.658e-05 -1.39509e-07 -1.60209e-05 -2.85701e-05 -3.62178e-05 -2.0001e-05 -3.11942e-05 -3.4824e-05 -1.4261e-05 3.5008e-06 1.53156e-05 3.53481e-05 2.74805e-05 2.26812e-05 1.3879e-05 5.42819e-07 -3.40832e-05 -3.68481e-05 -1.40417e-05 1.05609e-05 2.15572e-05 -3.39149e-06 -3.50562e-05 2.45948e-06 -4.30252e-06 3.81129e-06 -1.09216e-06 -5.67181e-06 1.1164e-06 2.22766e-05 3.61368e-05 -1.44794e-05 -1.35695e-06 -8.98024e-06 -5.61851e-06 -4.91041e-06 4.09776e-06 3.33053e-05 5.79024e-05 7.91527e-05 -0.000776712 -0.000337515 -0.000118503
 -1.60458e-05 3.21413 -0.655429 -1.00567e-05 -1.32148 1.10194 -0.326127 -0.0825295 1.7532 -1.40258 -0.107022 2.55169 8.24168e-05 997.854 -2.83834 1.77769e-05 -1.12862 0.0418488 -1.10963e-05 -0.7682 0.323687 -7.93708e-06 -0.897669 0.199073 8.47023 13.8783 -3.48693 0.787167 4.83435 -5.32228 3.23865 -0.581805 2.17443 4.85594 -0.0427474 -0.259504 -3.55379 -0.721661 0.0238505 6.59787 -3.18726 -0.0659683 0.927476 -4.81249 0.540978 -0.855805 -1.11653 1.3925 -2.31402 2.00904 4.55125 -3.76683 -1.22795 -0.714718 1.15636 -1.25864 -3.50257 1.91685 0.881977 -1.63437 0.00116346 0.000822885 0.23439 0.103847 -0.0243102 0.796063 -0.00653621 0.00178508 0.0131813 7.60625e-06 -1.58151 0.557664 -0.327142 -0.0120954 0.369641 -0.631056 -0.0928103 2.09668 -0.0509124 -0.0436481 0.301263 1.65757 -8.63561 0.523834 -0.0926135 0.00518267 -0.238325 0.0214753 0.00254561 -0.0242271 2.03843 1.74994 0.0908565 -1.02165 -0.385546 0.289551 0.535028 0.132044 2.20554 0.969333 0.40622 -4.05309 -4.08167 1.41172 3.26051 -1.05808 -1.08813 -1.95193 -0.434384 0.604672 2.05454 0.411026 -1.48499 -1.54679 1.37665 1.24365 2.22342 -0.783358 -0.669823 -0.162214 -0.00633668 0.0564678 0.642789 0.178218 0.549948 0.722146 0.797689 0.550707 0.662799 0.819559 0.216669 -0.275095 -0.654117 -1.0056 -0.653611 -0.59217 -0.512819 -0.249861 0.330453 0.340041 -0.0326159 -0.136047 -0.235375 0.0620958 0.565474 -0.199359 -0.130081 -0.384131 -0.161315 -0.087228 -0.292929 -1.09728 -1.56983 -0.226264 -0.207732 -0.00280171 -0.0629099 0.323736 -0.139899 -0.631245 -1.1827 -1.52835 14.9954 5.99225 2.22475
 2.09811e-07 -0.0263684 0.00528447 -1.04603e-08 -0.00764877 0.00641807 8.24692e-05 5.87085e-06 -0.000465737 -0.000496794 -4.63863e-05 0.000730121 -6.40131e-06 -2.83834 0.825581 2.44517e-07 -0.00589205 0.000307473 2.38957e-08 -0.00246033 0.00106942 5.54454e-08 -0.00382246 0.000904541 -0.0361848 -0.0603462 0.0151038 -0.00625303 -0.026016 0.0286407 -0.0145992 -3.93255e-05 0.00127832 -0.020241 -0.00603188 0.0112582 0.002747 -0.00155926 0.000146902 -0.0358756 0.00870127 0.000334604 -0.0114241 0.00721874 -0.000561568 0.000176463 -0.000412424 0.000515039 0.00437251 -0.00911775 -0.019393 0.0162985 0.00245727 0.000212428 -0.00635718 0.00720872 0.0070417 -0.00819964 -0.00608008 0.00946915 -0.000262927 1.56351e-05 0.00020841 -0.000454419 2.77442e-05 -0.000761124 0.000187322 -4.42547e-05 -4.70008e-05 5.87732e-08 -0.00382028 0.0014489 -0.00039284 -1.4343e-05 0.000391607 0.00105453 0.000102183 -0.00263872 -0.0001862 -0.000199559 0.00117128 -0.0048785 0.0332301 -0.00200857 -0.000307201 3.47287e-05 0.000148611 -8.70852e-05 -9.87793e-06 9.77989e-05 -0.00778643 -0.00399775 -0.00157689 0.000843582 0.000817764 -0.000140859 -0.000983293 -0.00091715 -0.00724874 -0.00586895 -0.00161654 0.0149761 0.0142817 -0.00497932 -0.0117027 0.00319495 0.00342082 0.00667738 0.00162757 -0.00263041 -0.0073819 -0.00118232 0.00582458 0.00584353 -0.00519666 -0.0048236 -0.00799825 0.0029019 0.00227029 0.000235797 -8.52611e-05 -0.000401597 -0.00216198 -0.00083525 -0.00215445 -0.00261545 -0.0027033 -0.00219741 -0.00179036 -0.00317836 -0.000691776 0.001179 0.00270974 0.00390023 0.00256964 0.00215539 0.00172664 0.000647764 -0.00133939 -0.00111981 0.000836892 0.00098829 0.00121605 -0.000249918 -0.00180853 0.000956431 0.000535169 0.00202372 0.000771442 0.000611402 0.0013248 0.00423277 0.00556392 0.000979629 0.000812661 0.000237226 0.000469736 -0.0013354 0.000536656 0.00223659 0.00485234 0.0053084 -0.0694601 0.00329647 -0.00657649
 -3.64443e-10 -6.0741e-05 1.23338e-05 5.28332e-11 9.3116e-06 -7.72284e-06 9.41903e-06 2.59172e-06 -5.34089e-05 3.32133e-05 2.68439e-06 -6.3153e-05 -1.04353e-09 1.77769e-05 2.44517e-07 1000 2.61945e-05 -3.73283e-06 -3.91582e-10 2.48108e-05 -1.04749e-05 -5.9212e-10 3.11391e-05 -6.97072e-06 3.0563e-05 -1.30345e-05 2.64224e-06 -1.11936e-05 -6.47855e-05 7.12638e-05 9.32836e-06 1.25892e-05 -5.37782e-05 6.55398e-05 -6.65791e-06 6.12107e-06 -2.3206e-05 6.85315e-06 -1.09263e-07 -8.90884e-05 2.41177e-05 6.59476e-07 -1.35773e-05 4.49099e-06 6.51752e-08 9.90987e-06 1.43055e-05 -1.77524e-05 7.27229e-05 -1.41084e-05 -0.000173288 0.000124929 -2.6718e-05 8.27359e-05 3.0324e-05 -4.1303e-05 1.67999e-05 2.54061e-05 -3.2694e-05 1.87115e-05 6.64956e-06 -4.45245e-07 -2.8683e-06 1.83415e-05 1.47794e-07 -2.05284e-05 -2.07467e-06 4.62725e-07 4.00022e-07 -4.03239e-10 3.81331e-05 -1.35432e-05 1.17131e-05 4.94743e-07 -1.51454e-05 3.76121e-06 1.24073e-06 -2.85734e-05 4.70797e-06 3.75196e-06 -2.48054e-05 7.06032e-06 -0.000372465 2.35342e-05 1.28444e-05 -1.05115e-06 -7.94674e-07 -7.56455e-07 -9.53186e-08 8.59006e-07 -1.08837e-05 -8.2382e-05 2.66395e-05 0.000114026 8.92091e-05 6.53037e-05 4.20819e-05 -2.09544e-07 -0.000139688 -0.000153923 -5.11852e-05 0.000233008 -1.26487e-05 0.000139622 -4.17877e-05 8.05562e-06 8.89524e-05 -2.22211e-05 4.68434e-05 -1.42416e-05 -2.689e-05 -2.22876e-05 -1.44283e-05 9.78643e-06 1.15389e-05 5.36124e-05 -1.9776e-05 1.71458e-07 -3.55278e-05 7.25582e-06 1.49375e-05 1.54532e-05 -6.63885e-06 3.71879e-07 -1.66748e-05 -7.83942e-06 -1.81574e-05 -2.87572e-05 -2.74722e-05 -1.29231e-05 -1.19389e-05 -4.5192e-06 -4.88184e-06 1.0921e-05 5.23846e-06 -9.76767e-06 -7.26495e-06 -9.58898e-06 -1.38956e-05 -3.06914e-05 -3.47064e-05 1.43362e-06 6.05953e-06 -6.65403e-06 3.22021e-06 7.89237e-06 -1.37283e-05 2.50426e-05 -1.32911e-07 -2.11139e-05 -1.44277e-05 -1.96179e-05 -1.16661e-05 -2.10965e-05 -5.086e-06 -1.0487e-05 -9.32156e-06 9.00862e-06 7.62984e-07 2.55345e-05 4.54851e-05 5.86774e-05 -0.00055029 -0.000325226 -9.43388e-05
 -4.3844e-06 2.49169 -0.506567 -2.47105e-06 -0.23004 0.189155 -0.287426 -0.0740779 1.56041 -1.00252 -0.0790625 1.9026 4.79965e-05 -1.12862 -0.00589205 2.61945e-05 996.985 -45.7375 -2.00006e-08 -0.706545 0.298312 3.30004e-06 -0.841523 0.188279 3.45034 4.20946 -1.07516 0.430336 2.83454 -3.12169 1.91623 -0.35853 1.35262 2.39767 0.428751 -0.862623 -1.13837 -0.403311 0.0131091 2.69386 -1.30966 -0.0272585 1.10577 -2.32691 0.245901 -0.491773 -0.663994 0.825331 -1.36442 1.91077 2.92057 -2.60244 -0.316246 -1.21979 0.512959 -0.481021 -1.92743 1.01624 1.04084 -1.41398 -0.20068 0.0175829 -0.305765 0.163713 -0.0123367 0.325434 0.0224714 -0.00479117 -0.0020848 9.4707e-06 -1.19317 0.422748 -0.337265 -0.0137079 0.42037 -0.355665 -0.0617029 1.40728 -0.138822 -0.0913415 0.607734 0.507786 1.81844 -0.117217 -0.265215 0.0202128 -0.0395181 0.0247049 0.00222762 -0.0271665 1.47854 2.59186 -0.267871 -2.39431 -1.71058 -0.969374 -0.487443 0.607388 2.87237 3.12835 1.02881 -6.04096 -2.42571 -0.537514 3.43941 1.17315 -3.50072 -3.39549 2.44699 -0.0920985 0.996688 0.572358 0.214584 -0.251429 -0.579573 0.618076 0.568394 0.129925 0.565517 0.402279 0.0344689 -0.0411012 0.305436 0.19561 0.764885 0.514119 0.585211 0.560583 0.839341 0.500253 0.378102 0.259684 -0.182326 -1.34746 -0.401943 -0.0971332 0.0319324 0.0405416 0.1555 0.156926 0.340995 0.0744046 0.189377 -0.378333 -0.101271 -0.0424979 0.172929 -0.659616 -0.944206 0.174059 0.0276576 -0.426043 -0.795315 -0.614654 -0.341255 -0.0785283 -0.0270637 0.0773877 -0.101833 -0.651437 -1.05333 -1.48764 14.5696 7.54654 2.36985
 3.54748e-07 -0.127839 0.0259261 8.37751e-08 0.000556905 -0.000306813 0.0124357 0.00320561 -0.0677797 0.0429824 0.00333365 -0.0806262 -1.75251e-06 0.0418488 0.000307473 -3.73283e-06 -45.7375 2.97464 7.32063e-09 0.0284087 -0.0119697 -1.14546e-07 0.033805 -0.0075296 -0.164173 -0.203619 0.0519326 -0.0230134 -0.13805 0.152036 -0.0911248 0.0151579 -0.0564412 -0.11348 -0.0242166 0.0472621 0.0492067 0.0165855 -0.000492356 -0.13116 0.0593027 0.00132236 -0.0559728 0.10185 -0.0105677 0.0205356 0.0275522 -0.0342225 0.0616143 -0.0904165 -0.138427 0.123348 0.0136886 0.0559614 -0.0246841 0.0233735 0.0860866 -0.0481532 -0.0506275 0.0684302 0.0091137 -0.00080169 0.0149951 -0.0076547 0.000533176 -0.0137279 -0.000865025 0.000181171 0.000101728 -3.50335e-07 0.0488969 -0.0172616 0.014322 0.000582505 -0.0179263 0.0159618 0.00270497 -0.0620035 0.00572039 0.00378037 -0.025291 -0.0240275 -0.0846206 0.00545317 0.0118325 -0.000897779 0.00136403 -0.00116159 -0.000104612 0.0012772 -0.0691395 -0.120342 0.0100117 0.110799 0.081221 0.0463408 0.0228753 -0.0286176 -0.132735 -0.14952 -0.0497295 0.282475 0.113232 0.0246735 -0.160418 -0.0549643 0.163192 0.158607 -0.114214 0.00421941 -0.0466527 -0.0265425 -0.00966616 0.0119371 0.0270362 -0.0290427 -0.0265475 -0.00603761 -0.0263839 -0.0188467 -0.00152397 0.00187605 -0.0140639 -0.00921807 -0.0357094 -0.0239536 -0.0271575 -0.026359 -0.0386553 -0.0234826 -0.0175532 -0.0119594 0.00879285 0.0631099 0.0189921 0.00459081 -0.00151356 -0.00198937 -0.00736135 -0.00734504 -0.0154139 -0.00306981 -0.00847415 0.0175964 0.00479112 0.00211454 -0.00804506 0.0312211 0.0440817 -0.00793128 -0.00108725 0.0201666 0.037053 0.0287784 0.0159497 0.00384371 0.00145925 -0.00371826 0.00476665 0.0304097 0.0498023 0.0693968 -0.695191 -0.329635 -0.10942
 -9.83474e-10 2.69886e-05 -5.44615e-06 8.00965e-11 2.28291e-05 -1.91392e-05 -1.10666e-06 1.2385e-07 -9.17406e-07 1.77253e-05 1.25092e-06 -2.75912e-05 2.70381e-10 -1.10963e-05 2.38957e-08 -3.91582e-10 -2.00006e-08 7.32063e-09 1000 -8.07665e-06 4.36777e-06 -4.71182e-10 4.35064e-06 -1.03475e-06 7.76226e-05 -1.54631e-06 -1.04042e-06 5.28087e-06 4.23426e-05 -4.66783e-05 6.59297e-05 4.57467e-06 -2.43169e-05 0.000139353 -4.43186e-05 6.28108e-05 -3.74756e-05 -2.48443e-06 2.39849e-07 -3.10898e-05 -2.2767e-06 5.08534e-08 1.15466e-06 -3.86873e-05 4.68871e-06 -3.73532e-06 -3.52859e-06 4.38929e-06 2.9819e-05 1.46735e-05 -5.62452e-05 3.47099e-05 -3.3932e-05 1.988e-05 6.19238e-05 -7.15155e-05 -2.43857e-05 2.75172e-05 -5.2302e-06 -7.1981e-06 5.06083e-07 1.48466e-07 -2.2053e-05 4.99274e-06 1.29198e-07 -7.44738e-06 -1.56035e-06 3.4908e-07 2.70772e-07 -1.24881e-10 -2.38081e-06 7.97759e-07 -6.13895e-07 6.56216e-09 -4.73552e-07 1.07838e-06 3.34499e-07 -6.25317e-06 1.84373e-06 1.45482e-06 -9.14051e-06 9.20651e-06 -0.000318504 1.98566e-05 7.17256e-06 -6.09507e-07 5.85782e-07 -4.25748e-07 -1.42521e-07 5.72928e-07 2.84754e-06 2.57331e-07 -2.43533e-05 -6.17284e-05 -1.88255e-05 2.22342e-05 -3.3735e-06 0.00038319 -0.000150913 -0.000116392 -5.21126e-05 -5.23708e-05 -8.19677e-05 0.000114287 2.64915e-05 2.96779e-06 7.2178e-05 4.72662e-06 -2.92694e-05 7.17706e-06 3.87544e-05 -7.96651e-06 -7.00279e-06 -6.98387e-07 -4.07943e-06 1.59594e-05 1.21993e-05 -8.41492e-06 3.3818e-06 -1.77809e-06 1.00306e-05 1.25011e-05 5.62298e-06 9.95959e-06 -1.15459e-05 -6.09131e-06 7.69254e-07 1.44629e-06 4.62914e-06 -5.32154e-06 9.78352e-06 3.27427e-07 -2.60583e-06 -6.47724e-06 -2.47073e-06 -8.83015e-06 1.06016e-06 1.55864e-05 2.14404e-07 -4.17911e-05 -4.07746e-05 2.18719e-05 1.31899e-05 -1.11291e-05 7.41655e-06 1.55782e-05 -7.86148e-06 3.465e-05 -9.71207e-06 -1.3422e-06 -1.07914e-05 -2.49449e-05 -2.18559e-05 -2.22411e-05 -6.57055e-06 -4.62201e-06 -3.20913e-06 4.94899e-06 -1.97099e-07 2.26135e-06 1.00462e-05 3.36735e-06 -3.70033e-05 -4.45536e-05 -9.07772e-06
 -2.31978e-05 2.13413 -0.436264 -1.04657e-05 -1.92166 1.60608 -0.359444 -0.0803062 1.68651 -1.20969 -0.115239 2.75365 3.68084e-05 -0.7682 -0.00246033 2.48108e-05 -0.706545 0.0284087 -8.07665e-06 842.506 -359.484 9.56936e-06 -1.67825 0.383639 -0.854908 4.68688 -1.11748 -0.185985 0.205753 -0.226126 0.238731 -0.625363 2.6012 -0.152709 2.56553 -4.18609 0.0962461 -0.320408 0.00671822 0.509148 -0.333312 -0.00407534 -0.679488 -0.374587 0.0473456 -0.392262 -0.463638 0.577562 -0.430452 -0.945822 1.28122 -0.611465 1.06482 -3.16403 -1.34141 1.78225 -0.620897 -1.4623 0.501609 0.228622 -0.161928 0.0157852 -0.903681 -0.782974 0.0246507 -0.115542 -0.0205578 0.00493593 -0.00749735 8.82244e-06 -1.32561 0.477312 -0.576966 -0.0254675 0.782746 -0.441276 -0.0682712 1.4522 -0.151745 -0.0681042 0.44326 -1.5305 3.48313 -0.20095 -0.32495 0.0278617 0.188136 0.0356571 -0.00556366 -0.0303862 -0.379686 0.544996 2.05697 3.30777 -0.208742 -0.538151 -32.0957 13.5712 -0.00396157 3.06396 1.15726 3.47912 -6.11538 1.03063 2.15545 -1.02716 0.178074 -1.09095 -0.220977 -0.0674261 1.26524 0.296809 0.19529 0.580765 0.902752 0.198235 -0.124787 -0.519439 0.960068 -0.244846 -0.102423 -0.0500063 0.629905 1.3733 -0.271375 0.00680268 0.361451 0.23473 0.803539 -0.760287 0.159552 0.152385 0.471839 -0.391608 0.199229 0.621032 0.70007 0.501818 0.352769 1.11907 0.765592 -0.417379 -0.135746 -0.828054 -0.0807094 0.11899 -0.0515992 1.65263 -0.36852 0.477777 1.00222 0.408645 0.140708 -0.892663 -0.381957 -0.00612213 0.185097 -0.448616 0.0375903 -0.852578 -0.838923 -1.80397 19.381 9.47556 3.08531
 1.00164e-05 -0.924893 0.188993 4.41239e-06 0.814662 -0.680866 0.152748 0.0341162 -0.716718 0.514692 0.0489549 -1.17015 -1.55397e-05 0.323687 0.00106942 -1.04749e-05 0.298312 -0.0119697 4.36777e-06 -359.484 154.937 -4.12441e-06 0.715709 -0.163603 0.364682 -2.01017 0.4793 0.0782295 -0.0921595 0.101293 -0.10315 0.266307 -1.10763 0.0644302 -1.10126 1.79699 -0.0418621 0.134799 -0.00277034 -0.218247 0.141344 0.00175799 0.289666 0.156264 -0.0197414 0.165965 0.196373 -0.244588 0.184015 0.4048 -0.54849 0.261804 -0.455651 1.35406 0.574342 -0.763037 0.264509 0.625471 -0.215579 -0.0967701 0.069044 -0.00673667 0.387513 0.335304 -0.0105994 0.0509783 0.00889729 -0.00213505 0.00314995 -3.72599e-06 0.564254 -0.203157 0.245554 0.0108348 -0.333103 0.188477 0.0291622 -0.620357 0.0637914 0.0288624 -0.187839 0.657535 -1.48968 0.0859312 0.138596 -0.0118854 -0.0796692 -0.015264 0.00238367 0.0130057 0.162422 -0.230768 -0.88081 -1.41942 0.0872719 0.237503 13.7429 -5.81618 0.00378438 -1.31035 -0.497262 -1.48846 2.61782 -0.441921 -0.922547 0.439465 -0.0768655 0.466688 0.0949469 0.0288137 -0.541948 -0.126996 -0.083512 -0.248552 -0.386337 -0.0848373 0.0532826 0.222299 -0.411064 0.104716 0.0438516 0.0212669 -0.269496 -0.587918 0.116178 -0.00286939 -0.154633 -0.100792 -0.343657 0.325234 -0.0684229 -0.0652678 -0.201873 0.167632 -0.0852126 -0.265952 -0.299806 -0.215001 -0.151166 -0.478999 -0.327335 0.178672 0.0581804 0.354152 0.0344211 -0.0510642 0.0219062 -0.707045 0.157559 -0.204563 -0.428901 -0.174778 -0.0604866 0.381954 0.163274 0.00262714 -0.0792048 0.191958 -0.0160865 0.364904 0.359764 0.772132 -8.31142 -4.031 -1.31921
 -6.45047e-10 1.86573e-05 -3.7398e-06 1.79416e-10 3.29971e-05 -2.76383e-05 2.07506e-06 7.9049e-07 -1.602e-05 8.66545e-06 8.31362e-07 -1.7988e-05 4.50411e-11 -7.93708e-06 5.54454e-08 -5.9212e-10 3.30004e-06 -1.14546e-07 -4.71182e-10 9.56936e-06 -4.12441e-06 1000 1.56001e-05 -3.32025e-06 0.00011998 -0.000107612 2.37358e-05 1.05949e-05 5.20829e-05 -5.74476e-05 7.81546e-05 8.33171e-06 -3.93909e-05 0.000170084 5.4046e-06 -2.07103e-05 -4.83526e-05 -2.21618e-06 3.80609e-07 -5.17717e-05 6.32562e-07 1.99109e-07 1.45015e-05 -5.10006e-05 5.72303e-06 -2.41964e-06 -3.02258e-06 3.71227e-06 1.54781e-05 6.09063e-05 -3.00946e-05 2.69651e-06 -5.49031e-05 3.25949e-05 0.000106483 -0.000123011 -2.78533e-05 5.04758e-05 -8.93525e-06 -1.43482e-05 8.7874e-07 9.36462e-08 -1.5426e-05 5.68895e-06 1.1682e-07 -7.65435e-06 -1.59816e-06 3.71289e-07 3.78015e-07 -2.01499e-10 1.0094e-05 -3.76691e-06 3.473e-06 1.77304e-07 -5.27508e-06 -3.5821e-07 3.3015e-07 -6.04713e-06 2.77209e-06 1.7984e-06 -1.14804e-05 2.03043e-05 -0.000327103 2.04563e-05 3.93458e-06 -3.64832e-07 -1.16681e-06 -4.65414e-07 -1.39757e-07 6.10241e-07 1.66446e-05 -1.09481e-05 5.53354e-06 1.83575e-05 2.85185e-05 3.60436e-05 5.76629e-05 0.000100947 -7.06407e-05 -9.99972e-05 -4.03003e-05 -2.386e-05 -2.34953e-05 9.19583e-05 8.42459e-05 -2.23368e-05 3.24266e-05 -5.02604e-05 0.000111953 -2.66669e-05 3.24354e-06 5.71966e-06 7.38444e-06 4.88276e-06 1.01495e-05 3.94142e-05 1.23358e-05 3.77926e-06 -2.18348e-05 2.03511e-05 -3.34577e-06 3.31991e-06 -1.28807e-06 8.42564e-06 5.29123e-06 8.33947e-06 5.39133e-06 -7.14809e-06 1.01461e-05 -6.89553e-06 1.45202e-06 -8.29512e-06 -1.57279e-05 -5.44362e-06 3.23345e-06 -8.18055e-06 8.65064e-06 6.47165e-06 -1.72564e-05 -8.91638e-05 -5.50742e-05 3.04243e-05 7.98457e-06 -4.53627e-06 3.2137e-07 7.37618e-06 -1.12266e-05 -2.86366e-06 3.07427e-06 -1.79183e-05 -1.98234e-05 -3.35831e-05 -4.22941e-05 -2.72799e-05 -1.25078e-05 -1.09911e-05 -1.0429e-05 1.14242e-05 -1.19003e-06 1.00012e-05 1.2908e-05 1.98142e-05 -0.000209977 -0.000136666 -3.75355e-05
 4.44415e-06 1.19361 -0.247443 -1.31296e-05 -2.12501 1.77644 -0.366857 -0.0988045 2.05635 -1.50224 -0.13163 3.10956 4.42024e-05 -0.897669 -0.00382246 3.11391e-05 -0.841523 0.033805 4.35064e-06 -1.67825 0.715709 1.56001e-05 948.354 -217.537 -0.814993 11.4249 -2.73629 0.0649507 1.07123 -1.17608 -2.6399 -0.906282 3.97029 -2.8544 1.47948 -2.22077 0.34088 -0.373738 0.00228065 1.75763 -0.669721 -0.0147507 -2.17785 0.474515 -0.0255853 -0.385585 -0.463258 0.579279 -0.629128 -2.01032 1.02272 -0.111017 1.73558 -4.51768 -2.63175 3.35514 -0.287181 -2.47033 0.378914 0.812445 -0.127277 0.00968608 -0.226143 -0.222446 -0.0230958 0.960329 0.0163471 -0.00386531 -0.0112953 1.254e-05 -1.38138 0.499575 -0.498293 -0.0221801 0.674089 -0.410644 -0.0719691 1.52111 -0.179166 -0.0957653 0.624667 -0.635793 3.32355 -0.203598 -0.232367 0.0209887 0.111337 0.0329894 -0.00120943 -0.0320711 -0.713102 0.816563 -0.142423 -1.3126 -1.55777 -1.06215 -8.69667 3.00609 0.899611 3.91102 1.59803 1.612 -6.43487 -1.16232 4.1865 -0.236018 -2.05764 -6.71924 1.43635 0.667904 -0.748073 -0.535427 -0.393124 0.239295 -0.261042 -0.996114 -1.04257 0.400221 1.2957 -0.6913 -0.212217 -0.203046 0.16921 -0.295082 0.14917 0.010588 0.0821102 0.438214 0.230076 0.15634 0.265815 0.645094 1.05693 0.588025 0.295397 0.264931 0.206479 0.24364 0.360212 2.14011 1.46195 -0.495973 -0.17789 -0.0723701 0.373322 0.306478 0.343412 1.00856 0.112734 0.585397 2.10952 1.47959 0.690514 -0.387772 0.0285344 0.308466 0.430272 -0.645828 0.0528433 -0.953873 -1.09612 -2.03776 21.4497 10.9156 3.46664
