 1000 0.00263804 -0.000554922 -9.61002e-10 -0.000131613 0.000106732 -1.85686e-06 -7.69981e-08 -4.47541e-07 -7.69998e-05 -4.45531e-06 0.000102364 2.54539e-10 -1.33894e-05 1.89064e-07 -3.04401e-10 -4.88743e-06 3.9276e-07 -9.01239e-10 -1.6923e-05 7.48617e-06 -6.35161e-10 9.42146e-06 -1.88154e-06 2.14841e-05 -0.000306107 7.73173e-05 -5.41223e-05 -0.000205982 0.000232925 -4.03852e-06 -7.09842e-07 2.05222e-06 9.33305e-05 -9.23155e-05 0.00014387 -7.49455e-05 -5.33557e-06 9.22038e-07 -0.000130624 1.40452e-05 1.22794e-06 -1.53507e-05 -8.22327e-05 1.12231e-05 -4.15368e-06 -1.03543e-05 1.60089e-05 7.28238e-05 -6.15802e-05 -0.000272423 0.000221541 -6.95319e-05 7.97589e-05 0.00011149 -0.000138979 -5.09464e-05 1.61195e-05 -5.17733e-05 5.08787e-05 -4.22163e-06 3.60714e-07 2.40221e-05 9.87273e-07 -2.38114e-07 8.3958e-06 -4.40575e-06 1.25458e-06 7.22116e-07 -1.54577e-10 -2.24203e-06 9.7634e-07 3.85566e-06 1.31498e-07 -5.13665e-06 9.69871e-06 8.25419e-07 -2.07974e-05 2.62946e-06 1.78303e-06 -1.49265e-05 -8.20499e-06 -0.000319168 2.47671e-05 6.46175e-06 -7.77449e-07 -9.31786e-06 -1.6159e-06 -7.18959e-07 2.35367e-06 7.89992e-06 -7.09406e-05 -0.000142517 -0.000218953 -0.000104119 -2.18066e-06 0.000156183 0.000438482 -0.000221325 -0.000121452 -8.25907e-05 6.30459e-05 -5.14009e-05 1.48714e-06 8.18076e-05 0.000118791 5.73006e-05 -6.17399e-05 -0.000151254 0.000224443 -0.000130948 2.65074e-05 -2.2744e-05 -1.53838e-05 8.75007e-06 4.19846e-05 8.87985e-06 -2.08048e-05 4.48914e-05 -4.49271e-05 8.17143e-06 -9.8207e-06 -8.67451e-06 1.18301e-05 7.91839e-06 -7.80508e-06 -1.31393e-05 0.000154199 -0.000117702 8.46657e-05 -5.34447e-06 1.51283e-05 2.55985e-05 4.92113e-06 2.69329e-05 -3.17498e-05 2.66695e-05 1.6333e-05 2.55977e-05 -2.56328e-05 -7.70324e-05 4.82384e-05 1.87381e-05 -9.93213e-07 3.41407e-06 -3.03071e-05 4.06494e-05 3.55127e-05 1.42455e-07 3.15643e-05 9.21745e-06 -4.94795e-05 -9.7842e-06 -2.92512e-05 -2.02909e-07 8.99484e-07 3.25532e-06 1.25801e-06 -1.74494e-07 1.95592e-05 3.4849e-05 3.54241e-05 -0.000632245 7.64075e-05 -5.44869e-05
 0.00263804 489.467 -101.826 0.000146639 27.986 -22.6928 0.450821 0.163738 -2.6388 15.682 1.14368 -26.6007 -8.32184e-05 2.45402 -0.0236038 -4.4577e-05 2.10531 -0.113342 2.50592e-05 1.34755 -0.600724 2.60624e-05 0.0324906 -0.0202718 16.8127 35.8116 -9.3875 6.14172 23.726 -26.8517 13.6187 2.16485 -9.41526 9.12041 14.7167 -24.726 7.95053 1.10434 -0.138569 18.9383 -2.21575 -0.180561 9.77399 7.40734 -1.20674 1.32678 2.66564 -4.16586 1.86581 8.19219 14.2564 -13.4687 2.02594 -3.54408 1.26126 -1.15 6.67951 2.91734 7.89012 -10.869 0.630229 -0.0534605 -1.81514 2.20232 0.00125265 -2.47829 0.369392 -0.102599 -0.10844 -1.6137e-05 0.982811 -0.361473 0.256408 0.0181013 -0.388615 -0.822403 -0.0233293 0.877513 -0.0506966 -0.120174 0.977066 -1.41315 2.98607 -0.216353 1.72767 -0.180404 0.468361 0.127375 0.0311046 -0.159831 1.47846 -3.93568 9.25257 18.1127 10.6975 1.56927 -31.1305 18.1768 -8.4866 17.4535 11.4481 -0.953322 -1.37572 -2.01194 -4.82216 3.30474 3.54761 1.63619 -8.82807 3.44314 -1.18112 0.462224 -1.47933 -0.961343 -0.842324 -1.05882 -0.0103273 2.00167 0.433746 -0.901903 0.0574165 0.0476225 -0.15871 -1.13785 0.288973 -0.263098 -1.19357 3.02548 -6.01332 2.64899 -0.621509 -0.451633 -1.0001 -3.7658 -1.32771 -2.17076 -1.4457 -1.6886 0.124592 -0.0445147 -0.996939 -1.79743 -2.02862 -0.493376 -0.343002 -2.15215 0.122649 -1.74685 -3.36294 -0.587278 -0.0369619 -2.01566 -0.373848 -1.09791 -1.03695 -0.965498 -1.0111 0.456989 -0.17076 -2.18922 -5.03331 -5.17128 90.569 -37.5822 4.61523
 -0.000554922 -101.826 22.3173 -3.08929e-05 -5.88332 4.77057 -0.0986936 -0.0355883 0.576284 -3.29528 -0.240468 5.5931 1.82716e-05 -0.532826 0.00500089 9.66427e-06 -0.454868 0.0243997 -5.30071e-06 -0.297378 0.132416 -5.45322e-06 -0.019041 0.0068751 -3.52845 -7.51839 1.97081 -1.29319 -4.98184 5.63817 -2.85449 -0.458445 1.99163 -1.91452 -3.09171 5.19436 -1.67386 -0.241917 0.0295619 -3.9751 0.455306 0.0379722 -2.05631 -1.56908 0.255222 -0.283522 -0.566055 0.884724 -0.393801 -1.71774 -2.98931 2.8242 -0.426734 0.743128 -0.265275 0.24209 -1.40134 -0.612455 -1.6558 2.28105 -0.132633 0.0112526 0.382296 -0.461877 -0.000326053 0.522374 -0.0773199 0.0214737 0.0228275 3.60529e-06 -0.227474 0.0827998 -0.0591087 -0.00405125 0.0886096 0.170716 0.00456191 -0.176233 0.00949616 0.0248567 -0.202075 0.298891 -0.625793 0.045325 -0.363478 0.0379523 -0.0993089 -0.0267239 -0.00651977 0.0335271 -0.31012 0.825522 -1.93875 -3.79907 -2.2459 -0.325122 6.53183 -3.81824 1.78187 -3.66065 -2.39999 0.200013 0.288937 0.421787 1.01103 -0.694304 -0.744905 -0.342967 1.85353 -0.72398 0.248301 -0.0973176 0.310657 0.201969 0.176542 0.221997 0.00179566 -0.419739 -0.0914214 0.189369 -0.0120484 -0.0100268 0.0334532 0.238348 -0.0606155 0.0553119 0.250639 -0.636232 1.26274 -0.556453 0.130352 0.0946307 0.209751 0.790193 0.278468 0.455259 0.302782 0.353858 -0.0266188 0.00904333 0.209796 0.377181 0.425758 0.103237 0.0718404 0.451667 -0.0261509 0.366606 0.705226 0.122894 0.00756811 0.423142 0.0780955 0.230355 0.21731 0.202551 0.212091 -0.0958592 0.0358119 0.459418 1.05699 1.08492 -19.0264 7.91642 -0.967019
 -9.61002e-10 0.000146639 -3.08929e-05 1000 -0.000963787 0.000784043 -4.1198e-06 -1.00194e-06 2.22597e-05 4.72431e-05 4.14158e-06 -9.33851e-05 6.9351e-10 -1.16677e-05 2.46968e-08 1.65413e-10 -6.27657e-06 3.00917e-07 3.54103e-11 -1.60037e-05 6.92265e-06 2.2365e-10 -1.77821e-05 3.74672e-06 5.64455e-05 3.57995e-05 -9.88495e-06 -4.02519e-06 -9.87344e-06 1.0968e-05 0.000156139 1.35612e-05 -6.57952e-05 0.000200171 -2.15824e-05 2.05398e-05 2.47434e-05 -4.95822e-06 1.36204e-07 1.08194e-05 -8.72874e-07 3.11892e-07 7.99755e-05 -5.92875e-06 -3.5684e-07 -1.95438e-07 8.01159e-07 -1.36749e-06 1.41307e-05 2.16838e-05 -4.04961e-05 2.20707e-05 -3.08398e-05 -2.73128e-05 0.000108338 -0.000124594 3.4392e-05 -1.97358e-05 4.2656e-05 -3.73429e-05 -4.61798e-07 -1.21662e-07 3.33796e-05 -5.45386e-05 4.10198e-06 -9.41153e-05 -5.60725e-06 1.51146e-06 8.17418e-07 2.67372e-10 -3.09749e-05 9.95686e-06 -6.37699e-06 -2.76532e-07 8.04328e-06 -1.56202e-05 -1.54645e-06 3.736e-05 1.38585e-06 1.1465e-07 -1.32051e-06 -1.34595e-05 -0.000142682 1.08635e-05 2.31799e-05 -2.40429e-06 -5.61242e-07 -4.17559e-07 -2.6977e-07 6.92388e-07 -3.22475e-05 -5.50946e-05 -2.42367e-05 -2.83628e-05 -1.06781e-05 3.27083e-06 6.56122e-05 -1.28087e-05 -3.82302e-05 2.45539e-05 8.21035e-06 -1.45731e-05 1.09493e-05 5.38402e-05 -2.47566e-05 0.000108291 -3.95523e-05 -1.03747e-05 -1.34024e-05 1.46165e-06 1.21124e-05 3.42163e-06 1.94109e-05 8.95736e-07 2.81149e-05 -2.57655e-05 -7.44433e-06 -4.49978e-06 2.49344e-05 -3.71947e-05 -2.17808e-05 4.31634e-05 4.33626e-05 4.20612e-05 -7.86195e-05 -0.000201363 -7.38034e-05 0.000138627 -3.66047e-05 0.000136927 -1.23369e-05 2.37636e-06 2.88388e-05 2.15978e-05 1.17e-05 -3.5545e-06 2.65281e-05 -9.57327e-06 5.49061e-05 -5.01318e-05 -0.000115787 -2.30675e-06 -6.18464e-05 6.70478e-05 6.76414e-05 3.94024e-06 -2.49144e-06 -5.59426e-06 -2.02848e-05 6.74434e-05 4.77134e-05 -0.00010809 5.00746e-05 -2.88472e-05 -3.53876e-06 -1.77748e-06 -1.98428e-06 -5.04184e-06 2.63482e-06 -1.54871e-05 -4.87903e-05 -6.32218e-05 0.000506288 -7.8673e-05 4.1222e-05
 -0.000131613 27.986 -5.88332 -0.000963787 406.912 -328.497 -0.359708 -0.110504 2.34575 10.0668 0.756496 -17.5332 0.00012749 -2.14005 -0.00642281 3.63938e-05 -1.01203 0.036527 3.88213e-05 -3.87939 1.68122 6.45391e-05 -4.09986 0.870796 10.7177 21.6478 -5.68497 4.05167 14.9456 -16.9197 14.8366 0.172731 -1.79735 8.60402 9.24138 -15.7294 4.16357 -1.21285 0.00427776 9.49428 -2.61641 -0.0797452 6.37793 2.32887 -0.46656 -0.345914 -0.0286948 0.0598263 -1.23071 2.5831 -1.35452 0.133105 2.14165 -3.3255 0.566641 -0.352023 5.42997 1.71441 5.59717 -7.53599 0.338478 -0.0262951 -1.82935 -1.55441 0.253915 -8.47906 -0.699111 0.198037 0.0854511 5.20376e-05 -5.22035 1.67651 -0.840372 -0.035853 1.08828 -1.66657 -0.115643 3.0586 -0.0457877 -0.0620493 0.515146 -3.49459 -0.672333 0.071491 2.13365 -0.221473 0.442052 0.0596607 0.0137109 -0.0739995 0.790146 -1.4568 1.69139 2.65664 1.20614 1.97677 1.93968 -1.80398 -0.780279 4.66421 1.12158 -1.29492 -0.740238 0.737785 -1.84208 3.11081 -0.40873 -0.734333 -0.886547 1.1229 0.075916 -0.539619 -0.925629 -1.68979 0.251034 0.215649 -0.20724 0.302616 2.35207 -1.29034 -1.6674 -0.435617 -0.373539 2.80497 2.70724 -1.85858 -1.54828 3.86237 -7.65375 3.26128 0.366395 0.0900607 -0.508881 -0.968478 -0.628638 0.00824143 -0.0978896 -1.3323 0.650669 0.838165 0.340536 -0.712019 -1.488 0.0905581 0.061373 -0.287631 0.741741 -0.793738 -3.10828 -0.0395549 1.56476 -1.85783 0.377985 -0.719202 -0.471529 -0.418225 -0.412683 0.161605 -0.0737404 -1.81821 -4.04257 -4.36586 73.1703 -28.333 3.97101
 0.000106732 -22.6928 4.77057 0.000784043 -328.497 267.66 0.289986 0.0890626 -1.89211 -8.16332 -0.613533 14.2198 -0.000103119 1.72964 0.00522122 -2.94139e-05 0.816251 -0.0294145 -3.14904e-05 3.14099 -1.36121 -5.23178e-05 3.31991 -0.705129 -8.68789 -17.5505 4.60893 -3.28691 -12.117 13.7174 -12.027 -0.14161 1.46315 -6.97554 -7.49268 12.753 -3.37586 0.980349 -0.00333784 -7.69502 2.11838 0.0646519 -5.17089 -1.8916 0.378704 0.278744 0.021291 -0.0453816 0.998679 -2.09383 1.09837 -0.108224 -1.73674 2.69631 -0.459421 0.285404 -4.40108 -1.38963 -4.53748 6.10907 -0.274625 0.0213383 1.4832 1.26084 -0.205902 6.87536 0.56699 -0.160609 -0.069398 -4.21142e-05 4.22452 -1.35666 0.679289 0.0289739 -0.879693 1.35011 0.0936051 -2.47612 0.0367356 0.0501958 -0.416744 2.83414 0.544184 -0.0578972 -1.73016 0.179589 -0.358494 -0.0483642 -0.0111123 0.0599856 -0.640116 1.18091 -1.37074 -2.15313 -0.977628 -1.60222 -1.5725 1.46261 0.632979 -3.78269 -0.909301 1.05014 0.599958 -0.598416 1.49353 -2.52227 0.331496 0.595224 0.719018 -0.910135 -0.0617624 0.437332 0.750271 1.36988 -0.20357 -0.174431 0.167983 -0.245321 -1.90683 1.04618 1.35196 0.352984 0.302735 -2.27411 -2.19404 1.50778 1.25556 -3.13186 6.20476 -2.64438 -0.296959 -0.0730371 0.412374 0.785031 0.509567 -0.00681692 0.0790875 1.07996 -0.527792 -0.679421 -0.27548 0.577325 1.20666 -0.0738546 -0.0500998 0.233139 -0.60137 0.643652 2.51959 0.0316699 -1.26871 1.50651 -0.306907 0.583063 0.382138 0.339044 0.334546 -0.130952 0.0597443 1.47408 3.27792 3.5395 -59.3308 22.9845 -3.21869
 -1.85686e-06 0.450821 -0.0986936 -4.1198e-06 -0.359708 0.289986 999.848 -0.0907316 0.888727 -0.135689 -0.0216879 0.56368 1.39804e-05 -0.283374 1.10412e-06 7.77969e-06 -0.244437 0.0108436 -1.07772e-06 -0.308098 0.133373 2.21317e-06 -0.331285 0.0701481 0.18483 0.714542 -0.186046 0.0569312 0.760751 -0.861677 0.999119 -0.128736 0.427145 1.04454 0.0895626 -0.220367 -0.0318754 -0.138248 0.00502799 0.0273965 -0.110285 0.00107303 0.0667554 -0.405246 0.0490481 -0.124722 -0.153805 0.240712 0.163693 -0.313712 -0.46191 0.449168 -0.111028 -1.72565 0.797366 -0.768332 -0.211265 -0.407398 0.203176 0.0280819 -0.0677069 0.00633138 -0.0226329 0.037193 -0.00578847 0.201591 0.000853282 -0.000172872 -0.00485672 4.73474e-06 -0.490937 0.1578 -0.167352 -0.00774471 0.231867 -0.225985 -0.0324107 0.774538 0.0244942 0.00312798 -0.0291564 0.133211 -0.667593 0.0499247 -0.256296 0.0259241 0.0343158 0.00208047 -0.00017765 -0.0019211 -0.324178 -0.342048 -0.258883 -0.316331 -0.121547 0.020554 0.719432 0.695549 -1.07057 0.0431252 0.0899688 0.291753 0.388396 -0.0952436 -0.135761 0.152326 0.193569 -0.252146 -0.0156334 -0.0157873 -0.0313764 -0.0494485 -0.0621119 -0.0309533 -0.0707172 -0.11367 0.349497 -0.550027 0.110301 -0.0100155 0.0332218 -0.0473723 0.0759653 -0.0386375 -0.0489398 -0.0582423 -0.142322 0.108333 0.302288 -0.233874 0.0437101 0.0593823 0.116525 -0.57586 0.222188 -0.16958 0.0802647 0.192117 -0.39633 -0.118205 -0.0384248 0.327146 -0.157001 0.179013 0.211222 -0.0270823 0.0550293 0.0343997 0.0717545 0.0489163 0.351766 0.428114 0.0626407 -0.112088 -0.0865428 0.0280574 0.0294458 -0.0757111 0.0270337 -0.381233 -0.58447 -0.957049 7.79415 5.16249 1.39717
 -7.69981e-08 0.163738 -0.0355883 -1.00194e-06 -0.110504 0.0890626 -0.0907316 3.81574 -53.8734 -0.0494288 -0.00760701 0.19496 4.18388e-06 -0.0826858 -1.37407e-05 2.48928e-06 -0.0719602 0.0031888 1.62535e-07 -0.0767154 0.0331997 9.85107e-07 -0.105334 0.0223995 0.0137802 0.371708 -0.0951345 0.0238816 0.245426 -0.277826 0.250839 -0.051495 0.181757 0.218013 0.115498 -0.203858 0.00452338 -0.04074 0.00116423 0.0286735 -0.0350611 -2.7405e-05 -0.0057795 -0.0978697 0.0116964 -0.0345676 -0.0455296 0.0713139 0.0523126 -0.115529 -0.201545 0.188776 0.0254354 -0.596026 0.141847 -0.108272 -0.0626431 -0.137231 0.0443708 0.0353924 -0.0227569 0.0025402 -0.0901713 0.0763966 -0.00222273 0.00537003 0.000728284 -0.000163333 -0.00192148 1.54387e-06 -0.149844 0.0481943 -0.0506837 -0.00233455 0.0698849 -0.0848509 -0.0116122 0.27436 0.00304907 0.000278589 -0.00368356 0.0560348 -0.032127 0.00240959 -0.0604067 0.00609408 0.0160049 0.00121722 0.000521527 -0.0017528 -0.100216 -0.125685 -0.0564159 -0.0420487 -0.00225701 0.0156732 0.48309 -0.122563 -0.340475 0.0443045 0.0612987 0.322763 0.119502 -0.04125 -0.232827 -0.0691773 0.129221 -0.0689566 0.0171742 -0.0140953 -0.0248556 -0.0323287 -0.0401325 -0.0162692 -0.0321291 -0.094241 0.203279 -0.165137 0.0139963 -0.0221931 0.0573745 -0.0289656 0.032281 -0.0202371 0.00556084 -0.00751292 -0.096736 0.0128361 0.0285451 -0.0546184 0.027013 0.0385551 0.0361799 -0.123502 0.0281955 -0.01115 0.00774558 -0.0395119 -0.113219 0.0446622 0.0865836 0.0942632 -0.0135146 0.0350818 0.00972315 -0.0586557 -0.0688415 0.137154 -0.0330839 0.109536 0.179546 0.0487508 -0.0653036 -0.0428578 -0.0279182 0.00639857 0.0121417 -0.024229 0.00829787 -0.123924 -0.145461 -0.276858 2.55561 1.6628 0.454786
 -4.47541e-07 -2.6388 0.576284 2.22597e-05 2.34575 -1.89211 0.888727 -53.8734 991.539 1.04707 0.154039 -3.91376 -7.98076e-05 1.58739 -3.24583e-05 -4.62353e-05 1.37145 -0.0610021 -1.31785e-06 1.45548 -0.63009 -1.80872e-05 1.9742 -0.419984 -0.265983 -6.63591 1.69896 -0.370298 -4.33811 4.91071 -4.56264 0.995767 -3.53509 -3.98802 -1.97945 3.51094 -0.0723334 0.824065 -0.0249598 -0.577564 0.705324 0.000378718 0.109501 1.9458 -0.234257 0.686671 0.88688 -1.39047 -1.00389 2.09624 3.66683 -3.43113 -0.394729 10.8086 -2.61771 2.01678 1.1476 2.4914 -0.791373 -0.658887 0.424264 -0.0471445 1.60892 -1.37951 0.0410158 -0.133079 -0.018232 0.00436109 0.0364793 -3.00965e-05 2.87476 -0.925597 0.982321 0.0455334 -1.3562 1.55656 0.212969 -5.03043 -0.0586071 -0.00828973 0.0928563 -1.15126 0.670567 -0.0495851 1.11882 -0.112874 -0.298741 -0.0219207 -0.00946353 0.0316376 1.80988 2.28268 1.01448 0.763843 0.0646823 -0.272217 -8.77002 2.16652 6.16218 -0.667923 -1.00862 -5.88522 -2.17379 0.747472 4.21115 1.24916 -2.34325 1.26077 -0.329577 0.246069 0.455389 0.589447 0.73053 0.29545 0.574171 1.69356 -3.69466 3.00207 -0.25357 0.393939 -1.04863 0.522873 -0.595191 0.366159 -0.105503 0.13003 1.74732 -0.223116 -0.542322 0.995223 -0.494322 -0.702545 -0.661148 2.24414 -0.520172 0.208111 -0.137836 0.716674 2.06511 -0.801731 -1.57588 -1.72814 0.23694 -0.636634 -0.180081 1.06308 1.25173 -2.50097 0.601442 -1.98812 -3.26445 -0.892183 1.19589 0.781568 0.510493 -0.119995 -0.223942 0.440399 -0.150143 2.24861 2.61744 5.025 -45.8165 -30.9882 -8.29369
 -7.69998e-05 15.682 -3.29528 4.72431e-05 10.0668 -8.16332 -0.135689 -0.0494288 1.04707 896.635 -7.02057 147.163 0.000115369 -2.41304 0.00176312 5.7088e-05 -1.95961 0.0890085 2.62096e-05 -2.93464 1.27512 2.56465e-05 -3.03276 0.648204 5.72311 6.31701 -1.69936 1.55306 5.30895 -6.01334 6.86927 0.413237 -2.14024 5.57769 3.29879 -5.80051 2.4939 -0.422171 -0.00536113 4.40171 -1.34382 -0.0311549 2.72262 1.06403 -0.202192 -0.0758564 -0.00678345 0.0147497 1.4961 0.788901 -5.3239 3.61807 0.167526 -2.76862 2.46308 -2.62236 3.42625 2.19446 1.17522 -2.79777 0.691163 -0.0536452 -2.86109 4.49036 -0.00339719 -4.89329 -0.0932692 0.0269255 -0.0389773 2.02364e-05 -3.00763 0.965789 -0.382559 -0.0119945 0.39804 -1.09277 -0.0885467 2.464 -0.416953 -0.230964 1.87678 -1.45622 -5.29641 0.416385 0.239166 -0.027384 0.709156 0.000870066 -0.0116139 0.0107971 -0.480617 -8.1003 0.427465 6.0569 6.64342 8.21168 -7.96263 -4.48439 2.89854 12.6105 4.14095 -9.67508 2.96618 -1.61341 -3.31111 3.11193 8.74395 13.5329 -16.8404 1.91666 2.0474 0.807134 -0.35744 -0.731468 -0.957524 2.65768 -5.19761 0.407968 3.29853 -3.44378 0.921408 0.0650052 -1.74106 0.0682212 -0.379545 1.18264 -5.17367 9.35222 -10.3516 6.99923 -1.97269 -0.814492 1.48174 -5.38688 0.496808 -3.29364 -1.17723 1.2845 -0.171652 -0.35582 -0.908354 -1.03939 -1.27575 1.27574 0.0760899 -2.61754 0.318083 1.00989 -1.20284 0.253459 -1.87693 1.3235 2.03842 -1.3185 -2.67731 -0.892817 -0.831003 0.124892 0.0112509 -0.965374 -1.55215 2.16315 43.6757 -21.7393 1.78563
 -4.45531e-06 1.14368 -0.240468 4.14158e-06 0.756496 -0.613533 -0.0216879 -0.00760701 0.154039 -7.02057 2.3179 -33.6461 8.12627e-06 -0.167503 8.52217e-05 4.38309e-06 -0.1399 0.00626597 2.07742e-06 -0.224976 0.0976265 2.04443e-06 -0.230259 0.0490907 0.213193 0.775801 -0.200946 0.144563 0.559334 -0.633183 0.430524 -0.0143432 0.0245992 0.146878 0.394398 -0.655248 0.151942 -0.0416775 5.48538e-05 0.0985536 -0.050542 -0.000926963 0.0141085 0.0869679 -0.012816 -0.0249254 -0.0243338 0.0384948 -0.0745925 0.0364161 0.0139742 -0.0207042 0.101564 -0.321115 -0.0507331 0.0910339 0.150934 -0.0357161 0.172562 -0.178912 0.0126771 -0.00113604 -0.0642273 0.103552 0.00068941 -0.145511 -0.00257734 0.000797035 -0.00205344 1.66034e-06 -0.211805 0.0680305 -0.0439126 -0.0017445 0.0537054 -0.0154171 -0.000433411 0.0176959 -0.0170537 -0.00906025 0.0727191 -0.128005 0.28836 -0.0212707 0.0385155 -0.00418699 0.0334113 0.00279432 0.00093264 -0.0037579 -0.0518189 -0.514465 0.229005 0.748679 0.615785 0.658524 -0.41776 -0.187903 -0.159761 0.390577 0.104275 -0.155605 0.386917 0.0235082 -0.475716 -0.261409 0.138578 0.424409 -0.22024 -0.0206624 -0.0388509 -0.0203753 -0.0473262 -0.0571119 -0.0779214 0.0595561 -0.159964 -0.0436706 0.110939 -0.105242 -0.00859865 -0.0308837 -0.0620516 -0.00776257 0.0519301 -0.0195247 -0.147749 0.308719 -0.296802 0.0288578 -0.00778693 -0.0441387 0.0393348 -0.241735 0.0289571 -0.0601028 -0.0283049 -0.0274623 -0.0802383 0.0367445 0.00516857 -0.0671283 -0.0634348 -0.00426234 0.0267787 -0.0756693 0.0162263 0.00318428 -0.0950205 0.0109506 0.0624354 0.00754328 -0.0172511 -0.0290802 -0.0398243 -0.0236117 -0.0234533 -0.00319425 0.002313 -0.101632 -0.19045 -0.252205 3.37887 -0.522177 0.277031
 0.000102364 -26.6007 5.5931 -9.33851e-05 -17.5332 14.2198 0.56368 0.19496 -3.91376 147.163 -33.6461 783.911 -0.000195439 4.03599 -0.00233655 -0.000104663 3.38573 -0.151946 -4.74614e-05 5.41115 -2.34841 -4.68045e-05 5.50132 -1.17307 -5.05048 -17.874 4.63205 -3.32851 -12.901 14.6044 -10.2218 0.408186 -0.844533 -3.57085 -9.03657 15.0278 -3.57011 1.09814 -0.00684248 -2.36224 1.28139 0.0212271 -0.342051 -1.84743 0.275604 0.651807 0.643281 -1.01801 1.7054 -0.896343 -0.0746093 0.314704 -2.24302 7.44816 1.06615 -1.9816 -3.59884 0.739339 -3.97479 4.17709 -0.311204 0.0275852 1.63098 -2.51737 -0.0170763 3.54998 0.0442456 -0.0141652 0.0532038 -4.05955e-05 5.1281 -1.64811 1.09366 0.043911 -1.34271 0.295066 0.00417522 -0.278064 0.389647 0.208299 -1.67253 3.08579 -6.44554 0.474327 -0.892368 0.0970082 -0.760517 -0.0638479 -0.0209649 0.0855178 1.21336 12.0033 -5.37885 -17.328 -14.0305 -15.0987 9.72995 4.51405 3.68993 -10.0202 -2.62613 3.98584 -8.96715 -0.474724 11.0223 5.88669 -3.47526 -10.2097 5.64893 0.405086 0.822302 0.436868 1.10058 1.34363 1.82232 -1.45958 3.85943 0.98395 -2.65249 2.53572 0.169458 0.710396 1.48709 0.173054 -1.17183 0.411262 3.56855 -7.40081 7.16184 -0.899753 0.247664 1.03981 -0.951522 5.7234 -0.682112 1.4908 0.693914 0.591924 1.85305 -0.826385 -0.0926242 1.56813 1.49793 0.0598306 -0.612679 1.82352 -0.379096 -0.108113 2.21922 -0.257214 -1.36464 -0.2162 0.329404 0.712953 1.00497 0.574892 0.568708 0.0686971 -0.053791 2.35694 4.39747 5.67875 -78.8044 12.7528 -6.39241
 2.54539e-10 -8.32184e-05 1.82716e-05 6.9351e-10 0.00012749 -0.000103119 1.39804e-05 4.18388e-06 -7.98076e-05 0.000115369 8.12627e-06 -0.000195439 1000 8.07276e-05 -6.0554e-06 -1.00367e-09 4.82586e-05 -1.80313e-06 2.55087e-10 3.70601e-05 -1.59437e-05 -9.20761e-11 4.76241e-05 -9.90892e-06 -0.000275015 -0.000566934 0.000149856 -2.79963e-05 -0.000174888 0.000197908 -7.77043e-05 3.0059e-05 -0.000110204 -0.000140103 6.18818e-05 -9.12639e-05 0.000109559 3.09594e-05 -9.90975e-07 -0.000374927 0.00014588 3.82262e-06 -4.16376e-05 0.000170886 -1.98221e-05 2.69574e-05 3.67114e-05 -5.78802e-05 8.60494e-05 3.40435e-06 -0.000196239 0.000141929 3.24187e-05 5.34575e-05 -1.31099e-05 1.05136e-05 0.000125472 -2.85866e-05 -4.11187e-05 5.59922e-05 -2.50394e-06 2.74091e-07 -3.62085e-05 -2.37075e-06 1.37359e-06 -5.52135e-05 -1.20019e-06 3.45218e-07 -5.9167e-07 -6.87882e-10 7.66514e-05 -2.43418e-05 1.53399e-05 6.66984e-07 -1.93343e-05 3.43056e-05 4.78329e-06 -0.000119607 3.026e-07 1.18873e-06 -1.07437e-05 -4.37054e-05 0.000262616 -1.94698e-05 1.08471e-05 -1.00333e-06 1.08755e-05 -9.37935e-07 -1.58099e-07 1.10559e-06 -5.01806e-05 -4.2538e-05 4.83401e-05 9.86324e-05 4.61294e-05 1.83021e-05 -8.9647e-06 -6.26337e-07 -0.000108782 1.07132e-06 6.85266e-06 0.000254757 0.000148383 -0.000138184 -8.93522e-05 4.28046e-05 3.18638e-05 5.2884e-05 3.98185e-05 -7.99858e-06 -9.76963e-05 -8.07714e-06 6.1854e-05 2.98033e-05 -4.66138e-05 -2.94652e-05 -7.47126e-05 3.84361e-05 2.60813e-05 1.69682e-05 -6.09702e-06 -1.27636e-05 -3.09836e-05 4.77684e-06 -1.44804e-05 -2.4051e-05 -2.97678e-05 -2.43964e-05 -3.20424e-05 -3.22977e-05 -8.83348e-06 8.13574e-06 1.84197e-05 3.17851e-05 2.41631e-05 1.82458e-05 1.06053e-05 -8.01047e-06 -4.60386e-05 -4.89967e-05 -2.34291e-05 6.40962e-06 2.58223e-05 -5.81168e-06 -3.90148e-05 -2.57797e-06 -7.40778e-06 2.39813e-07 -8.11878e-06 -9.77514e-06 2.30763e-06 2.2151e-05 2.9809e-05 -1.99879e-05 -6.28172e-06 -1.28532e-05 -8.59028e-06 -2.17783e-06 3.79839e-06 3.40746e-05 6.34989e-05 8.67889e-05 -0.000787775 -0.000326859 -0.000117922
 -1.33894e-05 2.45402 -0.532826 -1.16677e-05 -2.14005 1.72964 -0.283374 -0.0826858 1.58739 -2.41304 -0.167503 4.03599 8.07276e-05 998.04 -2.56549 1.68689e-05 -1.08088 0.0410197 -9.64523e-06 -0.690404 0.296136 -4.36548e-06 -0.907233 0.187348 8.14292 13.7822 -3.67151 0.768907 4.47488 -5.06508 2.71778 -0.630654 2.2292 4.62116 -0.509106 0.50081 -3.29376 -0.800353 0.0293765 7.49116 -3.2956 -0.0815024 1.16174 -4.80318 0.55906 -0.644705 -0.899134 1.41564 -1.84639 0.988069 4.03091 -3.29021 -1.27303 -0.561207 1.06251 -1.20754 -3.60502 1.46123 0.815038 -1.58005 0.0515746 -0.00474765 0.83224 0.209348 -0.0304902 1.06454 0.0127961 -0.00362413 0.0193924 1.32663e-05 -1.61898 0.512068 -0.278505 -0.0114758 0.336497 -0.797144 -0.106467 2.67004 0.00456711 -0.021456 0.199773 1.23151 -8.48738 0.640569 -0.183216 0.0157619 -0.305927 0.0192446 0.00355591 -0.0229969 1.80431 1.83593 -0.838216 -2.17403 -0.998138 -0.323717 0.9063 0.298602 2.03792 -0.197765 -0.198505 -4.89647 -3.82463 2.42346 3.29589 -0.765637 -0.736154 -1.6346 -0.284509 0.485399 1.91958 0.249627 -1.39218 -1.12934 1.57803 1.09392 1.90166 -0.911841 -0.668823 -0.190633 0.207455 0.273804 0.655584 0.0267891 0.46613 0.655896 0.753568 0.572562 0.696133 0.726528 0.189652 -0.2974 -0.645405 -0.901486 -0.58267 -0.508952 -0.35798 -0.0518365 0.562396 0.602353 0.158936 -0.0189746 -0.238235 0.215479 0.748544 -0.024676 0.0500811 -0.255165 0.064915 0.0641456 -0.204369 -0.969706 -1.33993 -0.0421767 -0.0557698 0.104018 0.0344344 0.18783 -0.140875 -0.602766 -1.24237 -1.59137 14.2446 5.33195 2.06351
 1.89064e-07 -0.0236038 0.00500089 2.46968e-08 -0.00642281 0.00522122 1.10412e-06 -1.37407e-05 -3.24583e-05 0.00176312 8.52217e-05 -0.00233655 -6.0554e-06 -2.56549 0.823738 2.2577e-07 -0.00610117 0.000320195 2.14106e-08 -0.00273605 0.00120738 5.45762e-08 -0.00405569 0.000894353 -0.0320371 -0.0562362 0.0149131 -0.00568272 -0.023713 0.0268402 -0.0123441 -0.000149329 0.00154635 -0.0176965 -0.00480494 0.00913135 0.00102624 -0.00182262 0.000164918 -0.0365414 0.00800493 0.000383211 -0.0114144 0.00533742 -0.00033908 -2.99832e-05 -0.000722052 0.00110783 0.00301013 -0.0045917 -0.0156616 0.0131445 0.001866 0.000263275 -0.00527006 0.00622163 0.00627034 -0.00571032 -0.00533778 0.00898948 -0.000497536 4.39494e-05 -0.00111039 -0.000936874 5.33606e-05 -0.00128194 6.11026e-05 -1.75871e-05 -4.06667e-05 7.02422e-08 -0.00451055 0.00153693 -0.000404537 -1.81507e-05 0.000452754 0.00130668 0.000118001 -0.00331 -0.000295036 -0.000201602 0.00150421 -0.004159 0.0291749 -0.00219399 -0.000196785 2.95983e-05 0.00017468 -7.65217e-05 -1.31233e-05 9.04227e-05 -0.00627042 -0.00396222 0.00107239 0.0042972 0.00232093 0.00117059 -0.00169035 -0.00116069 -0.00641197 -0.00137184 0.000733916 0.0165379 0.0123401 -0.00783338 -0.0107695 0.00206349 0.0020671 0.00514099 0.00116913 -0.00203128 -0.00636909 -0.000545414 0.00516545 0.00417299 -0.00533673 -0.00381595 -0.00633787 0.00307383 0.00207595 0.000402312 -0.000700178 -0.00097582 -0.00194599 -0.000180329 -0.00164978 -0.00213599 -0.00224744 -0.00219382 -0.00163249 -0.00266177 -0.00052444 0.0011504 0.00245793 0.00333127 0.00215605 0.0016931 0.0010409 -0.000107937 -0.00208553 -0.00196261 0.000102352 0.000630777 0.00116261 -0.000739098 -0.00231472 0.000290231 -0.000134122 0.00134226 -4.86244e-05 1.08923e-05 0.000846135 0.00339511 0.00428983 0.000283167 0.000232724 -0.000149687 8.07954e-05 -0.000726387 0.000494829 0.00207668 0.00478738 0.00514101 -0.0663909 0.00707705 -0.00581606
 -3.04401e-10 -4.4577e-05 9.66427e-06 1.65413e-10 3.63938e-05 -2.94139e-05 7.77969e-06 2.48928e-06 -4.62353e-05 5.7088e-05 4.38309e-06 -0.000104663 -1.00367e-09 1.68689e-05 2.2577e-07 1000 2.34364e-05 -3.41185e-06 -3.47155e-10 2.48829e-05 -1.06893e-05 -5.63803e-10 2.92892e-05 -6.07066e-06 2.94491e-05 9.84602e-06 -3.11155e-06 -7.66552e-06 -4.92093e-05 5.56511e-05 2.8267e-05 1.37179e-05 -5.58671e-05 6.56849e-05 1.19005e-05 -2.45847e-05 -2.37285e-05 6.09965e-06 -7.63649e-08 -0.000128213 3.32649e-05 9.81027e-07 -3.24499e-05 9.88818e-06 -2.9863e-07 7.69873e-06 1.20242e-05 -1.89456e-05 7.26864e-05 -7.3966e-06 -0.000198141 0.000147393 -2.04654e-05 7.79319e-05 2.7342e-05 -3.99888e-05 5.40744e-06 3.03722e-05 -3.76239e-05 2.3568e-05 6.92983e-06 -5.60651e-07 -1.2358e-05 1.89083e-05 -4.12116e-08 -2.0629e-05 -2.23265e-06 6.11654e-07 4.61584e-07 -4.44561e-10 3.47372e-05 -1.10462e-05 1.00502e-05 4.86674e-07 -1.411e-05 8.37084e-06 1.70448e-06 -4.31502e-05 2.45016e-07 1.29807e-06 -1.14685e-05 -2.63977e-06 -0.000285523 2.26268e-05 1.80905e-05 -1.82605e-06 1.13265e-06 -9.82362e-07 -2.3159e-07 1.22415e-06 -1.80082e-05 1.11193e-05 5.21047e-05 6.92982e-05 3.82927e-05 3.19628e-05 4.95067e-05 1.7549e-06 -0.000167844 -3.44527e-05 -6.35003e-06 0.000253972 -1.15094e-05 0.000130369 -5.22377e-05 5.4082e-06 7.63019e-05 -2.74518e-05 3.53018e-05 -1.36628e-05 -3.79794e-05 -2.22761e-05 -1.29781e-05 5.9532e-06 9.23503e-06 4.6294e-05 -2.13094e-05 -1.19046e-06 -4.30682e-05 3.72722e-06 1.19917e-05 8.29426e-06 -6.2812e-06 -1.71363e-06 -1.72908e-05 -8.45909e-06 -1.62193e-05 -2.86402e-05 -2.6731e-05 -1.34149e-05 -9.06167e-06 -2.68375e-06 -3.77685e-06 8.56228e-06 4.91924e-06 -9.70143e-06 -1.36941e-05 -1.47369e-05 -1.54042e-05 -3.44366e-05 -4.25246e-05 -3.18022e-06 5.18088e-06 -9.43911e-06 1.2977e-06 6.34697e-06 -1.5251e-05 2.19432e-05 -3.17283e-06 -2.35649e-05 -1.63358e-05 -2.26247e-05 -1.38389e-05 -1.93402e-05 -5.6447e-06 -1.16351e-05 -1.01984e-05 7.26916e-06 1.21627e-06 2.50706e-05 4.62497e-05 5.95627e-05 -0.000513976 -0.00033586 -9.15671e-05
 -4.88743e-06 2.10531 -0.454868 -6.27657e-06 -1.01203 0.816251 -0.244437 -0.0719602 1.37145 -1.95961 -0.1399 3.38573 4.82586e-05 -1.08088 -0.00610117 2.34364e-05 996.918 -46.7681 -2.26197e-07 -0.682617 0.293177 4.00787e-06 -0.824591 0.171096 3.59947 3.92504 -1.07126 0.419574 2.64499 -2.99491 1.49426 -0.381885 1.3671 2.41233 0.0650278 -0.275846 -1.09873 -0.450217 0.0163188 3.81128 -1.58583 -0.0375246 1.69682 -2.58735 0.27708 -0.386591 -0.564766 0.887663 -1.42003 1.78724 3.58977 -3.25389 -0.489322 -1.06202 0.59806 -0.603599 -1.89061 0.770183 1.16329 -1.65066 -0.201649 0.0204136 0.1285 0.11399 -0.014846 0.525381 0.0331048 -0.00882969 -0.000893943 1.24106e-05 -1.16936 0.371204 -0.289559 -0.0132262 0.38729 -0.579422 -0.0839452 2.11598 -0.0523259 -0.0448854 0.393965 0.537332 0.664312 -0.0619684 -0.37965 0.0364759 -0.114762 0.0287529 0.00563187 -0.0346808 1.56322 1.17353 -1.29243 -2.39214 -1.24217 -0.788212 -0.470824 0.739431 3.71645 0.789722 0.100443 -7.06147 -2.48646 -0.180919 3.97982 1.26013 -3.32356 -3.10185 2.61173 -0.132773 1.18386 0.614153 0.206563 -0.326802 -0.549582 0.685248 0.675602 0.151135 0.573959 0.429956 0.0336015 -0.0150849 0.307515 0.175872 0.747546 0.545055 0.64836 0.639766 0.939117 0.511435 0.418123 0.237988 -0.215048 -1.32887 -0.33547 -0.00635047 0.155843 0.14118 0.263759 0.31953 0.550681 0.217722 0.242769 -0.290079 -0.0072529 0.0774225 0.330447 -0.574828 -0.80235 0.330661 0.235179 -0.259535 -0.651468 -0.515843 -0.239604 0.0132519 0.0547416 0.0226716 -0.121077 -0.635951 -1.10378 -1.50377 13.7732 7.48405 2.2736
 3.9276e-07 -0.113342 0.0243997 3.00917e-07 0.036527 -0.0294145 0.0108436 0.0031888 -0.0610021 0.0890085 0.00626597 -0.151946 -1.80313e-06 0.0410197 0.000320195 -3.41185e-06 -46.7681 3.07189 3.68046e-08 0.0275126 -0.0117853 -1.17303e-07 0.0332061 -0.00684623 -0.173926 -0.194395 0.0529499 -0.0227943 -0.132222 0.149715 -0.0734057 0.0166033 -0.058799 -0.116144 -0.0076371 0.0206566 0.0484426 0.0191373 -0.000647235 -0.186 0.0733915 0.00184166 -0.0846185 0.115854 -0.0121685 0.0164945 0.023828 -0.0374602 0.0654165 -0.0859455 -0.173119 0.156903 0.0217466 0.050405 -0.0286864 0.0290053 0.0862555 -0.0370478 -0.0573558 0.0812092 0.00925659 -0.000941264 -0.00495959 -0.00557161 0.000671905 -0.023412 -0.00134451 0.000354673 6.51772e-05 -4.69741e-07 0.0486275 -0.0153624 0.0126354 0.000575907 -0.0169494 0.0267666 0.00380348 -0.096225 0.00183064 0.00176336 -0.0157618 -0.0267948 -0.0325245 0.00301977 0.0173531 -0.00166283 0.00482342 -0.00138087 -0.000269107 0.00166419 -0.0744252 -0.0573505 0.0596352 0.115651 0.0613185 0.0389413 0.0225562 -0.0354084 -0.175802 -0.0429682 -0.00686596 0.33751 0.118661 0.00820175 -0.189674 -0.0602539 0.158477 0.148156 -0.124473 0.00631492 -0.0566235 -0.029154 -0.00950293 0.0158423 0.0263076 -0.0327089 -0.0322036 -0.00721774 -0.0273948 -0.020492 -0.00145385 0.00073102 -0.0144257 -0.00842296 -0.0356064 -0.025891 -0.0306938 -0.0308032 -0.0441845 -0.0245569 -0.0198482 -0.0112339 0.0104812 0.0636238 0.0162046 0.000282211 -0.00753519 -0.00689508 -0.0127839 -0.0153865 -0.0258767 -0.00993348 -0.0112007 0.0137332 0.000324242 -0.00361967 -0.0158075 0.0277535 0.0382137 -0.0156728 -0.0111162 0.012546 0.0308646 0.0246405 0.0113975 -0.00050318 -0.00247828 -0.00112373 0.00577008 0.0304493 0.0534715 0.0718027 -0.677501 -0.331794 -0.107509
 -9.01239e-10 2.50592e-05 -5.30071e-06 3.54103e-11 3.88213e-05 -3.14904e-05 -1.07772e-06 1.62535e-07 -1.31785e-06 2.62096e-05 2.07742e-06 -4.74614e-05 2.55087e-10 -9.64523e-06 2.14106e-08 -3.47155e-10 -2.26197e-07 3.68046e-08 1000 -8.35626e-07 1.02593e-06 -4.80537e-10 6.90405e-06 -1.51036e-06 6.69566e-05 1.5724e-06 -1.79414e-06 8.73325e-06 5.49488e-05 -6.22381e-05 7.2264e-05 6.80347e-06 -3.20675e-05 0.000144065 -4.06482e-05 5.57188e-05 -3.81949e-05 -3.62433e-06 3.65562e-07 -5.13888e-05 2.43954e-06 2.54268e-07 -1.22665e-05 -3.63323e-05 4.89809e-06 -2.37677e-06 -2.04741e-06 3.15761e-06 3.68648e-05 1.63144e-05 -7.83542e-05 5.13198e-05 -3.47062e-05 1.75564e-05 6.7883e-05 -8.15477e-05 -3.11156e-05 2.23784e-05 -7.64948e-06 -3.08594e-06 5.64754e-07 1.28021e-07 -2.20885e-05 7.73161e-06 -1.01985e-07 -3.79329e-06 -1.76881e-06 4.80968e-07 3.83172e-07 -1.32848e-10 -7.82226e-07 1.98266e-07 1.38641e-07 4.64493e-08 -1.55607e-06 3.60179e-06 5.44136e-07 -1.20962e-05 5.18317e-07 4.00342e-07 -3.10736e-06 4.95082e-06 -0.000331399 2.56783e-05 9.0265e-06 -9.32701e-07 1.01087e-06 -6.27385e-07 -2.19651e-07 8.53841e-07 1.12385e-06 -4.41866e-05 -5.34596e-05 -7.31589e-05 -2.27524e-05 1.26397e-05 0.000102672 0.000359798 -0.000184834 -4.00655e-05 -2.47854e-05 -6.34639e-05 -7.20331e-05 0.000112978 2.4749e-05 1.06733e-06 6.71153e-05 -4.69911e-07 -2.75213e-05 4.34813e-06 2.94274e-05 -1.23538e-05 -1.2792e-05 -7.3363e-06 -4.54279e-06 1.05643e-05 9.40066e-06 -1.32449e-05 -6.66978e-07 -2.50691e-06 1.16915e-05 1.24951e-05 4.70189e-06 6.64978e-06 -1.42292e-05 -6.29799e-06 -1.82175e-06 -5.64481e-06 6.68382e-06 -6.13886e-06 1.20543e-05 1.60679e-06 -1.69483e-07 -3.06107e-06 2.38226e-06 -7.39038e-06 2.85899e-06 1.52495e-05 -1.67566e-06 -4.9755e-05 -4.93208e-05 2.31243e-05 1.48558e-05 -7.09322e-06 1.13373e-05 1.78736e-05 -5.65506e-06 3.59311e-05 -7.94634e-06 1.29634e-07 -6.65965e-06 -2.18246e-05 -2.20431e-05 -2.34272e-05 -6.56307e-06 -5.18227e-06 -3.5217e-06 3.0206e-06 -1.94167e-07 2.57828e-06 1.06879e-05 2.17257e-06 -5.15878e-05 -3.48321e-05 -9.33405e-06
 -1.6923e-05 1.34755 -0.297378 -1.60037e-05 -3.87939 3.14099 -0.308098 -0.0767154 1.45548 -2.93464 -0.224976 5.41115 3.70601e-05 -0.690404 -0.00273605 2.48829e-05 -0.682617 0.0275126 -8.35626e-07 837.239 -363.875 1.54378e-05 -1.86286 0.397476 -0.84406 4.80064 -1.20906 -0.240242 -0.307021 0.347851 -0.383019 -0.758796 2.98278 -0.174555 2.37125 -3.85512 0.48488 -0.303596 0.00359171 2.09979 -0.655313 -0.0136179 0.187144 -0.31924 0.0276695 -0.295085 -0.359612 0.566304 -0.670135 -0.766237 2.18988 -1.32907 0.925363 -3.15312 -1.2172 1.74717 -0.0893053 -1.72121 0.825221 0.102251 -0.188061 0.0197869 -0.392507 -0.930092 0.0277333 0.0338732 -0.022188 0.0065993 -0.00861054 1.21066e-05 -1.2981 0.421126 -0.542589 -0.0279394 0.815415 -0.784164 -0.105999 2.51449 -0.11632 -0.0492325 0.408019 -1.533 3.30812 -0.240525 -0.47459 0.0490834 0.123324 0.0408054 -0.00262286 -0.0385467 -0.536467 3.54132 1.55574 0.348824 -1.21519 -0.549597 -33.4139 15.4048 1.32328 2.9627 1.15973 3.99874 -6.63089 1.0852 2.3856 -1.03901 0.158985 -1.23471 -0.147344 -0.109556 1.29689 0.250818 0.193083 0.641763 1.00489 0.156602 -0.216464 -0.556353 0.94119 -0.291224 -0.105709 -0.0166324 0.736625 1.46471 -0.40196 0.0217989 0.356109 0.147002 0.849181 -0.891455 0.124579 0.0917562 0.404754 -0.407491 0.177054 0.650947 0.71639 0.440438 0.246333 1.17903 0.919742 -0.359646 -0.262723 -0.895673 -0.0744503 0.118435 0.0114392 1.66773 -0.300882 0.481883 1.06152 0.476669 0.176611 -0.965125 -0.433433 -0.0249948 0.162187 -0.362679 0.0575849 -0.864906 -0.910695 -1.79568 18.9715 9.89548 3.08304
 7.48617e-06 -0.600724 0.132416 6.92265e-06 1.68122 -1.36121 0.133373 0.0331997 -0.63009 1.27512 0.0976265 -2.34841 -1.59437e-05 0.296136 0.00120738 -1.06893e-05 0.293177 -0.0117853 1.02593e-06 -363.875 159.712 -6.74891e-06 0.809468 -0.17271 0.367937 -2.09672 0.528076 0.103515 0.129452 -0.146673 0.165502 0.3294 -1.29482 0.075814 -1.03733 1.68652 -0.211805 0.129916 -0.00145429 -0.913525 0.283839 0.00593743 -0.0814494 0.134696 -0.0114864 0.127064 0.154955 -0.244002 0.291597 0.334488 -0.95484 0.579382 -0.403787 1.37527 0.531586 -0.762859 0.03825 0.75031 -0.360374 -0.0438212 0.0815924 -0.00859087 0.172135 0.405542 -0.0121307 -0.0131578 0.0098159 -0.00291637 0.00367877 -5.21546e-06 0.563103 -0.182665 0.235388 0.0121136 -0.353653 0.341173 0.0461254 -1.09423 0.0494911 0.0212239 -0.175872 0.671192 -1.44227 0.104848 0.206201 -0.0213279 -0.0529676 -0.0177919 0.00114689 0.0168037 0.234159 -1.54035 -0.680574 -0.157041 0.528534 0.246771 14.5726 -6.72425 -0.573987 -1.29156 -0.507946 -1.74241 2.8911 -0.473931 -1.03984 0.452929 -0.0698342 0.538041 0.064859 0.0478724 -0.56577 -0.109315 -0.0841138 -0.279698 -0.437833 -0.0679578 0.0943689 0.242512 -0.410446 0.127066 0.0462342 0.00721068 -0.320925 -0.638572 0.175372 -0.00930909 -0.155025 -0.0644633 -0.369744 0.388493 -0.0543834 -0.0400497 -0.176424 0.177708 -0.0771285 -0.283954 -0.312522 -0.192243 -0.107611 -0.514084 -0.400647 0.156916 0.114683 0.390211 0.0322961 -0.0517623 -0.00518279 -0.726786 0.130979 -0.210198 -0.46278 -0.207759 -0.0773849 0.420605 0.188738 0.0109053 -0.0706946 0.158113 -0.0251272 0.377172 0.397962 0.783065 -8.29273 -4.28642 -1.343
 -6.35161e-10 2.60624e-05 -5.45322e-06 2.2365e-10 6.45391e-05 -5.23178e-05 2.21317e-06 9.85107e-07 -1.80872e-05 2.56465e-05 2.04443e-06 -4.68045e-05 -9.20761e-11 -4.36548e-06 5.45762e-08 -5.63803e-10 4.00787e-06 -1.17303e-07 -4.80537e-10 1.54378e-05 -6.74891e-06 1000 1.99606e-05 -4.41696e-06 0.000112258 -0.000123326 2.90951e-05 1.53522e-05 6.86894e-05 -7.78348e-05 9.80855e-05 1.255e-05 -5.45022e-05 0.000171513 2.599e-05 -5.51814e-05 -5.0535e-05 -3.37609e-06 5.57659e-07 -9.69028e-05 1.1548e-05 5.83091e-07 -1.44106e-06 -4.87629e-05 5.96305e-06 -9.57986e-07 -1.88091e-06 2.78022e-06 2.27667e-05 6.86411e-05 -5.17764e-05 1.33563e-05 -5.61229e-05 3.13452e-05 0.000117068 -0.000140925 -3.94737e-05 4.86711e-05 -1.79949e-05 -6.60965e-06 3.61316e-07 1.44253e-07 -1.98297e-05 9.67239e-06 -2.98337e-08 -8.8671e-06 -1.9323e-06 5.44145e-07 5.01584e-07 -2.48155e-10 1.34133e-05 -4.50926e-06 4.05239e-06 2.38795e-07 -6.57335e-06 4.27284e-06 9.04851e-07 -2.05987e-05 1.01166e-06 7.87562e-07 -6.40707e-06 1.15093e-05 -0.00029509 2.29928e-05 5.42508e-06 -5.93211e-07 -1.30701e-07 -7.36622e-07 -2.6325e-07 1.00811e-06 1.49963e-05 1.25076e-05 5.16189e-06 -1.95624e-06 6.08428e-06 1.6483e-05 9.28963e-05 8.38868e-05 -0.000115005 -5.14995e-05 -2.37259e-05 -1.71016e-05 -3.91182e-06 9.97586e-05 7.86025e-05 -2.6563e-05 3.33815e-05 -4.35296e-05 0.000115831 -3.50815e-05 3.65049e-06 -5.2882e-08 7.7661e-07 -3.09722e-06 9.62821e-07 4.06466e-05 9.69809e-06 -8.77191e-07 -2.99674e-05 2.71724e-05 -2.34905e-07 4.66133e-06 -1.80619e-06 7.2559e-06 5.5535e-06 8.17417e-06 3.44115e-06 -6.55024e-06 7.69874e-06 -6.60567e-06 1.22918e-06 -7.25405e-06 -1.47422e-05 -2.10589e-06 8.43367e-06 -4.89951e-06 1.28218e-05 9.56473e-06 -1.90895e-05 -0.000103788 -7.28009e-05 3.49111e-05 1.507e-05 7.70715e-08 1.22801e-06 7.32335e-06 -1.27353e-05 -6.28932e-06 4.47099e-06 -1.88348e-05 -1.81092e-05 -3.09084e-05 -3.89263e-05 -2.47339e-05 -1.04504e-05 -1.08099e-05 -1.03664e-05 8.58663e-06 -1.34683e-06 1.17149e-05 1.46786e-05 2.09576e-05 -0.000246865 -0.000149095 -4.25575e-05
 9.42146e-06 0.0324906 -0.019041 -1.77821e-05 -4.09986 3.31991 -0.331285 -0.105334 1.9742 -3.03276 -0.230259 5.50132 4.76241e-05 -0.907233 -0.00405569 2.92892e-05 -0.824591 0.0332061 6.90405e-06 -1.86286 0.809468 1.99606e-05 954.355 -204.294 -0.733113 12.4765 -3.16286 -0.023074 0.533249 -0.600366 -3.82567 -1.15326 4.75265 -3.09601 0.786896 -1.05117 0.599233 -0.372227 -0.0010425 3.8992 -1.16969 -0.0301858 -1.48581 0.444093 -0.0307401 -0.309351 -0.374406 0.594444 -0.794307 -2.26503 1.59776 -0.359298 1.62822 -4.52914 -2.70427 3.63592 0.305673 -2.70779 0.710455 0.793727 -0.139675 0.011678 0.29946 -0.30142 -0.019531 1.13578 0.0377107 -0.0106144 -0.0160677 1.6731e-05 -1.43823 0.469446 -0.469246 -0.0241207 0.688649 -0.753584 -0.10948 2.591 -0.113064 -0.0590334 0.49378 -0.560325 2.19196 -0.171344 -0.348723 0.0370446 0.0291491 0.0366466 0.00198627 -0.0389831 -0.808837 0.287899 -0.804174 -1.58933 -1.15238 -0.688441 -9.12826 3.63614 2.30518 2.47413 1.08513 1.31781 -7.11096 -0.636545 4.51339 -0.047766 -2.23126 -6.9313 1.7675 0.773267 -0.733129 -0.513129 -0.273855 0.33901 -0.301734 -1.00747 -0.963561 0.529537 1.37026 -0.73209 -0.0889673 -0.0857253 0.262824 -0.197683 0.171021 0.0662382 0.121596 0.436915 0.271185 0.134003 0.280055 0.638332 1.02622 0.584701 0.208436 0.22793 0.113174 0.142743 0.346418 2.41403 1.78282 -0.461939 -0.366868 -0.136286 0.360253 0.312271 0.390769 0.979904 0.127601 0.571912 2.21783 1.5241 0.680622 -0.485883 -0.0231565 0.294628 0.416199 -0.515574 0.0732684 -0.962659 -1.15542 -2.00143 21.1542 10.9264 3.42512
