 1000 0.00196203 -0.000358424 -1.30665e-09 -0.000104971 8.6905e-05 1.16963e-06 5.64723e-07 -1.46235e-05 -8.02846e-05 -3.95252e-06 8.47133e-05 -3.41502e-10 -6.10708e-07 1.54719e-07 -7.32002e-10 7.97973e-06 -1.96716e-07 -9.04779e-10 -6.68433e-06 2.82548e-06 -6.75327e-10 1.78953e-05 -4.09305e-06 3.43726e-05 -0.000312364 6.59643e-05 -5.45716e-05 -0.000213706 0.000214772 -9.69525e-06 4.60227e-06 -2.02126e-05 9.8382e-05 -0.000103836 0.000155697 -6.64424e-05 6.51233e-06 2.15561e-07 -0.000102784 1.82693e-05 6.65139e-07 1.78455e-05 -6.40703e-05 7.24321e-06 -1.29001e-07 -6.1378e-06 6.12541e-06 7.81809e-05 -5.57155e-05 -0.000191045 0.00013837 -6.10786e-05 0.000105261 9.30013e-05 -0.000104071 -2.80395e-05 2.27491e-05 -3.0197e-05 1.66696e-05 5.20339e-07 -1.83727e-07 5.73434e-05 7.30037e-06 -5.07249e-07 9.81066e-06 -3.55816e-06 6.99214e-07 1.9426e-07 -3.11929e-10 1.74981e-05 -6.36627e-06 8.68451e-06 2.84578e-07 -9.94742e-06 -9.61101e-07 -1.75907e-07 2.97788e-06 3.18838e-06 3.91478e-06 -1.99732e-05 8.16819e-06 -0.000281168 1.42564e-05 7.93916e-06 -6.81368e-07 -9.10443e-06 -9.01294e-07 -3.30104e-07 1.24064e-06 2.38227e-05 2.74479e-05 -3.87577e-05 -0.000150558 -0.000106862 1.28299e-05 -2.66539e-05 0.000469438 -0.000187981 -0.000193431 -8.42473e-05 4.04621e-05 -7.75369e-05 -9.45715e-06 0.000110897 0.000128669 7.16947e-05 -6.43514e-05 -0.00018228 0.000257416 -0.000154573 3.6452e-05 -2.13703e-05 -7.1399e-06 1.56437e-05 3.77253e-05 2.35696e-05 -1.23097e-05 6.32506e-05 -4.34102e-05 1.35508e-05 -8.9849e-06 -1.14339e-05 1.15241e-05 1.06432e-05 -7.99059e-06 -1.81071e-05 0.000194763 -0.000151026 9.89046e-05 -9.89494e-06 6.79057e-06 1.88054e-05 -7.67817e-06 1.8552e-05 -4.99115e-05 2.5773e-05 1.6587e-05 3.25331e-05 -1.60544e-05 -6.75556e-05 3.87325e-05 5.6745e-06 -1.04487e-05 -1.44163e-06 -4.66946e-05 3.57311e-05 2.65433e-05 -3.09882e-06 2.79127e-05 9.94404e-07 -6.53292e-05 -1.70548e-05 -3.97043e-05 -6.07195e-06 -3.31251e-06 -6.41676e-07 8.36567e-06 -1.28252e-06 2.27356e-05 3.16504e-05 2.60517e-05 -0.000654367 -2.68044e-05 -6.91344e-05
 0.00196203 566.204 -102.271 0.000294563 27.9165 -23.1059 0.134152 0.0605099 -0.842369 19.7947 1.23834 -26.9943 4.40624e-06 0.671737 -0.0205745 1.02814e-05 0.211738 -0.0235961 3.7617e-05 -0.899528 0.352836 4.36423e-05 -1.53416 0.347556 17.4101 35.0788 -7.6776 6.34856 25.1514 -25.299 16.2241 1.29997 -6.60976 10.7476 15.4713 -24.7908 8.0291 -0.55484 -0.0481484 16.713 -3.1169 -0.104417 7.2009 4.82194 -0.694359 1.27862 1.86483 -1.90154 0.115298 8.24794 10.1816 -8.70068 0.366011 -3.97599 2.24672 -2.07242 3.88467 4.83916 6.91346 -7.46927 0.0119819 0.0106747 -5.32094 1.39755 0.115175 -3.95467 0.47054 -0.0898533 -0.0161081 1.27481e-05 -2.10297 0.750099 -0.233306 -0.00563918 0.23693 0.482111 0.0874548 -1.42225 0.160575 -0.130656 0.653098 -2.01012 1.3614 -0.0616566 1.76161 -0.120712 -0.368814 0.0953283 0.00785142 -0.104014 1.50095 -3.06128 1.84324 10.0479 10.8349 -1.09772 -28.1111 19.1782 -9.70019 10.7718 6.95098 1.24081 -0.775757 -0.963339 -4.35791 3.78896 4.03881 2.10523 -8.4809 3.86668 -1.31248 1.31587 -1.04541 -0.422249 -0.128992 -0.504564 0.0741401 2.05577 0.921433 -0.711642 0.616575 0.415502 0.602343 -0.362997 0.749821 0.367832 -0.727902 3.3141 -6.26915 3.14057 -0.222309 0.281543 -0.156558 -3.23865 -0.549548 -1.59618 -1.09229 -1.40404 0.617261 -0.0179627 -1.0646 -1.66398 -1.46411 -0.269237 -0.0461555 -1.87165 0.510541 -1.012 -3.29556 -0.0786908 0.423022 -1.77296 -0.124184 -0.741843 -0.697265 -0.548544 -0.597395 0.473477 -0.114338 -2.54677 -4.98365 -4.8465 99.1293 -33.842 5.88122
 -0.000358424 -102.271 19.5599 -5.38862e-05 -5.10048 4.22156 -0.029671 -0.0122315 0.179521 -3.61129 -0.226243 4.9319 3.29725e-08 -0.142779 0.00380667 -1.51757e-06 -0.0529372 0.00490545 -6.96673e-06 0.1481 -0.0578322 -7.99339e-06 0.265785 -0.0600849 -3.1723 -6.3945 1.39953 -1.16328 -4.58571 4.61265 -2.95211 -0.241359 1.22315 -1.95877 -2.82261 4.52276 -1.46671 0.090642 0.00918911 -3.04446 0.557913 0.0190828 -1.31728 -0.893108 0.128208 -0.240595 -0.348641 0.355427 -0.0233722 -1.50149 -1.85474 1.58475 -0.068272 0.72333 -0.408963 0.377263 -0.70961 -0.881602 -1.26102 1.36203 -0.00256318 -0.00191901 0.968338 -0.254015 -0.0210522 0.722096 -0.0855284 0.0163316 0.00298904 -2.22892e-06 0.359882 -0.127912 0.0353618 0.000773575 -0.0352346 -0.0895436 -0.0163186 0.266402 -0.0303788 0.0232663 -0.11626 0.368833 -0.249493 0.0112918 -0.321599 0.0220375 0.0665616 -0.0173683 -0.001426 0.0189462 -0.273299 0.556519 -0.334988 -1.82782 -1.97584 0.201944 5.12132 -3.49599 1.76804 -1.96244 -1.26524 -0.225604 0.141585 0.175327 0.793267 -0.690739 -0.736051 -0.383187 1.5459 -0.705448 0.239452 -0.240055 0.190617 0.0771298 0.0234371 0.0919811 -0.0138073 -0.374269 -0.168289 0.129768 -0.112084 -0.0756042 -0.109369 0.0658558 -0.136568 -0.0666587 0.132842 -0.605127 1.1431 -0.572597 0.0405132 -0.051276 0.0285163 0.590097 0.10017 0.290673 0.198463 0.25534 -0.112841 0.00287287 0.19459 0.303296 0.266984 0.0487725 0.00832664 0.341125 -0.0933641 0.184743 0.599892 0.0140984 -0.0771468 0.323277 0.0222613 0.135148 0.126824 0.0999645 0.108864 -0.0862374 0.0208182 0.464005 0.909312 0.883829 -18.0836 6.19876 -1.06985
 -1.30665e-09 0.000294563 -5.38862e-05 1000 -0.00159669 0.00132456 -9.16449e-06 -1.88931e-06 4.64766e-05 0.000124602 8.31642e-06 -0.000179372 1.73628e-09 -3.59249e-05 1.54886e-08 6.70749e-10 -2.21663e-05 8.62468e-07 1.72053e-10 -4.00725e-05 1.62804e-05 3.82716e-10 -4.15093e-05 9.67683e-06 0.000123933 9.9767e-05 -2.26075e-05 9.44523e-06 5.76442e-05 -5.81771e-05 0.000233097 4.94345e-06 -3.84397e-05 0.000234729 1.79166e-05 -4.23791e-05 5.05404e-05 -2.02332e-05 5.22026e-07 4.74696e-05 -1.71606e-05 1.35517e-07 8.84334e-05 -1.15176e-05 2.96628e-07 -4.84814e-06 -7.89452e-06 7.71296e-06 2.5191e-06 3.94731e-05 -2.31693e-05 5.64106e-06 -1.9386e-05 -3.15484e-05 8.20258e-05 -8.31075e-05 3.0425e-05 2.15968e-05 5.97404e-05 -5.67864e-05 -2.70829e-06 6.77105e-08 -2.45998e-05 -6.21462e-05 7.88571e-06 -0.000176146 -2.46054e-06 4.41194e-07 4.95868e-07 2.91916e-10 -7.11829e-05 2.64052e-05 -1.4983e-05 -5.00875e-07 1.58581e-05 -8.53546e-06 -1.00526e-06 2.09481e-05 2.03228e-06 -6.07431e-07 2.92971e-06 -2.9051e-05 -0.000121825 5.90579e-06 3.36655e-05 -2.29822e-06 -2.88282e-06 4.40694e-08 -9.10321e-08 4.70685e-08 -2.43026e-05 -3.53578e-05 -1.78021e-06 -2.1987e-06 -1.66313e-05 6.29325e-06 9.61009e-05 -6.19016e-05 -4.90318e-05 9.07885e-05 3.09541e-05 -4.34992e-05 6.91285e-06 3.86926e-05 -4.13734e-05 0.000119629 -3.0818e-05 -5.50737e-06 -2.02294e-05 9.41572e-06 1.21672e-05 1.80826e-06 9.87488e-06 -1.42301e-05 2.55049e-05 -2.46886e-05 -8.82106e-07 7.05313e-06 4.09917e-05 -4.97061e-05 -3.81959e-05 3.46138e-05 4.31916e-05 6.38537e-05 -6.8968e-05 -0.000215757 -9.40537e-05 0.00013944 -7.12762e-05 0.000141923 -4.20096e-06 1.63043e-06 2.08463e-05 1.43432e-05 9.86876e-06 -2.94399e-06 2.1638e-05 -1.64672e-05 6.39651e-05 -3.05527e-05 -8.20969e-05 -2.11918e-05 -7.23422e-05 5.94332e-05 6.39098e-05 2.56551e-06 -7.19933e-06 -5.28675e-06 -2.72607e-05 6.69276e-05 4.75288e-05 -0.000117453 4.88824e-05 -3.07984e-05 -5.50302e-06 -3.06973e-06 -4.18757e-06 -3.98016e-06 1.51223e-06 -2.5818e-05 -6.11764e-05 -6.79716e-05 0.000894149 -0.000193951 6.62189e-05
 -0.000104971 27.9165 -5.10048 -0.00159669 440.112 -362.758 -0.787456 -0.175564 4.17076 12.3836 0.768204 -16.6867 0.000171494 -3.57227 -0.00273641 7.0778e-05 -2.18417 0.0809009 2.33502e-05 -4.31138 1.75322 4.41747e-05 -4.40804 1.0301 10.2253 19.6907 -4.31704 3.39976 14.7452 -14.8354 15.7009 -0.527821 1.16424 8.98868 8.9173 -14.4529 4.26086 -2.15028 0.0449313 7.84031 -2.95295 -0.0398118 4.01628 0.209752 -0.114953 -0.806183 -0.898276 0.88674 -0.864451 2.48578 -1.56729 0.441368 1.03451 -4.29374 1.01368 -0.767762 2.46628 2.90625 4.43371 -4.71655 -0.192837 0.0228484 -5.39453 -1.83882 0.375973 -9.38657 -0.148096 0.0298845 0.0372168 3.06126e-05 -6.64138 2.46688 -1.3472 -0.0447599 1.44888 -0.396567 -0.0330398 0.841777 0.104213 -0.0788095 0.400323 -3.47444 -0.0215842 0.00852251 1.97255 -0.134624 -0.10599 0.0487628 0.00348447 -0.0526711 0.55416 -1.14223 1.08161 1.77005 -1.12476 0.312603 4.14543 -1.76895 -1.66633 6.21118 1.89866 -1.73901 -0.399346 0.987471 -1.70553 3.046 -0.482425 -0.650277 -1.00485 0.940891 0.17612 -0.266795 -0.688684 -1.403 0.284503 0.0497592 -0.365634 -0.0455906 2.42786 -0.966752 -1.72133 -0.707762 -0.617361 2.42041 2.95658 -1.54185 -1.38968 4.01076 -7.65733 2.72172 0.34026 0.31029 -0.173279 -0.909261 -0.423025 0.123078 -0.056493 -1.33997 0.840896 0.697209 0.392145 -0.879091 -1.31898 -0.0775392 0.0797267 -0.265764 0.711085 -0.210376 -3.25407 0.0799468 1.79414 -1.87694 0.29741 -0.694531 -0.479223 -0.323588 -0.326095 0.138965 -0.045 -2.12153 -3.75404 -3.84282 77.2801 -20.6875 5.27348
 8.6905e-05 -23.1059 4.22156 0.00132456 -362.758 301.511 0.649677 0.144807 -3.44112 -10.2495 -0.63595 13.8139 -0.000141662 2.94994 0.0022815 -5.84561e-05 1.80272 -0.0667481 -1.93506e-05 3.56318 -1.44896 -3.65616e-05 3.64326 -0.851372 -8.46037 -16.2939 3.5723 -2.81615 -12.2018 12.2765 -12.9909 0.435194 -0.956818 -7.43809 -7.37958 11.9606 -3.52576 1.77644 -0.0370707 -6.48531 2.44075 0.032946 -3.32372 -0.176976 0.0955022 0.664743 0.740624 -0.731047 0.716183 -2.05662 1.29652 -0.365061 -0.856624 3.55273 -0.838347 0.634848 -2.04088 -2.40449 -3.66919 3.90302 0.159346 -0.0188902 4.46269 1.52236 -0.311164 7.76827 0.122758 -0.024769 -0.0308402 -2.5297e-05 5.48738 -2.0382 1.11221 0.0369479 -1.1961 0.327237 0.0271731 -0.693388 -0.0866684 0.0649929 -0.330143 2.87571 0.0162934 -0.00698009 -1.63248 0.111414 0.0877809 -0.0403491 -0.0028816 0.0435814 -0.458195 0.944854 -0.894626 -1.46394 0.930388 -0.258835 -3.42994 1.46401 1.37923 -5.14043 -1.57126 1.43931 0.330282 -0.817268 1.41151 -2.52073 0.399301 0.537911 0.83175 -0.778336 -0.145934 0.220645 0.569748 1.1609 -0.235406 -0.0407815 0.302503 0.0376423 -2.00898 0.800083 1.42461 0.58548 0.51076 -2.00295 -2.44574 1.27694 1.15032 -3.31934 6.33599 -2.25258 -0.28151 -0.25672 0.143273 0.752307 0.350029 -0.101934 0.0464988 1.10861 -0.696123 -0.576968 -0.323989 0.727575 1.09179 0.0637092 -0.0663126 0.219875 -0.588444 0.174358 2.69221 -0.0665402 -1.48467 1.55346 -0.246572 0.57468 0.396406 0.267749 0.269834 -0.114913 0.037213 1.75551 3.10714 3.18034 -63.9582 17.1345 -4.36283
 1.16963e-06 0.134152 -0.029671 -9.16449e-06 -0.787456 0.649677 999.835 -0.0812807 0.859803 -0.118877 -0.0207839 0.504327 1.35569e-05 -0.306185 -7.86299e-05 9.11194e-06 -0.26837 0.0104602 -1.60152e-06 -0.333176 0.135185 1.37999e-06 -0.345363 0.0803837 0.214267 0.543567 -0.120121 -0.0143384 0.612432 -0.61743 0.901533 -0.100899 0.36809 1.00676 0.000637889 -0.0607417 -0.0732102 -0.110797 0.00318674 0.117398 -0.127284 0.000263482 0.0396827 -0.34249 0.035916 -0.18086 -0.184336 0.183934 0.179751 -0.175471 -0.440325 0.330442 -0.0216825 -1.64387 0.937207 -0.859318 -0.240889 -0.178798 -0.00271748 0.0740402 -0.081082 0.00692078 -0.552272 0.154022 -0.00528702 0.0719372 -0.0236064 0.00446208 -0.00131088 2.45866e-06 -0.485924 0.179649 -0.200523 -0.00737959 0.240695 -0.220014 -0.0309215 0.60079 -0.0213996 -0.0172653 0.0873233 0.0623583 -0.664981 0.0309351 -0.217442 0.0147036 0.148728 0.00299805 -8.41861e-05 -0.00293837 -0.26216 -0.272143 -0.169887 -0.314046 -0.229885 -0.00368458 0.18409 0.97403 -1.35803 0.448627 0.240066 0.163344 0.494169 -0.234846 -0.187132 0.043624 0.262304 -0.238089 0.0126956 -0.0307833 -0.022027 -0.0321761 -0.0673682 -0.0279982 -0.0778624 -0.149209 0.321324 -0.448487 0.0882483 -0.0482725 0.0636187 -0.0724989 0.0477895 -0.093745 -0.0781939 0.0260115 -0.126258 -0.0204453 0.34475 -0.218527 0.044787 0.105477 0.131564 -0.648035 0.235957 -0.224959 0.0970834 0.208125 -0.31658 -0.0780633 -0.00623577 0.3047 -0.127866 0.128703 0.189541 -0.03209 0.0674092 0.0442622 0.153814 0.00962675 0.417062 0.442326 0.0181225 -0.108886 -0.077902 0.0436456 0.0464184 -0.118122 0.0177202 -0.412047 -0.509965 -0.59665 8.36296 5.49851 1.50286
 5.64723e-07 0.0605099 -0.0122315 -1.88931e-06 -0.175564 0.144807 -0.0812807 2.99725 -45.8898 -0.0234254 -0.00487128 0.11836 3.0857e-06 -0.0681094 -3.66853e-05 2.24038e-06 -0.0613464 0.00238835 -4.52869e-08 -0.0666512 0.0270267 5.12663e-07 -0.0822332 0.0191752 0.0208918 0.24295 -0.0524212 0.00627232 0.169911 -0.171134 0.182502 -0.0289833 0.11108 0.178663 0.0636773 -0.109727 -0.0101898 -0.0249039 0.000546765 0.0335578 -0.0291605 -0.00010466 -0.0122236 -0.063251 0.00652674 -0.038805 -0.0418241 0.0416058 0.0459871 -0.0544218 -0.144947 0.108105 0.0315134 -0.441111 0.168068 -0.143877 -0.0593475 -0.0536324 -0.0194089 0.0367743 -0.0186713 0.00200655 -0.199642 0.0807167 -0.000928735 -0.0173804 -0.00590558 0.00111762 -0.00037874 6.39102e-07 -0.111733 0.041306 -0.0458554 -0.00168207 0.0549012 -0.0573621 -0.00785333 0.151024 -0.00906866 -0.00503909 0.025438 0.0156725 -0.0300537 0.00126968 -0.0385909 0.00262051 0.0415306 0.00102457 0.000251561 -0.00128584 -0.0651758 -0.0741323 -0.0462947 -0.0686477 -0.0369852 0.00487431 0.254099 0.0251229 -0.324214 0.110736 0.0682507 0.179825 0.0840661 -0.0438449 -0.152505 -0.057607 0.0981385 -0.051073 0.0138582 -0.013723 -0.0135299 -0.0152044 -0.0259424 -0.00783907 -0.0236169 -0.0847487 0.144241 -0.103752 0.0101513 -0.03127 0.0505511 -0.0245027 0.0189283 -0.0306099 -0.00335326 0.0167738 -0.0629842 -0.0156022 0.0351111 -0.0479891 0.0201312 0.0386745 0.0367189 -0.104682 0.0246327 -0.0149782 0.0112319 -0.0137578 -0.0746539 0.0223427 0.0552631 0.0684262 -0.000352605 0.0226942 0.00893284 -0.0418216 -0.0489327 0.107468 -0.0122979 0.0738984 0.152675 0.0494783 -0.0476059 -0.0295836 -0.0168707 0.00918711 0.0138683 -0.0308737 0.00437825 -0.101968 -0.0935452 -0.120667 2.08389 1.35158 0.372448
 -1.46235e-05 -0.842369 0.179521 4.64766e-05 4.17076 -3.44112 0.859803 -45.8898 993.183 0.690677 0.122715 -2.93719 -7.04466e-05 1.56473 0.000398542 -4.96983e-05 1.39583 -0.0546851 2.57513e-06 1.51113 -0.61309 -1.10582e-05 1.84661 -0.430893 -0.436979 -5.03713 1.08733 -0.0426365 -3.46834 3.49339 -3.8678 0.674075 -2.60785 -3.81453 -1.21337 2.11445 0.233031 0.61093 -0.0148401 -0.761659 0.688249 0.00199824 0.27029 1.50086 -0.156381 0.914839 0.967971 -0.965323 -1.03217 1.15537 3.09887 -2.3085 -0.638806 9.38748 -3.62454 3.11139 1.28893 1.14405 0.442903 -0.808315 0.403566 -0.0431593 4.22194 -1.72716 0.0216065 0.323114 0.129596 -0.0245275 0.00852526 -1.49028e-05 2.56081 -0.948001 1.05839 0.0389881 -1.26748 1.26001 0.171872 -3.30347 0.199619 0.108898 -0.549825 -0.430643 0.759155 -0.032365 0.839585 -0.0569808 -0.912941 -0.0216122 -0.00537571 0.0271932 1.38355 1.59935 0.980206 1.45392 0.806382 -0.130214 -5.40946 -0.563326 6.90375 -2.30583 -1.4073 -3.84788 -1.79211 0.939924 3.2349 1.22404 -2.08755 1.10041 -0.310986 0.285899 0.294842 0.32982 0.555332 0.167339 0.497707 1.79131 -3.07436 2.21697 -0.211522 0.660757 -1.08524 0.519242 -0.411371 0.653576 0.0714345 -0.364812 1.33541 0.348925 -0.773609 1.03001 -0.430847 -0.825705 -0.785025 2.235 -0.533148 0.32697 -0.235513 0.294915 1.60327 -0.464912 -1.18364 -1.47353 0.000833907 -0.480635 -0.19151 0.890981 1.04618 -2.2975 0.261648 -1.57108 -3.25691 -1.06165 1.02587 0.635527 0.364243 -0.198127 -0.29789 0.65806 -0.0930277 2.1706 1.96605 2.55105 -43.7845 -29.5968 -7.97004
 -8.02846e-05 19.7947 -3.61129 0.000124602 12.3836 -10.2495 -0.118877 -0.0234254 0.690677 870.886 -7.94765 158.508 0.00010975 -2.41443 0.00092411 6.22465e-05 -1.81495 0.0721109 1.8182e-05 -2.54217 1.03476 1.66236e-05 -2.74143 0.642946 5.61975 7.31499 -1.62296 1.94505 6.38134 -6.42416 8.28477 0.185689 -1.37515 6.29155 3.85441 -6.39676 3.5826 -0.816772 0.00816321 4.09402 -1.33581 -0.0187161 2.28377 1.07518 -0.163564 0.120611 0.0866572 -0.0975627 1.0605 2.31731 -4.03743 2.07568 -0.402949 -3.45952 2.6467 -2.51022 2.77913 3.33061 0.497539 -1.70206 0.409575 -0.00904116 -6.31594 4.06262 0.167402 -6.93863 0.124046 -0.023893 -0.0119688 3.38373e-06 -2.82679 1.04364 -0.436951 -0.0102765 0.36381 1.45387 0.193236 -3.41133 -0.172113 -0.257948 1.31232 -0.848543 -3.4096 0.179071 0.228576 -0.0162216 0.4205 0.0118045 -0.0103643 -0.00148998 -0.565618 -0.0838982 -4.14187 -4.41386 8.75109 11.0022 -10.9198 -1.75413 -5.00327 27.6986 7.05514 -12.0144 3.57178 -1.45684 -3.51169 2.38145 8.19934 14.3795 -15.868 0.209301 2.45527 1.11776 -0.495134 -0.947009 -1.05455 2.31408 -5.23095 0.313188 3.2595 -3.56012 0.723518 -0.137942 -1.90203 -0.0372599 -0.457148 1.66908 -5.49694 9.23109 -11.2254 7.1965 -2.21929 -0.912181 1.44216 -5.43956 0.300708 -3.25789 -1.41405 1.17105 0.0139269 -0.0759507 -0.415728 -1.5132 -1.52756 0.978979 -0.0737508 -2.76895 0.0749511 1.20997 -1.39242 0.166092 -2.05452 1.13909 1.72467 -1.49243 -2.93531 -1.01951 -0.953803 0.163657 0.00502041 -1.13777 -1.34076 3.47915 49.5217 -22.2111 2.29036
 -3.95252e-06 1.23834 -0.226243 8.31642e-06 0.768204 -0.63595 -0.0207839 -0.00487128 0.122715 -7.94765 2.56592 -36.7316 7.28134e-06 -0.160851 1.89217e-05 4.28525e-06 -0.123829 0.00484815 1.17987e-06 -0.179328 0.0728912 1.2113e-06 -0.195716 0.0457819 0.261986 0.779101 -0.169183 0.15526 0.601779 -0.60555 0.486955 -0.0170387 0.0405102 0.224021 0.408988 -0.651402 0.18535 -0.0627886 0.000829763 0.129433 -0.0635393 -0.000772286 0.0122032 0.0645851 -0.00864994 -0.0243497 -0.0186508 0.0182126 -0.0888105 0.0916638 0.00417884 -0.0235735 0.0406714 -0.320755 0.0284099 -0.00750927 0.0941887 0.0357371 0.126839 -0.117931 -0.00651396 0.000857509 -0.266863 0.087716 0.00638767 -0.22855 0.0094372 -0.00177991 -0.000831132 5.03318e-07 -0.189222 0.0698584 -0.0467238 -0.00143984 0.0482144 0.0884167 0.0118486 -0.219249 -0.000262015 -0.00465791 0.0234442 -0.0933349 0.277844 -0.0134896 0.0418271 -0.00297793 0.0197881 0.00236162 0.000418469 -0.00280178 -0.0378186 -0.216346 -0.217269 0.0651621 0.755112 0.770535 -0.520349 -0.0518024 -0.313094 0.606905 0.0897127 -0.174458 0.3704 0.062693 -0.419186 -0.262688 0.0950795 0.43523 -0.191954 -0.0195617 -0.0205302 0.000825113 -0.0410926 -0.0506624 -0.0749689 0.0583227 -0.138082 -0.0473163 0.112788 -0.0944192 0.00120976 -0.0261621 -0.0522946 -0.00946196 0.0504723 0.0171563 -0.138167 0.317919 -0.310675 0.0493213 -0.000196125 -0.0324766 0.0587602 -0.239323 0.0412316 -0.0504753 -0.0204622 -0.00828881 -0.0540122 0.0366806 -0.0169295 -0.0645527 -0.0456397 -0.00172064 0.0358302 -0.0682379 0.0241341 0.0395651 -0.0938861 0.0216737 0.0747556 0.0203453 -0.0129345 -0.0201265 -0.0304292 -0.0122277 -0.012172 -0.0114505 0.00143941 -0.112162 -0.168688 -0.193171 3.59641 -0.377914 0.315874
 8.47133e-05 -26.9943 4.9319 -0.000179372 -16.6867 13.8139 0.504327 0.11836 -2.93719 158.508 -36.7316 799.326 -0.000163853 3.63036 -0.000752401 -9.58957e-05 2.80739 -0.110251 -2.49077e-05 4.04733 -1.64543 -2.56777e-05 4.39567 -1.02851 -5.77638 -16.8397 3.65817 -3.34539 -13.0103 13.092 -10.7865 0.431878 -1.12666 -5.01169 -8.78063 13.997 -4.08606 1.47553 -0.0220786 -2.89202 1.47579 0.0165824 -0.282989 -1.26365 0.172537 0.61734 0.471366 -0.464237 1.92449 -2.04268 0.114818 0.389665 -0.801027 6.97291 -0.709168 0.258268 -2.11754 -0.87592 -2.71461 2.56744 0.129131 -0.0182955 5.97623 -2.00272 -0.143992 5.16595 -0.217228 0.0410118 0.0203146 -1.14296e-05 4.27839 -1.58047 1.08575 0.0338208 -1.12687 -2.02315 -0.269071 4.97994 -0.00919582 0.0942128 -0.474556 2.15813 -5.78202 0.280326 -0.904756 0.0643874 -0.417076 -0.0507738 -0.00861659 0.059855 0.827162 4.73796 4.70155 -1.44243 -16.2363 -16.6489 11.423 1.1728 6.92857 -14.1185 -2.04811 4.154 -8.06348 -1.29765 9.09526 5.5491 -2.3076 -9.81155 4.63419 0.408689 0.358382 -0.0579246 0.896673 1.12003 1.63735 -1.33608 3.13591 1.00066 -2.52154 2.13648 -0.0530257 0.562161 1.18036 0.197249 -1.0677 -0.421536 3.13819 -7.11856 7.0191 -1.29131 0.0716914 0.722176 -1.30908 5.29941 -0.90033 1.18221 0.483654 0.141887 1.16108 -0.784417 0.367109 1.42177 1.02181 0.00603503 -0.767041 1.54696 -0.520434 -0.892267 2.05418 -0.471841 -1.54037 -0.475574 0.223004 0.475954 0.741889 0.29264 0.288714 0.240195 -0.0310561 2.43582 3.63886 4.00898 -78.5069 8.772 -6.83207
 -3.41502e-10 4.40624e-06 3.29725e-08 1.73628e-09 0.000171494 -0.000141662 1.35569e-05 3.0857e-06 -7.04466e-05 0.00010975 7.28134e-06 -0.000163853 1000 7.5156e-05 -6.3553e-06 -9.05653e-10 4.17545e-05 -1.34095e-06 2.84713e-10 3.3178e-05 -1.33747e-05 1.27203e-10 3.96707e-05 -9.08767e-06 -0.000261638 -0.00050095 0.000110736 -2.07598e-05 -0.000162416 0.00016347 -7.42344e-05 1.97773e-05 -7.8407e-05 -0.000126124 4.67689e-05 -6.54904e-05 9.74934e-05 1.94917e-05 -3.22691e-07 -0.000339758 0.000136241 2.36419e-06 -4.68075e-05 0.000138278 -1.36993e-05 3.27314e-05 3.74349e-05 -3.7436e-05 0.000104057 -7.63657e-05 -0.000192287 0.000144214 2.68474e-05 5.32647e-05 -3.63722e-05 3.44096e-05 8.64771e-05 -5.45558e-05 -2.88264e-05 4.18645e-05 1.46672e-06 -1.98373e-07 3.76172e-05 1.05611e-06 9.95152e-07 -3.03612e-05 9.78545e-07 -1.95526e-07 -3.03342e-07 -1.92136e-10 5.93648e-05 -2.17508e-05 1.60879e-05 5.55125e-07 -1.75598e-05 3.08775e-05 4.61433e-06 -9.17095e-05 3.88216e-06 2.9729e-06 -1.56577e-05 -5.55804e-05 0.000241163 -1.11999e-05 2.31995e-06 -9.75386e-08 2.10011e-07 -7.69885e-07 4.80592e-09 7.71352e-07 -5.49561e-05 -4.44077e-05 9.92875e-06 5.13767e-05 1.27844e-05 -1.33298e-05 1.98641e-05 2.64043e-05 -8.25191e-05 -0.000113041 -4.12531e-05 0.000149668 0.000146013 -4.73204e-05 -6.16416e-05 7.20901e-05 6.2058e-05 8.46723e-05 5.33995e-05 -1.19684e-05 -8.85992e-05 -1.45268e-05 6.79663e-05 5.95324e-05 -2.23408e-05 -3.05081e-05 -8.80965e-05 3.16902e-05 2.72412e-05 1.40077e-05 8.37873e-06 9.98142e-06 -2.34508e-05 8.24299e-07 -1.35197e-05 -3.31197e-05 -3.3286e-05 -1.47802e-05 -3.56406e-05 -3.41905e-05 -1.64784e-05 -3.00305e-06 1.00715e-05 3.03964e-05 2.07629e-05 1.5778e-05 1.2122e-05 2.40778e-06 -3.23231e-05 -3.33447e-05 -1.65556e-05 9.81555e-06 1.73653e-05 -5.58293e-08 -3.06603e-05 1.13007e-06 -3.08435e-06 -1.39395e-06 -1.87035e-06 -6.73706e-06 -1.09966e-06 1.94336e-05 3.47345e-05 -1.43413e-05 -2.6646e-06 -9.6718e-06 -6.29098e-06 -4.96788e-06 3.66658e-06 3.32958e-05 4.70016e-05 4.88069e-05 -0.000765719 -0.000316608 -0.000115038
 -6.10708e-07 0.671737 -0.142779 -3.59249e-05 -3.57227 2.94994 -0.306185 -0.0681094 1.56473 -2.41443 -0.160851 3.63036 7.5156e-05 997.961 -2.74651 1.53033e-05 -1.01929 0.0333379 -1.12966e-05 -0.716475 0.28814 -9.54111e-06 -0.832189 0.189488 8.56185 13.3861 -2.98168 0.618415 4.56176 -4.59227 2.72441 -0.46476 1.77291 4.77108 -0.453428 0.419677 -3.27923 -0.525004 0.0104543 7.76273 -3.44172 -0.0580896 1.4548 -4.35315 0.433618 -0.878594 -1.0199 1.01946 -2.41061 2.75138 4.28011 -3.46883 -1.25467 -0.621926 1.67726 -1.71247 -2.74736 2.17385 0.85531 -1.44336 -0.0575498 0.00667443 -0.596928 0.0988998 -0.0208773 0.589954 -0.0316786 0.00636675 0.0106372 2.22641e-06 -1.34874 0.492318 -0.334795 -0.011189 0.353597 -0.829897 -0.120781 2.39863 -0.0604998 -0.0497974 0.267358 1.93047 -9.16326 0.442286 -0.0337784 0.00024049 -0.0923242 0.0192485 0.000160173 -0.0195693 1.95161 1.45122 0.0268262 -0.700029 0.386041 0.941177 0.0461406 -0.229582 1.90396 1.8987 0.758259 -3.11286 -4.12688 0.655589 3.15636 -1.33918 -1.53615 -2.31959 -0.472359 0.58429 2.0338 0.460337 -1.52421 -1.75878 1.14561 1.27559 2.34917 -0.750952 -0.717585 -0.0834629 -0.0748383 -0.125546 0.623549 0.237611 0.490157 0.824632 0.812731 0.394411 0.756215 0.816867 0.279481 -0.158222 -0.569638 -0.926385 -0.574079 -0.503367 -0.522589 -0.311006 0.240024 0.214815 -0.048858 -0.159272 -0.182142 0.00651173 0.509021 -0.210625 -0.17715 -0.355186 -0.212022 -0.0952863 -0.218412 -1.00527 -1.56193 -0.26769 -0.220015 -0.0114116 -0.0677988 0.382742 -0.131968 -0.67275 -1.04714 -1.05247 15.7827 5.9533 2.30196
 1.54719e-07 -0.0205745 0.00380667 1.54886e-08 -0.00273641 0.0022815 -7.86299e-05 -3.66853e-05 0.000398542 0.00092411 1.89217e-05 -0.000752401 -6.3553e-06 -2.74651 0.824953 2.54268e-07 -0.00593199 0.000284843 1.51997e-08 -0.00249492 0.0010373 4.54263e-08 -0.00362312 0.000879001 -0.0349207 -0.0568518 0.0126008 -0.00605165 -0.0251521 0.0253132 -0.0132915 -0.00026261 0.00206109 -0.0193218 -0.00510478 0.00913237 0.00215267 -0.00176776 0.000142653 -0.0360768 0.00888315 0.000264423 -0.0113657 0.00596792 -0.000392706 -0.000176323 -0.000925065 0.000948125 0.00439098 -0.0111966 -0.0185076 0.0148834 0.00248543 0.000455234 -0.00713618 0.00742884 0.00509036 -0.00876467 -0.00597098 0.00798181 -2.80102e-05 -8.99942e-06 0.00268461 -0.000131202 -5.46093e-06 3.71402e-05 0.000256418 -5.03105e-05 -4.25957e-05 4.7744e-08 -0.00379181 0.00148309 -0.000524914 -1.59789e-05 0.000491424 0.00123035 0.000132325 -0.00290855 -0.000203857 -0.000245711 0.00116789 -0.00513413 0.0329923 -0.00158763 -0.000494497 4.05972e-05 -6.60918e-05 -7.64536e-05 4.33068e-08 7.70461e-05 -0.00703354 -0.00289392 -0.00157511 -0.000257735 -0.000707436 -0.0011077 0.000373653 0.000202414 -0.00591145 -0.00852661 -0.00287578 0.0112669 0.0139523 -0.00234906 -0.0109672 0.0041117 0.00487239 0.00764098 0.0018445 -0.00236145 -0.00718024 -0.00147553 0.00565588 0.00630956 -0.00420303 -0.0045918 -0.0081242 0.00265041 0.00228691 4.74202e-05 0.000267417 0.000249653 -0.00203205 -0.00101796 -0.00189951 -0.00275103 -0.0026218 -0.00177379 -0.00190938 -0.00312817 -0.000894252 0.000692873 0.00220706 0.00348886 0.00215617 0.00170332 0.00161657 0.000765288 -0.00110637 -0.000833875 0.000793346 0.00104238 0.00100432 -0.000129624 -0.00168779 0.000918769 0.000579126 0.00178185 0.00084722 0.000496988 0.000898504 0.00367349 0.00519326 0.000986242 0.000769595 0.000181639 0.000399167 -0.00145811 0.000475491 0.00246441 0.00469092 0.00431796 -0.0764082 0.00489014 -0.0070821
 -7.32002e-10 1.02814e-05 -1.51757e-06 6.70749e-10 7.0778e-05 -5.84561e-05 9.11194e-06 2.24038e-06 -4.96983e-05 6.22465e-05 4.28525e-06 -9.58957e-05 -9.05653e-10 1.53033e-05 2.54268e-07 1000 2.40528e-05 -3.66863e-06 -3.57992e-10 2.17808e-05 -8.78243e-06 -5.33628e-10 2.90964e-05 -6.69821e-06 3.24274e-05 -1.3505e-05 2.4138e-06 -9.69942e-06 -5.90036e-05 5.93466e-05 1.55351e-05 1.04493e-05 -4.60513e-05 5.94211e-05 -1.1869e-06 -2.09445e-06 -2.53181e-05 6.21017e-06 -9.43254e-08 -0.000120517 3.231e-05 6.01329e-07 -2.39836e-05 3.69614e-06 2.46897e-07 9.47033e-06 1.14524e-05 -1.13161e-05 6.86497e-05 -2.54851e-05 -0.000136875 9.55062e-05 -2.42571e-05 8.41053e-05 7.88984e-06 -1.42657e-05 1.06478e-05 1.55936e-05 -2.05115e-05 1.06413e-05 8.83758e-06 -6.04894e-07 3.03955e-05 1.03531e-05 6.70114e-08 -8.87611e-06 -1.00518e-06 1.85631e-07 2.67432e-07 -3.30158e-10 3.49401e-05 -1.28716e-05 1.20134e-05 4.56618e-07 -1.46104e-05 8.1007e-06 1.56331e-06 -3.17311e-05 5.55914e-06 5.10386e-06 -2.63529e-05 2.71237e-05 -0.000384874 1.97947e-05 1.42585e-05 -9.64239e-07 -6.727e-06 -5.4965e-07 2.67697e-08 5.27309e-07 -1.43781e-05 -7.52697e-05 7.99025e-06 9.41977e-05 0.000105787 7.86934e-05 4.16889e-05 2.06304e-05 -9.63847e-05 -0.000218329 -6.59259e-05 0.000198101 -2.07644e-05 0.000144607 -2.44441e-05 1.06606e-05 0.000105966 -1.73185e-05 5.08153e-05 -1.64282e-05 -1.81671e-05 -1.48656e-05 -1.22435e-05 6.54865e-06 1.12632e-05 5.75515e-05 -1.6268e-05 3.82612e-06 -3.37053e-05 6.05138e-06 7.17905e-06 1.14543e-05 -8.28661e-06 -4.84768e-07 -1.40872e-05 -1.25377e-05 -1.62319e-05 -2.21096e-05 -3.60215e-05 -1.05121e-05 -1.15694e-05 -4.68433e-06 -3.16123e-06 1.03544e-05 5.59393e-06 -9.49972e-06 -9.4076e-06 -1.44596e-05 -1.65565e-05 -2.95998e-05 -3.45178e-05 -1.32034e-06 1.55667e-06 -7.80179e-06 4.90005e-06 1.02835e-05 -7.03878e-06 2.73319e-05 3.27306e-06 -1.76796e-05 -1.31711e-05 -2.12445e-05 -1.08315e-05 -2.31179e-05 -6.35861e-06 -1.04042e-05 -9.37053e-06 1.20345e-05 9.86106e-07 2.76119e-05 3.95745e-05 3.61451e-05 -0.000547065 -0.000387143 -0.000101632
 7.97973e-06 0.211738 -0.0529372 -2.21663e-05 -2.18417 1.80272 -0.26837 -0.0613464 1.39583 -1.81495 -0.123829 2.80739 4.17545e-05 -1.01929 -0.00593199 2.40528e-05 997.426 -41.9641 -8.00395e-07 -0.634896 0.256048 1.71262e-06 -0.767884 0.176607 3.37467 4.02632 -0.910815 0.315676 2.52144 -2.53974 1.57992 -0.278129 1.07088 2.44947 0.136144 -0.357589 -0.974591 -0.30234 0.006595 3.55773 -1.48458 -0.0249716 1.37688 -2.04953 0.190504 -0.486191 -0.564988 0.561857 -1.22473 2.15073 2.09496 -1.89428 -0.33625 -1.18182 1.05226 -1.01446 -1.47857 1.26892 0.808846 -1.09691 -0.237627 0.0198844 -1.10277 0.297924 -0.0088398 0.121587 -0.00931228 0.00197708 -2.33622e-05 6.06764e-06 -1.0249 0.37615 -0.339083 -0.0124646 0.398411 -0.512303 -0.0778086 1.55902 -0.148623 -0.109634 0.569611 0.29471 1.64294 -0.0882933 -0.214062 0.0131666 0.120875 0.0203115 -0.000814397 -0.019662 1.31392 2.28789 0.147771 -1.60008 -1.43664 -0.772201 -0.750292 0.239016 2.0359 3.95402 1.17692 -5.01154 -2.28893 -0.708865 3.12373 1.08253 -3.63107 -3.62361 2.31019 -0.0698069 0.785532 0.431488 0.150215 -0.192421 -0.518322 0.586604 0.462245 0.004847 0.453475 0.397189 0.158773 -0.04283 0.348362 0.164842 0.670577 0.595517 0.539988 0.362586 0.879241 0.447053 0.37543 0.351199 -0.102404 -1.24189 -0.348976 -0.0535181 0.0210371 0.0496954 0.155746 0.0737807 0.287821 0.0362539 0.214094 -0.413937 -0.117447 -0.0486363 0.106845 -0.598647 -0.979511 0.12012 -0.0257545 -0.424348 -0.822033 -0.617639 -0.340016 -0.0859665 -0.0315075 0.0845182 -0.0894836 -0.695059 -0.88561 -0.900304 14.7475 8.39122 2.4931
 -1.96716e-07 -0.0235961 0.00490545 8.62468e-07 0.0809009 -0.0667481 0.0104602 0.00238835 -0.0546851 0.0721109 0.00484815 -0.110251 -1.34095e-06 0.0333379 0.000284843 -3.66863e-06 -41.9641 2.63651 2.50664e-08 0.0231731 -0.00932231 -6.1751e-08 0.0281657 -0.00644883 -0.147212 -0.179472 0.0405281 -0.0168064 -0.114434 0.11526 -0.0701449 0.0104648 -0.0395599 -0.106454 -0.0106118 0.0228718 0.0382515 0.0109679 -0.000188858 -0.155666 0.0615075 0.00109995 -0.0620668 0.0816129 -0.00742443 0.0181786 0.0208581 -0.0206958 0.0507939 -0.0930879 -0.0920867 0.0829337 0.0134891 0.0502275 -0.0450895 0.0435004 0.0601444 -0.0549682 -0.0368293 0.0490459 0.00997155 -0.000838236 0.0477941 -0.0125293 0.000319515 -0.00366938 0.000476464 -9.97854e-05 7.55862e-06 -1.97272e-07 0.0379138 -0.0138548 0.0129935 0.000479121 -0.0153601 0.0208364 0.00311359 -0.0626535 0.00557527 0.00413121 -0.0215567 -0.0128772 -0.0717023 0.00384119 0.00865196 -0.000528954 -0.00530251 -0.000879871 3.51648e-05 0.00085185 -0.0562886 -0.0970363 -0.00879071 0.0671202 0.0633836 0.0348723 0.032098 -0.0106255 -0.0862007 -0.171564 -0.0521562 0.215184 0.0980126 0.0299311 -0.133684 -0.0465561 0.155451 0.155333 -0.0989199 0.00299802 -0.033876 -0.0184708 -0.00620707 0.00838824 0.0222759 -0.0251417 -0.0197926 -0.000268822 -0.0195253 -0.017025 -0.00659813 0.00184336 -0.0147141 -0.00714107 -0.0287724 -0.0253576 -0.0229428 -0.0159101 -0.0370545 -0.019341 -0.0160085 -0.0149437 0.00454928 0.0534361 0.0151434 0.00228273 -0.0010056 -0.00229301 -0.00687887 -0.00333238 -0.0119022 -0.00114625 -0.0088127 0.0176218 0.00499482 0.00216721 -0.00464776 0.0259981 0.0419338 -0.00507636 0.00118138 0.0183526 0.0350055 0.0264727 0.0145452 0.00379543 0.00148043 -0.0036768 0.00383626 0.0299292 0.0389615 0.0392942 -0.65253 -0.336191 -0.106081
 -9.04779e-10 3.7617e-05 -6.96673e-06 1.72053e-10 2.33502e-05 -1.93506e-05 -1.60152e-06 -4.52869e-08 2.57513e-06 1.8182e-05 1.17987e-06 -2.49077e-05 2.84713e-10 -1.12966e-05 1.51997e-08 -3.57992e-10 -8.00395e-07 2.50664e-08 1000 -1.15924e-05 5.89077e-06 -4.10243e-10 1.91233e-06 -4.90453e-07 7.70561e-05 -8.21074e-07 -1.02957e-06 3.66529e-06 4.0819e-05 -4.11493e-05 6.36779e-05 3.64532e-06 -2.02885e-05 0.000133029 -4.15045e-05 5.64087e-05 -3.70116e-05 -1.16773e-06 1.31863e-07 -2.80825e-05 -2.34071e-06 -3.13794e-08 6.32236e-06 -3.82791e-05 4.10853e-06 -4.9926e-06 -4.82531e-06 4.8331e-06 2.51982e-05 1.4382e-05 -4.00798e-05 2.2503e-05 -3.04659e-05 2.09663e-05 5.4996e-05 -5.86525e-05 -2.4903e-05 3.22252e-05 2.58188e-06 -1.35372e-05 3.38609e-07 1.61761e-07 -9.79259e-06 6.28915e-06 -1.28002e-08 -2.41278e-06 -1.43289e-06 2.67236e-07 1.75294e-07 -1.2592e-10 -2.27569e-06 7.77221e-07 -1.36662e-06 -2.67343e-08 6.02014e-07 -4.61291e-06 -4.42283e-07 9.0466e-06 7.6588e-07 1.39942e-06 -6.96623e-06 1.87074e-05 -0.000281626 1.42047e-05 6.45087e-06 -4.55284e-07 2.8274e-07 -2.60277e-07 -1.08855e-07 3.71588e-07 1.24191e-05 1.29214e-05 -1.43069e-05 -5.54814e-05 -2.30413e-05 1.74398e-05 -8.84266e-05 0.000373321 -0.000109046 -0.000114553 -4.26439e-05 -2.72388e-05 -8.44706e-05 0.000108832 2.3672e-05 -5.94981e-06 7.85989e-05 4.91742e-07 -2.60299e-05 9.28919e-06 4.42774e-05 -6.65953e-06 -6.58337e-06 -3.59206e-06 1.86258e-06 7.78605e-06 1.42195e-05 -5.4992e-06 1.11173e-05 3.33223e-06 1.04474e-05 1.35375e-05 6.1989e-06 1.01151e-05 -1.03219e-05 -4.22909e-06 1.68834e-06 7.63674e-07 3.62811e-06 -6.65656e-06 8.16735e-06 -3.24026e-06 -5.78624e-06 -1.13201e-05 -3.74359e-06 -1.1249e-05 -3.53388e-06 1.01266e-05 -1.11639e-06 -3.81714e-05 -3.42688e-05 1.95296e-05 1.10891e-05 -1.278e-05 7.22471e-06 1.68246e-05 -6.45959e-06 3.62259e-05 -1.05178e-05 8.8999e-07 -9.06164e-06 -2.52776e-05 -2.27718e-05 -2.42257e-05 -8.34362e-06 -5.46453e-06 -3.85936e-06 7.00416e-06 -7.78902e-07 8.56891e-07 6.13235e-06 -3.2075e-06 -5.74257e-06 -2.67661e-05 -3.81792e-06
 -6.68433e-06 -0.899528 0.1481 -4.00725e-05 -4.31138 3.56318 -0.333176 -0.0666512 1.51113 -2.54217 -0.179328 4.04733 3.3178e-05 -0.716475 -0.00249492 2.17808e-05 -0.634896 0.0231731 -1.15924e-05 854.432 -348.545 5.74345e-06 -1.46347 0.343208 -0.572885 4.36917 -0.927584 -0.263946 -0.105877 0.105256 -0.10082 -0.487014 2.085 0.231568 1.98918 -3.11048 0.172371 -0.272561 0.00403624 1.75298 -0.640336 -0.00650898 -0.242041 -0.276155 0.0259274 -0.371836 -0.354584 0.353937 -0.154222 -0.580432 0.411803 -0.12502 0.890424 -2.92709 -0.457313 0.682959 -0.295504 -1.0282 0.0119291 0.372451 -0.202565 0.0204792 -2.33436 -0.53672 0.0338751 -0.558132 -0.0487427 0.00936063 -0.00286858 6.20281e-06 -1.19933 0.447141 -0.551057 -0.0212199 0.684112 -0.565642 -0.0755868 1.45219 -0.154989 -0.0697686 0.357955 -1.51223 2.45224 -0.115379 -0.234177 0.0171054 0.400376 0.0301024 -0.00810292 -0.0222116 -0.25952 -1.29865 1.60175 4.31105 0.153636 -1.13461 -29.7691 11.9417 -0.513106 1.90549 0.656763 3.21071 -5.68192 1.02989 2.2078 -0.914006 0.203027 -1.0857 -0.0759901 -0.0175446 1.21383 0.254922 0.158307 0.578891 0.89454 0.339507 0.0035491 -0.562213 0.859467 -0.119455 0.100337 -0.0484135 0.610492 1.27798 -0.251685 0.22483 0.430574 0.108313 1.00966 -0.698716 0.213996 0.267522 0.528594 -0.247645 0.302901 0.713105 0.75083 0.633082 0.503024 1.06276 0.739445 -0.369568 0.027203 -0.775785 -0.0584563 0.201932 -0.0842113 1.77462 -0.353477 0.495804 0.99634 0.443504 0.122918 -0.788041 -0.268606 0.0621108 0.255611 -0.551417 0.0316578 -0.858825 -0.531196 -0.85135 18.9056 9.46687 3.04079
 2.82548e-06 0.352836 -0.0578322 1.62804e-05 1.75322 -1.44896 0.135185 0.0270267 -0.61309 1.03476 0.0728912 -1.64543 -1.33747e-05 0.28814 0.0010373 -8.78243e-06 0.256048 -0.00932231 5.89077e-06 -348.545 143.692 -2.38846e-06 0.596443 -0.13987 0.233619 -1.79224 0.380505 0.106301 0.0383577 -0.0380738 0.0394 0.198007 -0.84763 -0.0956206 -0.81806 1.27925 -0.0710748 0.109343 -0.00156365 -0.715754 0.260297 0.00266809 0.098887 0.109044 -0.0101625 0.150013 0.143093 -0.142781 0.0631587 0.237927 -0.168864 0.0512882 -0.364186 1.19814 0.188223 -0.280624 0.119895 0.420611 -0.00605275 -0.15139 0.0826537 -0.0083646 0.955648 0.220095 -0.0139291 0.230039 0.0199467 -0.00383067 0.00113649 -2.50044e-06 0.4877 -0.18181 0.223979 0.00862208 -0.278052 0.230455 0.030813 -0.592041 0.0622611 0.0282025 -0.144693 0.620922 -1.00406 0.047234 0.0953498 -0.0069683 -0.162641 -0.0123225 0.0033184 0.00909093 0.106305 0.532645 -0.654958 -1.76594 -0.0661204 0.470734 12.1874 -4.89299 0.21167 -0.77883 -0.270819 -1.3133 2.32546 -0.422225 -0.903294 0.373954 -0.0836816 0.443969 0.0316076 0.00722883 -0.497176 -0.104378 -0.0647519 -0.236871 -0.365933 -0.138718 -0.00151147 0.229984 -0.351938 0.048892 -0.0408689 0.0197568 -0.249642 -0.523067 0.103021 -0.0917803 -0.176041 -0.0448371 -0.412721 0.285706 -0.0876847 -0.10953 -0.216314 0.101398 -0.123892 -0.291994 -0.307482 -0.259335 -0.206115 -0.435098 -0.302291 0.151325 -0.010999 0.317153 0.0237081 -0.0827879 0.0342001 -0.725961 0.144428 -0.203055 -0.407758 -0.181447 -0.0507161 0.322299 0.109688 -0.0254489 -0.104618 0.225641 -0.012965 0.351583 0.218519 0.349298 -7.75902 -3.84746 -1.24341
 -6.75327e-10 4.36423e-05 -7.99339e-06 3.82716e-10 4.41747e-05 -3.65616e-05 1.37999e-06 5.12663e-07 -1.10582e-05 1.66236e-05 1.2113e-06 -2.56777e-05 1.27203e-10 -9.54111e-06 4.54263e-08 -5.33628e-10 1.71262e-06 -6.1751e-08 -4.10243e-10 5.74345e-06 -2.38846e-06 1000 1.19911e-05 -2.18184e-06 0.000122502 -8.29737e-05 1.58347e-05 8.95467e-06 5.21587e-05 -5.25992e-05 7.26617e-05 6.31416e-06 -3.1058e-05 0.000160682 -1.01091e-07 -9.87741e-06 -4.78646e-05 -8.80674e-07 2.10508e-07 -4.40948e-05 -7.43513e-07 3.65059e-08 1.89586e-05 -5.12107e-05 5.11434e-06 -3.81811e-06 -4.65816e-06 4.64145e-06 9.80701e-06 4.93928e-05 -1.29101e-05 -3.87541e-06 -5.00345e-05 3.29579e-05 9.20649e-05 -9.81962e-05 -2.70272e-05 4.78125e-05 8.01093e-07 -1.7774e-05 6.66916e-07 6.20004e-08 6.86631e-06 5.00181e-06 -8.12183e-08 9.3705e-08 -1.05734e-06 2.07248e-07 2.40419e-07 -1.77852e-10 8.28297e-06 -3.2199e-06 2.7114e-06 1.22243e-07 -3.92993e-06 -3.98231e-06 -3.14966e-07 6.67617e-06 1.81462e-06 1.75197e-06 -8.78818e-06 3.35074e-05 -0.000300574 1.52366e-05 2.78799e-06 -2.30305e-07 -3.18399e-06 -2.5152e-07 -6.37682e-08 3.17532e-07 2.06342e-05 9.26171e-06 5.9793e-06 1.26321e-05 3.43823e-05 4.11914e-05 2.71335e-05 0.000103111 -3.99113e-05 -9.0888e-05 -3.10086e-05 -1.8477e-05 -4.54867e-05 7.93865e-05 8.23504e-05 -2.31676e-05 2.55688e-05 -5.24921e-05 0.000109892 -1.91534e-05 1.49012e-05 9.8151e-06 7.2734e-06 -2.33936e-06 8.90643e-06 3.49884e-05 1.35624e-05 9.65727e-06 -1.31488e-05 2.14195e-05 -4.07125e-06 5.50108e-06 -2.31841e-07 8.61507e-06 6.79698e-06 6.5616e-06 4.9036e-06 -4.34419e-06 3.82077e-06 -3.85902e-06 -5.98195e-07 -1.12085e-05 -1.85001e-05 -8.36592e-06 -1.22948e-06 -1.15066e-05 8.7987e-07 -6.01695e-07 -2.11313e-05 -7.85494e-05 -4.6412e-05 2.68365e-05 5.22967e-06 -5.71353e-06 -1.53847e-06 5.65833e-06 -1.2409e-05 -6.12714e-06 6.63989e-07 -1.82328e-05 -1.74971e-05 -3.3305e-05 -4.11177e-05 -2.82774e-05 -1.40791e-05 -1.17787e-05 -1.11103e-05 1.49011e-05 -1.42586e-06 8.38884e-06 5.79688e-06 4.58657e-06 -0.000160072 -0.000127823 -3.15237e-05
 1.78953e-05 -1.53416 0.265785 -4.15093e-05 -4.40804 3.64326 -0.345363 -0.0822332 1.84661 -2.74143 -0.195716 4.39567 3.96707e-05 -0.832189 -0.00362312 2.90964e-05 -0.767884 0.0281657 1.91233e-06 -1.46347 0.596443 1.19911e-05 945.993 -222.678 -0.603776 10.3833 -2.20788 -0.0294947 0.743563 -0.746625 -2.6115 -0.738436 3.31503 -2.41502 1.15727 -1.64988 0.462885 -0.334178 0.00103686 2.60307 -0.864661 -0.0128483 -1.73654 0.595026 -0.0443403 -0.371196 -0.37051 0.370508 -0.390388 -1.36165 0.253336 0.172832 1.54549 -4.39144 -1.62843 2.00562 0.0310348 -2.11105 -0.201643 0.940146 -0.18824 0.0165172 -1.82925 -0.046039 -0.01338 0.41705 -0.0252049 0.00458065 -0.00527513 9.50107e-06 -1.28139 0.479804 -0.499316 -0.0195436 0.626853 -0.463081 -0.0699888 1.33426 -0.173412 -0.102297 0.524672 -0.902408 2.83157 -0.144229 -0.161375 0.0129909 0.339232 0.0282503 -0.00424148 -0.0242237 -0.70637 0.0127245 -0.0190346 -0.551944 -1.34407 -1.09219 -8.1254 2.32376 0.161209 3.38996 1.24 1.85885 -5.85481 -1.45195 4.09309 -0.31794 -1.89103 -6.535 1.30364 0.554696 -0.785819 -0.641728 -0.55601 0.160438 -0.188689 -0.908953 -1.07767 0.194113 1.07402 -0.586893 -0.130349 -0.309245 0.135175 -0.399194 0.0143492 0.182704 0.0844813 0.227415 0.40782 0.108201 0.277661 0.723699 1.09374 0.706051 0.464153 0.421241 0.345408 0.405094 0.449808 1.92055 1.33434 -0.438299 0.027728 -0.0258374 0.415359 0.395526 0.338912 1.19368 0.171429 0.623891 2.08334 1.55783 0.726243 -0.267417 0.142758 0.370908 0.490903 -0.811517 0.0518693 -0.976658 -0.77733 -1.00684 21.0385 11.3889 3.48759
