 1000 0.0021314 -0.000415388 -1.4404e-09 -0.000126816 0.000106964 -2.85149e-06 -4.04302e-07 6.22643e-06 -9.06521e-05 -4.80514e-06 0.000107187 2.10962e-10 -1.26528e-05 1.87122e-07 -4.33312e-10 -1.74614e-06 2.18694e-07 -8.76467e-10 -1.968e-05 8.45856e-06 -5.9723e-10 5.47765e-06 -1.16837e-06 2.67388e-05 -0.000307119 7.0824e-05 -5.78712e-05 -0.000209271 0.00022515 -3.71576e-06 -1.84152e-06 6.81354e-06 9.40675e-05 -0.000102885 0.000160367 -5.49825e-05 3.73201e-07 4.64214e-07 -0.000110067 1.77908e-05 8.3558e-07 9.30645e-06 -6.27646e-05 7.73791e-06 -5.06785e-06 -1.14257e-05 1.32275e-05 7.53824e-05 -6.22773e-05 -0.000204667 0.000157318 -5.98958e-05 0.000103012 9.17678e-05 -0.000109022 -2.7577e-05 1.61872e-05 -3.23518e-05 2.31635e-05 3.14421e-07 -1.63348e-07 5.71691e-05 6.71342e-06 -5.73727e-07 1.32042e-05 -2.97003e-06 6.58065e-07 2.36111e-07 -1.78728e-10 -6.05217e-06 2.46056e-06 2.89294e-06 8.95726e-08 -3.7887e-06 -3.92272e-06 -5.37005e-07 1.0561e-05 3.75827e-06 3.40799e-06 -2.04569e-05 -6.71952e-06 -0.000297168 1.73288e-05 8.49965e-06 -7.96913e-07 -9.67272e-06 -1.05497e-06 -4.13327e-07 1.47957e-06 1.45011e-05 1.64855e-05 -6.04884e-05 -0.000183726 -0.000111141 1.00486e-05 3.12318e-05 0.000449642 -0.000186474 -0.000205225 -9.71717e-05 5.80844e-05 -6.95825e-05 -8.91596e-06 9.84386e-05 0.000123177 6.00988e-05 -6.58419e-05 -0.000164918 0.000237673 -0.000144631 3.34587e-05 -1.79389e-05 -9.03075e-06 1.72506e-05 3.9453e-05 2.43069e-05 -1.57066e-05 5.74847e-05 -4.0868e-05 1.55685e-05 -6.37086e-06 -9.98714e-06 1.09119e-05 9.6614e-06 -1.32159e-05 -1.70915e-05 0.00017717 -0.000136682 8.97709e-05 -7.37555e-06 1.07042e-05 2.2106e-05 -2.33096e-06 2.06741e-05 -4.27345e-05 2.46335e-05 1.23269e-05 2.85795e-05 -2.07734e-05 -6.94809e-05 4.27106e-05 5.73234e-06 -7.85978e-06 1.28195e-06 -3.71611e-05 4.05595e-05 2.7142e-05 9.83566e-07 3.20035e-05 8.61996e-06 -5.44848e-05 -9.58338e-06 -3.31264e-05 -2.0794e-06 -9.64193e-07 3.54197e-07 5.06758e-06 -6.65104e-07 2.14726e-05 2.65263e-05 2.23788e-05 -0.000577996 -0.000103146 -7.06459e-05
 0.0021314 537.289 -103.543 0.00027862 28.507 -24.0419 1.04496 0.298321 -5.76586 19.2135 1.24401 -28.0518 -0.000114494 3.11801 -0.0266042 -5.409e-05 2.35106 -0.119957 2.65915e-05 2.11552 -0.912674 1.67582e-05 1.2912 -0.315228 18.7909 36.1323 -8.64866 6.97096 24.199 -26.0597 13.6195 2.62727 -12.0812 10.8072 15.6684 -26.1311 5.0996 0.569341 -0.0900571 20.413 -3.84196 -0.144392 8.90223 4.10137 -0.696722 2.16013 3.17457 -3.71132 0.374957 9.24833 10.8077 -10.0181 -0.313445 -4.67703 3.6833 -3.70215 3.87193 5.03597 6.35827 -8.07954 -0.224368 0.0282999 -6.85607 1.39701 0.11185 -4.51177 0.290291 -0.0626348 -0.0172223 -1.86473e-05 2.98972 -1.15178 0.944872 0.0389236 -1.10763 1.12924 0.175637 -3.39735 0.220201 -0.0526201 0.306706 -0.124348 -0.909863 0.0541303 1.49249 -0.117094 -0.0493677 0.104191 0.015111 -0.120301 2.04718 -3.55164 3.00962 12.8254 11.3701 -0.00936158 -30.1336 20.2675 -10.0074 14.3817 8.69764 0.253851 -1.01357 -1.27802 -4.45772 3.80484 4.09429 2.13944 -8.5509 4.11932 -1.28898 1.13179 -1.33921 -0.756243 -0.0195113 -0.217942 0.225492 2.0105 0.842439 -0.711897 0.678849 0.351674 0.757523 -0.415989 0.884115 0.422524 -0.718161 2.99509 -6.19579 3.11685 -0.397661 -0.00114279 -0.461825 -3.6674 -0.813717 -2.14394 -1.54462 -1.65135 0.403712 -0.458434 -1.2354 -1.78153 -1.44792 -0.653298 -0.300267 -2.14833 0.0235945 -0.782042 -3.83013 -0.465457 0.215078 -1.99595 -0.843693 -1.14585 -1.10633 -0.74363 -0.767694 0.563701 -0.173872 -2.45769 -3.75278 -3.88618 80.2077 -9.01623 6.97427
 -0.000415388 -103.543 21.0618 -5.42863e-05 -5.54943 4.68021 -0.20729 -0.0590074 1.14183 -3.7361 -0.242193 5.46135 2.30061e-05 -0.624183 0.00522501 1.08078e-05 -0.469492 0.023883 -5.27359e-06 -0.424325 0.182981 -3.29948e-06 -0.26201 0.0638618 -3.65301 -7.02601 1.68174 -1.35994 -4.70614 5.06802 -2.64453 -0.513906 2.36175 -2.10137 -3.04789 5.08311 -0.998948 -0.120495 0.0179472 -3.96833 0.736762 0.0281361 -1.73696 -0.81307 0.137427 -0.426037 -0.624489 0.730082 -0.075702 -1.79628 -2.10013 1.9465 0.0591669 0.906233 -0.715724 0.71959 -0.755533 -0.978796 -1.23773 1.57218 0.0429841 -0.00545057 1.33055 -0.271273 -0.0217772 0.877947 -0.056412 0.0121708 0.00341845 3.73449e-06 -0.599619 0.230788 -0.189306 -0.00778522 0.221956 -0.220226 -0.034365 0.664953 -0.0439635 0.00978269 -0.0569571 0.0286863 0.176622 -0.0105235 -0.290876 0.0228219 0.00917085 -0.0202479 -0.00293229 0.0233743 -0.397909 0.689589 -0.583903 -2.49039 -2.2117 0.00469909 5.85602 -3.94152 1.94544 -2.79329 -1.68866 -0.0493032 0.197276 0.248188 0.865509 -0.740182 -0.796117 -0.415359 1.66263 -0.801762 0.250919 -0.220157 0.260408 0.147052 0.00367342 0.0422208 -0.0441764 -0.39051 -0.164062 0.138288 -0.131791 -0.0684518 -0.146788 0.0804607 -0.171766 -0.0818355 0.139717 -0.583467 1.20493 -0.606203 0.0771866 0.000230431 0.089882 0.712633 0.158202 0.416395 0.299583 0.320528 -0.0786937 0.0887077 0.240799 0.346217 0.281722 0.126548 0.0583489 0.417625 -0.00505722 0.152869 0.743706 0.0902563 -0.0416806 0.388361 0.163474 0.222637 0.214675 0.144616 0.149307 -0.109623 0.0337893 0.477371 0.730878 0.756117 -15.6133 1.8024 -1.35191
 -1.4404e-09 0.00027862 -5.42863e-05 1000 -0.00142341 0.00120341 -1.42401e-06 -5.10214e-08 6.00632e-06 0.000129507 8.62444e-06 -0.000192593 6.81196e-10 -1.30566e-05 -1.6517e-08 1.24173e-10 -4.38361e-06 1.52893e-07 5.2818e-11 -1.2641e-05 5.30411e-06 1.6308e-10 -1.47377e-05 3.3696e-06 0.000112266 8.65008e-05 -2.14918e-05 1.19686e-05 4.00387e-05 -4.33411e-05 0.000199492 1.86932e-05 -9.50383e-05 0.000229489 1.45121e-05 -3.89426e-05 1.0066e-05 -9.10134e-06 2.81545e-07 4.75934e-05 -1.73095e-05 8.42395e-08 8.28197e-05 -2.27949e-05 1.66185e-06 2.81065e-06 2.58914e-06 -3.19214e-06 1.2153e-06 4.4063e-05 -2.76121e-05 6.83551e-06 -2.83604e-05 -3.94498e-05 0.000102054 -0.00010908 1.82711e-05 1.41999e-05 4.44986e-05 -4.68631e-05 -5.25463e-06 2.84945e-07 -2.78602e-05 -6.31075e-05 6.84592e-06 -0.000162414 -5.40666e-06 1.12368e-06 6.66671e-07 1.03625e-10 -2.18674e-05 7.89394e-06 -4.50641e-06 -1.5955e-07 5.09666e-06 1.31905e-06 3.62148e-07 -6.28989e-06 1.24968e-06 -2.68706e-07 1.43708e-06 -4.34733e-06 -0.000137987 7.75628e-06 2.83435e-05 -2.2103e-06 1.43439e-06 -4.07746e-08 -1.13808e-07 1.55284e-07 -2.30784e-05 -2.84443e-05 -1.07163e-05 -1.93957e-05 -1.13249e-05 9.48022e-06 7.60041e-05 -4.85819e-05 -5.38356e-05 8.95453e-05 3.14234e-05 -4.04564e-05 4.28431e-06 4.83678e-05 -3.94886e-05 0.000120866 -3.4397e-05 -1.2582e-06 -2.12998e-05 -7.24328e-07 9.38112e-06 5.82353e-06 1.4692e-05 -7.84526e-06 2.56362e-05 -2.24097e-05 -9.49746e-07 3.89114e-06 3.96159e-05 -4.59814e-05 -3.20166e-05 3.78315e-05 4.705e-05 5.94816e-05 -7.2541e-05 -0.000211796 -8.71783e-05 0.000134808 -6.27594e-05 0.000147046 -6.76527e-06 3.8654e-06 2.54695e-05 1.54816e-05 9.399e-06 -5.0622e-06 2.05591e-05 -1.64222e-05 6.45177e-05 -4.17073e-05 -9.47862e-05 -1.90287e-05 -7.11565e-05 5.80655e-05 6.40319e-05 1.90595e-06 -6.77455e-06 7.20791e-07 -2.79783e-05 6.74128e-05 4.90387e-05 -0.000115631 4.43021e-05 -3.32256e-05 -8.37856e-06 -3.16479e-06 -3.70719e-06 -4.61891e-06 1.56948e-06 -2.39436e-05 -4.84824e-05 -5.77462e-05 0.000674929 6.0398e-05 7.48464e-05
 -0.000126816 28.507 -5.54943 -0.00142341 423.037 -355.302 0.0770282 0.0335122 -0.364244 13.4215 0.848728 -19.1022 7.56819e-05 -1.46014 -0.00748086 1.50673e-05 -0.376165 0.00675624 1.6613e-05 -1.8007 0.758668 2.68682e-05 -1.97564 0.456115 11.489 20.962 -5.02712 4.27072 14.5645 -15.6891 13.3711 0.914948 -4.84272 9.14831 9.65867 -16.2684 0.492092 -1.20075 0.0225012 10.4189 -3.7356 -0.0623518 4.80657 -1.14139 0.0177128 0.0756169 0.267385 -0.321459 -1.31044 3.36217 -1.92865 0.422794 0.46845 -5.10772 2.2816 -2.12481 1.65247 3.16916 3.74116 -4.82581 -0.433789 0.0426012 -6.76973 -2.08996 0.368628 -10.1385 -0.454175 0.0992114 0.0571196 1.24924e-05 -1.93422 0.696593 -0.264198 -0.00844579 0.312722 0.620265 0.10935 -2.06067 0.0888875 -0.0373822 0.228199 -1.22312 -2.13735 0.12742 1.80359 -0.140783 0.27452 0.0528478 0.0075859 -0.0609398 0.984598 -0.87577 0.715445 1.79132 0.723632 1.75721 2.64752 -1.05136 -2.09564 8.13157 2.51718 -2.13522 -0.576665 0.878491 -1.80021 3.11587 -0.326711 -0.544085 -1.0865 1.28989 0.0726343 -0.260013 -0.957612 -1.72473 0.494602 0.392391 -0.244571 -0.00716243 2.46133 -1.10401 -1.60725 -0.695271 -0.283151 2.62492 3.0533 -1.47969 -1.36454 3.77318 -7.78481 2.96615 0.234358 0.157971 -0.318504 -1.22804 -0.533663 -0.288681 -0.409592 -1.50575 0.714196 0.340947 0.1835 -0.954014 -1.2308 -0.34309 -0.0801132 -0.474618 0.379284 0.0524914 -3.69467 -0.168124 1.67287 -1.9936 -0.260855 -0.9977 -0.789579 -0.436714 -0.41398 0.215479 -0.0844853 -2.08383 -2.74942 -3.03508 62.0844 1.11831 6.37543
 0.000106964 -24.0419 4.68021 0.00120341 -355.302 300.968 -0.066407 -0.0286411 0.315027 -11.3184 -0.715859 16.1118 -6.36292e-05 1.22659 0.00632219 -1.26262e-05 0.313638 -0.00553577 -1.40348e-05 1.51537 -0.63844 -2.26657e-05 1.66295 -0.383912 -9.68751 -17.6764 4.23916 -3.6035 -12.2817 13.23 -11.2747 -0.77247 4.08756 -7.71475 -8.14475 13.7185 -0.416442 1.01019 -0.0188719 -8.7841 3.14761 0.0525817 -4.05404 0.958955 -0.0145051 -0.0654874 -0.227448 0.273386 1.10567 -2.83489 1.62613 -0.356464 -0.395464 4.30634 -1.92372 1.79154 -1.39408 -2.67208 -3.15532 4.06978 0.365512 -0.0359002 5.70731 1.76302 -0.310891 8.55026 0.383087 -0.0836821 -0.0482167 -1.05002e-05 1.62522 -0.585231 0.220904 0.00705011 -0.26152 -0.523403 -0.0922885 1.73928 -0.0753815 0.03136 -0.191458 1.03296 1.80147 -0.107404 -1.52117 0.118738 -0.23131 -0.0445616 -0.006395 0.0513833 -0.829968 0.7385 -0.603089 -1.5101 -0.610177 -1.4816 -2.23275 0.886958 1.76733 -6.85735 -2.1225 1.80074 0.48614 -0.740987 1.51816 -2.62783 0.275628 0.458717 0.916325 -1.08748 -0.0614398 0.219208 0.807359 1.45429 -0.417105 -0.330568 0.20618 0.00599147 -2.07551 0.931011 1.35554 0.586051 0.238708 -2.21366 -2.57399 1.24885 1.15102 -3.18232 6.56429 -2.50166 -0.197612 -0.133184 0.268504 1.03536 0.449992 0.243275 0.345112 1.2696 -0.602485 -0.287508 -0.154209 0.804533 1.03826 0.288818 0.0672424 0.400158 -0.319905 -0.0438314 3.1151 0.141399 -1.41069 1.68154 0.219455 0.841287 0.665642 0.368274 0.349117 -0.181665 0.0712205 1.75709 2.31922 2.5598 -52.3632 -0.922437 -5.37466
 -2.85149e-06 1.04496 -0.20729 -1.42401e-06 0.0770282 -0.066407 999.79 -0.0971999 1.13511 0.392081 0.00607085 -0.0902783 1.73355e-05 -0.377055 0.000150293 1.14633e-05 -0.341846 0.0145926 -1.20642e-06 -0.437236 0.184934 2.68949e-06 -0.445632 0.103456 0.0027508 0.568751 -0.134083 0.00503817 0.778478 -0.839098 1.16341 -0.163254 0.60858 0.933653 0.143508 -0.293301 -0.00100741 -0.151169 0.00507179 -0.533461 0.0431287 0.00286985 -0.239987 -0.288067 0.0363697 -0.21475 -0.247538 0.28675 0.181578 -0.265474 -0.427122 0.365536 0.0873473 -1.83118 0.740325 -0.667553 -0.33577 -0.26459 0.0190072 0.108777 -0.0535199 0.00563915 -0.37945 0.144405 -0.00511653 0.0722536 -0.0154727 0.00330888 -0.00299346 4.22101e-06 -0.667116 0.245868 -0.243836 -0.00957087 0.303362 -0.199315 -0.0277209 0.58457 -0.0347186 -0.0198549 0.117644 0.0370832 -0.275045 0.0157765 -0.19282 0.0149811 0.137941 0.00313172 -6.55476e-05 -0.00309341 -0.315705 -0.197842 -0.159484 -0.379476 -0.319936 -0.0984064 0.394694 0.872901 -1.28534 0.347725 0.218049 0.228708 0.487216 -0.19484 -0.228631 0.0563231 0.240646 -0.219569 -0.0336592 -0.0475298 -0.017625 -0.0167752 -0.0440485 -0.0191476 -0.105091 -0.189638 0.328065 -0.465572 0.11203 -0.0627343 0.0410575 -0.0830681 0.0439522 -0.0857982 -0.0792008 0.00536309 -0.150395 0.0524448 0.307417 -0.224348 0.0437868 0.102592 0.142251 -0.645904 0.23722 -0.201111 0.100398 0.207279 -0.330195 -0.0688405 0.0102981 0.299249 -0.143921 0.153872 0.210404 -0.0244657 0.0805431 0.0598708 0.141243 0.0400551 0.417159 0.461628 0.0578459 -0.0995312 -0.0724714 0.0505022 0.0566479 -0.115795 0.0233597 -0.411639 -0.565277 -0.648446 9.17008 4.805 1.50012
 -4.04302e-07 0.298321 -0.0590074 -5.10214e-08 0.0335122 -0.0286411 -0.0971999 3.19406 -47.8958 0.104716 0.0015877 -0.0240992 4.33158e-06 -0.0922189 2.18124e-05 3.02167e-06 -0.0853029 0.00364227 7.9493e-08 -0.0978437 0.0413765 9.13714e-07 -0.115132 0.026779 -0.0332612 0.270571 -0.0628925 0.0101973 0.220361 -0.237372 0.259692 -0.0483972 0.186612 0.165464 0.106156 -0.182659 0.00844885 -0.0372228 0.00104564 -0.129278 0.0120067 0.000524202 -0.0855689 -0.053403 0.00692433 -0.0508983 -0.0616104 0.0712766 0.049645 -0.0809234 -0.15427 0.128099 0.0649316 -0.519112 0.121839 -0.0925191 -0.0881434 -0.0777253 -0.0143593 0.0494725 -0.0134507 0.00183057 -0.170387 0.0864663 -0.00114009 -0.0227409 -0.00405695 0.000871812 -0.000890338 1.14302e-06 -0.168079 0.0619625 -0.0608378 -0.00238034 0.0754536 -0.0564324 -0.0076409 0.159097 -0.0135274 -0.00619656 0.0366393 0.0148741 0.0695413 -0.00369691 -0.0339701 0.00265604 0.0413034 0.00117194 0.000325375 -0.00150929 -0.0821644 -0.0685414 -0.0422881 -0.0742307 -0.0574236 -0.0202694 0.326016 -0.0198327 -0.335792 0.117233 0.078885 0.221958 0.0965506 -0.0426588 -0.188595 -0.0667262 0.105032 -0.0494673 0.00499688 -0.0189585 -0.0145895 -0.0142525 -0.0240697 -0.00758947 -0.0333394 -0.100745 0.158653 -0.114946 0.0151849 -0.0359685 0.0490019 -0.0301029 0.0190694 -0.0300752 -0.00323195 0.011862 -0.0766699 -0.000317225 0.0258265 -0.049978 0.021784 0.0414951 0.0403957 -0.11313 0.0256939 -0.0116904 0.011535 -0.0199484 -0.0814228 0.0333872 0.0698487 0.071301 -0.00486097 0.0279755 0.0116591 -0.0455238 -0.0507262 0.120369 -0.0157093 0.088416 0.164481 0.0533257 -0.0463778 -0.0305396 -0.0176703 0.0110712 0.0170952 -0.0314776 0.00602823 -0.109103 -0.113714 -0.143478 2.44357 1.26795 0.398458
 6.22643e-06 -5.76586 1.14183 6.00632e-06 -0.364244 0.315027 1.13511 -47.8958 991.313 -2.01023 -0.0173676 0.150931 -9.33614e-05 1.99875 -0.000835048 -6.37631e-05 1.83324 -0.0785502 -8.49889e-08 2.09535 -0.886352 -1.89961e-05 2.44981 -0.57005 0.711212 -5.38013 1.25033 -0.125484 -4.37144 4.70878 -5.314 1.05123 -4.0758 -3.37588 -2.04251 3.52641 -0.171663 0.845827 -0.0250013 2.67067 -0.199763 -0.011287 1.79225 1.23405 -0.159443 1.12434 1.33916 -1.55132 -1.06588 1.66045 3.14765 -2.61531 -1.30367 10.5806 -2.49671 1.90012 1.82926 1.59383 0.315052 -1.03384 0.276017 -0.0374916 3.41974 -1.76823 0.0248198 0.416689 0.0839706 -0.0180456 0.0190023 -2.5005e-05 3.62889 -1.33885 1.32434 0.0520195 -1.6437 1.18475 0.159604 -3.32205 0.283549 0.127556 -0.754491 -0.403706 -1.37049 0.0731183 0.705431 -0.0551223 -0.868467 -0.0237196 -0.00662303 0.0305851 1.67687 1.40723 0.851116 1.50888 1.2064 0.415142 -6.64996 0.376937 6.83548 -2.31172 -1.54429 -4.54725 -1.97384 0.872294 3.83472 1.35909 -2.13582 1.01851 -0.113793 0.383376 0.301783 0.29382 0.490017 0.152987 0.678079 2.04671 -3.23426 2.34665 -0.307337 0.729275 -1.00317 0.612483 -0.392865 0.615334 0.0670964 -0.246773 1.55867 0.015192 -0.548049 1.02554 -0.447196 -0.849632 -0.828932 2.30924 -0.532617 0.241482 -0.235653 0.405536 1.6696 -0.676414 -1.43285 -1.46853 0.0944371 -0.572127 -0.242453 0.925375 1.03247 -2.45984 0.314806 -1.80369 -3.3598 -1.0973 0.948273 0.623627 0.361191 -0.230097 -0.352838 0.643964 -0.123184 2.22426 2.30903 2.91953 -49.4806 -26.3511 -8.14997
 -9.06521e-05 19.2135 -3.7361 0.000129507 13.4215 -11.3184 0.392081 0.104716 -2.01023 879.283 -7.55111 154.474 5.38124e-05 -1.28489 -0.00119168 3.10905e-05 -0.887976 0.0366317 1.23665e-05 -0.945541 0.399237 3.33325e-06 -1.21676 0.283415 6.56885 7.64288 -1.86275 2.28603 6.06229 -6.53483 6.60281 1.09284 -5.12072 6.36172 4.30747 -7.41101 0.606587 -0.229062 -0.0048128 5.80243 -2.00542 -0.0311977 2.55426 -0.306357 -0.0197523 0.574792 0.680998 -0.801625 1.05628 2.42164 -4.70974 2.55472 -0.849098 -4.22579 3.54039 -3.5629 1.79452 3.35262 0.0401254 -1.56163 0.166535 0.00405771 -7.1323 3.89841 0.133681 -7.00404 -0.0626706 0.0132641 -0.00797074 -9.81477e-06 0.151039 -0.072183 0.238527 0.0137543 -0.370058 1.73633 0.218842 -4.25886 -0.278122 -0.259478 1.54626 0.531298 -5.55942 0.323167 0.0510736 -0.00480421 0.663446 0.00967344 -0.00901225 -0.000701802 -0.304573 -2.34834 -3.16485 -0.997332 7.24516 9.10326 -10.3503 -1.70763 -3.45975 26.8784 7.73842 -12.0393 3.2643 -1.58456 -3.49861 2.69605 8.53446 14.3688 -16.3796 0.92015 2.29908 1.10649 -0.598676 -1.07261 -0.876858 2.62452 -5.19796 0.288714 3.34977 -3.5956 0.836824 -0.130902 -1.64623 0.0408934 -0.290473 1.52854 -5.38819 9.18028 -11.1376 7.26002 -2.24167 -0.94956 1.44144 -5.65182 0.335548 -3.54332 -1.57387 1.09077 -0.0533723 -0.422894 -0.681277 -1.46034 -1.34417 0.838676 -0.102349 -2.86212 -0.0864215 1.55304 -1.71003 0.0646334 -1.98433 1.1485 1.42512 -1.64504 -3.09069 -1.02856 -0.948522 0.183705 -0.0135549 -1.20186 -0.674088 3.41768 38.1261 -2.31255 3.54522
 -4.80514e-06 1.24401 -0.242193 8.62444e-06 0.848728 -0.715859 0.00607085 0.0015877 -0.0173676 -7.55111 2.44735 -35.3668 4.49049e-06 -0.1023 -8.10007e-05 2.62928e-06 -0.0748402 0.00306153 9.27597e-07 -0.101368 0.04278 5.92624e-07 -0.118535 0.0275251 0.282648 0.803792 -0.190683 0.176236 0.582502 -0.627514 0.399102 0.0291394 -0.150689 0.209228 0.428877 -0.709295 0.0365426 -0.0322436 0.000196953 0.186519 -0.0892943 -0.00122252 0.0110698 0.0015551 -0.00184552 0.00224686 0.0119588 -0.0143607 -0.0961617 0.104182 -0.0100607 -0.0200576 0.0278973 -0.363743 0.0530675 -0.03006 0.0476498 0.0381948 0.100411 -0.109218 -0.0140996 0.00148086 -0.293364 0.0815367 0.00573088 -0.241068 -0.000218941 6.81708e-05 -0.000571297 -1.08743e-07 -0.0362509 0.0124345 -0.0116324 -0.000245412 0.0111137 0.105178 0.0135255 -0.27391 -0.00428851 -0.00494193 0.0291461 -0.0256411 0.208176 -0.0117194 0.0350605 -0.00285335 0.0322406 0.00248883 0.000591848 -0.00310567 -0.0260219 -0.336733 -0.123242 0.313664 0.679189 0.673013 -0.511207 -0.0427724 -0.278991 0.611234 0.115848 -0.17857 0.369665 0.0515727 -0.435006 -0.255667 0.113901 0.435308 -0.19969 -0.00743432 -0.0260504 -3.90387e-05 -0.0474924 -0.0587901 -0.0660718 0.0695319 -0.137936 -0.0454809 0.115539 -0.0970377 0.00465784 -0.0275914 -0.041754 -0.00432245 0.0588042 0.0138084 -0.134749 0.306766 -0.305748 0.0476963 -0.00386869 -0.0352879 0.0534677 -0.246052 0.0382023 -0.0629965 -0.0322144 -0.0175737 -0.0590386 0.0251467 -0.0128322 -0.0674093 -0.0422064 -0.0113161 0.030782 -0.0740467 0.0125934 0.0491944 -0.10868 0.0141356 0.0736297 0.0155558 -0.0319878 -0.0301029 -0.040987 -0.0148238 -0.0135601 -0.00751462 0.000613562 -0.110762 -0.133598 -0.166766 3.02348 0.486014 0.362463
 0.000107187 -28.0518 5.46135 -0.000192593 -19.1022 16.1118 -0.0902783 -0.0240992 0.150931 154.474 -35.3668 795.954 -0.00010589 2.4187 0.00149995 -6.12377e-05 1.78642 -0.0735239 -1.98851e-05 2.40804 -1.01668 -1.24251e-05 2.78106 -0.646101 -6.45182 -17.9632 4.2633 -3.94147 -13.0198 14.0261 -9.15648 -0.607234 3.19996 -4.8557 -9.53813 15.7877 -0.821939 0.833753 -0.00894333 -4.28432 2.11542 0.0272904 -0.260734 0.142876 0.0203056 0.0262091 -0.208161 0.250283 2.15546 -2.39644 0.448408 0.313067 -0.530089 8.18321 -1.29672 0.789261 -1.12005 -0.958054 -2.20931 2.45678 0.306632 -0.0329262 6.77255 -1.92912 -0.132804 5.61409 -0.00478397 0.000565372 0.0153562 1.89009e-06 0.936812 -0.324882 0.321692 0.00786226 -0.321081 -2.46865 -0.315553 6.38936 0.0850741 0.106039 -0.625975 0.676103 -4.40657 0.247643 -0.781379 0.0635861 -0.715976 -0.055256 -0.0127834 0.0685925 0.589679 7.61141 2.72721 -7.07689 -15.026 -14.9782 11.5843 1.02444 6.37335 -14.7582 -2.75354 4.40354 -8.30871 -1.08916 9.75503 5.57169 -2.81326 -10.1464 4.9869 0.131416 0.49749 -0.040117 1.0722 1.34282 1.4928 -1.63619 3.24049 0.993732 -2.67099 2.27008 -0.131537 0.614345 0.982474 0.0885909 -1.29143 -0.354842 3.16743 -7.11322 7.14778 -1.30142 0.157397 0.810712 -1.23526 5.63497 -0.863017 1.50905 0.765276 0.355057 1.31468 -0.545427 0.298263 1.53251 0.977324 0.222085 -0.67951 1.73166 -0.27836 -1.14182 2.45951 -0.317434 -1.56744 -0.384741 0.658994 0.718042 1.00615 0.361759 0.330723 0.160737 -0.0134205 2.48853 2.97154 3.56617 -68.2097 -10.5159 -8.12284
 2.10962e-10 -0.000114494 2.30061e-05 6.81196e-10 7.56819e-05 -6.36292e-05 1.73355e-05 4.33158e-06 -9.33614e-05 5.38124e-05 4.49049e-06 -0.00010589 1000 8.423e-05 -6.42796e-06 -1.14807e-09 5.00304e-05 -1.81345e-06 2.79452e-10 4.118e-05 -1.73146e-05 2.8943e-11 4.79341e-05 -1.09571e-05 -0.000257857 -0.000529465 0.000127545 -2.60305e-05 -0.0001839 0.000198032 -0.000103834 2.65253e-05 -0.000104197 -0.00012812 2.89695e-05 -3.86979e-05 0.0001064 2.62428e-05 -6.93639e-07 -0.000287563 0.000125173 2.57605e-06 -1.77605e-05 0.000150486 -1.65118e-05 3.63956e-05 4.53986e-05 -5.26977e-05 0.000105584 -5.99188e-05 -0.000206425 0.000157678 1.89394e-05 7.3714e-05 -1.84936e-05 1.48399e-05 0.000114613 -5.29476e-05 -2.91354e-05 4.63087e-05 -3.83503e-07 -7.76687e-08 1.99146e-05 -2.86326e-06 1.03775e-06 -3.29565e-05 4.96804e-07 -1.14827e-07 -2.82636e-07 -3.97236e-10 7.51359e-05 -2.74137e-05 1.94273e-05 7.24496e-07 -2.24523e-05 2.86834e-05 4.2057e-06 -9.13693e-05 5.60652e-06 3.31971e-06 -2.05605e-05 -5.24089e-05 0.000194139 -1.05838e-05 2.62947e-06 -1.40592e-07 1.87256e-06 -8.88298e-07 -5.38574e-08 9.50067e-07 -6.33447e-05 -4.63833e-05 7.29885e-06 5.23309e-05 2.93183e-05 2.09235e-06 -8.81859e-08 1.60507e-05 -9.68069e-05 -7.63958e-05 -2.86992e-05 0.000183664 0.000155855 -7.26555e-05 -6.4024e-05 6.68703e-05 5.50163e-05 7.35297e-05 5.17482e-05 -9.49637e-06 -9.89098e-05 -1.86502e-05 6.08012e-05 5.24285e-05 -3.14243e-05 -2.96848e-05 -8.72091e-05 2.92997e-05 2.46926e-05 1.76443e-05 7.84832e-06 6.2077e-06 -2.26176e-05 2.41271e-06 -1.43881e-05 -3.11171e-05 -3.0291e-05 -2.48989e-05 -2.9398e-05 -3.62453e-05 -1.43942e-05 1.35574e-07 1.1655e-05 3.40946e-05 2.40226e-05 1.96584e-05 1.30316e-05 2.77419e-06 -3.4504e-05 -3.64633e-05 -1.80993e-05 1.20668e-05 1.8157e-05 -1.84145e-06 -3.37795e-05 2.75121e-06 -1.60775e-06 1.06495e-06 2.02315e-06 -4.44002e-06 2.34765e-07 2.05963e-05 3.58538e-05 -1.56886e-05 -2.7203e-06 -1.01962e-05 -6.90677e-06 -4.84494e-06 4.5594e-06 3.5178e-05 5.3137e-05 5.40099e-05 -0.000820791 -0.000356745 -0.00012539
 -1.26528e-05 3.11801 -0.624183 -1.30566e-05 -1.46014 1.22659 -0.377055 -0.0922189 1.99875 -1.28489 -0.1023 2.4187 8.423e-05 997.789 -2.86543 2.023e-05 -1.18223 0.04341 -1.11253e-05 -0.868551 0.364563 -7.57977e-06 -0.987977 0.224632 8.33775 13.7187 -3.33109 0.723842 4.85394 -5.22835 3.34897 -0.605718 2.30618 4.8275 -0.0670121 -0.208104 -3.41486 -0.695379 0.0206551 6.44956 -3.14105 -0.0614788 0.851015 -4.61443 0.504086 -0.931096 -1.17068 1.35834 -2.38378 2.35489 4.512 -3.73886 -1.12256 -0.967743 1.3269 -1.39458 -3.32719 2.07127 0.747265 -1.48816 -0.0174948 0.00436453 -0.267219 0.17017 -0.0215145 0.628589 -0.0206644 0.00473076 0.0114997 6.79616e-06 -1.68793 0.614176 -0.391047 -0.0141258 0.438535 -0.776564 -0.109413 2.37341 -0.0858527 -0.0570771 0.358835 1.70362 -8.47051 0.478166 -0.0452862 0.00139218 -0.133245 0.0213976 0.00171722 -0.0233117 1.98794 1.68599 0.168043 -0.832654 -0.27477 0.372125 0.422795 -0.0170526 2.1587 1.2841 0.536745 -3.68748 -4.12619 1.11783 3.20843 -1.17615 -1.24569 -2.06986 -0.489057 0.586013 2.0713 0.45743 -1.48341 -1.63043 1.26189 1.21911 2.28259 -0.750198 -0.683087 -0.174108 -0.0167918 -0.0372454 0.642576 0.179514 0.514773 0.815938 0.789316 0.511799 0.672737 0.821029 0.229477 -0.215467 -0.605932 -1.00662 -0.62793 -0.562683 -0.522918 -0.266268 0.322503 0.304267 -0.00532919 -0.169866 -0.22141 0.0272372 0.554578 -0.205408 -0.151651 -0.323223 -0.196728 -0.0792288 -0.243533 -1.04471 -1.57045 -0.240774 -0.213818 0.00811859 -0.0457901 0.334336 -0.145019 -0.685071 -1.12744 -1.12961 16.2711 6.51482 2.41835
 1.87122e-07 -0.0266042 0.00522501 -1.6517e-08 -0.00748086 0.00632219 0.000150293 2.18124e-05 -0.000835048 -0.00119168 -8.10007e-05 0.00149995 -6.42796e-06 -2.86543 0.825775 2.43857e-07 -0.00573388 0.000296442 2.20851e-08 -0.00222601 0.000964955 5.27704e-08 -0.00353934 0.000857156 -0.0360031 -0.060135 0.0145454 -0.00626335 -0.0262987 0.0283256 -0.0150889 4.73456e-05 0.000929721 -0.0203086 -0.00607835 0.0111946 0.00266162 -0.00152794 0.000143195 -0.0352624 0.00867724 0.000310449 -0.0109471 0.00697083 -0.00052961 0.000216487 -0.000365042 0.000432756 0.0045509 -0.0103622 -0.0195368 0.0163096 0.00240518 0.00117549 -0.00689885 0.00754034 0.0067144 -0.00877616 -0.00572239 0.00883355 -0.000140154 -6.40998e-07 0.00209365 -0.000487445 6.9538e-06 -8.15791e-05 0.000219836 -4.85643e-05 -4.386e-05 5.16348e-08 -0.00340629 0.00133436 -0.000314586 -1.00447e-05 0.000276549 0.00118777 0.000122298 -0.00298003 -0.000143886 -0.000194729 0.00105433 -0.00498138 0.0329745 -0.00185354 -0.000430034 4.12774e-05 -4.3692e-08 -8.67444e-05 -6.55863e-06 9.41004e-05 -0.00763428 -0.00381962 -0.00183822 0.000273199 0.000608565 -0.000206849 -0.000598861 -0.000521067 -0.00703549 -0.00708993 -0.00219597 0.0138233 0.0145321 -0.00400479 -0.0116253 0.00362902 0.00399587 0.00712323 0.00184912 -0.00257595 -0.00751206 -0.00140272 0.00584461 0.00617839 -0.00485331 -0.00476438 -0.00824993 0.00280723 0.00231299 0.000283207 -2.17065e-06 -8.66706e-05 -0.00220075 -0.00088023 -0.00207652 -0.00287562 -0.00269292 -0.00209971 -0.00181335 -0.00322793 -0.000743747 0.000982558 0.00253682 0.00391658 0.00247923 0.00205946 0.00176686 0.000706801 -0.00132852 -0.00101553 0.000767702 0.00109534 0.00116642 -0.000133506 -0.00180126 0.000983283 0.000615127 0.00180218 0.000905014 0.00057498 0.0011437 0.00406594 0.00559429 0.00102697 0.000844979 0.000197501 0.000414022 -0.0013887 0.000558812 0.00247236 0.00475357 0.00437622 -0.0749509 0.000789904 -0.00742984
 -4.33312e-10 -5.409e-05 1.08078e-05 1.24173e-10 1.50673e-05 -1.26262e-05 1.14633e-05 3.02167e-06 -6.37631e-05 3.10905e-05 2.62928e-06 -6.12377e-05 -1.14807e-09 2.023e-05 2.43857e-07 1000 2.87865e-05 -3.85698e-06 -3.67545e-10 2.83342e-05 -1.1919e-05 -6.14223e-10 3.49084e-05 -8.01123e-06 3.97407e-05 -1.50311e-05 2.91039e-06 -9.49055e-06 -6.43642e-05 6.92683e-05 3.82918e-06 1.40376e-05 -6.02873e-05 6.47406e-05 -7.77085e-06 8.01367e-06 -2.61918e-05 7.81836e-06 -1.46229e-07 -7.99658e-05 2.16036e-05 5.67472e-07 -7.82167e-06 1.66717e-06 2.94814e-07 1.18867e-05 1.59753e-05 -1.84369e-05 7.07776e-05 -1.94548e-05 -0.000159261 0.000114198 -3.05669e-05 8.60824e-05 2.34994e-05 -3.28443e-05 1.81786e-05 1.67054e-05 -2.42971e-05 1.42356e-05 5.94151e-06 -4.66746e-07 1.47833e-05 7.82305e-06 3.40457e-08 -7.90664e-06 -1.47703e-06 3.09765e-07 3.77349e-07 -4.36602e-10 4.43614e-05 -1.62654e-05 1.42183e-05 5.72558e-07 -1.78817e-05 7.39166e-06 1.49353e-06 -3.31853e-05 6.45873e-06 4.71903e-06 -2.86748e-05 1.58727e-05 -0.000387383 2.27879e-05 1.19829e-05 -9.25619e-07 -5.64375e-06 -6.68459e-07 -4.06178e-08 7.15083e-07 -1.96506e-05 -7.56863e-05 2.08249e-05 0.00010998 9.82429e-05 7.16042e-05 3.99209e-05 5.41972e-06 -0.000129662 -0.000183187 -5.92417e-05 0.000217378 -1.88087e-05 0.000142464 -3.57226e-05 1.22574e-05 9.41964e-05 -2.32876e-05 5.24573e-05 -1.33586e-05 -1.98913e-05 -1.76708e-05 -1.23949e-05 1.07774e-05 1.19346e-05 5.23229e-05 -2.14836e-05 -1.24514e-06 -3.76455e-05 3.47671e-06 5.80181e-06 1.10112e-05 -9.54333e-06 -1.15426e-06 -1.48179e-05 -1.08688e-05 -1.2212e-05 -1.68106e-05 -3.29339e-05 -7.68671e-06 -1.42473e-05 -6.48487e-06 -4.73941e-06 1.18186e-05 8.2951e-06 -8.81131e-06 -9.64772e-06 -1.06055e-05 -1.29182e-05 -2.78801e-05 -3.88028e-05 1.88618e-06 4.42824e-06 -6.53533e-06 4.09528e-06 8.00777e-06 -1.22891e-05 2.40197e-05 4.28049e-07 -1.96488e-05 -1.064e-05 -1.5723e-05 -7.97125e-06 -1.97681e-05 -3.62668e-06 -9.63426e-06 -8.47859e-06 1.01953e-05 1.42974e-06 2.70889e-05 4.34381e-05 3.91717e-05 -0.000590952 -0.000334066 -9.96194e-05
 -1.74614e-06 2.35106 -0.469492 -4.38361e-06 -0.376165 0.313638 -0.341846 -0.0853029 1.83324 -0.887976 -0.0748402 1.78642 5.00304e-05 -1.18223 -0.00573388 2.87865e-05 996.994 -45.0087 -3.16776e-07 -0.809785 0.340663 3.97848e-06 -0.942908 0.216261 3.1879 4.09943 -1.00982 0.36999 2.80584 -3.02333 2.03969 -0.395218 1.52276 2.3622 0.406452 -0.811807 -0.995117 -0.402611 0.0119796 2.4465 -1.2198 -0.0246076 0.931236 -2.14115 0.220606 -0.551863 -0.706318 0.816926 -1.31766 2.05178 2.6164 -2.35962 -0.169872 -1.46623 0.677846 -0.631846 -1.83892 1.15949 0.822564 -1.20146 -0.20211 0.0192506 -0.776208 0.285277 -0.00960093 0.15066 0.0042074 -0.00062307 -0.00188841 9.79427e-06 -1.33971 0.490027 -0.405818 -0.0158843 0.495493 -0.479639 -0.0724814 1.58888 -0.18302 -0.111746 0.683245 0.365679 2.20129 -0.130376 -0.210559 0.0149248 0.0878471 0.0234892 0.00103545 -0.0247367 1.37393 2.59761 -0.031942 -2.13195 -1.77475 -1.02383 -0.52538 0.430721 2.602 3.47436 1.10312 -5.62677 -2.39601 -0.621366 3.28449 1.12681 -3.56451 -3.48445 2.37521 -0.113515 0.925594 0.543299 0.21955 -0.210279 -0.604601 0.551099 0.520511 0.10896 0.5322 0.365345 0.0933274 -0.0738246 0.31639 0.159231 0.704228 0.601711 0.550858 0.499263 0.835408 0.472178 0.368232 0.31637 -0.131263 -1.33313 -0.380551 -0.0742205 0.0265462 0.0517994 0.180789 0.142176 0.363888 0.0349976 0.191914 -0.399643 -0.098169 -0.0413709 0.153297 -0.591331 -0.96119 0.170652 0.0333804 -0.397773 -0.788492 -0.609069 -0.334458 -0.0652963 -0.00760714 0.0660935 -0.100739 -0.697446 -0.985992 -0.989274 15.7559 7.84646 2.52824
 2.18694e-07 -0.119957 0.023883 1.52893e-07 0.00675624 -0.00553577 0.0145926 0.00364227 -0.0785502 0.0366317 0.00306153 -0.0735239 -1.81345e-06 0.04341 0.000296442 -3.85698e-06 -45.0087 2.90724 1.45896e-08 0.0325941 -0.0136898 -1.49103e-07 0.0378645 -0.00865464 -0.149713 -0.195518 0.0480947 -0.0201025 -0.13475 0.145196 -0.0953791 0.0165194 -0.0629185 -0.110154 -0.0230482 0.0445037 0.0421082 0.0162774 -0.000437179 -0.117852 0.054337 0.00117627 -0.04702 0.0919302 -0.00929311 0.0227278 0.0289068 -0.0334023 0.0585569 -0.0954429 -0.122325 0.11022 0.00713718 0.0664931 -0.0318459 0.0298764 0.0807062 -0.0539618 -0.0399129 0.0575337 0.00910675 -0.000870507 0.0366692 -0.0129213 0.000386608 -0.00529912 -6.76385e-05 1.33439e-06 9.22782e-05 -3.65919e-07 0.0546486 -0.0199318 0.0170557 0.000668454 -0.0209079 0.02094 0.00311491 -0.0686026 0.00754662 0.00459355 -0.0282039 -0.0172185 -0.100831 0.00597069 0.00918037 -0.000647236 -0.00424448 -0.00108762 -4.79988e-05 0.00114544 -0.0632587 -0.118459 -0.00095938 0.0967283 0.0828589 0.0481861 0.0243422 -0.0201952 -0.118231 -0.162789 -0.0524538 0.259036 0.110073 0.0281184 -0.150788 -0.0519878 0.163536 0.160174 -0.109108 0.0051188 -0.0426731 -0.0248323 -0.00973482 0.00988023 0.0277337 -0.0255167 -0.0239338 -0.00498396 -0.0244678 -0.0168554 -0.00415891 0.00334851 -0.0143669 -0.00743243 -0.0324027 -0.0275185 -0.0251513 -0.0231563 -0.0378344 -0.021855 -0.0168216 -0.0143643 0.00629714 0.0614657 0.017705 0.00347511 -0.00124056 -0.00248094 -0.00842085 -0.00655223 -0.0161842 -0.0012153 -0.00846628 0.0183069 0.00456283 0.00203481 -0.00700599 0.0275563 0.0441924 -0.00765542 -0.00134846 0.0185444 0.0361653 0.0280723 0.0154033 0.00317916 0.000548872 -0.00314546 0.00464288 0.03208 0.0459496 0.0458191 -0.739065 -0.339422 -0.115142
 -8.76467e-10 2.65915e-05 -5.27359e-06 5.2818e-11 1.6613e-05 -1.40348e-05 -1.20642e-06 7.9493e-08 -8.49889e-08 1.23665e-05 9.27597e-07 -1.98851e-05 2.79452e-10 -1.11253e-05 2.20851e-08 -3.67545e-10 -3.16776e-07 1.45896e-08 1000 -9.90016e-06 5.21699e-06 -4.38152e-10 3.02277e-06 -7.47495e-07 7.47304e-05 -2.81029e-06 -6.40932e-07 5.07033e-06 4.20997e-05 -4.54056e-05 6.467e-05 4.17117e-06 -2.27104e-05 0.000137725 -4.44754e-05 6.27766e-05 -3.4982e-05 -2.12097e-06 1.99158e-07 -2.8409e-05 -2.35288e-06 2.45191e-08 5.72247e-06 -3.76541e-05 4.3612e-06 -4.2013e-06 -3.86599e-06 4.49623e-06 2.65007e-05 1.46393e-05 -4.57048e-05 2.70137e-05 -3.43297e-05 2.28759e-05 6.20736e-05 -7.00313e-05 -2.30275e-05 2.73251e-05 7.1115e-07 -1.19169e-05 2.65735e-07 1.49884e-07 -1.10296e-05 3.94302e-06 -7.13344e-08 2.92293e-07 -1.37625e-06 2.87861e-07 2.4089e-07 -1.27534e-10 -2.80231e-06 9.76294e-07 -8.22429e-07 -3.76876e-09 -1.28951e-07 -3.60222e-06 -2.53921e-07 6.04206e-06 1.52254e-06 1.42399e-06 -8.28082e-06 1.13592e-05 -0.00029861 1.73704e-05 6.28539e-06 -5.01943e-07 -9.668e-08 -3.52405e-07 -1.28468e-07 4.84626e-07 4.10894e-06 6.93716e-06 -1.93585e-05 -5.84883e-05 -1.96745e-05 2.10477e-05 -3.70199e-05 0.000378254 -0.000131345 -0.000113159 -4.72736e-05 -3.96966e-05 -8.94984e-05 0.000106443 2.45411e-05 4.79006e-06 7.41841e-05 4.44801e-06 -2.5556e-05 4.73714e-06 3.55384e-05 -1.01771e-05 -1.07295e-05 -5.25104e-06 2.57231e-06 9.9181e-06 1.03897e-05 -8.36218e-06 4.54246e-06 -1.44222e-06 8.40934e-06 1.21432e-05 6.06643e-06 7.79561e-06 -1.14856e-05 -6.45232e-06 2.12428e-06 -6.29051e-07 1.04165e-05 -7.79035e-06 7.59162e-06 -1.6659e-06 -3.37572e-06 -6.09014e-06 2.61864e-07 -7.09861e-06 5.55794e-07 1.18295e-05 -1.10343e-06 -4.03302e-05 -3.95479e-05 1.86093e-05 1.0709e-05 -1.21091e-05 8.01413e-06 1.74956e-05 -5.00664e-06 3.77165e-05 -7.16688e-06 2.17088e-06 -7.96286e-06 -2.2881e-05 -2.14628e-05 -2.21369e-05 -6.40392e-06 -4.33046e-06 -2.56801e-06 5.07371e-06 -3.15666e-07 1.74476e-06 7.31709e-06 -1.82469e-06 -2.25984e-05 -4.35517e-05 -7.53061e-06
 -1.968e-05 2.11552 -0.424325 -1.2641e-05 -1.8007 1.51537 -0.437236 -0.0978437 2.09535 -0.945541 -0.101368 2.40804 4.118e-05 -0.868551 -0.00222601 2.83342e-05 -0.809785 0.0325941 -9.90016e-06 843.862 -358.216 9.51943e-06 -1.76957 0.413101 -1.12165 4.47955 -1.02978 -0.247677 0.235163 -0.253007 0.474782 -0.659354 2.76557 -0.115912 2.49221 -4.02838 0.171987 -0.347466 0.00761025 0.176806 -0.238192 -0.00237186 -0.954963 -0.25904 0.0365276 -0.471628 -0.53184 0.61697 -0.306829 -0.758834 0.878808 -0.388109 1.23317 -3.53027 -1.01562 1.40029 -0.677795 -1.22865 0.0722237 0.485656 -0.177277 0.0199257 -1.888 -0.627956 0.034197 -0.540208 -0.0458761 0.00998525 -0.00641768 9.72554e-06 -1.54957 0.574318 -0.665546 -0.0276639 0.866747 -0.473189 -0.0643024 1.3382 -0.215045 -0.0895479 0.539105 -1.61075 3.68543 -0.198239 -0.233219 0.0194925 0.39173 0.0341282 -0.00665655 -0.027739 -0.410613 -0.0926763 1.96433 3.72043 -0.218263 -0.85913 -31.3364 12.9458 -0.212096 2.61803 0.942516 3.43345 -5.9427 1.03627 2.11378 -1.02858 0.165104 -1.06071 -0.226258 -0.0874201 1.24938 0.32076 0.212712 0.593734 0.84927 0.165394 -0.0949867 -0.504027 0.935812 -0.254692 -0.0104377 -0.0997312 0.620604 1.30652 -0.303718 0.164915 0.355416 0.206539 0.842245 -0.745894 0.16972 0.235541 0.534458 -0.364695 0.253545 0.671646 0.719971 0.569016 0.457323 1.12598 0.828358 -0.429375 -0.0725924 -0.816996 -0.0490809 0.165419 -0.0541283 1.79898 -0.367331 0.519121 1.05537 0.47879 0.16551 -0.835713 -0.324922 0.0494613 0.249156 -0.509152 0.0436471 -0.907058 -0.686525 -1.01437 20.745 9.91177 3.27882
 8.45856e-06 -0.912674 0.182981 5.30411e-06 0.758668 -0.63844 0.184934 0.0413765 -0.886352 0.399237 0.04278 -1.01668 -1.73146e-05 0.364563 0.000964955 -1.1919e-05 0.340663 -0.0136898 5.21699e-06 -358.216 153.608 -4.08238e-06 0.750696 -0.175243 0.476147 -1.91179 0.439516 0.103909 -0.104369 0.112293 -0.2031 0.279318 -1.17145 0.0483309 -1.06463 1.72095 -0.0736854 0.145611 -0.00313891 -0.0759232 0.100244 0.00102394 0.405402 0.10643 -0.0150673 0.19869 0.22428 -0.260138 0.13052 0.323203 -0.374339 0.16533 -0.524512 1.50309 0.432752 -0.596563 0.287231 0.522855 -0.0318247 -0.205648 0.0752927 -0.00846946 0.804813 0.267774 -0.0146199 0.231649 0.0195654 -0.0042584 0.00268328 -4.09138e-06 0.656295 -0.243227 0.281814 0.01171 -0.366982 0.200624 0.0272847 -0.567871 0.0903007 0.0377892 -0.227494 0.688032 -1.56807 0.0843365 0.0988883 -0.00826834 -0.165619 -0.0145349 0.00283679 0.011812 0.174745 0.0416157 -0.83643 -1.58731 0.0903064 0.372615 13.3493 -5.51978 0.0923022 -1.11394 -0.403386 -1.46134 2.53089 -0.442053 -0.900082 0.43781 -0.0709647 0.451413 0.0967208 0.0371562 -0.532429 -0.136564 -0.0904724 -0.252764 -0.361622 -0.0704388 0.0403192 0.21461 -0.398653 0.108365 0.00451379 0.0423296 -0.264169 -0.556496 0.129314 -0.0700768 -0.151268 -0.0882956 -0.358346 0.317409 -0.0723954 -0.100316 -0.227502 0.155327 -0.107899 -0.286123 -0.306737 -0.242513 -0.194918 -0.479494 -0.352338 0.182866 0.0309897 0.347639 0.0207707 -0.0705603 0.0228854 -0.765761 0.15627 -0.221117 -0.449342 -0.203746 -0.0707218 0.355759 0.138177 -0.0210431 -0.106061 0.216743 -0.0185817 0.386264 0.29307 0.432467 -8.84978 -4.19734 -1.395
 -5.9723e-10 1.67582e-05 -3.29948e-06 1.6308e-10 2.68682e-05 -2.26657e-05 2.68949e-06 9.13714e-07 -1.89961e-05 3.33325e-06 5.92624e-07 -1.24251e-05 2.8943e-11 -7.57977e-06 5.27704e-08 -6.14223e-10 3.97848e-06 -1.49103e-07 -4.38152e-10 9.51943e-06 -4.08238e-06 1000 1.56601e-05 -3.25409e-06 0.000124745 -9.99518e-05 2.11542e-05 1.0165e-05 4.94969e-05 -5.34279e-05 7.23812e-05 8.22777e-06 -3.90578e-05 0.000165663 7.17678e-07 -1.23529e-05 -4.73861e-05 -1.38658e-06 3.05278e-07 -4.18237e-05 -1.49092e-06 1.18079e-07 2.05554e-05 -5.08956e-05 5.46474e-06 -1.98582e-06 -2.57384e-06 2.94024e-06 1.43121e-05 5.45249e-05 -2.3885e-05 9.13312e-07 -5.42652e-05 3.56355e-05 9.82042e-05 -0.000110938 -2.6222e-05 4.90073e-05 1.0001e-06 -2.14894e-05 5.44673e-07 5.88405e-08 2.02462e-06 6.39074e-06 -1.58864e-08 -3.28241e-06 -1.14815e-06 2.52026e-07 3.24781e-07 -2.18951e-10 1.16109e-05 -4.43201e-06 4.14768e-06 1.91682e-07 -5.94989e-06 -3.59252e-06 -1.72208e-07 4.39568e-06 3.15549e-06 2.01334e-06 -1.18913e-05 2.49676e-05 -0.000330168 1.92393e-05 2.67456e-06 -2.59022e-07 -3.76989e-06 -4.11423e-07 -1.35116e-07 5.51136e-07 2.47843e-05 -1.57705e-05 -2.59324e-06 5.88381e-06 2.63653e-05 3.615e-05 4.09701e-05 9.83164e-05 -5.79845e-05 -9.76516e-05 -3.69988e-05 -2.46193e-05 -3.60875e-05 8.62341e-05 9.01814e-05 -2.33497e-05 3.5265e-05 -5.42602e-05 0.000111799 -2.55935e-05 1.00102e-05 7.3879e-06 2.9084e-06 6.36786e-07 9.35481e-06 4.43938e-05 1.31344e-05 3.14534e-06 -1.58492e-05 2.68464e-05 1.18185e-06 9.47229e-06 1.05562e-06 1.2963e-05 8.92446e-06 7.92656e-06 5.89808e-06 -2.43384e-06 6.76875e-06 -4.6525e-06 3.2133e-06 -9.53203e-06 -1.78164e-05 -6.29335e-06 1.87977e-06 -9.10448e-06 7.75784e-06 6.48269e-06 -1.92759e-05 -8.41371e-05 -5.46797e-05 2.96871e-05 7.91445e-06 -2.88663e-06 2.74309e-08 7.09509e-06 -1.06325e-05 -6.56144e-06 2.81436e-06 -1.86137e-05 -1.99993e-05 -3.52938e-05 -4.06998e-05 -2.67682e-05 -1.24679e-05 -1.12563e-05 -1.11465e-05 1.26491e-05 -1.77615e-06 1.00366e-05 7.91369e-06 7.49841e-06 -0.000209367 -0.000140262 -3.79656e-05
 5.47765e-06 1.2912 -0.26201 -1.47377e-05 -1.97564 1.66295 -0.445632 -0.115132 2.44981 -1.21676 -0.118535 2.78106 4.79341e-05 -0.987977 -0.00353934 3.49084e-05 -0.942908 0.0378645 3.02277e-06 -1.76957 0.750696 1.56601e-05 946.204 -221.669 -1.12523 10.9621 -2.53547 0.00235464 1.10052 -1.18218 -2.26757 -0.920635 4.0564 -2.79395 1.51508 -2.26489 0.422181 -0.400947 0.00363076 1.28021 -0.53512 -0.0113669 -2.45794 0.594185 -0.0355709 -0.464757 -0.535007 0.622167 -0.523212 -1.70136 0.658744 0.0288437 1.89455 -4.9427 -2.24858 2.87087 -0.346625 -2.24709 -0.0945348 1.07244 -0.148718 0.0148274 -1.2944 -0.0916513 -0.012478 0.477845 -0.0150669 0.00303357 -0.0097298 1.3299e-05 -1.59997 0.59504 -0.59525 -0.0249876 0.776786 -0.388725 -0.061647 1.27299 -0.240492 -0.119353 0.719128 -0.799203 3.75654 -0.21381 -0.144167 0.0134412 0.324172 0.0318076 -0.00247622 -0.0295993 -0.788279 0.648514 -0.009739 -1.06556 -1.68267 -1.23165 -8.4911 2.70228 0.612306 3.76715 1.46693 1.77375 -6.21911 -1.28037 4.09644 -0.304521 -2.01818 -6.64789 1.32724 0.591875 -0.76185 -0.537136 -0.424856 0.225519 -0.282517 -1.04878 -1.07697 0.355418 1.22715 -0.713244 -0.162658 -0.292918 0.158892 -0.366552 0.054214 0.15958 0.0516961 0.373521 0.259688 0.127458 0.256033 0.714443 1.11145 0.605206 0.373614 0.33836 0.255998 0.321165 0.442079 2.08703 1.4892 -0.510161 -0.10088 -0.0682618 0.41072 0.351893 0.347167 1.18045 0.128009 0.632158 2.15598 1.56618 0.731357 -0.327783 0.0840131 0.362154 0.492184 -0.72742 0.062151 -1.01751 -0.935181 -1.16863 22.9434 11.5697 3.70012
