 1000 0.00265365 -0.00056148 -9.23019e-10 -0.000131782 0.000106172 -2.33797e-06 -2.30746e-07 2.42053e-06 -7.58005e-05 -4.3925e-06 0.000100902 3.07044e-10 -1.42827e-05 1.90053e-07 -2.51855e-10 -6.17838e-06 4.53478e-07 -9.22415e-10 -1.84692e-05 8.17847e-06 -6.18365e-10 7.90673e-06 -1.5387e-06 1.94683e-05 -0.00030734 7.78907e-05 -5.41752e-05 -0.000206203 0.000233027 -2.74589e-06 -1.11661e-06 3.50278e-06 9.23889e-05 -9.10535e-05 0.000141191 -7.38383e-05 -6.18162e-06 9.66845e-07 -0.000130512 1.35589e-05 1.25776e-06 -1.81859e-05 -8.1981e-05 1.12819e-05 -4.29873e-06 -1.04766e-05 1.67068e-05 7.20667e-05 -5.78508e-05 -0.000275876 0.00022383 -6.74894e-05 7.59569e-05 0.000108812 -0.000135842 -5.1891e-05 1.29668e-05 -5.19398e-05 5.39902e-05 -4.61242e-06 4.14258e-07 2.26332e-05 1.12972e-06 -2.00199e-07 6.98396e-06 -4.63651e-06 1.35148e-06 7.78418e-07 -1.14468e-10 -4.36495e-06 1.6486e-06 3.37902e-06 1.11308e-07 -4.48323e-06 1.01835e-05 8.38402e-07 -2.15771e-05 2.30129e-06 1.51434e-06 -1.31954e-05 -9.23996e-06 -0.000342069 2.73449e-05 6.40192e-06 -7.90416e-07 -9.27953e-06 -1.69023e-06 -7.46492e-07 2.45647e-06 2.13256e-06 -9.44925e-05 -0.000149464 -0.000207647 -9.76749e-05 -1.80296e-06 0.000165309 0.000429092 -0.000240767 -0.000108099 -7.60975e-05 6.43768e-05 -5.23958e-05 -3.01949e-06 8.02733e-05 0.000115592 5.7193e-05 -6.71105e-05 -0.000159241 0.000226552 -0.000130721 2.07458e-05 -2.19544e-05 -1.99045e-05 1.06525e-05 3.98329e-05 1.46855e-05 -1.69663e-05 4.6778e-05 -4.29684e-05 9.15704e-06 -8.44254e-06 -9.37137e-06 1.22437e-05 7.03111e-06 -1.00774e-05 -1.37918e-05 0.00015914 -0.000114339 8.0647e-05 -4.82658e-06 1.42309e-05 2.61727e-05 6.17212e-06 2.97592e-05 -2.5554e-05 2.6279e-05 1.73871e-05 2.84447e-05 -2.71926e-05 -7.99753e-05 4.63085e-05 1.77969e-05 2.40657e-07 4.67886e-06 -3.07553e-05 3.90947e-05 3.69718e-05 6.34737e-07 3.52533e-05 1.41729e-05 -4.39987e-05 -8.13173e-06 -2.65579e-05 1.60284e-06 2.2959e-06 4.08694e-06 4.45484e-07 1.83241e-07 1.86406e-05 3.45682e-05 3.40384e-05 -0.000608692 8.16046e-05 -5.14831e-05
 0.00265365 484.852 -101.457 0.000135532 27.6991 -22.3139 0.485634 0.177197 -2.84741 15.17 1.12481 -26.1457 -9.09384e-05 2.55682 -0.0234085 -5.33865e-05 2.31273 -0.122909 2.24844e-05 1.60407 -0.713732 1.88152e-05 0.21511 -0.058686 16.8465 35.7907 -9.41245 6.09078 23.6078 -26.7003 13.2051 2.24605 -9.58531 9.02275 14.5987 -24.4211 7.81694 1.23515 -0.144578 19.3341 -2.23332 -0.18656 10.0038 7.47028 -1.22268 1.31066 2.6754 -4.31101 1.98974 8.25684 14.5693 -13.8243 1.97841 -3.5431 1.2959 -1.18823 6.80472 2.78548 7.88916 -11.0243 0.649275 -0.0571482 -1.73464 2.21153 -0.00294053 -2.43209 0.378428 -0.107452 -0.127792 -2.40223e-05 1.2981 -0.457028 0.300748 0.0206902 -0.454898 -0.837477 -0.0252287 0.933721 -0.0247957 -0.10915 0.916686 -1.39589 3.11026 -0.233036 1.70923 -0.183621 0.513945 0.130344 0.0335553 -0.165292 1.44974 -3.77778 10.5216 18.4311 10.7364 2.12357 -31.2037 17.8704 -8.35284 17.9708 11.9626 -1.16909 -1.47653 -2.10754 -4.89925 3.24887 3.49652 1.56662 -8.86606 3.4012 -1.21285 0.354885 -1.5414 -1.0076 -0.90285 -1.12684 -0.0341247 1.96954 0.362002 -0.929504 -0.0152081 -0.0181281 -0.233915 -1.21665 0.217568 -0.330338 -1.24106 2.95472 -5.99383 2.58093 -0.674504 -0.524582 -1.08056 -3.81666 -1.39615 -2.22997 -1.50076 -1.73222 0.0667154 -0.076834 -0.996642 -1.80357 -2.07111 -0.537064 -0.386013 -2.18768 0.0732204 -1.7905 -3.39114 -0.640733 -0.0791787 -2.04468 -0.421293 -1.1455 -1.08035 -1.01141 -1.05427 0.457683 -0.100596 -2.1484 -4.9561 -5.07362 89.0028 -37.0718 4.52055
 -0.00056148 -101.457 22.3665 -2.87245e-05 -5.85728 4.71851 -0.106482 -0.0386235 0.623089 -3.20663 -0.237893 5.52982 1.9997e-05 -0.55718 0.00498683 1.15748e-05 -0.501031 0.0265487 -4.78346e-06 -0.352937 0.156916 -3.94994e-06 -0.0573164 0.0149142 -3.55632 -7.55822 1.98768 -1.2899 -4.98622 5.63942 -2.78421 -0.478189 2.0387 -1.90516 -3.08498 5.16053 -1.65571 -0.270819 0.0309997 -4.08194 0.461751 0.0394608 -2.11681 -1.59153 0.260081 -0.281516 -0.57119 0.920481 -0.422269 -1.74146 -3.07284 2.91579 -0.41927 0.747253 -0.274134 0.251575 -1.43593 -0.58823 -1.66531 2.32722 -0.13746 0.0121007 0.367586 -0.466596 0.000560199 0.515685 -0.0796923 0.0226256 0.0270495 5.29891e-06 -0.294825 0.103167 -0.0685906 -0.00461624 0.102913 0.174935 0.00499983 -0.189261 0.00409553 0.0226919 -0.190551 0.296956 -0.655663 0.0491093 -0.361767 0.0388619 -0.109507 -0.0275073 -0.00707503 0.0348762 -0.305871 0.797215 -2.21777 -3.88894 -2.2673 -0.443897 6.58568 -3.77614 1.76414 -3.79125 -2.52255 0.246671 0.311892 0.444435 1.03325 -0.68662 -0.738514 -0.330302 1.87248 -0.719412 0.256461 -0.0752248 0.32558 0.212911 0.190362 0.237657 0.00683443 -0.415436 -0.0768097 0.196305 0.00320132 0.003778 0.0495216 0.256377 -0.0458985 0.0698212 0.262139 -0.625048 1.26605 -0.545368 0.142294 0.110571 0.227962 0.805563 0.294542 0.47041 0.316178 0.365148 -0.0145622 0.0159094 0.21096 0.380686 0.437234 0.113051 0.0813344 0.461813 -0.0158898 0.377986 0.715316 0.134889 0.0165221 0.431752 0.0885424 0.241746 0.227734 0.213429 0.222446 -0.0965684 0.0212203 0.453498 1.04692 1.07068 -18.8084 7.8566 -0.95263
 -9.23019e-10 0.000135532 -2.87245e-05 1000 -0.00090396 0.000730728 -3.74959e-06 -9.12836e-07 2.02606e-05 4.28766e-05 3.84451e-06 -8.63794e-05 6.29883e-10 -1.05383e-05 2.55695e-08 1.13881e-10 -5.25748e-06 2.58364e-07 2.53858e-11 -1.33427e-05 5.77875e-06 1.83291e-10 -1.54139e-05 3.20524e-06 5.42088e-05 3.56542e-05 -9.85912e-06 -4.63457e-06 -1.29689e-05 1.44657e-05 0.000152834 1.43581e-05 -6.78745e-05 0.000201098 -2.30929e-05 2.27202e-05 2.08266e-05 -4.45324e-06 1.38024e-07 7.53489e-06 -4.30561e-07 3.37791e-07 8.03704e-05 -9.24495e-06 4.93212e-08 -2.50582e-08 8.32864e-07 -1.47963e-06 1.3483e-05 2.3633e-05 -4.04405e-05 2.12682e-05 -3.34063e-05 -2.46345e-05 0.000110605 -0.000127734 3.0994e-05 -2.04603e-05 4.24053e-05 -3.70674e-05 -1.0567e-06 -6.36388e-08 3.44814e-05 -5.31007e-05 3.93739e-06 -9.01761e-05 -5.49369e-06 1.5145e-06 8.06676e-07 2.33078e-10 -2.77411e-05 8.75631e-06 -5.68474e-06 -2.4806e-07 7.21283e-06 -1.4562e-05 -1.4403e-06 3.51354e-05 1.32317e-06 1.57812e-07 -1.71116e-06 -1.14393e-05 -0.000133961 1.05141e-05 2.16346e-05 -2.30988e-06 -6.3758e-07 -4.95274e-07 -3.01694e-07 8.03305e-07 -3.24654e-05 -5.6e-05 -2.20685e-05 -2.30159e-05 -7.47671e-06 4.99446e-06 7.38523e-05 -1.09361e-05 -4.26411e-05 1.86782e-05 5.81509e-06 -1.61818e-05 5.47266e-06 5.76937e-05 -2.81385e-05 0.000103973 -4.09445e-05 -1.29955e-05 -1.74669e-05 -2.65496e-06 7.58702e-06 1.71072e-06 1.60566e-05 -1.34811e-06 2.95955e-05 -2.97501e-05 -4.04003e-06 -1.78476e-06 3.04932e-05 -3.16756e-05 -1.71411e-05 4.42171e-05 4.16199e-05 3.74887e-05 -8.37692e-05 -0.000204226 -7.37279e-05 0.000138501 -3.11386e-05 0.000139396 -1.29802e-05 4.32718e-06 3.16748e-05 2.31945e-05 1.26806e-05 -2.25441e-06 2.76128e-05 -3.82283e-06 5.13214e-05 -5.46203e-05 -0.000115011 2.03844e-07 -5.90918e-05 6.92269e-05 6.70269e-05 4.25674e-06 -4.55974e-06 -8.69095e-06 -2.30446e-05 6.43831e-05 4.73895e-05 -0.000106592 5.35563e-05 -2.79222e-05 -2.02467e-06 -6.60183e-07 -1.28121e-06 -4.54212e-06 1.55486e-06 -1.48786e-05 -4.77922e-05 -6.2906e-05 0.000475299 -5.89603e-05 4.04772e-05
 -0.000131782 27.6991 -5.85728 -0.00090396 406.356 -325.904 -0.284694 -0.0898007 1.93261 9.77415 0.74843 -17.335 0.000121152 -1.96399 -0.00683563 2.87373e-05 -0.810965 0.0271403 4.15652e-05 -3.69749 1.60557 6.36939e-05 -3.93511 0.826585 10.8888 21.8328 -5.75305 4.09799 14.9803 -16.948 14.5629 0.295156 -2.23693 8.63873 9.27339 -15.7186 3.96578 -1.1233 0.000607823 9.95183 -2.70017 -0.084597 6.64889 2.36288 -0.478683 -0.283839 0.0497509 -0.0648583 -1.28941 2.66083 -1.39043 0.119272 2.04586 -3.32264 0.67105 -0.471565 5.65099 1.65046 5.62987 -7.70569 0.340674 -0.0274986 -1.79714 -1.57759 0.251214 -8.51361 -0.757563 0.21993 0.0943529 4.86406e-05 -4.87392 1.53693 -0.758099 -0.0328427 0.996494 -1.66461 -0.113144 3.04211 -0.0151479 -0.0490589 0.422804 -3.47372 -0.851785 0.0877046 2.12495 -0.22689 0.479858 0.0608239 0.0147553 -0.076224 0.815575 -1.53401 1.97042 2.81641 1.34045 2.17567 1.72027 -1.77711 -0.749397 4.53453 1.07844 -1.25395 -0.81371 0.714606 -1.86415 3.13513 -0.404275 -0.753516 -0.865039 1.13776 0.0573999 -0.565117 -0.960937 -1.73075 0.265633 0.239385 -0.189565 0.315747 2.3147 -1.30919 -1.65344 -0.420382 -0.339368 2.83002 2.67566 -1.8852 -1.56117 3.82252 -7.65177 3.30058 0.360047 0.0686719 -0.537062 -0.981722 -0.64362 -0.0152258 -0.120805 -1.3399 0.638214 0.829685 0.34141 -0.690442 -1.48453 0.0850301 0.0533444 -0.295331 0.728072 -0.796486 -3.12274 -0.0530375 1.55844 -1.85636 0.354984 -0.73235 -0.482692 -0.42653 -0.418579 0.161528 -0.044184 -1.80046 -3.98445 -4.31742 71.967 -27.3336 3.97053
 0.000106172 -22.3139 4.71851 0.000730728 -325.904 263.832 0.227678 0.0717953 -1.54696 -7.87445 -0.60304 13.9675 -9.73405e-05 1.57653 0.00551946 -2.30545e-05 0.648954 -0.0216611 -3.34955e-05 2.974 -1.2914 -5.12974e-05 3.16561 -0.664939 -8.76899 -17.5851 4.63373 -3.30279 -12.066 13.6509 -11.7281 -0.239306 1.80764 -6.95801 -7.46963 12.6611 -3.19469 0.901757 -0.000356414 -8.01331 2.17193 0.068138 -5.35542 -1.90684 0.386021 0.226964 -0.0420012 0.0553884 1.03946 -2.14277 1.12016 -0.0964157 -1.64832 2.6764 -0.540522 0.379829 -4.55031 -1.32907 -4.53421 6.20588 -0.274622 0.0221708 1.44761 1.27126 -0.202383 6.85837 0.610384 -0.177199 -0.0761331 -3.90995e-05 3.91795 -1.23543 0.608614 0.0263595 -0.800026 1.33973 0.0909831 -2.44667 0.0118159 0.0394106 -0.339662 2.79893 0.685155 -0.0705758 -1.7119 0.182785 -0.38661 -0.0489855 -0.0118809 0.0613857 -0.656409 1.2354 -1.58647 -2.26777 -1.07943 -1.75194 -1.38556 1.43143 0.603968 -3.65359 -0.868595 1.0103 0.655208 -0.575861 1.50156 -2.52543 0.325748 0.606796 0.697012 -0.916166 -0.0464519 0.455015 0.77381 1.39393 -0.214003 -0.192406 0.152654 -0.254293 -1.86431 1.05454 1.3319 0.338409 0.273248 -2.27945 -2.1543 1.51939 1.25775 -3.07935 6.16271 -2.65879 -0.28991 -0.0553392 0.432379 0.790572 0.518309 0.0121155 0.0970197 1.07904 -0.514318 -0.66816 -0.274375 0.55618 1.19601 -0.0689298 -0.0433082 0.237819 -0.586445 0.641684 2.5148 0.0423198 -1.25536 1.4955 -0.286396 0.589849 0.388631 0.343524 0.337115 -0.130038 0.0355643 1.45017 3.20976 3.4774 -57.9754 22.0307 -3.19724
 -2.33797e-06 0.485634 -0.106482 -3.74959e-06 -0.284694 0.227678 999.85 -0.0913742 0.886033 -0.104843 -0.0196326 0.514511 1.38619e-05 -0.281028 -6.66908e-06 7.59218e-06 -0.242681 0.010771 -1.1113e-06 -0.301103 0.130623 2.00755e-06 -0.32425 0.0679097 0.176103 0.728343 -0.189979 0.0627338 0.778856 -0.881571 1.01096 -0.131554 0.430593 1.0437 0.100271 -0.237432 -0.0369923 -0.140394 0.00514941 -0.00462432 -0.104169 0.00126299 0.0559576 -0.40978 0.0498416 -0.118904 -0.148687 0.240064 0.163798 -0.316207 -0.473846 0.462189 -0.111291 -1.74513 0.8004 -0.768797 -0.217978 -0.413562 0.20444 0.0340853 -0.0656886 0.00628292 -0.0131842 0.0294233 -0.00522573 0.191054 0.00189974 -0.000456834 -0.0052601 4.8529e-06 -0.488278 0.154291 -0.163462 -0.00767417 0.22814 -0.222234 -0.0315124 0.764032 0.0250473 0.00371067 -0.0350777 0.143043 -0.657798 0.0508289 -0.257097 0.0267393 0.0309349 0.00205557 -0.00018437 -0.00188923 -0.326673 -0.311233 -0.277778 -0.32719 -0.130072 0.00158858 0.766429 0.676235 -1.03832 -0.0167291 0.05488 0.302171 0.383536 -0.0804166 -0.130717 0.16376 0.190926 -0.25032 -0.0187373 -0.0125613 -0.0295735 -0.0463148 -0.0594233 -0.0307204 -0.0693502 -0.109193 0.352645 -0.551208 0.111875 -0.00489233 0.0330508 -0.0459221 0.0778947 -0.0307445 -0.0466627 -0.0575438 -0.142132 0.120621 0.296571 -0.231499 0.0438028 0.057711 0.116123 -0.57081 0.221301 -0.166306 0.0773906 0.191211 -0.40188 -0.122212 -0.0391097 0.329087 -0.158554 0.183013 0.211895 -0.0263951 0.0538829 0.0339869 0.0645771 0.0517662 0.345885 0.425735 0.0651785 -0.112482 -0.0867509 0.02663 0.0280535 -0.0729122 0.0159429 -0.377632 -0.585356 -0.945946 7.73603 5.11921 1.38565
 -2.30746e-07 0.177197 -0.0386235 -9.12836e-07 -0.0898007 0.0717953 -0.0913742 3.90811 -54.7023 -0.0413356 -0.00722492 0.186013 4.25093e-06 -0.0838705 -1.52401e-05 2.49594e-06 -0.0729218 0.00323238 1.74978e-07 -0.0760204 0.0329692 9.65168e-07 -0.10567 0.0222334 0.0110457 0.384284 -0.0985727 0.0257731 0.254971 -0.288436 0.258744 -0.054247 0.189104 0.220646 0.122296 -0.214331 0.0037959 -0.0423323 0.00121925 0.0201746 -0.034005 2.09564e-05 -0.00904142 -0.10081 0.0121149 -0.0336285 -0.0449022 0.0725835 0.0528776 -0.119587 -0.210495 0.198156 0.0270476 -0.616037 0.143225 -0.107168 -0.0647805 -0.14208 0.0462624 0.037894 -0.0227964 0.00259787 -0.089095 0.076065 -0.00214695 0.000780874 0.00118161 -0.00028737 -0.00215147 1.6225e-06 -0.152862 0.0483375 -0.0507671 -0.00237084 0.0704551 -0.0866363 -0.0116724 0.279694 0.00368959 0.000670629 -0.0071565 0.0608622 -0.0267073 0.00208976 -0.0618656 0.00641549 0.0151669 0.00125664 0.000553724 -0.00182496 -0.102912 -0.110008 -0.0622591 -0.0512443 -0.00828796 0.00828489 0.509307 -0.134913 -0.334993 0.0152323 0.0460544 0.338399 0.125392 -0.0397142 -0.240255 -0.0687154 0.133877 -0.0695353 0.0172632 -0.0134412 -0.0246353 -0.0319343 -0.0401221 -0.016586 -0.0325694 -0.0943364 0.209719 -0.168857 0.0147564 -0.0200215 0.058749 -0.0295014 0.0337638 -0.0176834 0.00660672 -0.00741958 -0.0993411 0.0169597 0.0274808 -0.0537998 0.0280297 0.0393322 0.0365252 -0.125301 0.0289629 -0.0107327 0.00729477 -0.0416129 -0.116598 0.0468278 0.0905093 0.0970572 -0.0145101 0.0366099 0.0098755 -0.0597527 -0.0704206 0.140549 -0.0351248 0.113138 0.182126 0.0487027 -0.0668404 -0.0438159 -0.028556 0.00631014 0.012176 -0.0238332 0.00498511 -0.125689 -0.149181 -0.279618 2.59784 1.68744 0.461789
 2.42053e-06 -2.84741 0.623089 2.02606e-05 1.93261 -1.54696 0.886033 -54.7023 991.412 0.881447 0.144597 -3.68787 -7.97294e-05 1.58333 3.98089e-06 -4.56284e-05 1.36713 -0.0608203 -1.46841e-06 1.41887 -0.61555 -1.7413e-05 1.94735 -0.409881 -0.212359 -6.76079 1.73475 -0.399727 -4.44446 5.02769 -4.63816 1.03117 -3.61451 -3.9751 -2.07221 3.64786 -0.0576858 0.841194 -0.0256173 -0.413051 0.675273 -0.000510235 0.168282 1.97067 -0.238476 0.65771 0.860881 -1.39282 -0.999233 2.13827 3.77167 -3.5475 -0.416931 11.005 -2.60208 1.96565 1.16852 2.54065 -0.813654 -0.693622 0.418881 -0.0475219 1.56526 -1.35183 0.0389756 -0.0484006 -0.0267847 0.0067537 0.0401265 -3.11453e-05 2.88469 -0.913149 0.967989 0.0454985 -1.34529 1.56494 0.210739 -5.04836 -0.0693359 -0.0153338 0.155697 -1.22485 0.559611 -0.0429783 1.12848 -0.117029 -0.278542 -0.0222982 -0.00989446 0.032452 1.83056 1.96016 1.10701 0.924051 0.175407 -0.1304 -9.10761 2.34997 5.96869 -0.124256 -0.710959 -6.07777 -2.24702 0.707787 4.2801 1.22159 -2.39139 1.2514 -0.326417 0.230231 0.444005 0.572824 0.718752 0.296225 0.573009 1.6695 -3.75445 3.02266 -0.264163 0.348883 -1.05759 0.524364 -0.613025 0.314498 -0.123132 0.126003 1.76715 -0.294429 -0.515135 0.964947 -0.505458 -0.706272 -0.657895 2.24217 -0.526431 0.197155 -0.128143 0.742889 2.09387 -0.828855 -1.62266 -1.75237 0.250749 -0.654913 -0.18067 1.06616 1.26053 -2.52457 0.628608 -2.02311 -3.26187 -0.878348 1.20482 0.786421 0.513792 -0.117093 -0.221643 0.426844 -0.0888642 2.24649 2.6451 4.99901 -45.8846 -30.968 -8.29496
 -7.58005e-05 15.17 -3.20663 4.28766e-05 9.77415 -7.87445 -0.104843 -0.0413356 0.881447 898.412 -6.99894 146.547 0.000111352 -2.32929 0.00157205 5.19341e-05 -1.83831 0.0834517 2.7116e-05 -2.86176 1.24623 2.33955e-05 -2.91059 0.615508 5.82155 6.25183 -1.69023 1.5235 5.21242 -5.90017 6.63785 0.469572 -2.31725 5.57124 3.23608 -5.67512 2.18589 -0.362622 -0.00653793 4.64667 -1.42307 -0.0332423 2.78187 0.891835 -0.182056 -0.0693366 0.00217177 0.00103977 1.42193 0.741591 -5.47862 3.75773 0.0595593 -2.75087 2.58237 -2.76609 3.39521 2.15114 1.14715 -2.80855 0.681428 -0.0546059 -2.8027 4.45458 -0.00886433 -4.8566 -0.116942 0.0346794 -0.0434164 1.85404e-05 -2.81869 0.889015 -0.347759 -0.0109552 0.36582 -1.15845 -0.093629 2.62107 -0.355642 -0.201636 1.69137 -1.67932 -5.54789 0.449695 0.222464 -0.0264206 0.727819 3.34898e-05 -0.0119256 0.0119548 -0.466353 -9.21362 1.60175 7.36374 7.07696 8.82519 -7.86149 -4.87647 3.49521 10.7853 3.44686 -9.42378 2.93071 -1.61869 -3.32822 3.14191 8.7732 13.4149 -16.9082 2.06415 1.9934 0.729428 -0.411766 -0.728115 -0.932352 2.68274 -5.19584 0.40038 3.2549 -3.43206 0.913436 0.0617621 -1.72792 0.0747876 -0.385683 1.14313 -5.15127 9.2956 -10.2669 6.95341 -1.96556 -0.817552 1.47496 -5.39687 0.501121 -3.31982 -1.18767 1.27692 -0.197979 -0.40649 -0.958931 -1.00738 -1.25501 1.27088 0.0670044 -2.62554 0.306139 1.00984 -1.21988 0.240982 -1.87412 1.32531 2.0201 -1.32757 -2.68225 -0.897887 -0.836474 0.126537 0.00613971 -0.952697 -1.49842 2.16094 42.4854 -20.5547 1.80849
 -4.3925e-06 1.12481 -0.237893 3.84451e-06 0.74843 -0.60304 -0.0196326 -0.00722492 0.144597 -6.99894 2.31559 -33.5821 7.94271e-06 -0.162753 7.29171e-05 4.17888e-06 -0.13494 0.00603807 2.21157e-06 -0.222187 0.0966274 2.00524e-06 -0.22603 0.0476756 0.217022 0.779696 -0.202611 0.144768 0.558033 -0.631296 0.415852 -0.0109305 0.0118971 0.144423 0.393959 -0.651507 0.139973 -0.0377304 -7.76587e-05 0.110487 -0.053555 -0.00102468 0.0188339 0.0831452 -0.0124399 -0.0231268 -0.0229525 0.0374923 -0.0756573 0.0369898 0.011964 -0.0196195 0.098906 -0.322754 -0.0492068 0.0900732 0.149111 -0.0376026 0.17215 -0.180565 0.0129974 -0.00121085 -0.0591414 0.103042 0.00055004 -0.145267 -0.00398446 0.0012343 -0.00225038 1.58513e-06 -0.201246 0.0634979 -0.0413793 -0.00166926 0.0511791 -0.0180928 -0.000717594 0.0247056 -0.0163789 -0.00867036 0.0717889 -0.134677 0.287395 -0.0218071 0.0376343 -0.00421511 0.0346772 0.0028637 0.000998048 -0.0038937 -0.0527057 -0.517991 0.300509 0.781041 0.61544 0.683241 -0.405892 -0.205502 -0.151232 0.369057 0.103165 -0.156164 0.38964 0.0198803 -0.483031 -0.262884 0.142981 0.423568 -0.224218 -0.0210945 -0.0404184 -0.0223873 -0.0501152 -0.0594255 -0.0780898 0.0601507 -0.162107 -0.0442639 0.10877 -0.106258 -0.0101797 -0.0327227 -0.0635376 -0.00775029 0.0512329 -0.0221772 -0.149309 0.306632 -0.296994 0.0261196 -0.00948712 -0.0463475 0.0365985 -0.244231 0.0269471 -0.0628973 -0.0311879 -0.0305379 -0.0841149 0.0345862 0.00551814 -0.0681225 -0.0654465 -0.00636922 0.0244081 -0.0779614 0.0137784 8.33374e-05 -0.097501 0.00847565 0.0601982 0.00478343 -0.0205644 -0.0315899 -0.0422681 -0.0259724 -0.0257531 -0.00219457 0.00129639 -0.100421 -0.188591 -0.249378 3.32119 -0.487491 0.275363
 0.000100902 -26.1457 5.52982 -8.63794e-05 -17.335 13.9675 0.514511 0.186013 -3.68787 146.547 -33.5821 782.198 -0.000190971 3.92053 -0.00203396 -9.98226e-05 3.2667 -0.146476 -5.04887e-05 5.34178 -2.32338 -4.57784e-05 5.39552 -1.13825 -5.13909 -17.9544 4.66804 -3.33273 -12.8637 14.5527 -9.87382 0.327887 -0.542285 -3.51262 -9.02242 14.9353 -3.28403 1.00561 -0.00377593 -2.64133 1.35226 0.0235078 -0.451769 -1.75484 0.266353 0.606401 0.609424 -0.995587 1.72898 -0.908492 -0.0242695 0.286192 -2.17596 7.48385 1.02722 -1.95465 -3.55357 0.783859 -3.963 4.21347 -0.318025 0.0293097 1.51132 -2.50384 -0.0136369 3.54085 0.0762381 -0.0240266 0.0583888 -3.89177e-05 4.87609 -1.53954 1.03239 0.0421072 -1.28165 0.359309 0.011024 -0.444791 0.373737 0.199091 -1.6491 3.23739 -6.41827 0.485807 -0.871102 0.0975692 -0.789001 -0.0653849 -0.0224475 0.0885601 1.23344 12.0874 -7.03881 -18.0635 -14.0226 -15.6688 9.44526 4.93004 3.47648 -9.49383 -2.60021 3.99245 -9.02476 -0.390822 11.1873 5.91795 -3.5758 -10.1833 5.74116 0.409101 0.859859 0.485478 1.16598 1.39594 1.82471 -1.47342 3.9072 0.997291 -2.60083 2.55794 0.20593 0.752501 1.52015 0.172485 -1.15538 0.473109 3.60228 -7.34883 7.16108 -0.83525 0.286356 1.09011 -0.888424 5.77912 -0.635966 1.55527 0.760075 0.662387 1.94203 -0.774988 -0.0987925 1.58944 1.54286 0.108251 -0.557958 1.87572 -0.322523 -0.037228 2.2759 -0.200061 -1.31307 -0.153021 0.405726 0.770572 1.0609 0.628921 0.621379 0.0457723 -0.0301738 2.3282 4.3519 5.61269 -77.4209 11.9107 -6.35365
 3.07044e-10 -9.09384e-05 1.9997e-05 6.29883e-10 0.000121152 -9.73405e-05 1.38619e-05 4.25093e-06 -7.97294e-05 0.000111352 7.94271e-06 -0.000190971 1000 8.02203e-05 -5.97879e-06 -1.00389e-09 4.83374e-05 -1.80441e-06 2.39793e-10 3.6659e-05 -1.58041e-05 -9.88601e-11 4.75564e-05 -9.78561e-06 -0.000275713 -0.000575371 0.000152517 -2.8752e-05 -0.000177574 0.000200813 -7.84434e-05 3.09654e-05 -0.000112077 -0.000139669 6.26914e-05 -9.21092e-05 0.00011066 3.17292e-05 -1.01754e-06 -0.000376058 0.000146199 3.9198e-06 -4.28208e-05 0.000173874 -2.0141e-05 2.60179e-05 3.60146e-05 -5.85925e-05 8.46828e-05 7.44872e-06 -0.000194877 0.000139871 3.23518e-05 5.20485e-05 -1.06602e-05 7.73826e-06 0.000128377 -2.74916e-05 -4.01471e-05 5.50033e-05 -3.16341e-06 3.6451e-07 -4.06067e-05 -2.51403e-06 1.45966e-06 -5.93134e-05 -1.33434e-06 3.971e-07 -6.92739e-07 -7.33117e-10 7.71016e-05 -2.40597e-05 1.49634e-05 6.63167e-07 -1.90686e-05 3.26144e-05 4.58082e-06 -0.000116409 5.34194e-07 1.23667e-06 -1.14928e-05 -4.43413e-05 0.000241963 -1.84419e-05 9.87893e-06 -9.25373e-07 1.18741e-05 -9.50897e-07 -1.78791e-07 1.13951e-06 -4.51997e-05 -5.93102e-05 4.32295e-05 8.61443e-05 4.09045e-05 1.83317e-05 -1.51388e-05 -4.73868e-07 -0.000100255 4.82133e-06 9.09074e-06 0.000265629 0.000142891 -0.000148858 -9.15334e-05 4.15155e-05 2.36425e-05 6.09815e-05 4.72018e-05 -8.49511e-06 -9.94729e-05 -9.24798e-06 5.70282e-05 2.08331e-05 -5.29553e-05 -3.06176e-05 -6.51434e-05 4.99013e-05 3.74939e-05 2.38963e-05 -5.6644e-06 -1.12664e-05 -3.02546e-05 9.49582e-06 -1.14063e-05 -2.08175e-05 -2.80616e-05 -3.03079e-05 -2.46071e-05 -3.47454e-05 -9.25481e-06 7.23422e-06 1.80082e-05 3.20798e-05 2.66319e-05 2.25451e-05 1.05208e-05 -5.44973e-06 -4.23624e-05 -5.14769e-05 -2.2838e-05 7.23399e-06 2.76863e-05 -7.37808e-06 -4.31327e-05 -6.09634e-06 -1.06703e-05 1.64213e-08 -1.0036e-05 -1.17291e-05 1.38332e-06 2.11828e-05 3.16396e-05 -1.92009e-05 -5.60531e-06 -1.21723e-05 -8.01143e-06 -1.98219e-06 2.00677e-06 3.38503e-05 6.4814e-05 8.6952e-05 -0.000780179 -0.000330311 -0.00011755
 -1.42827e-05 2.55682 -0.55718 -1.05383e-05 -1.96399 1.57653 -0.281028 -0.0838705 1.58333 -2.32929 -0.162753 3.92053 8.02203e-05 998.075 -2.50636 1.70073e-05 -1.07607 0.0408672 -9.47944e-06 -0.680128 0.292345 -4.2039e-06 -0.905751 0.184995 8.02796 13.7312 -3.66834 0.76658 4.45901 -5.0438 2.68452 -0.645288 2.25577 4.51953 -0.536536 0.547653 -3.25271 -0.811899 0.0298947 7.47074 -3.27174 -0.0827927 1.10199 -4.76565 0.555588 -0.614204 -0.86734 1.40953 -1.75911 0.823332 3.90751 -3.15656 -1.23821 -0.622731 1.00927 -1.14002 -3.6241 1.37837 0.787647 -1.52752 0.0554417 -0.00533701 0.857431 0.204308 -0.0297676 1.05822 0.0134333 -0.00400617 0.0207691 1.43313e-05 -1.61732 0.50267 -0.272305 -0.0114065 0.332003 -0.753784 -0.100868 2.57351 -0.00139351 -0.0230483 0.21979 1.21516 -8.33077 0.648172 -0.188725 0.0168517 -0.305762 0.0188149 0.003619 -0.0226267 1.75047 1.83954 -1.07454 -2.31105 -1.08403 -0.468993 0.921322 0.323461 1.94564 -0.191055 -0.215161 -5.01964 -3.76354 2.58653 3.27263 -0.744269 -0.697091 -1.5717 -0.276923 0.463314 1.88683 0.239083 -1.36096 -1.04741 1.59979 1.05427 1.83764 -0.918598 -0.65612 -0.196145 0.22704 0.297128 0.654518 0.015176 0.455405 0.640211 0.739302 0.58582 0.678158 0.719269 0.184671 -0.296711 -0.635158 -0.889829 -0.566451 -0.498706 -0.337632 -0.0252977 0.596374 0.641099 0.192643 -0.00689963 -0.238008 0.240054 0.778132 0.00165245 0.0779924 -0.22586 0.0929987 0.0877797 -0.184742 -0.94485 -1.29946 -0.0145103 -0.0351789 0.120213 0.0503454 0.16782 -0.079202 -0.599569 -1.24249 -1.58005 14.1084 5.4308 2.06099
 1.90053e-07 -0.0234085 0.00498683 2.55695e-08 -0.00683563 0.00551946 -6.66908e-06 -1.52401e-05 3.98089e-06 0.00157205 7.29171e-05 -0.00203396 -5.97879e-06 -2.50636 0.82336 2.23119e-07 -0.00608828 0.00031855 2.16105e-08 -0.00275398 0.00121725 5.33259e-08 -0.00405568 0.000884299 -0.0311719 -0.055206 0.0146818 -0.00557357 -0.0233249 0.0263835 -0.0120019 -0.000149865 0.00151411 -0.0170818 -0.00467924 0.00885218 0.000738694 -0.00186518 0.000166986 -0.0361699 0.00778417 0.000384833 -0.0111832 0.0049416 -0.000292626 -5.29597e-05 -0.000756394 0.0011961 0.00277692 -0.00395388 -0.0148983 0.0124223 0.00169584 0.000403587 -0.00503873 0.00594625 0.0060993 -0.00531568 -0.00516288 0.00874547 -0.000514447 4.71491e-05 -0.00113849 -0.000939615 5.24534e-05 -0.00123676 4.43406e-05 -1.30416e-05 -3.77586e-05 7.16681e-08 -0.00459815 0.00153938 -0.000404024 -1.84423e-05 0.000456619 0.00117889 0.000102269 -0.00296722 -0.000279491 -0.000190685 0.00146522 -0.00415693 0.0281372 -0.00218082 -0.000197483 3.01196e-05 0.000153584 -7.40424e-05 -1.32435e-05 8.80418e-05 -0.0059885 -0.00392261 0.00164629 0.00466029 0.0024958 0.00146604 -0.0016944 -0.00120427 -0.0060735 -0.0011658 0.000889888 0.0166082 0.0119265 -0.00819923 -0.0104963 0.00195766 0.00190595 0.0048556 0.00111876 -0.00193144 -0.00614405 -0.000483378 0.00498535 0.00384759 -0.00530444 -0.00362128 -0.00602814 0.00304019 0.00200265 0.000409286 -0.000747789 -0.00102783 -0.00189848 -0.000131847 -0.00157954 -0.002047 -0.00215899 -0.00219207 -0.00155212 -0.00258807 -0.000498899 0.00113005 0.00239053 0.00323416 0.00207179 0.00162543 0.000956558 -0.000193033 -0.00215641 -0.00204838 -3.65857e-06 0.000584638 0.0011432 -0.000803478 -0.00236256 0.000200433 -0.000221808 0.00123007 -0.000141495 -6.25295e-05 0.000771989 0.0032551 0.00408069 0.000193606 0.000160325 -0.000196255 2.91938e-05 -0.000648005 0.000274082 0.00202055 0.00468668 0.00498869 -0.0648414 0.00718431 -0.00564758
 -2.51855e-10 -5.33865e-05 1.15748e-05 1.13881e-10 2.87373e-05 -2.30545e-05 7.59218e-06 2.49594e-06 -4.56284e-05 5.19341e-05 4.17888e-06 -9.98226e-05 -1.00389e-09 1.70073e-05 2.23119e-07 1000 2.31177e-05 -3.35306e-06 -3.6732e-10 2.48308e-05 -1.06857e-05 -5.62062e-10 2.84429e-05 -5.81973e-06 2.36443e-05 7.2792e-06 -2.35688e-06 -8.26909e-06 -5.17119e-05 5.8448e-05 2.50913e-05 1.39307e-05 -5.57185e-05 6.3931e-05 1.20584e-05 -2.46351e-05 -2.05513e-05 6.17922e-06 -8.64079e-08 -0.000126694 3.34284e-05 9.99332e-07 -3.36148e-05 1.36814e-05 -7.26998e-07 7.55666e-06 1.21266e-05 -1.97277e-05 7.32433e-05 -3.46424e-06 -0.000200116 0.000147897 -1.96313e-05 7.55776e-05 2.76383e-05 -4.0281e-05 7.50388e-06 2.95041e-05 -3.71775e-05 2.3728e-05 6.14936e-06 -5.0591e-07 -1.22774e-05 1.69696e-05 -1.99746e-08 -2.00415e-05 -2.29825e-06 6.44246e-07 4.41636e-07 -4.53397e-10 3.46312e-05 -1.08136e-05 9.72058e-06 4.8542e-07 -1.38146e-05 7.80901e-06 1.6059e-06 -4.16361e-05 5.82658e-08 1.11601e-06 -1.03301e-05 -3.28813e-06 -0.000310076 2.52991e-05 1.67218e-05 -1.72606e-06 1.80969e-06 -1.03153e-06 -2.58558e-07 1.30096e-06 -2.13804e-05 2.62949e-05 4.32683e-05 4.45794e-05 2.39132e-05 2.1591e-05 4.42e-05 6.61362e-07 -0.00017746 -2.19029e-05 -4.84709e-07 0.000250998 -1.29346e-05 0.00013051 -5.77785e-05 2.03498e-06 6.49026e-05 -2.81743e-05 4.04157e-05 -1.71353e-05 -3.51486e-05 -2.40808e-05 -9.75476e-06 1.292e-05 1.06076e-05 4.55082e-05 -2.29837e-05 -3.87437e-06 -3.18477e-05 8.09063e-06 1.32943e-05 1.07674e-05 -8.74743e-06 -3.85776e-06 -1.72671e-05 -6.65138e-06 -1.23372e-05 -3.26025e-05 -2.21162e-05 -9.27251e-06 -1.17635e-05 -4.18328e-06 -4.49084e-06 9.93367e-06 7.60621e-06 -6.87315e-06 -1.2413e-05 -1.15716e-05 -1.60989e-05 -3.30891e-05 -4.24577e-05 -1.46134e-06 6.22046e-06 -6.45498e-06 2.69925e-06 5.40839e-06 -1.39316e-05 2.4192e-05 7.85633e-07 -2.09067e-05 -1.27843e-05 -1.85503e-05 -1.16055e-05 -1.98932e-05 -4.7977e-06 -1.08004e-05 -9.20695e-06 6.66416e-06 9.3464e-07 2.46271e-05 4.55899e-05 5.82437e-05 -0.000504057 -0.000333512 -9.02774e-05
 -6.17838e-06 2.31273 -0.501031 -5.25748e-06 -0.810965 0.648954 -0.242681 -0.0729218 1.36713 -1.83831 -0.13494 3.2667 4.83374e-05 -1.07607 -0.00608828 2.31177e-05 996.924 -46.7482 -6.4202e-08 -0.690482 0.297182 3.77398e-06 -0.814195 0.166898 3.54885 3.8469 -1.05407 0.41893 2.65629 -3.00569 1.49049 -0.395485 1.40001 2.36314 0.057944 -0.261041 -1.13424 -0.458126 0.0169885 3.77657 -1.58185 -0.037904 1.67042 -2.62926 0.282646 -0.375135 -0.557787 0.905099 -1.43396 1.75521 3.68331 -3.33187 -0.477187 -1.11244 0.563266 -0.557 -1.92472 0.718894 1.16219 -1.64707 -0.20084 0.0207834 0.154012 0.0907423 -0.0138419 0.519793 0.032669 -0.00893325 -0.000661173 1.2904e-05 -1.16711 0.36401 -0.285148 -0.0132795 0.38576 -0.556462 -0.0805685 2.0675 -0.0414169 -0.0396034 0.363153 0.510738 0.569202 -0.0563658 -0.386982 0.0383028 -0.121018 0.0295387 0.00620768 -0.036053 1.55881 0.669796 -1.29812 -2.03394 -1.0289 -0.659868 -0.549765 0.70241 3.79501 0.483516 -0.0472467 -7.23483 -2.46531 -0.135504 4.03787 1.26097 -3.30045 -3.02908 2.60519 -0.152451 1.20136 0.630843 0.208197 -0.34901 -0.549599 0.67453 0.678801 0.154204 0.571618 0.417486 0.0186986 -0.0200385 0.300884 0.174281 0.737103 0.534956 0.64352 0.660447 0.925086 0.514377 0.418371 0.232096 -0.218303 -1.33592 -0.326426 0.000536032 0.168596 0.149549 0.274702 0.341287 0.581945 0.230558 0.246327 -0.279124 0.00410299 0.0910157 0.352597 -0.563262 -0.78822 0.351998 0.267599 -0.234611 -0.628652 -0.502695 -0.227986 0.0236205 0.0648537 0.0141226 -0.0705207 -0.633693 -1.11187 -1.49142 13.709 7.52419 2.27114
 4.53478e-07 -0.122909 0.0265487 2.58364e-07 0.0271403 -0.0216611 0.010771 0.00323238 -0.0608203 0.0834517 0.00603807 -0.146476 -1.80441e-06 0.0408672 0.00031855 -3.35306e-06 -46.7482 3.06998 3.14478e-08 0.0277842 -0.0119266 -1.0034e-07 0.0326118 -0.00663948 -0.171436 -0.190568 0.0521086 -0.0227231 -0.132656 0.150106 -0.0731237 0.0172335 -0.0603872 -0.113737 -0.00724787 0.0198294 0.0500851 0.0194996 -0.000678096 -0.184375 0.0731902 0.00186024 -0.0833923 0.117723 -0.0124156 0.0160126 0.0235342 -0.0382023 0.0660138 -0.0843486 -0.177455 0.160519 0.0211599 0.0527571 -0.0270274 0.0267896 0.0877924 -0.0345593 -0.0572635 0.0810275 0.0092054 -0.000956734 -0.00616288 -0.00448876 0.00062618 -0.0231608 -0.00131883 0.000356256 6.04486e-05 -4.84889e-07 0.048466 -0.0150412 0.0124524 0.000578632 -0.0168944 0.025693 0.00364504 -0.0939039 0.00132026 0.00152356 -0.0142919 -0.0257112 -0.0279575 0.00275319 0.0176828 -0.00174573 0.00510185 -0.00141751 -0.000296464 0.00172868 -0.0741825 -0.0338033 0.0602114 0.0991489 0.0513236 0.0329602 0.0262157 -0.033672 -0.179478 -0.0285286 0.000130086 0.345628 0.117605 0.0060275 -0.192378 -0.0602758 0.157312 0.144633 -0.12413 0.00723556 -0.057434 -0.0299358 -0.0095809 0.0168904 0.0262869 -0.0321992 -0.0323554 -0.00736603 -0.0272736 -0.0199046 -0.000756077 0.000955731 -0.0141125 -0.00834822 -0.0350986 -0.0254093 -0.0304629 -0.0317726 -0.0435206 -0.0246913 -0.0198612 -0.0109563 0.0106282 0.0639172 0.0157586 -6.05799e-05 -0.00814702 -0.00729815 -0.0133063 -0.016423 -0.0273673 -0.0105537 -0.011376 0.013197 -0.000224374 -0.00427748 -0.0168642 0.0271812 0.03751 -0.0166897 -0.0126608 0.0113453 0.0297568 0.0239981 0.0108288 -0.00100597 -0.00296935 -0.000713454 0.00335883 0.0303196 0.0538102 0.0711637 -0.673969 -0.333378 -0.107307
 -9.22415e-10 2.24844e-05 -4.78346e-06 2.53858e-11 4.15652e-05 -3.34955e-05 -1.1113e-06 1.74978e-07 -1.46841e-06 2.7116e-05 2.21157e-06 -5.04887e-05 2.39793e-10 -9.47944e-06 2.16105e-08 -3.6732e-10 -6.4202e-08 3.14478e-08 1000 -4.71659e-07 8.44094e-07 -5.21266e-10 7.43494e-06 -1.60614e-06 6.69461e-05 -3.36278e-06 -5.57683e-07 9.15697e-06 5.7481e-05 -6.50613e-05 7.47279e-05 7.39512e-06 -3.4134e-05 0.000148142 -4.09861e-05 5.56296e-05 -3.89547e-05 -3.68863e-06 3.74472e-07 -5.3756e-05 2.86385e-06 2.65191e-07 -1.12087e-05 -3.77877e-05 5.05649e-06 -2.20072e-06 -1.7586e-06 2.78059e-06 4.0016e-05 1.36513e-05 -8.65169e-05 5.83159e-05 -3.55399e-05 1.70265e-05 7.02868e-05 -8.45268e-05 -3.30815e-05 2.40926e-05 -7.8429e-06 -3.92242e-06 -4.59098e-07 2.29508e-07 -2.2438e-05 8.5304e-06 -1.50245e-07 -3.0472e-06 -1.77022e-06 4.95795e-07 3.65718e-07 -1.39527e-10 -5.52933e-07 1.16897e-07 2.20054e-07 5.48946e-08 -1.76524e-06 4.53188e-06 6.33314e-07 -1.43232e-05 7.16402e-08 2.11185e-07 -1.64336e-06 3.35655e-06 -0.000336151 2.68423e-05 7.75644e-06 -8.26399e-07 1.08579e-06 -7.21782e-07 -2.66734e-07 9.96863e-07 2.79256e-06 -6.13687e-05 -5.62185e-05 -6.65841e-05 -1.87497e-05 1.56355e-05 0.000117539 0.000376148 -0.000204091 -3.2441e-05 -2.14981e-05 -7.19813e-05 -7.64959e-05 0.000123595 2.72288e-05 4.12538e-06 7.31296e-05 -3.68818e-07 -2.88054e-05 7.12101e-06 2.77055e-05 -1.66476e-05 -1.9638e-05 -1.29945e-05 -3.20774e-06 7.03405e-06 1.37874e-05 -6.48863e-06 6.50752e-06 8.31945e-07 1.18973e-05 1.18392e-05 3.45786e-06 4.77726e-06 -1.2951e-05 -3.36367e-06 1.74499e-07 -4.18391e-06 8.08247e-06 -6.74392e-06 9.0738e-06 2.35015e-07 -3.76765e-06 -5.67371e-06 -9.16271e-07 -1.09397e-05 7.10161e-07 1.47951e-05 4.19156e-08 -4.91703e-05 -5.14098e-05 2.36636e-05 1.47693e-05 -8.89227e-06 8.9543e-06 1.72686e-05 -6.91153e-06 3.47547e-05 -8.23899e-06 -1.48293e-07 -8.46639e-06 -2.42344e-05 -2.26594e-05 -2.37169e-05 -7.13296e-06 -5.99902e-06 -4.49238e-06 2.93188e-06 -1.72591e-07 2.86376e-06 1.11486e-05 2.91846e-06 -5.8104e-05 -3.84122e-05 -1.04093e-05
 -1.84692e-05 1.60407 -0.352937 -1.33427e-05 -3.69749 2.974 -0.301103 -0.0760204 1.41887 -2.86176 -0.222187 5.34178 3.6659e-05 -0.680128 -0.00275398 2.48308e-05 -0.690482 0.0277842 -4.71659e-07 836.644 -364.387 1.54992e-05 -1.87602 0.395963 -0.892047 4.8192 -1.21613 -0.233044 -0.323867 0.366679 -0.417648 -0.781095 3.03196 -0.219033 2.42689 -3.92523 0.519911 -0.310582 0.00355874 2.07254 -0.64316 -0.0138164 0.195669 -0.295245 0.0242876 -0.280847 -0.34962 0.568255 -0.706313 -0.756814 2.3495 -1.44931 0.946831 -3.23527 -1.25703 1.8111 -0.0739141 -1.76689 0.856829 0.105467 -0.189341 0.0202124 -0.344772 -0.972136 0.0300071 0.0104009 -0.0208028 0.00642527 -0.0089295 1.22441e-05 -1.2874 0.410683 -0.533878 -0.0280408 0.812143 -0.765099 -0.102928 2.47536 -0.125726 -0.0497911 0.427344 -1.44373 3.40817 -0.256103 -0.488005 0.0518361 0.115558 0.0418674 -0.00203014 -0.0402148 -0.548019 4.2806 1.16414 -0.409359 -1.5515 -0.820041 -33.4598 15.724 1.57184 2.86158 1.10215 4.11017 -6.7112 1.10904 2.41592 -1.03571 0.179772 -1.21268 -0.142403 -0.110212 1.32017 0.281964 0.219688 0.658186 1.02737 0.154394 -0.218718 -0.532185 0.957634 -0.290718 -0.106927 -0.00427814 0.758726 1.49972 -0.40215 0.0291194 0.362181 0.170465 0.838567 -0.883142 0.130335 0.0932704 0.408887 -0.408281 0.185287 0.660034 0.725475 0.438862 0.238966 1.1977 0.953125 -0.343561 -0.268788 -0.890126 -0.0605974 0.1291 0.0356496 1.68214 -0.284806 0.492978 1.08321 0.4968 0.194748 -0.963472 -0.430141 -0.0153788 0.173097 -0.35511 0.0341441 -0.863646 -0.923093 -1.78328 18.8826 10.0288 3.08891
 8.17847e-06 -0.713732 0.156916 5.77875e-06 1.60557 -1.2914 0.130623 0.0329692 -0.61555 1.24623 0.0966274 -2.32338 -1.58041e-05 0.292345 0.00121725 -1.06857e-05 0.297182 -0.0119266 8.44094e-07 -364.387 160.272 -6.78578e-06 0.816944 -0.172423 0.389692 -2.10921 0.532269 0.100641 0.137152 -0.155287 0.181035 0.339841 -1.31912 0.0954177 -1.06376 1.72058 -0.227538 0.133228 -0.00144251 -0.903616 0.279154 0.00603664 -0.0853633 0.124514 -0.0100346 0.121174 0.150959 -0.24535 0.307966 0.331068 -1.02659 0.633142 -0.414007 1.41402 0.550091 -0.792379 0.0316266 0.771862 -0.37492 -0.0453374 0.0823132 -0.00879288 0.151639 0.424732 -0.0131467 -0.00297725 0.00924513 -0.00285128 0.00382381 -5.28262e-06 0.559684 -0.178526 0.232122 0.012184 -0.353003 0.3336 0.0448867 -1.07955 0.0536812 0.0215159 -0.184642 0.633725 -1.48897 0.111871 0.212486 -0.0225723 -0.0497018 -0.0182932 0.000890442 0.0175677 0.239724 -1.86634 -0.511446 0.173667 0.676516 0.365167 14.6234 -6.87798 -0.683665 -1.25035 -0.48399 -1.79474 2.93233 -0.485336 -1.05527 0.452465 -0.0790391 0.529585 0.0628463 0.0482792 -0.57711 -0.123125 -0.0958957 -0.287448 -0.44856 -0.0671218 0.0955705 0.232489 -0.418469 0.127128 0.0468758 0.00184093 -0.331244 -0.655197 0.175847 -0.0125104 -0.157991 -0.0748155 -0.365887 0.385711 -0.0569957 -0.0407785 -0.178582 0.178437 -0.0808712 -0.28851 -0.317133 -0.19194 -0.104596 -0.5233 -0.416059 0.150234 0.117593 0.388635 0.0263359 -0.0565117 -0.0157472 -0.734594 0.124249 -0.215467 -0.473208 -0.216972 -0.0854512 0.420795 0.187717 0.00674859 -0.0755899 0.155135 -0.0149302 0.377408 0.404196 0.779282 -8.2712 -4.35355 -1.34835
 -6.18365e-10 1.88152e-05 -3.94994e-06 1.83291e-10 6.36939e-05 -5.12974e-05 2.00755e-06 9.65168e-07 -1.7413e-05 2.33955e-05 2.00524e-06 -4.57784e-05 -9.88601e-11 -4.2039e-06 5.33259e-08 -5.62062e-10 3.77398e-06 -1.0034e-07 -5.21266e-10 1.54992e-05 -6.78578e-06 1000 1.98285e-05 -4.39294e-06 0.000108879 -0.000131479 3.12979e-05 1.54175e-05 6.99581e-05 -7.92236e-05 0.00010081 1.30794e-05 -5.59988e-05 0.000170501 3.09254e-05 -6.29842e-05 -4.9177e-05 -3.74099e-06 5.86235e-07 -0.000102841 1.30872e-05 6.53556e-07 -3.19423e-06 -4.73418e-05 5.82184e-06 -8.78196e-07 -1.60798e-06 2.41948e-06 2.53362e-05 6.61291e-05 -5.50489e-05 1.62452e-05 -5.7033e-05 2.76058e-05 0.000121811 -0.000146483 -3.96111e-05 4.69888e-05 -1.75628e-05 -6.37773e-06 -1.20803e-07 1.84998e-07 -1.90437e-05 9.9368e-06 -2.01955e-08 -9.99095e-06 -2.0347e-06 5.84577e-07 5.25726e-07 -2.53437e-10 1.3384e-05 -4.42627e-06 3.91042e-06 2.38936e-07 -6.48801e-06 4.5956e-06 9.2403e-07 -2.13914e-05 1.02442e-06 7.10326e-07 -6.03192e-06 1.02897e-05 -0.00032894 2.64264e-05 4.96858e-06 -5.58144e-07 3.14251e-07 -7.74125e-07 -3.10158e-07 1.09311e-06 1.84796e-05 5.24668e-06 -1.07167e-05 -2.45666e-05 -5.83575e-06 7.88852e-06 9.15022e-05 9.01294e-05 -0.000121475 -4.06422e-05 -1.8935e-05 -1.7696e-05 5.92658e-07 0.000104083 7.69181e-05 -2.80709e-05 3.13457e-05 -4.51493e-05 0.00011573 -3.17297e-05 1.7989e-06 4.19116e-06 6.66472e-08 -2.83271e-06 6.45112e-06 4.09499e-05 9.63604e-06 -2.3941e-06 -2.12594e-05 3.28591e-05 3.30826e-06 8.84249e-06 2.00225e-06 7.91309e-06 5.6757e-06 8.49835e-06 5.77601e-06 -1.21034e-05 1.43334e-05 -1.2716e-05 2.94435e-07 -9.99119e-06 -1.72876e-05 -5.41634e-06 5.43499e-06 -5.30786e-06 1.0764e-05 9.90706e-06 -2.40313e-05 -0.000106121 -6.97466e-05 3.64971e-05 1.89936e-05 3.15735e-06 4.90004e-06 1.20046e-05 -7.37923e-06 -9.15787e-07 7.49059e-06 -1.68347e-05 -1.79543e-05 -3.06776e-05 -3.94765e-05 -2.50414e-05 -1.04393e-05 -1.08907e-05 -1.00841e-05 7.78705e-06 -8.51057e-07 1.1524e-05 1.42684e-05 1.98343e-05 -0.00024197 -0.000148714 -4.20025e-05
 7.90673e-06 0.21511 -0.0573164 -1.54139e-05 -3.93511 3.16561 -0.32425 -0.10567 1.94735 -2.91059 -0.22603 5.39552 4.75564e-05 -0.905751 -0.00405568 2.84429e-05 -0.814195 0.0326118 7.43494e-06 -1.87602 0.816944 1.98285e-05 955.258 -202.279 -0.766599 12.6245 -3.20871 -0.0251369 0.501835 -0.564421 -3.96666 -1.19594 4.86686 -3.18204 0.744054 -0.968848 0.557731 -0.371272 -0.00120299 3.95114 -1.18699 -0.0312315 -1.5241 0.422763 -0.0268411 -0.298114 -0.367301 0.602215 -0.832739 -2.31384 1.6942 -0.399069 1.65247 -4.61105 -2.78027 3.74861 0.302613 -2.7492 0.732903 0.823334 -0.136137 0.0115006 0.359773 -0.326937 -0.0177541 1.12446 0.040202 -0.0115482 -0.0171624 1.67829e-05 -1.42247 0.456745 -0.459443 -0.0241404 0.682377 -0.743194 -0.107166 2.57271 -0.108548 -0.0549831 0.477118 -0.549189 2.14093 -0.172537 -0.356345 0.0388201 0.01796 0.0376124 0.00262202 -0.0405972 -0.821017 0.0469338 -0.807121 -1.38905 -1.01013 -0.591638 -9.21113 3.71511 2.52181 2.19188 0.956485 1.26343 -7.21787 -0.562055 4.54959 -0.0207487 -2.24273 -6.92402 1.7966 0.776845 -0.723982 -0.477045 -0.229866 0.345273 -0.321427 -1.01741 -0.953171 0.55864 1.37977 -0.743042 -0.0818149 -0.0746753 0.267799 -0.173689 0.176257 0.0656075 0.119096 0.458195 0.245041 0.141557 0.278947 0.632577 1.01964 0.570624 0.192136 0.210747 0.0914604 0.118953 0.335018 2.44686 1.82624 -0.462741 -0.396874 -0.144755 0.354197 0.308512 0.398979 0.969535 0.121703 0.564558 2.23037 1.52371 0.676067 -0.504692 -0.0359788 0.286431 0.408224 -0.498899 0.0422215 -0.955553 -1.16203 -1.97179 20.9921 10.9175 3.40652
