 1000 0.00429493 -0.000412527 2.92782e-09 -0.000387948 0.000119861 -6.4837e-06 -7.09889e-06 5.6856e-05 -0.000158327 -1.7454e-05 0.000266442 1.42409e-09 -1.73849e-05 1.28155e-07 1.03654e-09 -2.39572e-05 5.01686e-07 -2.33268e-10 -5.40205e-05 8.50974e-06 5.47656e-11 -1.85787e-05 1.30459e-06 -0.000126878 -0.000506783 0.000104946 -6.43418e-05 -0.000410064 0.000300301 -3.33357e-05 -6.49478e-05 0.00016925 -7.97229e-06 -0.000190954 0.00023389 -6.26898e-05 -4.52844e-06 1.07212e-06 -0.000266551 4.73318e-05 2.87483e-06 -7.44468e-05 -5.2438e-05 8.49724e-06 -1.15218e-05 -3.48225e-05 2.56083e-05 4.22256e-05 -7.60002e-05 -0.000269675 0.00025453 -3.65105e-05 3.10453e-05 6.45712e-05 -9.69975e-05 -3.71381e-06 -1.43683e-05 -7.11294e-05 8.67933e-05 -8.09857e-06 5.22148e-07 1.57652e-05 1.37949e-05 -1.27138e-06 2.87984e-05 -1.54422e-06 3.85997e-07 6.23131e-07 1.0819e-09 -4.00607e-05 3.34306e-06 -6.71321e-06 -1.14221e-06 1.22984e-05 -8.24135e-06 -3.29025e-06 4.9661e-05 1.95608e-06 2.91684e-06 -1.73347e-05 -6.73849e-06 -0.000180793 9.69462e-06 -7.64549e-06 5.41463e-07 -2.1656e-05 -1.67706e-06 -6.92095e-07 2.3872e-06 -1.03055e-05 2.29631e-05 -0.00013135 -0.000295621 -0.000166808 -9.09194e-06 8.4797e-05 0.000374134 -0.000141775 -0.000240816 -0.000133298 4.14933e-05 -2.25756e-05 3.35793e-05 5.82311e-05 7.27985e-05 2.17874e-05 -5.49366e-05 -8.71115e-05 0.000183939 -0.000140346 1.67245e-05 -5.62329e-06 -4.04252e-06 1.38617e-05 2.31339e-05 7.90091e-06 -2.41751e-05 3.87991e-05 -3.10549e-05 1.20845e-05 -7.10405e-06 -3.67e-06 5.97776e-06 8.47588e-06 -4.11469e-06 -1.78e-05 0.000147303 -7.99003e-05 5.41553e-05 -1.23671e-06 1.34483e-05 2.39665e-05 2.56801e-05 3.53609e-05 -3.01639e-06 4.776e-05 3.38429e-05 2.99559e-05 -1.64979e-05 -4.78766e-05 4.78444e-05 2.77917e-05 -7.0705e-07 9.11844e-06 -7.55441e-06 3.73033e-05 5.04033e-05 2.48668e-05 3.80948e-05 1.7327e-05 -2.57075e-05 4.05763e-06 -1.09339e-05 1.11612e-05 1.14184e-05 1.33478e-05 -4.78559e-06 1.55884e-06 1.61224e-05 5.32889e-05 3.81473e-05 -0.000748774 0.000195252 -9.24039e-05
 0.00429493 544.918 -50.9392 -0.000331719 40.0574 -12.3734 0.657746 0.978474 -7.88618 15.5626 1.93096 -29.5341 -0.000179422 1.97724 -0.0102358 -0.00016327 2.92738 -0.0530151 -3.97524e-05 3.54861 -0.562205 -7.12967e-05 2.66389 -0.178335 23.2479 43.2879 -9.20408 5.17054 32.6679 -23.9296 8.59504 8.22549 -21.7571 13.6101 18.9375 -24.0359 3.16102 0.561246 -0.0924683 25.5602 -4.97956 -0.27752 11.4063 1.20273 -0.474123 1.56371 3.86473 -2.84692 0.551766 8.94289 14.541 -15.4966 -0.554762 -1.40194 3.34457 -4.81235 -0.342756 4.74084 7.49978 -10.8685 0.450133 -0.0212446 -2.16429 1.05497 0.147344 -5.04768 -0.0135583 0.00447648 -0.0488762 -0.000165157 5.0024 -0.405391 1.11712 0.180116 -2.03593 1.28689 0.432945 -6.52279 0.0884613 -0.100542 0.597431 1.10717 -10.1918 0.522561 2.01657 -0.168782 0.73514 0.113016 0.0306648 -0.144829 3.75346 -3.77502 7.68362 16.9541 9.64825 0.0986754 -25.8746 17.1522 -10.973 23.4443 12.5793 -1.72937 -2.34025 -3.30991 -2.73204 6.08418 5.03294 0.799459 -9.8605 5.20359 -0.980738 0.848899 -2.07435 -1.3402 0.247742 1.00463 0.739368 1.80208 0.660674 -0.424369 0.578955 0.458031 0.154702 -0.294924 1.10307 -0.173442 -0.798852 3.32184 -6.7452 3.84734 -0.592896 -0.624472 -1.43527 -3.95169 -1.86359 -3.24198 -2.74833 -2.4962 -0.145196 -0.620359 -2.17211 -1.76748 -1.77932 -0.706752 -1.10438 -2.8805 -0.408886 -2.43761 -4.46814 -1.15023 -0.834345 -3.32883 -2.28934 -1.94086 -1.75443 -1.45661 -1.54815 0.959659 -0.3443 -1.18924 -3.85742 -3.4076 56.5814 -16.6924 6.66933
 -0.000412527 -50.9392 5.7093 3.14388e-05 -3.80294 1.1747 -0.0641018 -0.0948027 0.764382 -1.47529 -0.183367 2.8046 1.78844e-05 -0.197756 0.000976049 1.59389e-05 -0.287812 0.00517594 3.77979e-06 -0.347749 0.0550537 6.79435e-06 -0.260184 0.0173936 -2.20883 -4.1105 0.874015 -0.49344 -3.10155 2.27194 -0.816478 -0.781766 2.06781 -1.29365 -1.79861 2.2829 -0.311955 -0.062563 0.00921618 -2.43148 0.464576 0.0264423 -1.0925 -0.132029 0.0473106 -0.15276 -0.376159 0.277047 -0.0559831 -0.848622 -1.37887 1.4698 0.050559 0.131931 -0.319227 0.459473 0.0269179 -0.450146 -0.71288 1.0331 -0.0426516 0.00201079 0.205577 -0.100292 -0.0139953 0.479512 0.00137735 -0.000449419 0.00482494 1.61277e-05 -0.489164 0.0395503 -0.109176 -0.0175727 0.198817 -0.121347 -0.0411509 0.619989 -0.00924013 0.00898659 -0.0534628 -0.0993212 0.972779 -0.0498916 -0.191783 0.0160572 -0.0718584 -0.0107186 -0.00290593 0.0137334 -0.356668 0.359584 -0.728139 -1.60969 -0.917596 -0.00503202 2.4568 -1.63211 1.04214 -2.22267 -1.19147 0.164035 0.222328 0.313691 0.258604 -0.578214 -0.478169 -0.0756777 0.936118 -0.495041 0.0937428 -0.0806251 0.197 0.12718 -0.0238762 -0.0959387 -0.0704154 -0.170658 -0.0629361 0.040143 -0.0553474 -0.0436788 -0.0148421 0.0278436 -0.104903 0.0163324 0.0758813 -0.316134 0.640588 -0.365556 0.0562164 0.0592499 0.136235 0.375063 0.176704 0.307687 0.260508 0.236571 0.0134989 0.0589459 0.206621 0.16767 0.168774 0.0670792 0.10482 0.27349 0.0387608 0.2312 0.424006 0.109081 0.0791167 0.31616 0.21752 0.184292 0.166472 0.138214 0.146893 -0.0911412 0.0327014 0.112809 0.365913 0.323248 -5.36701 1.58302 -0.632664
 2.92782e-09 -0.000331719 3.14388e-05 1000 0.00293969 -0.000911897 -5.77925e-06 -7.26363e-06 5.93727e-05 -0.000114384 -1.32692e-05 0.000204133 4.97511e-10 -6.06097e-06 1.00712e-07 9.14912e-10 -1.80228e-05 3.90569e-07 -1.63701e-10 -6.14985e-06 1.01344e-06 -1.06299e-10 -2.25002e-06 1.69086e-07 -0.000150168 -0.000347149 7.31768e-05 -5.66019e-05 -0.000325849 0.000238661 -1.17152e-06 -5.08935e-05 0.000130814 3.24013e-05 -0.000202677 0.000245648 -3.41901e-07 6.94343e-06 1.65959e-07 -0.000222544 5.90303e-05 2.59043e-06 -4.94994e-05 -4.91723e-06 2.75401e-06 -1.66382e-06 -1.68025e-05 1.22994e-05 2.83334e-05 -4.07833e-05 -3.43379e-05 4.25141e-05 -3.31055e-05 -2.51246e-05 7.33561e-05 -0.000105029 4.90554e-06 -5.31719e-05 -4.02916e-05 7.34061e-05 1.17309e-06 -2.64717e-07 3.41954e-05 -3.33899e-06 -1.53628e-06 5.52373e-05 7.21244e-06 -1.85411e-06 -1.68961e-06 6.08216e-10 -2.09589e-05 1.80562e-06 -6.72522e-06 -1.07066e-06 1.19076e-05 -1.47919e-05 -5.22948e-06 7.87793e-05 -1.22368e-06 2.47119e-07 -1.80773e-06 1.17582e-05 -7.56401e-05 3.84742e-06 2.53712e-06 -1.6603e-07 -1.45179e-05 -1.25735e-06 -5.01955e-07 1.7729e-06 -5.65402e-05 1.40816e-06 -5.49658e-05 -0.000114977 -6.43621e-05 -4.95843e-05 4.31982e-05 4.03446e-05 -2.17476e-05 -0.000103821 -3.93386e-05 1.61265e-05 -1.648e-05 6.17495e-05 4.91714e-06 6.91996e-05 -3.92692e-05 1.16967e-05 1.47914e-06 -3.0784e-05 5.33723e-06 1.52934e-05 3.65792e-05 1.64074e-05 2.59551e-05 -3.75386e-05 -1.15576e-05 -8.85397e-06 -4.80186e-06 -5.14178e-06 1.41022e-05 5.2542e-05 3.82691e-05 -3.23975e-05 -0.000128841 -0.00019596 -5.05291e-05 0.000154931 -2.03133e-06 0.000158813 -3.25491e-05 1.79996e-05 4.3258e-05 3.80665e-05 3.0949e-05 2.70145e-06 3.8753e-05 9.96456e-06 4.11916e-05 -6.52687e-05 -0.000104384 8.06825e-06 -3.10256e-05 7.06164e-05 6.46123e-05 1.24604e-05 -4.69233e-06 2.34237e-05 3.10025e-05 7.70048e-05 3.03713e-05 -8.12331e-05 5.05732e-05 -5.68474e-06 1.09282e-05 1.17858e-05 1.20264e-05 -1.04831e-05 4.73246e-06 7.34657e-06 2.10498e-05 -6.48759e-06 -0.000379431 0.000146007 -4.06204e-05
 -0.000387948 40.0574 -3.80294 0.00293969 590.203 -181.307 0.495509 0.700009 -5.60326 13.3955 1.69084 -25.8372 -2.91392e-05 0.339685 -0.00811916 -9.61428e-05 1.64788 -0.033862 -3.91239e-07 0.789276 -0.130353 -2.64423e-06 0.309055 -0.0258086 18.3404 33.7369 -7.17848 4.63341 26.2106 -19.204 9.97291 7.24429 -19.3086 13.3227 16.0834 -20.5251 -0.75166 -0.86509 0.00175308 16.6995 -4.72919 -0.177096 8.92453 -1.93009 -0.0420644 0.416405 1.45835 -1.07873 -2.02213 6.11394 1.84344 -3.64071 0.402207 -1.71284 2.03712 -2.8669 -1.22178 3.93241 6.30729 -9.06652 0.289569 -0.00805808 -2.55544 -3.94718 0.496439 -12.3444 -0.995383 0.245601 0.231584 -5.4947e-05 1.75122 -0.157781 0.609128 0.100424 -1.11274 1.2794 0.458845 -6.92111 0.171349 0.0205484 -0.100832 0.186009 -10.3438 0.536491 2.63877 -0.218412 0.742122 0.0732205 0.0231141 -0.0970957 3.08806 -2.27896 2.65143 5.6912 3.81383 4.43696 2.32065 -2.81522 -1.24837 10.4545 3.98395 -3.2057 -0.442981 0.283003 -1.92138 4.4056 0.13215 -0.638172 -1.14351 2.54466 -0.0785782 -0.818787 -1.93225 -2.33561 1.1842 1.78995 0.273274 0.406996 2.48336 -1.12775 -1.9436 -0.228642 0.362729 4.53133 3.51942 -2.15844 -1.704 3.28882 -7.88671 3.93953 0.512347 -0.53913 -1.54108 -2.30577 -1.37204 -1.30369 -1.28201 -2.33113 0.33689 0.372835 -0.616568 -1.23877 -1.91725 -0.094631 -0.551622 -1.00259 0.0496443 -2.00156 -4.59502 -0.842706 0.798139 -3.38429 -1.45561 -1.74688 -1.35725 -1.11083 -1.15396 0.67293 -0.267562 -1.15014 -3.67746 -3.21568 55.2101 -17.4445 6.34308
 0.000119861 -12.3734 1.1747 -0.000911897 -181.307 57.0102 -0.15467 -0.218159 1.74668 -4.13511 -0.522385 7.98239 9.71062e-06 -0.113364 0.00251154 3.01165e-05 -0.518299 0.0105937 1.12629e-07 -0.25085 0.041356 8.0564e-07 -0.100887 0.00831712 -5.66596 -10.4219 2.21755 -1.43416 -8.09639 5.93207 -3.08048 -2.23837 5.966 -4.11603 -4.96831 6.34041 0.22287 0.260064 -0.00020329 -5.16172 1.45469 0.0547715 -2.76442 0.580688 0.0149734 -0.132075 -0.458175 0.338842 0.624659 -1.88857 -0.569705 1.12483 -0.126625 0.5284 -0.630452 0.887388 0.372422 -1.21444 -1.94902 2.80151 -0.0894262 0.00248827 0.789283 1.21917 -0.153333 3.81276 0.308202 -0.0760438 -0.0717402 1.73644e-05 -0.553382 0.0496662 -0.191153 -0.0314663 0.348933 -0.394505 -0.141761 2.1383 -0.0537625 -0.00686227 0.0341509 -0.0509715 3.19756 -0.165864 -0.815238 0.0674811 -0.230675 -0.0226111 -0.00713713 0.0299833 -0.953851 0.704411 -0.818578 -1.75775 -1.17856 -1.37103 -0.716286 0.869072 0.386021 -3.2301 -1.22968 0.990353 0.137048 -0.0876232 0.593237 -1.36099 -0.0410125 0.196925 0.353185 -0.78573 0.0240967 0.252878 0.596695 0.721252 -0.365926 -0.552858 -0.0845039 -0.125495 -0.766856 0.348092 0.600019 0.0703497 -0.112205 -1.39925 -1.08653 0.667107 0.526406 -1.01614 2.43571 -1.21709 -0.158078 0.166572 0.475972 0.712228 0.423733 0.402728 0.395827 0.719809 -0.10418 -0.114899 0.190982 0.382746 0.592282 0.0291178 0.170312 0.309781 -0.0151209 0.61824 1.41911 0.260178 -0.24647 1.04553 0.44968 0.539592 0.419212 0.343123 0.356437 -0.207876 0.0826451 0.355207 1.13575 0.993186 -17.0507 5.38703 -1.95901
 -6.4837e-06 0.657746 -0.0641018 -5.77925e-06 0.495509 -0.15467 999.957 -0.0801379 0.438473 0.187454 0.0156652 -0.222426 9.96414e-06 -0.108747 -0.00020231 6.90188e-06 -0.126959 0.00152562 1.19742e-06 -0.196502 0.0299207 3.09946e-06 -0.155427 0.00944894 0.110193 0.36371 -0.077221 0.0352868 0.587766 -0.431485 0.676989 -0.0961313 0.210696 0.553442 0.127848 -0.192372 -0.0650751 -0.0573423 0.00200186 -0.496115 0.0758449 0.00420029 -0.0641763 -0.189348 0.0223315 -0.0642278 -0.129347 0.0934518 0.0692955 -0.145186 -0.171484 0.194633 -0.00548528 -0.845693 0.279869 -0.339197 -0.113965 -0.19511 0.161123 -0.0663149 0.0455884 -0.00377686 0.111972 -0.00520184 -0.00366378 0.115998 0.00302657 -0.000724574 -0.00145979 7.84861e-06 -0.249528 0.0172334 -0.0654091 -0.00985515 0.120409 -0.0737945 -0.0227697 0.355948 0.00724333 0.00151719 -0.00945233 0.0500032 -0.391808 0.0214137 -0.0798875 0.00595587 0.0189076 0.00132203 1.86845e-05 -0.00135231 -0.10279 0.0955788 -0.141467 -0.360959 -0.20264 -0.0541948 0.279282 0.815539 -0.645698 -0.215389 -0.0807328 0.044608 0.286319 -0.104138 0.0894178 0.161371 0.137383 -0.11602 -0.028451 0.0207587 0.0218082 -0.000851442 0.00855032 0.013027 -0.007118 0.000125774 0.115725 -0.210439 0.0698444 0.0396125 -0.0339887 0.0146206 0.00508764 0.014083 0.000300469 -0.0313542 0.014294 0.0660012 0.225632 -0.122845 0.0273046 -0.00885616 -0.00764616 -0.480411 0.209493 -0.241125 0.072743 0.16365 -0.32479 -0.0652185 -0.110722 0.206435 -0.12656 0.117994 0.104565 0.0591173 0.130195 -0.177417 0.145715 -0.138234 0.141278 0.276536 0.0935862 -0.0709169 -0.0679046 -0.00408184 -0.0050574 -0.0320787 0.00866612 -0.105105 -0.396439 -0.459585 4.20956 -0.0772145 0.664519
 -7.09889e-06 0.978474 -0.0948027 -7.26363e-06 0.700009 -0.218159 -0.0801379 15.4891 -119.208 0.247659 0.015873 -0.221336 1.27335e-05 -0.136278 -0.000258383 8.8997e-06 -0.153185 0.00183013 2.78671e-06 -0.190386 0.028953 5.34385e-06 -0.209265 0.0130029 -0.0280713 1.03588 -0.211281 0.0647187 0.838637 -0.615051 0.678859 -0.201648 0.483812 0.346686 0.53402 -0.675561 -0.0428508 -0.0769454 0.00184486 -0.531461 0.0783391 0.0038501 -0.212139 -0.157323 0.0203202 -0.0752542 -0.167752 0.120835 0.0877087 -0.205638 -0.34159 0.360039 0.141314 -1.12816 -0.0194919 0.122848 -0.138668 -0.293982 0.173357 -0.0251821 0.0312656 -0.00294513 0.151382 0.122545 -0.000979421 -0.0425893 0.00868219 -0.00205682 -0.00360749 1.07843e-05 -0.328126 0.0229196 -0.0828193 -0.0124645 0.152585 -0.116633 -0.03515 0.539636 -0.00136781 -0.000804661 0.00311097 0.0635773 0.204244 -0.00833544 -0.0614627 0.00423158 0.00563769 0.00336585 0.00198058 -0.00538617 -0.126809 0.00381177 -0.103053 -0.167451 -0.0482128 0.00527724 1.12384 -0.0959777 -0.774311 -0.20318 -0.0247402 0.868708 0.347067 -0.243697 -0.585599 -0.237935 0.404267 -0.0853555 0.0654676 -0.0112095 -0.0397598 -0.0657845 -0.0671063 -0.0150695 -0.0598863 -0.160674 0.469146 -0.263732 0.0319233 -0.00691556 0.0980295 -0.0200596 0.0264654 0.0217885 0.0489264 -0.0379445 -0.179489 0.00900735 0.0924309 -0.149605 0.145238 0.0752698 0.0438162 -0.329159 0.0489024 -0.118612 -0.00262707 -0.128698 -0.327485 0.18698 0.203616 0.229714 -0.0354744 0.104055 -0.0365834 -0.152299 -0.0880977 0.0567069 -0.00758424 0.214329 0.438281 0.00338373 -0.196629 -0.0935877 -0.0512787 -0.0133749 -0.0125552 -0.0454843 0.010403 -0.142647 -0.534402 -0.474332 5.64074 0.148609 0.931804
 5.6856e-05 -7.88618 0.764382 5.93727e-05 -5.60326 1.74668 0.438473 -119.208 980.134 -2.00694 -0.122697 1.70102 -0.000106317 1.14001 0.00209 -7.39018e-05 1.281 -0.0153888 -2.25547e-05 1.5908 -0.242027 -4.40055e-05 1.73372 -0.10777 0.256537 -8.39513 1.71196 -0.511515 -6.7859 4.97682 -5.57246 1.69272 -4.06819 -2.82152 -4.31131 5.45546 0.360001 0.665654 -0.0166031 4.38439 -0.629187 -0.0319828 1.7715 1.34935 -0.17443 0.639448 1.41267 -1.01829 -0.741156 1.69169 2.79819 -2.95112 -1.13193 9.21582 0.164315 -1.01112 1.12626 2.40676 -1.40948 0.195776 -0.255069 0.0240544 -1.24068 -1.0017 0.00839539 0.336306 -0.0738973 0.0175284 0.0303265 -9.03974e-05 2.74379 -0.191989 0.698327 0.105475 -1.28901 0.958796 0.288542 -4.42979 0.009702 0.00473868 -0.0147492 -0.569098 -1.6854 0.0691506 0.507552 -0.0350509 -0.0302432 -0.0274277 -0.0161484 0.0438999 1.03791 -0.0455165 0.841682 1.37985 0.411857 -0.0336511 -9.17546 0.762791 6.29999 1.7611 0.259724 -7.1118 -2.83819 1.98706 4.7766 1.94269 -3.29809 0.698931 -0.539361 0.0909245 0.323403 0.535732 0.544634 0.120302 0.488318 1.31134 -3.83125 2.15123 -0.261555 0.0542857 -0.801563 0.162626 -0.217301 -0.178936 -0.399578 0.307773 1.46243 -0.0728619 -0.763158 1.22289 -1.18867 -0.617533 -0.361092 2.686 -0.404236 0.966461 0.0186999 1.04879 2.67682 -1.52836 -1.66804 -1.88274 0.287443 -0.852453 0.295606 1.23968 0.715989 -0.465303 0.0563612 -1.75234 -3.58245 -0.033158 1.6017 0.762093 0.416481 0.106345 0.0996938 0.372847 -0.0853222 1.16445 4.36326 3.87362 -46.0327 -1.23803 -7.60793
 -0.000158327 15.5626 -1.47529 -0.000114384 13.3955 -4.13511 0.187454 0.247659 -2.00694 910.946 -10.2601 149.708 3.71172e-05 -0.496096 -0.00166377 1.5806e-05 -0.372418 0.00384414 1.6457e-06 -0.439292 0.0669404 -2.45191e-06 -0.597591 0.0382021 6.28781 7.27333 -1.5873 1.15221 6.16592 -4.51697 2.15334 3.04132 -8.00195 5.75569 3.37624 -4.50041 -0.762934 -0.0100815 -0.00396829 4.73001 -1.62066 -0.0471405 2.35848 -1.48555 0.105532 0.282288 0.563782 -0.416966 1.11418 2.80545 -4.3811 2.7035 -0.525519 -2.43381 2.53507 -3.50894 -0.509901 3.41501 0.471836 -2.35764 0.302041 0.00071195 -3.66367 4.13356 0.128854 -6.39181 -0.207575 0.0515328 -0.00716311 -2.98688e-05 0.579781 -0.0535699 0.241394 0.0509523 -0.570149 1.15171 0.340792 -5.03273 -0.263493 -0.307195 1.79783 0.825483 -9.26974 0.478815 0.516204 -0.0430637 0.949256 -0.00105972 -0.0115248 0.0126539 0.247107 -5.51268 -0.930817 2.9581 5.77681 6.78472 -10.9673 -1.37917 1.43197 18.5732 7.87574 -11.7073 2.83625 -1.74758 -2.7009 4.28161 8.46362 13.471 -17.0985 2.22003 2.18652 0.948425 -0.5312 -0.958128 -0.53836 2.93679 -4.96048 0.380979 3.25421 -3.42683 1.2587 0.0959327 -1.53841 0.167135 -0.395774 1.0786 -5.11322 9.78457 -10.8436 7.85147 -2.31633 -0.787317 0.937281 -4.66691 0.0320625 -3.1133 -1.73892 0.989806 -0.203162 -0.515175 -0.956223 -1.20905 -1.21486 1.15249 -0.437813 -2.70493 -0.0419609 0.661723 -1.3177 -0.0916255 -2.4671 0.74037 1.65071 -1.769 -2.89265 -1.1406 -1.07286 0.307346 -0.0513369 -0.346494 -0.519089 4.52401 23.3897 -18.1355 1.05922
 -1.7454e-05 1.93096 -0.183367 -1.32692e-05 1.69084 -0.522385 0.0156652 0.015873 -0.122697 -10.2601 4.03533 -48.0767 4.9043e-06 -0.0624715 -0.000237391 2.54904e-06 -0.0519851 0.000440869 1.08914e-06 -0.0806341 0.0120978 6.03931e-07 -0.10293 0.00636761 0.545765 1.42607 -0.299348 0.192468 1.14474 -0.838737 0.202524 0.291929 -0.765073 0.339612 0.765093 -0.957589 -0.0761845 -0.0180746 -0.000337841 0.345377 -0.14646 -0.00380656 0.0889472 -0.131595 0.0108975 0.00222566 0.0290039 -0.0218618 -0.134973 0.197472 0.155045 -0.196159 0.0288845 -0.294695 -0.0140775 0.0445079 -0.118074 0.044179 0.225949 -0.268515 0.035515 -0.00258227 -0.0238978 0.148624 0.00741445 -0.316696 -0.0161454 0.00405899 6.61885e-05 -2.61249e-06 0.0519173 -0.00512809 0.0108153 0.00310016 -0.0320797 0.121046 0.0333997 -0.511063 -0.0187899 -0.0218632 0.126744 -0.000159263 0.09153 -0.00418733 0.0780617 -0.00704942 0.0779701 0.00381602 0.00153346 -0.00539085 0.0158276 -0.783338 0.183821 1.12691 1.1313 1.04434 -1.10938 -0.18443 -0.416428 1.52338 0.709194 -0.487962 0.602472 -0.0418173 -0.761813 -0.340134 0.264757 0.821444 -0.456469 0.0186589 -0.053125 -0.0344472 -0.107493 -0.12254 -0.0927643 0.178748 -0.260295 -0.0863939 0.18822 -0.155511 -0.00149325 -0.0347467 -0.108038 0.0105885 0.0947307 -0.0204341 -0.250198 0.547361 -0.546047 0.124096 -0.0330143 -0.095785 0.0226046 -0.418372 0.0119775 -0.16083 -0.10985 -0.0783111 -0.152918 0.0305599 -0.0539296 -0.114419 -0.102297 -9.84488e-06 -0.00570804 -0.158096 -0.00100622 -0.049245 -0.183372 -0.0238169 0.0269276 -0.050598 -0.0819411 -0.0904292 -0.107253 -0.0735015 -0.0771763 0.0157346 -0.00527782 -0.0754159 -0.258601 -0.215864 3.37054 -0.639403 0.449163
 0.000266442 -29.5341 2.8046 0.000204133 -25.8372 7.98239 -0.222426 -0.221336 1.70102 149.708 -48.0767 738.461 -7.85858e-05 0.99891 0.00360731 -4.1185e-05 0.851492 -0.00757446 -1.66267e-05 1.31148 -0.19717 -9.00861e-06 1.62368 -0.100564 -8.37633 -21.706 4.55763 -2.93226 -17.4131 12.7584 -3.17378 -4.42883 11.613 -5.26009 -11.6081 14.5355 1.20362 0.352218 0.00195982 -5.29548 2.29864 0.0579856 -1.33408 2.15557 -0.184044 0.00688572 -0.377536 0.285492 2.05836 -3.0725 -2.23388 2.90191 -0.377104 4.52957 0.160961 -0.602993 1.79995 -0.738223 -3.42389 4.10571 -0.541015 0.0389021 0.451755 -2.32303 -0.115989 4.95211 0.238078 -0.0599112 0.00170067 3.76238e-05 -0.72448 0.0732564 -0.137337 -0.0430513 0.439789 -1.90701 -0.522444 7.99283 0.279941 0.33098 -1.91906 0.0178181 -1.21831 0.0547593 -1.18414 0.106789 -1.13968 -0.0577689 -0.0230291 0.0814233 -0.23728 11.9883 -2.85156 -17.2005 -17.0828 -15.7887 16.9666 2.85161 6.38923 -23.9059 -10.9486 7.68691 -9.18963 0.672781 11.6113 5.07793 -4.17608 -12.7285 7.27059 -0.32914 0.765784 0.504525 1.64646 1.88669 1.41999 -2.76885 4.05418 1.30282 -2.9151 2.42952 0.00159703 0.529059 1.67231 -0.164329 -1.42498 0.293732 3.89723 -8.49337 8.49623 -2.03251 0.54738 1.46929 -0.360052 6.43511 -0.18244 2.4996 1.70245 1.17342 2.32839 -0.451858 0.833754 1.75629 1.57623 -0.0184253 0.0970194 2.44987 0.0179461 0.7349 2.80686 0.36478 -0.360507 0.754471 1.21254 1.40716 1.68305 1.13934 1.194 -0.244428 0.0807263 1.14962 3.92741 3.17557 -51.5492 10.0709 -6.82583
 1.42409e-09 -0.000179422 1.78844e-05 4.97511e-10 -2.91392e-05 9.71062e-06 9.96414e-06 1.27335e-05 -0.000106317 3.71172e-05 4.9043e-06 -7.85858e-05 1000 5.12056e-05 -5.34087e-06 -2.36352e-09 5.02985e-05 -3.10876e-07 -2.57341e-10 4.85994e-05 -7.22093e-06 -9.93387e-10 5.55854e-05 -3.19111e-06 -0.000177174 -0.00058691 0.000123763 -1.66797e-05 -0.000239469 0.000175851 -0.000124085 7.05997e-05 -0.000175119 -6.95134e-05 5.15177e-05 -5.82844e-05 9.80368e-05 2.15563e-05 -6.7365e-07 -0.000243135 9.2673e-05 3.88418e-06 5.03109e-05 0.000113808 -1.32786e-05 2.71131e-05 5.21899e-05 -3.77738e-05 3.33003e-05 8.52417e-05 -6.80937e-05 2.71063e-05 -1.12608e-05 4.37497e-05 5.76811e-05 -8.83477e-05 7.29776e-05 4.49744e-06 -4.35928e-05 4.25121e-05 -2.25697e-05 1.59575e-06 -1.36708e-05 -1.79561e-05 1.70182e-06 -4.11102e-05 -6.8056e-07 1.80146e-07 -5.12926e-07 -2.59506e-09 8.41115e-05 -5.38797e-06 1.68679e-05 2.33501e-06 -2.83092e-05 1.40837e-05 4.82713e-06 -7.9749e-05 3.12971e-06 1.91793e-06 -1.23623e-05 -4.09626e-05 0.000295724 -1.551e-05 -1.86823e-05 1.58941e-06 -2.88101e-06 -5.44377e-07 8.9727e-08 4.58971e-07 -4.01353e-05 -0.000117171 3.02298e-05 0.00013742 8.01296e-05 3.60427e-05 -5.78019e-05 2.0284e-05 -0.000114381 7.9971e-05 4.78108e-05 0.000336517 8.86522e-05 -0.000254345 -8.67305e-05 6.68976e-05 9.12271e-05 5.36002e-05 3.86282e-05 9.03466e-06 -9.02031e-05 2.03576e-06 5.52105e-05 -1.29299e-05 -5.05875e-05 -2.75844e-05 -4.61728e-05 5.13297e-05 2.90431e-05 1.20338e-05 -4.15133e-06 -2.20618e-05 -2.77767e-05 4.72095e-06 -1.3243e-05 -2.50753e-05 -3.35266e-05 -3.74699e-05 -2.48359e-05 -3.90019e-05 -8.20206e-06 8.96224e-06 1.87055e-05 2.63707e-05 1.49309e-05 2.19263e-05 2.00999e-05 -3.10225e-06 -5.107e-05 -6.75585e-05 -2.98235e-05 9.48943e-06 2.3905e-05 -2.3848e-05 -4.01733e-05 -8.59967e-06 -2.08277e-05 -2.5629e-07 -2.88737e-05 -1.91275e-05 2.06065e-05 4.11264e-05 2.02375e-05 -2.91239e-05 -1.37281e-05 -1.54523e-05 -1.22227e-05 2.78487e-07 2.746e-06 2.28952e-05 7.46845e-05 8.01004e-05 -0.00109099 0.000336296 -0.00012601
 -1.73849e-05 1.97724 -0.197756 -6.06097e-06 0.339685 -0.113364 -0.108747 -0.136278 1.14001 -0.496096 -0.0624715 0.99891 5.12056e-05 999.405 -0.454713 2.42964e-05 -0.568169 0.00361528 6.3739e-07 -0.500767 0.0740189 7.52035e-06 -0.578086 0.032549 2.75513 6.96244 -1.48185 0.189522 2.7669 -2.03251 1.7024 -0.777757 1.90981 1.34884 -0.21019 0.166571 -1.41322 -0.271165 0.00977416 2.50225 -1.07066 -0.0428887 -0.404435 -1.65989 0.187507 -0.327469 -0.632201 0.457775 -0.437012 -0.545167 0.868985 -0.537281 -0.0532073 -0.43889 -0.310144 0.492217 -0.963552 0.241655 0.530943 -0.675332 0.223346 -0.0148818 0.0449719 0.265422 -0.017133 0.371196 0.00127041 -0.000405247 0.00877556 2.73542e-05 -0.912339 0.0574781 -0.174335 -0.0231974 0.282723 -0.181048 -0.0587138 0.969769 -0.0255976 -0.0163293 0.109439 0.604913 -4.55879 0.240102 0.209299 -0.0180626 -0.00331744 0.00636876 -0.000576716 -0.00584403 0.737384 1.54083 -0.297652 -1.6211 -0.916729 -0.35625 0.861254 -0.0760401 1.22899 -0.908159 -0.521339 -3.3665 -1.39106 2.53819 1.57071 -0.724547 -1.06402 -0.781162 -0.0868786 0.0429237 0.942696 0.0215904 -0.66061 -0.0643895 0.86817 0.458167 0.740544 -0.564611 -0.328405 -0.093836 0.0869401 0.243577 0.343843 0.0212982 0.229503 0.321928 0.419662 0.385891 0.312656 0.374478 0.0777732 -0.17254 -0.336484 -0.380677 -0.163984 -0.263326 -0.24893 -0.0249943 0.406483 0.537231 0.20643 -0.0494491 -0.126191 0.271953 0.395945 0.00572385 0.159043 -0.0871495 0.239689 0.148043 -0.278848 -0.661079 -0.519611 0.142028 0.0720479 0.104537 0.0783404 0.0642395 -0.0534315 -0.225779 -0.732889 -0.815069 10.8816 -3.51686 1.23305
 1.28155e-07 -0.0102358 0.000976049 1.00712e-07 -0.00811916 0.00251154 -0.00020231 -0.000258383 0.00209 -0.00166377 -0.000237391 0.00360731 -5.34087e-06 -0.454713 0.814586 2.17505e-07 -0.00399162 6.34743e-05 2.64883e-08 -0.00283521 0.000443304 6.94467e-08 -0.00349058 0.000227227 -0.00729332 -0.0146705 0.00311645 -0.00156071 -0.00943145 0.00691146 -0.00279149 -0.00150595 0.00405561 -0.00385388 -0.00355219 0.00459315 -0.00241601 -0.00153976 9.25731e-05 -0.0112311 0.00113792 0.000130795 -0.00386753 -0.00178422 0.000318873 -0.00074586 -0.00218001 0.0015923 2.16495e-05 -0.000441813 -0.00198285 0.0018397 -0.000258358 -0.000171226 -0.000972929 0.00144869 -0.00020604 -0.00107398 -0.00163492 0.00240588 -0.00021308 1.17304e-05 0.000590538 -0.000279232 -1.73779e-05 0.000679816 5.05659e-06 -1.29918e-06 -1.0143e-06 1.41109e-07 -0.00447314 0.000347845 -0.000546288 -7.96253e-05 0.000916063 -0.000210774 -0.000124241 0.00184138 -0.00016907 -0.000211445 0.00120443 -0.00100395 0.00979875 -0.000493733 -0.000447632 3.77797e-05 -0.000210399 -1.07944e-05 1.46659e-07 1.07408e-05 -0.00131488 0.00046251 -0.000248543 -0.000566963 -0.000214699 5.85489e-05 7.88662e-05 -0.000228396 -0.00114107 -0.000570124 0.00076377 0.00424225 0.0016621 -0.00281717 -0.00199979 0.000304603 0.000808877 0.000748506 0.000215845 -0.000436941 -0.00108139 0.000175418 0.00121583 0.000399491 -0.0012924 -0.001011 -0.000928422 0.000871347 0.000388112 -9.50141e-05 -0.000272067 -0.00039789 -0.000435251 -0.00010567 -0.0004223 -0.000406952 -0.000386472 -0.000480018 -1.87007e-05 -0.000646361 -2.17534e-05 0.000330283 0.000602436 0.000704972 0.000329307 0.000482849 0.000367358 -2.88425e-05 -0.000564016 -0.000457365 0.000209465 0.000335234 0.000255226 -0.000217558 -0.000314279 0.000209424 -1.28823e-05 0.00030886 4.92558e-05 6.4941e-05 0.000422791 0.000948257 0.000863526 7.09443e-05 8.89866e-05 2.9532e-05 6.95277e-05 -0.000200114 0.000100764 0.000283549 0.00087144 0.000789751 -0.0142785 0.00552985 -0.00148471
 1.03654e-09 -0.00016327 1.59389e-05 9.14912e-10 -9.61428e-05 3.01165e-05 6.90188e-06 8.8997e-06 -7.39018e-05 1.5806e-05 2.54904e-06 -4.1185e-05 -2.36352e-09 2.42964e-05 2.17505e-07 1000 3.37276e-05 -5.13888e-06 -6.9581e-10 4.00487e-05 -5.96019e-06 -1.23e-09 3.97023e-05 -2.30089e-06 -1.06185e-05 -5.96372e-05 1.25334e-05 -1.39758e-05 -0.000149424 0.000109633 -5.04639e-05 3.57376e-05 -8.97186e-05 2.46731e-05 -3.2155e-06 2.28397e-06 -6.93444e-06 9.54837e-06 -1.70703e-07 -9.06397e-05 2.62405e-05 1.28403e-06 -1.53194e-05 2.66919e-05 -2.10248e-06 1.21951e-05 2.6753e-05 -1.91335e-05 3.53662e-05 3.51812e-05 -0.000117012 8.6019e-05 -2.87064e-05 6.41752e-05 5.08337e-05 -8.00799e-05 3.06921e-05 2.36059e-05 -4.96959e-05 4.07886e-05 -9.06495e-06 6.69496e-07 -8.2277e-06 2.09614e-06 4.88886e-07 -1.74727e-05 -2.40877e-06 5.76351e-07 5.54018e-07 -1.86461e-09 5.59515e-05 -3.68537e-06 1.26082e-05 1.94423e-06 -2.32815e-05 2.34784e-06 1.61853e-06 -2.9342e-05 2.60488e-06 2.93789e-06 -1.81368e-05 1.46274e-05 -0.000234116 1.2457e-05 -1.81603e-06 2.02376e-07 -7.68784e-06 -9.61672e-07 -8.37059e-08 1.054e-06 -3.44343e-05 -6.30523e-05 5.36599e-05 0.00013258 8.64984e-05 6.00002e-05 1.8413e-05 -3.4484e-05 -0.000186111 4.43413e-05 3.99676e-05 0.000473269 -0.000109554 -4.67986e-05 -0.000132502 5.51206e-05 0.000152138 -3.92366e-05 6.38271e-05 -3.10844e-05 -6.81052e-05 -3.3428e-05 -7.73496e-06 1.55417e-05 -1.62211e-05 4.85689e-05 -3.13608e-05 4.33079e-06 -3.77363e-05 -8.13994e-06 9.05476e-06 3.10604e-06 -9.2221e-06 -7.85261e-06 -2.65109e-05 -1.62989e-05 -2.66798e-05 -4.29253e-05 -3.0517e-05 -1.66402e-05 -1.96398e-05 -8.73754e-07 4.53924e-06 7.5061e-06 1.12668e-05 -1.31945e-05 -6.99864e-06 -9.06472e-06 -2.01014e-05 -4.3393e-05 -4.97603e-05 -1.18974e-05 7.7612e-06 -9.42929e-06 -6.35865e-06 -5.9373e-06 -2.02727e-05 4.46262e-05 -4.93526e-06 -2.28148e-05 4.2613e-06 -4.42919e-06 -1.88048e-06 -1.07022e-05 -4.29969e-06 -9.0183e-06 -8.56371e-06 6.80602e-06 2.26271e-06 1.93821e-05 6.74687e-05 6.15442e-05 -0.000862694 0.000172766 -0.000113327
 -2.39572e-05 2.92738 -0.287812 -1.80228e-05 1.64788 -0.518299 -0.126959 -0.153185 1.281 -0.372418 -0.0519851 0.851492 5.02985e-05 -0.568169 -0.00399162 3.37276e-05 999.114 -14.465 4.88901e-06 -0.643488 0.095706 1.19476e-05 -0.665219 0.0383309 2.33649 3.22289 -0.710392 0.213597 2.88991 -2.12264 2.05668 -0.66357 1.59482 1.72095 0.425885 -0.634108 -0.919993 -0.266038 0.00984231 1.14087 -0.63211 -0.0241791 0.512325 -1.64234 0.161965 -0.310811 -0.644215 0.463906 -0.52492 0.470952 1.46632 -1.39843 0.0174554 -0.672916 -0.164656 0.299023 -1.02589 0.443782 1.02956 -1.3343 0.052962 -0.000950541 -0.235811 0.300792 -0.00787684 0.0877339 0.0194909 -0.00449897 -0.000195896 3.13327e-05 -0.993722 0.0645567 -0.218228 -0.0310305 0.374115 -0.11644 -0.0464727 0.807045 -0.0556807 -0.0454992 0.285145 0.249727 -1.21467 0.0650484 0.097507 -0.0097402 0.0419231 0.0168486 0.00167467 -0.0186781 1.24846 2.02914 -0.688781 -2.52812 -1.57002 -0.877834 0.323497 0.828558 2.6987 -0.967202 -0.741615 -7.3362 -0.232203 2.5293 3.46532 -0.0943612 -3.481 -1.59906 1.69349 -0.0182421 1.15179 0.497472 0.0528213 -0.328184 0.0353082 0.578296 0.513867 0.0108366 0.365962 0.46287 0.0790565 0.143896 0.223537 0.257033 0.647185 0.489359 0.573081 0.56613 0.655214 0.354868 0.39816 0.081009 -0.358256 -0.688358 -0.194228 0.0507765 0.0133281 0.0442143 0.196711 0.361 0.459188 0.26334 0.105804 -0.202828 0.0876601 0.206156 0.22991 -0.769227 -0.482808 0.257361 -0.214985 -0.577162 -0.678342 -0.388901 -0.166439 -0.0398339 -0.00482431 0.0501299 -0.0910141 -0.288914 -0.983534 -0.924019 13.1536 -3.06884 1.66475
 5.01686e-07 -0.0530151 0.00517594 3.90569e-07 -0.033862 0.0105937 0.00152562 0.00183013 -0.0153888 0.00384414 0.000440869 -0.00757446 -3.10876e-07 0.00361528 6.34743e-05 -5.13888e-06 -14.465 1.04222 -3.8795e-08 0.00569998 -0.000822483 -1.01434e-07 0.0058815 -0.000313034 -0.0392205 -0.0554936 0.0121749 -0.00510816 -0.0499472 0.0366733 -0.0318322 0.00761161 -0.0178125 -0.0282752 -0.0102262 0.0143617 0.0111019 0.00263142 -7.03239e-05 -0.024095 0.00926249 0.000437424 -0.0121735 0.0204348 -0.00182914 0.00320887 0.00630981 -0.00450633 0.00751296 -0.00825482 -0.0234429 0.022631 -0.000620214 0.00980481 0.00136323 -0.00283036 0.0138424 -0.00743097 -0.0167703 0.021979 -0.000776134 1.03256e-05 0.00425618 -0.00435115 7.37669e-05 -7.24103e-05 -0.000154245 3.29916e-05 2.3163e-05 -2.78032e-07 0.00955009 -0.000564353 0.00241126 0.000345113 -0.00420916 0.001397 0.000465327 -0.00855071 0.000369352 0.000283247 -0.00196733 -0.00418332 0.0218655 -0.0011551 -0.00176262 0.000171714 -0.00110686 -0.000260604 -2.63879e-05 0.000289391 -0.0193321 -0.0301555 0.00877754 0.0375025 0.0242872 0.0137351 -0.00451285 -0.0130001 -0.0401174 0.0110138 0.0110713 0.112041 0.0036985 -0.0385964 -0.0527705 0.000972233 0.0527213 0.0243785 -0.0258402 9.04537e-05 -0.0175518 -0.00740523 -0.00039667 0.00528308 -0.000714503 -0.00928931 -0.00783821 -1.18406e-05 -0.00552316 -0.00715236 -0.00126492 -0.00225965 -0.00342019 -0.00398409 -0.00996176 -0.00742333 -0.00860321 -0.00865305 -0.00956406 -0.00560083 -0.00594854 -0.00107687 0.00567268 0.0107783 0.00312452 -0.000526253 -7.46362e-05 -0.00069352 -0.00310365 -0.00536614 -0.00651339 -0.00367922 -0.00145005 0.00315778 -0.00122994 -0.00292398 -0.00333199 0.0118224 0.00762218 -0.00368358 0.00338042 0.00901884 0.010585 0.00611179 0.00269478 0.000757008 0.000238395 -0.000878661 0.00141602 0.00443183 0.0150209 0.0139374 -0.202629 0.0486545 -0.0254438
 -2.33268e-10 -3.97524e-05 3.77979e-06 -1.63701e-10 -3.91239e-07 1.12629e-07 1.19742e-06 2.78671e-06 -2.25547e-05 1.6457e-06 1.08914e-06 -1.66267e-05 -2.57341e-10 6.3739e-07 2.64883e-08 -6.9581e-10 4.88901e-06 -3.8795e-08 1000 1.92687e-05 -4.54906e-06 -8.80353e-10 1.72755e-05 -1.12545e-06 8.49526e-05 -4.54007e-05 7.39229e-06 2.08241e-06 3.10236e-05 -2.28184e-05 4.44675e-05 1.85363e-05 -5.07146e-05 0.000125296 -7.19919e-05 7.98063e-05 -4.61967e-05 3.24639e-07 2.94416e-07 -2.4922e-05 -4.02576e-06 7.03881e-08 1.35074e-05 -4.53339e-05 4.96611e-06 -2.70221e-07 8.85781e-07 -5.62657e-07 1.69006e-05 3.8139e-05 -5.25849e-05 3.07643e-05 -3.80987e-05 1.70854e-05 7.59209e-05 -0.00011277 -1.00813e-05 4.24814e-05 -4.08726e-06 -1.80654e-05 -5.94006e-06 5.57232e-07 -1.73659e-05 1.55706e-05 -2.50242e-07 -2.43196e-06 -1.41752e-06 3.40027e-07 5.32262e-07 -6.43638e-10 1.43162e-05 -1.0871e-06 4.19182e-06 8.39619e-07 -1.00808e-05 2.81419e-06 9.43138e-07 -1.39595e-05 3.05099e-06 2.08768e-06 -1.21936e-05 2.9071e-05 -0.00033964 1.77367e-05 2.15623e-06 -1.96185e-07 -7.35603e-06 -7.12587e-07 -1.19906e-07 8.39166e-07 1.37743e-05 -4.95845e-05 -1.99173e-05 -1.95256e-05 1.85237e-05 4.62279e-05 0.00021012 0.000225394 -0.000183099 -4.80307e-05 -2.01105e-05 -4.53031e-05 -3.01943e-05 8.6592e-05 2.16106e-05 -5.45171e-06 4.07602e-05 2.51544e-06 5.7141e-06 -1.58693e-06 1.98474e-05 -1.42126e-05 -1.20384e-05 -1.71235e-05 -1.326e-05 5.49274e-06 1.34488e-05 -7.92092e-06 -1.59402e-06 4.65753e-06 1.39772e-05 9.05783e-06 -6.20635e-06 -1.16403e-05 -2.82542e-06 -2.65896e-06 -4.34592e-06 -1.02091e-05 8.98047e-07 -1.2824e-06 6.29854e-06 -6.60353e-07 -6.51063e-06 -2.44728e-06 -4.53013e-06 -1.73302e-05 -1.24994e-05 5.34894e-06 -6.3921e-06 -5.23353e-05 -4.49488e-05 2.44025e-05 1.57308e-05 -2.88584e-06 3.39269e-06 8.25723e-06 -1.26693e-05 1.1729e-05 -8.41956e-06 -8.53855e-06 -1.78943e-05 -3.14286e-05 -2.81809e-05 -1.05344e-05 -4.72576e-06 -6.04275e-06 -7.19285e-06 9.24117e-06 -1.30249e-06 6.52393e-06 2.05673e-05 1.46045e-05 -0.00031972 0.000114944 -3.46272e-05
 -5.40205e-05 3.54861 -0.347749 -6.14985e-06 0.789276 -0.25085 -0.196502 -0.190386 1.5908 -0.439292 -0.0806341 1.31148 4.85994e-05 -0.500767 -0.00283521 4.00487e-05 -0.643488 0.00569998 1.92687e-05 973.299 -150.511 3.06276e-05 -1.44131 0.0905884 -1.5233 4.90078 -0.972648 -0.0705667 0.467134 -0.34464 0.745681 -1.25717 3.21354 -0.497692 3.18301 -3.86145 0.420475 -0.213276 -0.000192037 -1.12489 0.266755 0.00625703 -1.21656 0.326221 -0.0205037 -0.2653 -0.510801 0.367315 -0.237357 -1.26141 1.54323 -0.860346 1.12941 -2.00726 -2.05999 3.19719 -0.336047 -1.66086 0.714902 0.124079 0.0931807 -0.0073556 0.25847 -0.997212 0.0272438 -0.110345 -0.000355567 0.000140032 -0.00685315 3.83406e-05 -1.19692 0.0852822 -0.45195 -0.0738199 0.882421 -0.243815 -0.0787207 1.2247 -0.180424 -0.0962359 0.575955 -1.16017 2.78788 -0.12597 0.0296208 -0.00273077 0.258541 0.0371215 -0.00254021 -0.0348902 -0.34047 5.19305 0.712819 -2.4276 -3.83826 -2.75498 -28.0548 14.9089 1.10897 1.33868 0.220135 1.82058 -5.51809 2.21108 2.12034 -0.331754 0.783647 -1.11815 -0.936578 0.55707 1.51618 0.371238 0.405644 0.84121 1.04924 0.272063 -0.120699 -0.288564 0.934624 -0.128323 -0.114904 0.27986 0.949148 1.83039 -0.39992 0.0445865 0.557057 0.519444 0.669443 -0.564781 0.326338 0.118291 0.316873 -0.332907 0.249379 0.700099 0.848901 0.516032 0.366531 1.26157 0.84219 -0.334175 -0.333371 -0.722383 -0.068995 0.258716 0.357684 1.11769 -0.17218 0.641297 0.872177 0.0241682 0.0349687 -0.900109 -0.322649 -0.0496064 0.118892 -0.417197 0.0460519 -0.465081 -1.49797 -1.26567 21.5205 -5.68217 2.63009
 8.50974e-06 -0.562205 0.0550537 1.01344e-06 -0.130353 0.041356 0.0299207 0.028953 -0.242027 0.0669404 0.0120978 -0.19717 -7.22093e-06 0.0740189 0.000443304 -5.96019e-06 0.095706 -0.000822483 -4.54906e-06 -150.511 24.3185 -4.78229e-06 0.222057 -0.0139538 0.234533 -0.767085 0.152301 0.0101013 -0.0773805 0.0570627 -0.11539 0.192904 -0.493055 0.0759538 -0.49876 0.6052 -0.0655492 0.0307829 0.000125677 0.1721 -0.041726 -0.000939716 0.186929 -0.0541767 0.00364767 0.0396228 0.0763739 -0.0548707 0.0368306 0.195823 -0.24043 0.134289 -0.175226 0.312389 0.319964 -0.496647 0.0519904 0.257823 -0.111793 -0.0183469 -0.0145004 0.0011423 -0.0396631 0.15572 -0.0042942 0.0185256 0.0001591 -4.62268e-05 0.000958929 -5.81946e-06 0.182893 -0.0130176 0.0691974 0.0112883 -0.135001 0.0374788 0.0121233 -0.188636 0.0267634 0.0144658 -0.0866257 0.183508 -0.430089 0.019404 -0.004751 0.000435012 -0.0397686 -0.00577742 0.00039694 0.00542855 0.052618 -0.803625 -0.114665 0.370319 0.596542 0.439493 4.37374 -2.33053 -0.168617 -0.210406 -0.0375966 -0.282231 0.858885 -0.34454 -0.329924 0.0513401 -0.122528 0.173662 0.145939 -0.0868131 -0.236099 -0.0576768 -0.0628998 -0.130711 -0.163339 -0.0425794 0.0186661 0.0449461 -0.145536 0.0198582 0.0178273 -0.0436447 -0.147704 -0.284791 0.0620623 -0.00688287 -0.0866136 -0.0809376 -0.103861 0.0876021 -0.0507993 -0.0183701 -0.0492266 0.0519432 -0.0387247 -0.108756 -0.131989 -0.0803686 -0.0571773 -0.196098 -0.130608 0.0520663 0.0518015 0.112269 0.0106788 -0.0401996 -0.0555874 -0.173788 0.0269375 -0.0996908 -0.135625 -0.00362165 -0.00530124 0.140014 0.0501853 0.00773351 -0.0184599 0.0648044 -0.00713759 0.0723949 0.233126 0.196959 -3.3507 0.885959 -0.409316
 5.47656e-11 -7.12967e-05 6.79435e-06 -1.06299e-10 -2.64423e-06 8.0564e-07 3.09946e-06 5.34385e-06 -4.40055e-05 -2.45191e-06 6.03931e-07 -9.00861e-06 -9.93387e-10 7.52035e-06 6.94467e-08 -1.23e-09 1.19476e-05 -1.01434e-07 -8.80353e-10 3.06276e-05 -4.78229e-06 1000 3.37921e-05 -4.46136e-06 0.000148078 -0.000251909 4.80222e-05 3.71175e-06 2.58273e-05 -1.91027e-05 0.000108786 4.97139e-05 -0.000133901 0.000207975 1.54082e-05 -3.24561e-05 -6.18831e-05 4.01583e-07 5.48006e-07 -6.90431e-05 3.2058e-06 5.08577e-07 6.58952e-05 -8.03284e-05 7.36425e-06 8.449e-07 2.02099e-06 -1.33374e-06 5.96258e-06 0.000105487 -2.18789e-05 -1.88291e-05 -6.74037e-05 2.82079e-05 0.000151482 -0.000224622 -1.46826e-05 9.29814e-05 -8.58849e-06 -4.02253e-05 -9.82614e-06 1.03262e-06 -4.62776e-05 1.79938e-05 4.89945e-07 -2.46503e-05 -2.08917e-06 5.12079e-07 8.27803e-07 -1.15838e-09 2.97751e-05 -2.37125e-06 7.52494e-06 1.36336e-06 -1.59366e-05 -3.69304e-08 8.65726e-07 -1.26447e-05 5.07145e-06 3.23066e-06 -1.90557e-05 3.5137e-05 -0.000327736 1.73728e-05 -2.23697e-06 1.34139e-07 -8.77329e-06 -8.34941e-07 -1.3263e-07 9.75432e-07 3.64227e-05 3.06438e-05 4.29011e-05 6.30849e-05 4.81156e-05 4.69252e-05 8.32638e-05 5.57684e-05 -0.000134956 -3.86285e-05 -9.38532e-06 7.92822e-05 2.23073e-05 -1.63588e-05 5.96779e-05 -9.11723e-06 6.99333e-05 1.16933e-05 0.000108076 -4.19766e-05 -4.99382e-06 -5.15965e-08 5.06779e-08 -1.22122e-06 1.89932e-05 6.8939e-05 9.44082e-06 -1.21622e-05 -3.55806e-05 2.88599e-05 1.0115e-05 9.57118e-06 2.58348e-06 4.84612e-06 4.65436e-06 8.10529e-06 -3.93554e-07 -2.43692e-05 1.47863e-05 -2.04716e-05 -1.1355e-05 -2.26881e-05 -3.23014e-05 -7.53789e-06 8.51153e-06 -3.17572e-06 3.40197e-06 -5.4574e-06 -4.11507e-05 -0.000129134 -7.91742e-05 3.88435e-05 2.41541e-05 -5.30956e-06 -7.03756e-06 -3.89941e-06 -2.32586e-05 -1.1134e-05 -2.90671e-06 -3.43751e-05 -5.16874e-05 -5.62564e-05 -6.20369e-05 -2.29776e-05 -1.64985e-05 -1.70333e-05 -1.79241e-05 2.07128e-05 -3.11626e-06 1.35006e-05 4.45564e-05 3.26714e-05 -0.000612327 0.000144416 -7.73608e-05
 -1.85787e-05 2.66389 -0.260184 -2.25002e-06 0.309055 -0.100887 -0.155427 -0.209265 1.73372 -0.597591 -0.10293 1.62368 5.55854e-05 -0.578086 -0.00349058 3.97023e-05 -0.665219 0.0058815 1.72755e-05 -1.44131 0.222057 3.37921e-05 994.675 -63.2662 -1.39073 11.0189 -2.21581 0.0785079 1.47118 -1.07807 -1.95006 -1.80213 4.76524 -2.91379 1.27157 -1.36694 0.344329 -0.239506 -0.00278579 0.68334 -0.225661 -0.0126492 -2.68057 0.920319 -0.0452991 -0.247203 -0.478932 0.344043 -0.315879 -2.13834 0.861545 0.0292318 1.49075 -2.47472 -3.12397 4.7978 -0.211438 -2.41083 0.358489 0.92044 0.215759 -0.0204924 0.902861 -0.342896 -0.0223466 0.876753 0.026609 -0.00647773 -0.0122989 3.99504e-05 -1.16623 0.0857905 -0.31857 -0.0516192 0.610438 -0.175676 -0.0718077 1.11293 -0.161894 -0.0932182 0.560992 -0.434628 0.902952 -0.0440537 0.126085 -0.00951999 0.194621 0.0298551 0.000308427 -0.0304244 -0.689277 1.19377 -1.05743 -3.04327 -2.24185 -1.43673 -4.85369 3.03854 2.23432 0.609596 0.0353745 -1.99073 -4.76172 2.8029 3.36782 -0.652004 -3.06958 -5.28948 1.82478 0.483517 -0.410346 -0.274537 -0.0536577 0.29254 -0.47183 -1.2322 -0.509769 0.732591 1.11981 -0.393018 -0.347119 -0.139208 0.0358577 0.0394541 0.172723 0.0403305 0.257859 0.617537 0.0830988 0.399371 0.539464 0.712021 0.969059 0.454017 0.00920611 0.212737 0.223895 0.251873 0.602759 2.21029 1.5165 -0.381385 -0.386007 0.0792208 0.332488 0.44911 0.57975 0.480818 0.22205 0.745123 1.88191 0.93805 0.52428 -0.35029 0.0973081 0.262311 0.360649 -0.550978 0.0627757 -0.453731 -1.49649 -1.20631 20.5867 -4.81551 2.607
