 1000 0.00518116 -0.000240207 7.86777e-09 -0.000419948 6.36858e-05 -3.87461e-09 -5.86608e-06 3.11333e-05 -8.9936e-05 -4.65011e-05 0.000240036 1.80988e-09 -1.26685e-05 1.02424e-07 1.93362e-09 -1.99023e-05 2.20282e-07 2.57593e-10 -3.97081e-05 2.8136e-06 7.92739e-10 -1.85182e-05 5.63635e-07 -0.000277448 -0.000619359 9.86397e-05 -5.60305e-05 -0.000500377 0.000238698 -0.000112394 -0.000124924 0.000178247 -0.000188503 -0.000287226 0.000206216 -5.00544e-05 2.82654e-06 8.1194e-07 -0.000432418 9.01634e-05 3.99712e-06 -0.000162474 1.44348e-06 3.49807e-06 -1.09433e-05 -2.38015e-05 8.66651e-06 1.80414e-05 -0.000199994 -0.00027067 0.000223305 -1.1195e-06 3.80849e-05 -4.05245e-05 5.87315e-05 -0.000131117 -8.77336e-05 -0.000109991 0.000126646 -2.63873e-06 2.22737e-07 5.43607e-05 -2.38161e-06 -1.54373e-06 5.65859e-05 5.5581e-07 -1.95198e-07 8.2025e-09 2.05277e-09 -3.75807e-05 1.48312e-06 -8.77668e-06 -7.56992e-06 2.71483e-05 -3.97082e-05 -8.35681e-06 0.000108214 4.66318e-06 4.45442e-06 -1.94456e-05 -5.49449e-05 0.000202675 -5.59353e-06 -8.76052e-06 6.94994e-07 -5.11877e-06 -1.49909e-06 -5.61973e-07 2.07409e-06 -4.79484e-05 5.9458e-05 -7.0029e-05 -0.000244007 -0.000123173 1.44068e-05 -0.000126654 0.000489341 -0.000161085 -0.000360065 -0.000195637 0.000110136 -9.6175e-06 1.78603e-05 -1.25708e-05 -3.44785e-06 1.77083e-05 1.19969e-06 -9.6524e-05 0.000162237 -0.000151222 3.01059e-06 -1.14398e-06 -3.28248e-06 -1.26854e-05 -1.13055e-05 -6.15204e-06 -1.86252e-05 6.18011e-05 -5.66574e-05 -1.40069e-05 -2.49889e-05 -1.55384e-05 -7.64902e-06 2.90399e-06 -1.847e-05 -2.34276e-05 0.00016026 -7.07807e-05 3.74913e-05 -4.35378e-06 1.2463e-05 3.00503e-05 1.07056e-05 4.58781e-05 2.17816e-05 7.66577e-05 4.0075e-05 2.87395e-05 1.55791e-05 3.91022e-06 3.24304e-05 1.32752e-05 4.39812e-06 3.54598e-05 1.28091e-05 5.09254e-05 6.89079e-05 3.28185e-05 4.27749e-05 4.10759e-05 1.51226e-05 3.9303e-05 1.01183e-05 2.16461e-05 2.27918e-05 2.30742e-05 -1.95285e-05 5.36543e-06 7.19935e-06 1.52305e-05 -2.49857e-05 -0.000352169 0.000187932 -2.68506e-05
 0.00518116 579.59 -25.41 -0.000627582 32.4936 -4.92852 0.000420065 0.837579 -4.49805 6.44426 3.87504 -20.0142 -0.000159055 1.08014 -0.00660666 -0.00017682 1.77334 -0.0159662 -5.9815e-05 2.26346 -0.162295 -9.96426e-05 1.78964 -0.0513521 27.1473 45.156 -7.29883 3.77508 34.6431 -16.5283 12.2748 10.1599 -14.6278 20.9768 22.094 -16.1553 2.89197 -0.172445 -0.0617155 32.5053 -6.86152 -0.30072 14.7985 -1.7927 -0.180115 1.02726 1.89215 -0.690975 1.39009 14.4008 14.8724 -13.411 -1.52224 -0.481925 6.03127 -9.10743 9.76119 8.57112 8.8703 -10.8587 0.0266988 0.00268871 -4.5699 1.40595 0.0912523 -4.93269 -0.168894 0.0622323 0.00240124 -0.000187553 3.12577 -0.121467 0.816814 0.648705 -2.3321 3.00967 0.636836 -8.21358 -0.175121 -0.140093 0.617576 5.2483 -27.2071 0.827543 1.37802 -0.121824 0.186156 0.101226 0.0225683 -0.124604 5.10192 -4.33115 4.28608 14.7384 6.92635 -2.75476 -5.20789 1.50569 -5.04851 24.5231 13.912 -4.35929 -1.77362 -1.95572 2.03958 7.65263 4.22988 -1.3779 -9.35622 5.44497 0.601374 0.376654 -1.82684 -0.685704 1.68734 2.56202 1.33087 1.70577 -1.5378 1.67355 1.95801 1.85634 1.15945 0.640673 1.11725 1.14774 0.718758 -2.28737 -2.54622 2.05256 -0.206417 -0.830517 -2.25099 -3.10848 -2.05168 -3.81465 -4.23123 -3.12608 -0.725265 -1.42602 -2.16582 -1.69751 -1.32539 -1.3258 -2.95657 -3.04959 -1.7396 -3.55724 -4.12518 -1.86025 -2.50763 -4.25868 -4.17829 -3.05989 -2.36674 -2.03472 -1.88602 1.91344 -0.527992 -0.318219 -0.764114 1.5468 21.8178 -13.9479 1.27703
 -0.000240207 -25.41 1.98818 2.83794e-05 -1.46631 0.222403 -1.97679e-05 -0.0394466 0.211958 -0.292092 -0.174659 0.902107 8.06711e-06 -0.0556598 0.000298663 8.47864e-06 -0.0873632 0.000754605 2.67924e-06 -0.107964 0.00772232 4.48884e-06 -0.0851822 0.00243029 -1.2257 -2.03734 0.329315 -0.172703 -1.56298 0.745708 -0.554636 -0.459093 0.660982 -0.947482 -0.9974 0.729327 -0.144065 -0.000698436 0.00305597 -1.47039 0.301154 0.0136241 -0.676781 0.0623477 0.00970712 -0.0516801 -0.0934264 0.0340009 -0.0685936 -0.648718 -0.670296 0.604489 0.0668617 0.0206941 -0.273162 0.412565 -0.441199 -0.386822 -0.400215 0.490013 -0.00117746 -0.00012338 0.206438 -0.0635323 -0.00412914 0.223111 0.00735646 -0.00271069 8.02935e-06 9.00067e-06 -0.151207 0.00580294 -0.0390264 -0.030598 0.110048 -0.135563 -0.0287722 0.371071 0.00673454 0.00561723 -0.0248073 -0.228258 1.23349 -0.0375366 -0.0622073 0.00549962 -0.00855389 -0.00455367 -0.00101302 0.00560309 -0.230282 0.198145 -0.193672 -0.666126 -0.312476 0.130454 0.235236 -0.0718143 0.22826 -1.10179 -0.62639 0.196123 0.080328 0.0876915 -0.0924884 -0.34568 -0.191314 0.0618741 0.422374 -0.246585 -0.0262739 -0.0170441 0.0823347 0.0307773 -0.0764693 -0.115979 -0.0599407 -0.0765372 0.0689496 -0.0754822 -0.0887046 -0.0839241 -0.0524792 -0.0289852 -0.0505428 -0.0518653 -0.0323101 0.102252 0.115169 -0.0928963 0.00932291 0.0373853 0.101377 0.140046 0.0921773 0.171783 0.190346 0.140572 0.0323726 0.064212 0.0977588 0.0764243 0.0596735 0.059765 0.133155 0.137541 0.0783242 0.160086 0.185968 0.0837441 0.112876 0.192026 0.188439 0.137979 0.106636 0.0916371 0.0849369 -0.0863169 0.0238146 0.0142851 0.0342338 -0.0698654 -0.982025 0.627882 -0.0574638
 7.86777e-09 -0.000627582 2.83794e-05 1000 0.00560689 -0.000860654 -5.27386e-09 -9.32692e-06 5.02835e-05 -0.000106843 -6.11542e-05 0.000315659 -8.99262e-10 8.17787e-06 1.64822e-07 1.22977e-09 -7.41713e-06 2.55636e-07 4.86603e-10 -6.19339e-06 5.63799e-07 3.89274e-10 2.51779e-06 2.16141e-08 -0.000398324 -0.000830036 0.000132933 -7.93494e-05 -0.000709293 0.000338553 -0.000162747 -0.000191264 0.0002724 -0.000253359 -0.00052794 0.000375292 5.06605e-05 3.54404e-05 -1.69643e-07 -0.000517704 0.000153434 5.18308e-06 -0.000173291 0.000116771 -4.12346e-06 1.663e-05 6.97329e-06 -2.03996e-06 5.65685e-05 -0.000172605 -7.44562e-05 9.7583e-05 -2.24252e-05 5.68593e-05 -3.50724e-05 4.89767e-05 -0.00018107 -0.000158025 -0.000122506 0.000170617 1.0054e-05 -1.08299e-06 9.13331e-05 1.07833e-05 -6.69759e-06 0.000220798 1.26291e-05 -4.74053e-06 -2.08032e-06 2.86083e-10 -1.42461e-06 5.24693e-07 -5.747e-06 -5.67853e-06 2.01639e-05 -4.61858e-05 -1.14801e-05 0.000146368 3.70383e-06 1.51496e-06 -7.06992e-06 -6.84806e-05 0.000268697 -8.06222e-06 -9.88541e-06 8.14831e-07 -1.1281e-05 -2.30033e-06 -7.12101e-07 3.03162e-06 -0.000114925 6.68639e-05 -5.08153e-05 -0.000243878 -0.000175481 -0.000154205 0.000138548 6.08295e-05 -9.1041e-05 -0.000145326 -3.44217e-05 3.0324e-05 -1.94078e-05 4.51426e-05 -4.47641e-05 7.25021e-05 -5.12046e-05 2.84223e-05 1.19369e-05 -7.97392e-05 3.71385e-06 2.31489e-05 6.97173e-05 8.11688e-06 9.85087e-06 -6.46591e-05 -1.55025e-05 -3.08944e-05 -7.86961e-06 5.43642e-05 -2.03578e-05 4.09854e-05 -3.59452e-05 -0.000112686 -0.000189324 -0.000263213 -7.3841e-05 0.000274537 4.82755e-05 9.041e-05 -1.80171e-05 2.19739e-05 9.8046e-05 1.46935e-05 6.01213e-05 -2.33598e-06 0.000110125 3.31443e-05 5.31662e-05 -6.66102e-05 -6.51625e-05 -1.70868e-05 -2.72527e-05 0.000103423 0.000111454 3.1004e-05 1.58197e-05 7.81898e-05 7.61697e-05 0.000108653 7.08493e-05 -5.72994e-05 9.14034e-05 2.27769e-05 3.24252e-05 3.13472e-05 3.0544e-05 -3.33575e-05 1.10857e-05 1.31527e-05 2.7136e-06 -7.10132e-05 -0.000496534 0.000160935 -5.5298e-05
 -0.000419948 32.4936 -1.46631 0.00560689 691.496 -104.003 0.000245935 0.469927 -2.49921 5.57468 3.54259 -18.2886 3.69023e-05 -0.363247 -0.00539697 -7.49099e-05 0.466452 -0.009362 -3.75851e-05 0.557018 -0.0431808 -3.1409e-05 0.042826 -0.00460093 22.3747 36.0221 -5.83395 3.11472 28.5869 -13.6405 12.6878 8.79028 -12.7328 19.4708 19.0498 -13.9897 -2.48475 -1.66171 0.0126465 23.385 -6.96534 -0.212921 11.3891 -6.59011 0.255807 -0.526801 -0.284421 0.084 -2.14464 9.33747 3.01948 -4.7064 -0.353704 -0.866426 4.06603 -6.10687 8.78687 7.38668 8.09273 -9.70464 -0.00853518 0.00539074 -4.21774 -2.11971 0.433 -12.297 -0.725629 0.268461 0.105738 -2.61548e-05 0.226982 -0.0254556 0.289151 0.292539 -1.04242 2.25866 0.551126 -7.08656 -0.0950397 -0.00379032 0.0357706 4.7192 -24.4949 0.750353 1.91596 -0.169216 0.380186 0.0724249 0.0208 -0.0938243 4.5168 -3.5333 0.708107 6.783 6.93897 8.0209 -1.16615 -0.719981 0.120402 7.19563 1.75505 -2.59192 -0.178755 1.16257 0.182386 4.82253 0.223629 -2.07755 0.283329 2.84306 -0.0658879 -0.61963 -1.85773 -1.64695 2.68069 2.8235 0.450527 0.872224 1.73776 -1.15374 0.212949 1.63312 2.77519 5.58334 3.49425 -0.962353 -0.935601 -0.23 -5.05212 3.33326 0.688203 -0.784246 -2.23274 -2.8452 -1.50598 -2.53245 -2.28026 -3.12307 -0.180561 0.112123 -0.516295 -1.39009 -1.66665 -0.755673 -1.67831 -1.17885 -1.24953 -3.31065 -4.57302 -1.18168 -0.582586 -4.02191 -3.50536 -2.907 -1.9908 -1.6722 -1.49715 1.50508 -0.440902 -0.430491 -0.961348 1.22345 22.9166 -14.5533 1.36393
 6.36858e-05 -4.92852 0.222403 -0.000860654 -104.003 16.6793 -3.83173e-05 -0.0732537 0.389826 -0.845976 -0.537229 2.77345 -4.80763e-06 0.0488821 0.000819098 1.1882e-05 -0.0782338 0.0014548 5.64516e-06 -0.0887655 0.00684236 4.67444e-06 -0.00959344 0.000777122 -3.39421 -5.46383 0.884897 -0.475195 -4.33589 2.06891 -1.92483 -1.33372 1.9319 -2.95376 -2.88941 2.12193 0.363353 0.245119 -0.00168396 -3.55034 1.04942 0.0323435 -1.73634 0.980591 -0.0371904 0.0755151 0.0356833 -0.0101426 0.323202 -1.41604 -0.458397 0.714074 0.0512154 0.130465 -0.617671 0.927775 -1.33328 -1.12032 -1.22746 1.47195 0.00128473 -0.000816185 0.639728 0.321209 -0.0656495 1.86465 0.110262 -0.0407933 -0.016106 4.47204e-06 -0.0438146 0.00415847 -0.0461978 -0.045766 0.163175 -0.342613 -0.0836145 1.07515 0.0132683 -4.27729e-05 -0.0027323 -0.705611 3.71924 -0.113954 -0.290515 0.025658 -0.0576023 -0.0109749 -0.00315133 0.0142171 -0.68496 0.537424 -0.108217 -1.02881 -1.05169 -1.21566 0.176287 0.109365 -0.0181013 -1.0915 -0.265339 0.393255 0.0273992 -0.176548 -0.0279658 -0.731794 -0.0342329 0.314737 -0.042918 -0.430832 0.00987465 0.0939083 0.281493 0.249585 -0.406697 -0.428264 -0.0682601 -0.131919 -0.263387 0.174552 -0.0325866 -0.247885 -0.420826 -0.846268 -0.529475 0.146212 0.141988 0.0344253 0.765891 -0.505509 -0.104229 0.118946 0.338445 0.431366 0.22822 0.383951 0.345572 0.473364 0.0272204 -0.0167929 0.0785856 0.210904 0.252794 0.114508 0.254397 0.178874 0.189624 0.501924 0.693374 0.179125 0.0883347 0.609997 0.53156 0.440808 0.301863 0.253565 0.227019 -0.228279 0.0668586 0.0652286 0.145666 -0.185534 -3.47364 2.20615 -0.206708
 -3.87461e-09 0.000420065 -1.97679e-05 -5.27386e-09 0.000245935 -3.83173e-05 1000 -6.9285e-05 0.000232168 0.000167208 9.75417e-05 -0.00050187 5.56449e-09 -4.18882e-05 -1.0485e-07 3.67876e-09 -4.79529e-05 8.28385e-08 7.78023e-10 -2.91916e-06 7.44019e-08 1.04465e-09 -3.57614e-05 8.23593e-07 0.000281014 0.000364991 -6.10233e-05 1.77272e-05 0.000323577 -0.000155289 0.000274821 7.39376e-05 -0.000113845 0.000554529 -0.000165817 8.93278e-05 -0.000149657 -1.75082e-05 5.73333e-07 -0.0002577 1.93962e-05 1.27259e-06 3.49128e-05 -0.000211063 1.47461e-05 -3.50172e-05 -5.56977e-05 1.88596e-05 3.75621e-05 8.51898e-05 -0.00017954 7.7331e-05 -2.76221e-05 -0.000609624 0.00025887 -0.000346692 -0.000217982 4.5187e-05 8.57346e-05 -7.2622e-05 5.85316e-05 -5.12805e-06 -9.38557e-05 2.68469e-05 5.11419e-09 -2.4812e-05 -3.47973e-06 1.30566e-06 4.96659e-07 5.36562e-09 -9.56136e-05 2.38115e-06 -1.61879e-05 -1.18368e-05 4.35527e-05 -0.000101024 -1.47694e-05 0.00019952 -2.39354e-05 -1.02538e-05 4.47859e-05 9.67586e-05 -0.000248177 9.45769e-06 -3.6108e-05 3.64254e-06 3.54979e-05 2.44221e-06 -1.3563e-07 -2.32306e-06 -3.54508e-06 0.000149244 -1.33626e-05 -0.00015962 -1.24528e-05 9.25278e-05 0.000939988 -0.00116701 0.000417897 2.50092e-05 -5.88086e-07 -8.92914e-05 -0.000303755 0.000380195 -0.000169779 0.000339356 -1.79744e-05 -0.00012368 9.85295e-06 3.26328e-05 3.16183e-06 -2.52875e-05 -2.13454e-05 -5.06955e-06 -1.62647e-05 2.55889e-05 0.000299422 -0.000446684 9.88045e-05 6.46594e-05 2.70455e-05 -5.57714e-05 1.91052e-05 4.67484e-05 -4.83726e-05 -3.1572e-05 -4.37327e-05 0.000253978 0.000105728 4.79242e-05 -0.000118933 -1.1241e-05 -1.66735e-05 -3.35697e-05 -4.84258e-05 7.9304e-05 -5.45583e-05 -2.05094e-06 -8.26054e-05 -0.00027951 -0.000109581 6.75189e-05 -0.000214223 0.000179897 0.000117789 4.39935e-05 4.53745e-05 0.000128687 -0.000200701 3.16352e-05 -0.000282846 1.7873e-05 0.000307228 -0.000101559 -3.76309e-05 -2.91701e-05 -1.97975e-05 -8.32639e-07 -9.4213e-08 -3.20978e-05 -7.97693e-05 -4.63986e-05 0.00183537 -0.00112994 0.000113457
 -5.86608e-06 0.837579 -0.0394466 -9.32692e-06 0.469927 -0.0732537 -6.9285e-05 33.5985 -177.017 0.292597 0.163614 -0.841782 1.15644e-05 -0.0871427 -0.00018939 6.88313e-06 -0.0892359 0.00022303 2.68808e-06 0.0342885 -0.00243096 3.20001e-06 -0.083953 0.00214877 0.44642 1.35955 -0.216977 0.0547051 0.804366 -0.385295 0.349726 0.0153265 -0.0349534 0.830361 0.36869 -0.292388 -0.312921 -0.0412007 0.000505389 -0.431258 0.0108467 0.000869263 0.02958 -0.427692 0.0284563 -0.0639879 -0.12129 0.0402589 0.14247 0.160767 -0.636139 0.319243 0.124201 -1.35718 0.18059 -0.173842 -0.433982 0.0787181 0.0129778 -0.0250022 0.0716897 -0.00468256 -0.557063 0.317118 -0.000246839 -0.366461 -0.0115858 0.00431251 0.000805749 1.19702e-05 -0.207234 0.00544082 -0.0332382 -0.0235683 0.0874046 -0.288641 -0.0424503 0.562344 -0.0602517 -0.0261817 0.113786 0.234029 -0.398174 0.0167293 0.0718427 -0.00572437 0.0807479 0.00499717 0.0023919 -0.00743452 0.0217837 0.163115 -0.0977789 -0.305104 0.144339 0.431055 3.42044 -3.66863 0.516275 0.310102 0.183563 0.875227 -0.825231 0.395357 -0.855131 0.473828 0.309655 -0.219372 0.100457 0.0394151 -0.0645117 -0.107829 -0.0890124 -0.0039338 -0.0537443 -0.147681 0.992604 -0.776085 0.0606266 0.0183489 0.316337 -0.0687794 0.0678645 0.08165 0.011369 -0.0476252 -0.279291 0.242343 0.0139335 0.198589 -0.189267 0.0294218 -0.0862126 0.0874965 -0.176449 0.227745 -0.184484 -0.414468 -0.322033 -0.0654346 0.193249 0.214196 -0.14993 0.124358 -0.154663 -0.211465 -0.180441 0.412327 -0.471108 0.428521 -0.00463887 -0.277741 -0.0384974 -0.305412 -0.134419 -0.0827357 -0.0466647 -0.0122662 -0.00334639 -0.0264286 0.00940897 0.0594585 4.06804 -2.432 0.265616
 3.11333e-05 -4.49805 0.211958 5.02835e-05 -2.49921 0.389826 0.000232168 -177.017 963.95 -1.58105 -0.883471 4.54528 -6.35023e-05 0.479118 0.00102298 -3.75386e-05 0.489573 -0.0012394 -1.43644e-05 -0.185804 0.0131715 -1.71708e-05 0.454944 -0.0116459 -2.39977 -7.33431 1.17051 -0.289184 -4.32455 2.07157 -1.88619 -0.0681977 0.168369 -4.48442 -1.9719 1.56586 1.7158 0.237836 -0.00321465 2.37876 -0.0569048 -0.00506674 -0.131348 2.35095 -0.157281 0.357076 0.671906 -0.223329 -0.782809 -0.862214 3.44379 -1.73052 -0.669082 7.35627 -0.970044 0.928887 2.36978 -0.420469 -0.0648233 0.127816 -0.38926 0.0254291 3.00395 -1.72055 0.00196896 1.96602 0.062385 -0.0232235 -0.00431281 -6.60885e-05 1.14202 -0.0300945 0.185337 0.13182 -0.488517 1.57847 0.231721 -3.06982 0.331109 0.142336 -0.61891 -1.29625 2.11497 -0.0893392 -0.388135 0.0309167 -0.447146 -0.0271006 -0.0129581 0.0403051 -0.115794 -0.90107 0.528898 1.66585 -0.775354 -2.35424 -18.5237 19.8681 -2.8013 -1.66307 -0.955442 -4.74978 4.4703 -2.14372 4.63613 -2.56535 -1.67513 1.18895 -0.545423 -0.213232 0.34908 0.583944 0.480734 0.02046 0.293438 0.801869 -5.37936 4.20479 -0.330093 -0.0992836 -1.7122 0.373983 -0.366964 -0.442062 -0.0610171 0.258748 1.51245 -1.31555 -0.0775118 -1.07595 1.02557 -0.160359 0.46573 -0.474971 0.955564 -1.2359 0.998543 2.24581 1.74592 0.354928 -1.04871 -1.1626 0.813004 -0.676037 0.835952 1.14397 0.975749 -2.23649 2.55185 -2.32405 0.0256905 1.50318 0.203971 1.65381 0.727191 0.447145 0.251567 0.0676729 0.0178769 0.143909 -0.0482614 -0.316507 -22.0493 13.1788 -1.44015
 -8.9936e-05 6.44426 -0.292092 -0.000106843 5.57468 -0.845976 0.000167208 0.292597 -1.58105 928.228 -36.665 182 5.12638e-07 -0.00754051 -0.000782206 -1.4358e-05 0.168094 -0.00142613 -5.77685e-06 0.160134 -0.0108353 1.70405e-05 -0.367729 0.0102019 5.6045 5.00068 -0.84596 0.515342 3.34486 -1.59685 3.9723 0.925394 -1.44707 6.34502 0.692981 -0.75583 0.992676 0.471329 -0.0244852 5.52463 -0.94614 -0.053532 3.76852 0.205398 -0.0885998 0.544525 0.792899 -0.281546 2.16943 2.55792 -4.08246 1.52646 -0.576996 -2.75414 3.81011 -5.53234 2.33279 4.35787 -0.340396 -1.85793 0.707395 -0.0574567 -1.63553 2.84676 0.0584386 -5.43581 -0.35555 0.131084 0.00106971 -4.51963e-05 0.655835 -0.0259744 0.274902 0.20705 -0.743943 0.757702 0.222796 -2.76873 -0.301748 -0.204741 0.89754 1.52489 -12.8816 0.412145 0.379117 -0.0343387 0.690444 -0.00833704 -0.0143139 0.0227708 0.768571 -1.22394 -2.195 -2.36443 4.64165 3.97319 -5.69941 -1.34393 5.10097 4.24093 0.878474 -6.7889 1.4241 -1.21952 0.367634 4.85748 9.59603 10.1991 -15.5867 1.99354 2.59476 1.50725 0.264374 -0.106911 0.177968 2.62716 -3.51447 0.683744 1.92261 -2.36696 1.40886 0.836021 -0.616033 0.352758 -0.596194 0.934308 -3.28466 6.16695 -6.72218 5.28239 -1.37078 -0.711187 0.659768 -4.04249 0.305254 -2.99702 -1.21136 1.2009 0.113162 -0.150252 0.305782 -1.08709 -0.700772 0.748062 -0.421592 -2.2762 0.163871 0.317032 -0.980222 -0.103832 -1.97339 0.54751 0.329996 -1.32454 -2.78557 -0.992412 -0.726976 0.426832 -0.0786796 0.296017 0.382017 9.10855 7.47064 -8.96001 -0.273413
 -4.65011e-05 3.87504 -0.174659 -6.11542e-05 3.54259 -0.537229 9.75417e-05 0.163614 -0.883471 -36.665 19.4549 -94.8097 -1.94189e-06 0.0133235 -0.000424754 -8.84097e-06 0.104565 -0.00104638 -5.97488e-07 0.106121 -0.0076387 8.90704e-06 -0.213691 0.00545064 2.47384 4.58729 -0.737202 0.481416 3.45646 -1.64937 0.984987 0.936709 -1.34253 1.92288 2.41935 -1.75252 0.588874 0.17789 -0.0124415 2.76304 -0.516407 -0.0255765 1.46721 0.26285 -0.0518646 0.189814 0.365992 -0.130243 -0.227412 1.05456 0.761669 -0.779993 -0.25307 -0.4309 0.630237 -0.926259 0.902741 0.683849 0.877865 -0.996032 -0.0498556 0.00471885 -0.589024 -0.023227 0.0374132 -1.28322 -0.0931772 0.034587 -0.00187329 -2.52463e-05 0.404602 -0.0147253 0.117799 0.106081 -0.382167 0.449626 0.0853843 -1.11638 -0.00615141 -0.00940938 0.0393774 0.123911 -1.93608 0.0588973 0.21514 -0.0193055 0.176753 0.0102905 0.0045997 -0.0149825 0.451098 -1.70083 -0.394774 2.4644 4.23926 2.89154 -2.57966 -1.74439 0.563037 0.485391 0.0460015 0.0705598 1.19789 -0.388738 -1.76129 -0.0419931 1.44796 0.947819 -0.548607 0.250866 -0.123132 -0.0833916 -0.225276 -0.189354 0.231958 0.469939 -0.3542 0.0227581 0.377023 -0.176687 0.225556 0.096064 0.0805705 0.264822 0.52044 -0.00391469 -0.107055 0.346978 -0.719649 0.193124 -0.0379163 -0.163756 -0.248691 -0.622618 -0.00435047 -0.332631 -0.43659 -0.360035 -0.298934 -0.0479391 -0.337325 -0.161673 -0.109749 -0.0758262 -0.226271 -0.343099 -0.122541 -0.307131 -0.440627 -0.118335 -0.0279085 -0.391141 -0.521117 -0.33272 -0.254614 -0.214157 -0.205496 0.150255 -0.0463842 -0.0807251 -0.142405 -0.0942412 3.14079 -1.15671 0.321079
 0.000240036 -20.0142 0.902107 0.000315659 -18.2886 2.77345 -0.00050187 -0.841782 4.54528 182 -94.8097 490.066 9.07613e-06 -0.0607236 0.00219332 4.48897e-05 -0.527922 0.0053434 3.09842e-06 -0.537873 0.0387442 -4.56499e-05 1.10852 -0.0282845 -12.7903 -23.6517 3.80147 -2.48509 -17.8119 8.49961 -5.12859 -4.8191 6.90924 -9.96819 -12.4434 9.01712 -3.0258 -0.895669 0.0636159 -14.2881 2.69239 0.132184 -7.5766 -1.31126 0.264236 -0.967297 -1.8741 0.66689 1.16562 -5.46338 -3.84504 3.98182 1.33941 2.26277 -3.29705 4.84446 -4.67798 -3.57348 -4.50508 5.14296 0.248925 -0.0236559 3.07183 0.0933951 -0.194508 6.70404 0.479067 -0.177825 0.0100718 0.000129875 -2.08005 0.0757684 -0.603687 -0.545789 1.96614 -2.36713 -0.447296 5.84816 0.02452 0.0447914 -0.186965 -0.641983 10.1434 -0.308738 -1.11307 0.099873 -0.91267 -0.0527878 -0.0234718 0.0767323 -2.32786 8.7798 2.04512 -12.6676 -21.8107 -14.9211 13.334 8.98748 -2.92499 -2.68602 -0.222906 -0.265931 -6.17728 2.01452 9.05275 0.157139 -7.56068 -4.99862 3.01235 -1.31587 0.603585 0.410901 1.15937 0.979417 -1.19582 -2.45027 1.86681 -0.123624 -1.95957 0.938356 -1.17834 -0.503071 -0.407273 -1.36697 -2.66808 0.00868175 0.59185 -1.85679 3.78158 -1.05501 0.212008 0.850741 1.27245 3.24927 0.0190346 1.74613 2.2613 1.83891 1.5367 0.249327 1.73141 0.843898 0.572682 0.382935 1.16984 1.79194 0.629707 1.57568 2.27876 0.610874 0.166335 2.00628 2.6789 1.72801 1.34267 1.11395 1.06649 -0.778103 0.239466 0.410725 0.722881 0.363095 -16.2422 6.05744 -1.64781
 1.80988e-09 -0.000159055 8.06711e-06 -8.99262e-10 3.69023e-05 -4.80763e-06 5.56449e-09 1.15644e-05 -6.35023e-05 5.12638e-07 -1.94189e-06 9.07613e-06 1000 2.87708e-05 -6.0667e-06 -2.50649e-09 3.32488e-05 2.75174e-07 -1.76372e-10 2.38702e-05 -1.30462e-06 -8.92869e-10 3.06238e-05 -3.89332e-07 -0.00023297 -0.000631543 0.000101863 -1.58091e-05 -0.000250272 0.000120277 -4.89218e-05 3.97309e-05 -5.32154e-05 -0.000103166 5.17733e-05 -3.02419e-05 0.000111878 1.295e-05 4.1898e-08 -0.00017296 7.18529e-05 3.60988e-06 3.48168e-05 0.000117494 -8.23146e-06 2.59404e-05 3.57595e-05 -1.18106e-05 5.92029e-05 2.10036e-05 -0.000114834 5.99196e-05 1.92506e-07 4.51271e-05 4.19327e-05 -6.69883e-05 0.000144343 -4.30032e-05 -2.96366e-05 3.48081e-05 -1.98577e-05 1.63735e-06 -2.32983e-05 -9.58608e-06 2.73033e-06 -8.50004e-05 -1.03254e-06 3.75631e-07 -3.59416e-07 -2.58234e-09 4.86654e-05 -6.66832e-07 9.44409e-06 5.39593e-06 -2.00751e-05 3.42849e-05 7.45033e-06 -0.000101338 2.07052e-06 1.52101e-06 -7.4489e-06 -5.00543e-05 0.000122523 -5.30977e-06 -1.80284e-05 1.64861e-06 1.3055e-06 -1.1041e-06 -2.3399e-08 1.13545e-06 -8.99662e-05 -0.000197638 -3.32282e-05 0.000100044 5.35728e-05 1.26345e-05 -6.30759e-05 -4.36837e-06 -0.000154327 4.71396e-05 3.93721e-05 0.000433298 -4.00937e-05 -0.000340708 1.99931e-05 0.000129897 0.000148847 -7.34894e-06 3.72258e-05 -1.64642e-05 -6.77081e-05 3.61328e-05 5.56215e-05 -7.15181e-05 -3.6124e-05 -8.58527e-05 -7.90331e-06 3.7172e-05 9.75836e-06 2.02771e-05 1.29512e-05 -2.37771e-05 -1.64173e-05 -5.28266e-06 -3.16086e-05 -3.68024e-05 -5.51746e-05 -3.23004e-05 -3.38831e-05 -4.00637e-05 -2.73686e-06 2.63614e-05 4.02345e-05 2.57008e-05 3.45549e-05 4.94202e-05 4.32055e-05 9.97743e-06 -3.78947e-05 -5.07803e-05 -6.84815e-06 1.4648e-05 2.16226e-05 -2.6426e-05 -4.38008e-06 -6.63734e-06 3.13936e-06 1.80531e-05 -1.70598e-05 8.51781e-06 7.45996e-05 7.31916e-05 2.72608e-05 -1.20613e-05 -4.61412e-06 -1.22408e-06 -2.19976e-06 -1.38602e-05 8.13803e-06 1.11958e-05 4.89036e-05 3.92389e-05 -0.000653641 0.000510839 -2.30075e-05
 -1.26685e-05 1.08014 -0.0556598 8.17787e-06 -0.363247 0.0488821 -4.18882e-05 -0.0871427 0.479118 -0.00754051 0.0133235 -0.0607236 2.87708e-05 999.78 -0.122078 1.79643e-05 -0.249774 -0.00189968 2.7176e-07 -0.172229 0.00931684 4.84196e-06 -0.218168 0.00251135 1.99491 4.73989 -0.769073 0.10168 1.78362 -0.857962 0.450421 -0.23126 0.302797 1.01767 -0.127011 0.0349072 -0.935466 -0.107332 0.000196145 1.00431 -0.496833 -0.0249182 -0.219811 -1.00814 0.0699723 -0.206011 -0.287846 0.095545 -0.456839 0.0190688 0.893122 -0.525108 -0.0600011 -0.278457 -0.228672 0.368336 -1.16916 0.443864 0.189696 -0.288488 0.124092 -0.00993085 0.203346 0.0874195 -0.0209045 0.636388 0.00469604 -0.0016823 0.00307191 1.86749e-05 -0.359958 0.00465171 -0.0732012 -0.0401031 0.149329 -0.287489 -0.0608283 0.826354 -0.0134782 -0.00733457 0.0385974 0.484415 -1.59199 0.0631972 0.131102 -0.012177 -0.024411 0.00852705 6.50476e-05 -0.00865208 0.777798 1.68975 0.324805 -0.758524 -0.394366 -0.0570333 0.535691 0.0850809 1.0512 -0.331466 -0.266089 -2.91862 -0.0747869 2.3858 0.335828 -0.972463 -1.20054 -0.135109 -0.0188646 0.147802 0.5116 -0.22466 -0.467027 0.38078 0.467155 0.586415 0.219308 -0.292625 -0.0641454 -0.0509846 -0.078313 0.176849 0.172374 0.0877168 0.26602 0.281809 0.4039 0.237599 0.224029 0.274539 -0.00583128 -0.228534 -0.344668 -0.231003 -0.223775 -0.36895 -0.362439 -0.136563 0.172216 0.276788 0.0120488 -0.055154 -0.0660833 0.158443 0.00484557 -0.0276434 -0.0147219 -0.181678 0.0963149 -0.10256 -0.594156 -0.693006 -0.363315 0.0166075 -0.0123774 -0.0274346 -0.0151214 0.144754 -0.0708783 -0.078335 -0.357563 -0.295245 4.37205 -3.45973 0.14679
 1.02424e-07 -0.00660666 0.000298663 1.64822e-07 -0.00539697 0.000819098 -1.0485e-07 -0.00018939 0.00102298 -0.000782206 -0.000424754 0.00219332 -6.0667e-06 -0.122078 0.813959 2.40032e-07 -0.00288289 1.62138e-05 4.44279e-08 -0.0021559 0.000149755 1.15519e-07 -0.00276964 7.34393e-05 -0.00495254 -0.00897472 0.00144555 -0.000847167 -0.00678421 0.00323745 -0.00204456 -0.00192957 0.00276769 -0.0035253 -0.003368 0.00247776 -0.00199461 -0.00111054 4.6262e-05 -0.00790222 0.000533597 7.59956e-05 -0.00325792 -0.00155528 0.00018692 -0.000710966 -0.0016498 0.000573614 -0.000166345 -0.00113134 -0.00143032 0.00120989 -9.481e-06 -0.000216769 -0.0010545 0.00161378 -0.00125874 -0.00122566 -0.00121672 0.00150908 -7.33654e-05 5.86334e-06 0.000682704 -0.000200677 -9.93196e-06 0.000595315 2.3274e-05 -8.58419e-06 2.84098e-06 1.74475e-07 -0.00309449 0.000104464 -0.000366483 -0.000252364 0.000912169 -0.00041414 -0.000123614 0.0015781 -0.000182898 -0.000208359 0.000885411 -0.000770517 0.00821113 -0.000248905 -0.000241099 2.13896e-05 -3.77951e-05 -5.76942e-06 8.97015e-07 4.90899e-06 -0.000977963 0.000971818 -0.000141679 -0.00113209 -0.000403286 -6.73834e-05 1.99563e-05 -2.52497e-07 -0.000856547 -0.00039183 0.000810464 0.00257462 0.000233013 -0.0020368 -0.000823118 0.000182404 0.000591712 6.97022e-05 7.06249e-05 -0.000369856 -0.000420264 0.00028028 0.000655675 -0.000199542 -0.00079937 -0.000931797 -0.000123622 0.000493575 0.000130339 -0.000224251 -0.000321647 -0.000400995 -0.000309155 -0.000163764 -0.000322936 -0.00037059 -0.000280577 -6.82551e-05 -7.24637e-05 -0.000355428 2.67957e-05 0.000230341 0.000385606 0.000263837 0.00020378 0.000395544 0.00037277 5.30632e-05 -0.000239833 -0.000116687 0.000213759 0.000165801 6.48817e-05 -5.41841e-05 0.000112721 0.000197302 0.000160717 0.000274575 0.000153691 0.000237192 0.000515529 0.000700768 0.000602924 0.000196949 0.000149152 0.000113203 0.000104028 -0.000263222 8.81416e-05 2.77825e-05 0.000137743 -0.000221532 -0.00359339 0.00297034 -0.000100736
 1.93362e-09 -0.00017682 8.47864e-06 1.22977e-09 -7.49099e-05 1.1882e-05 3.67876e-09 6.88313e-06 -3.75386e-05 -1.4358e-05 -8.84097e-06 4.48897e-05 -2.50649e-09 1.79643e-05 2.40032e-07 1000 2.8225e-05 -9.20701e-06 -5.3564e-10 2.09256e-05 -1.19411e-06 -1.04443e-09 2.28273e-05 -3.42106e-07 -0.000132669 -0.000186841 3.12183e-05 -1.80444e-05 -0.000214041 0.000102607 -5.7758e-05 3.02866e-06 -1.93144e-06 -9.8716e-05 -2.16419e-05 1.96885e-05 4.90788e-05 8.3813e-06 -8.77746e-08 -8.78115e-05 3.63244e-05 1.72084e-06 -5.59095e-05 8.75945e-05 -4.71468e-06 1.58204e-05 2.27648e-05 -7.31402e-06 6.64427e-05 -4.33268e-05 -0.000141523 9.58666e-05 -3.89643e-06 7.37981e-05 7.53478e-06 -1.70941e-05 7.34112e-05 -4.78842e-05 -5.6268e-05 5.95939e-05 -1.25243e-05 1.06256e-06 -1.77155e-05 5.85208e-06 9.00831e-07 -4.16347e-05 -2.79529e-06 1.01412e-06 -7.65888e-08 -1.90764e-09 3.45883e-05 -5.21271e-07 5.84518e-06 4.08844e-06 -1.50415e-05 7.3931e-06 2.13813e-06 -3.17326e-05 1.14418e-06 2.84091e-06 -1.28733e-05 1.25101e-05 -0.000198949 6.11823e-06 -3.99766e-06 3.67939e-07 -1.45317e-06 -1.30516e-06 -1.62367e-08 1.33052e-06 -9.50584e-05 -0.000171603 -1.21447e-05 0.000139861 9.19796e-05 5.37677e-05 -4.2248e-05 -6.35246e-05 -0.000200073 7.83536e-05 6.4249e-05 0.000608309 -0.000259877 -0.000196362 -7.58084e-05 0.000179797 0.000200052 -0.000172162 9.9369e-05 -5.4244e-05 -9.16926e-05 -2.2807e-05 1.39182e-05 2.88303e-05 -5.65693e-05 1.46782e-05 -3.59359e-05 -3.6221e-06 -5.21807e-05 -2.58297e-05 9.68792e-06 -7.48584e-06 -1.51002e-05 -2.30421e-05 -4.19572e-05 -3.24319e-05 -4.69029e-05 -3.41717e-05 -3.29707e-05 -1.45581e-05 -2.5791e-05 1.95494e-05 2.66644e-05 1.50864e-05 2.05802e-05 1.20718e-05 2.44026e-05 2.47745e-06 -5.74821e-06 -2.92574e-05 -1.74691e-05 -1.97371e-05 2.74093e-05 -5.3095e-07 2.17604e-06 8.56339e-07 1.30084e-05 6.46298e-05 -9.95299e-06 7.45257e-06 8.41351e-05 4.96633e-05 1.84981e-05 1.28118e-06 5.51887e-06 6.73595e-06 4.03672e-06 -8.01526e-06 8.3564e-06 1.32266e-05 5.00513e-05 2.08718e-05 -0.000539464 0.000403815 -2.19222e-05
 -1.99023e-05 1.77334 -0.0873632 -7.41713e-06 0.466452 -0.0782338 -4.79529e-05 -0.0892359 0.489573 0.168094 0.104565 -0.527922 3.32488e-05 -0.249774 -0.00288289 2.8225e-05 999.617 -4.70462 2.93482e-06 -0.235261 0.0133859 8.11686e-06 -0.271041 0.0039483 2.41432 3.06584 -0.517456 0.161951 2.38971 -1.14788 1.06764 -0.0531246 0.0305852 1.98461 0.42787 -0.390708 -0.941758 -0.127276 0.00169764 0.434397 -0.379368 -0.0185168 0.666341 -1.4236 0.0828461 -0.235036 -0.33759 0.110744 -0.700749 0.874756 1.48494 -1.14201 -0.101115 -0.586013 -0.00116892 0.0477154 -1.19054 0.909665 0.626673 -0.818913 0.0900824 -0.00695622 0.331889 0.0476673 -0.0169086 0.567615 0.0220683 -0.00792473 0.00245934 2.23816e-05 -0.423295 0.00609265 -0.0849585 -0.0503644 0.185514 -0.203103 -0.047746 0.675163 -0.0158526 -0.0249879 0.116058 0.231028 0.0822951 0.00816609 0.0515783 -0.00524278 -0.0233255 0.0163548 0.000549802 -0.0170214 1.32457 2.5273 0.366875 -1.5352 -0.955821 -0.438824 0.683235 0.837154 2.12618 -0.81402 -0.682575 -6.99087 2.37767 3.24858 1.78356 -1.91411 -3.3422 1.16633 0.329975 0.266348 1.07725 0.295084 -0.139786 -0.360749 0.614033 0.362135 0.406049 0.00339032 0.477807 0.4494 -0.0192387 0.174828 0.215838 0.315133 0.583793 0.446845 0.570859 0.352244 0.414347 0.140014 0.344041 -0.192467 -0.466909 -0.26611 -0.269375 -0.259937 -0.430019 -0.191272 -0.0534832 0.183729 0.148448 0.239348 -0.23382 -0.231344 -0.0129698 0.0221863 -0.172288 -0.888521 -0.154766 -0.230563 -1.17061 -1.0113 -0.64941 -0.259447 -0.202704 -0.189855 -0.143458 0.208907 -0.119043 -0.165485 -0.589021 -0.264107 5.52913 -3.83474 0.272323
 2.20282e-07 -0.0159662 0.000754605 2.55636e-07 -0.009362 0.0014548 8.28385e-08 0.00022303 -0.0012394 -0.00142613 -0.00104638 0.0053434 2.75174e-07 -0.00189968 1.62138e-05 -9.20701e-06 -4.70462 0.842001 2.14232e-08 -0.00132407 0.000105588 5.66427e-08 -0.00150863 5.49408e-05 -0.0165565 -0.0221357 0.0036888 -0.00212043 -0.0186681 0.00894429 -0.00767673 -0.00192979 0.002995 -0.0136329 -0.00606694 0.00482153 0.0023016 -0.000285759 3.27328e-05 -0.00941159 0.00205372 0.000157557 -0.00777264 0.00425048 -0.000109517 -7.87305e-05 -0.00056906 0.000235856 0.00317448 -0.00600832 -0.0090088 0.00717231 0.000406201 0.00279861 -0.00135345 0.00183223 0.00372365 -0.00585866 -0.00468032 0.00592806 -0.000462217 3.55471e-05 -0.000882716 -0.000280555 5.25937e-05 -0.0016662 -2.42852e-06 -2.78419e-07 -2.91568e-06 1.0459e-07 -0.00158889 9.11302e-05 -0.000107503 -3.87171e-05 0.000126206 0.000320118 2.12574e-05 -0.000576331 -0.000289255 -0.000227147 0.000925715 -0.00164978 0.00584921 -0.000227034 -0.000435611 4.18444e-05 -2.2958e-05 -8.86669e-05 -2.48966e-06 9.17879e-05 -0.00751718 -0.0118576 -0.00277683 0.0067972 0.00516189 0.00261822 -0.00359512 -0.00448653 -0.0114369 0.00306684 0.00539232 0.0379035 -0.0128185 -0.0177301 -0.010142 0.00976272 0.0178625 -0.00635105 -0.00185183 -0.00162613 -0.00586552 -0.00152429 0.00102253 0.00208429 -0.00374672 -0.00247638 -0.00216068 0.00019713 -0.00249074 -0.00266338 -0.000245744 -0.00119647 -0.00134433 -0.0018163 -0.00327876 -0.00257236 -0.0030475 -0.00176805 -0.0021225 -0.000903587 -0.00180958 0.0010952 0.0026529 0.00154719 0.00151539 0.00155246 0.00242936 0.000981139 0.00016009 -0.000889019 -0.000540144 -0.00111385 0.00128857 0.00130938 0.000195213 5.60291e-05 0.00107696 0.00488558 0.00107823 0.00140838 0.00634563 0.00563996 0.00384108 0.00161118 0.00123702 0.00112021 0.000871287 -0.00128297 0.000675137 0.00085498 0.00301389 0.000882142 -0.0300608 0.0210254 -0.00145266
 2.57593e-10 -5.9815e-05 2.67924e-06 4.86603e-10 -3.75851e-05 5.64516e-06 7.78023e-10 2.68808e-06 -1.43644e-05 -5.77685e-06 -5.97488e-07 3.09842e-06 -1.76372e-10 2.7176e-07 4.44279e-08 -5.3564e-10 2.93482e-06 2.14232e-08 1000 7.24417e-06 -3.2714e-06 -8.60736e-10 9.17896e-06 -2.58274e-07 7.44507e-05 -7.96728e-05 1.08617e-05 -3.82806e-06 8.23989e-07 -5.39737e-07 4.48667e-05 1.12943e-05 -1.7622e-05 6.91978e-05 -0.000121094 8.03414e-05 -2.918e-05 1.63499e-06 1.3198e-07 -5.68704e-05 8.33665e-06 3.11139e-07 1.10124e-05 -3.16556e-05 2.31245e-06 -1.55676e-06 -1.02149e-06 5.00018e-07 2.44037e-05 7.76273e-06 -5.36794e-05 2.86207e-05 -2.84965e-05 3.4911e-05 4.39983e-05 -6.90966e-05 -1.9669e-05 3.79266e-05 -9.90961e-06 -9.13298e-06 -4.28159e-06 4.12022e-07 9.22602e-06 1.22683e-05 -8.53989e-07 1.36767e-05 -1.75037e-06 6.54473e-07 1.32289e-07 -5.34596e-10 6.21152e-06 -2.28819e-07 -1.58545e-07 8.62758e-07 -3.14699e-06 -5.9387e-06 -8.03379e-07 1.08493e-05 3.35904e-06 3.67071e-06 -1.57982e-05 4.31081e-05 -0.000295992 9.97966e-06 -6.83766e-06 5.62707e-07 -3.28535e-06 -7.12241e-07 -7.34116e-08 7.90939e-07 5.26147e-06 -9.49767e-05 -1.4479e-05 7.72811e-05 7.98931e-05 8.2326e-05 7.63121e-05 0.000263374 -0.00020922 -6.27394e-05 -2.25867e-05 3.12436e-05 -6.03772e-05 6.29637e-05 1.09134e-05 -2.02666e-05 2.61484e-05 2.29129e-05 2.83639e-05 -1.78202e-05 4.20334e-06 -1.15982e-05 -1.48285e-05 -2.30215e-05 -1.7305e-05 -9.24147e-07 1.77401e-05 -8.91693e-08 7.07968e-07 1.15092e-05 4.22816e-07 -7.39653e-06 -2.91815e-05 -2.11442e-05 1.68912e-06 -1.23439e-05 -9.17397e-06 -1.22625e-05 7.70601e-06 -9.78567e-06 3.51597e-06 -3.05171e-06 -2.37908e-06 -7.90905e-06 -5.45945e-06 -1.84041e-05 -1.63388e-05 -3.95348e-06 -1.93441e-05 -4.12184e-05 -1.64106e-05 2.56329e-05 1.99392e-05 6.99243e-07 1.22581e-05 1.50185e-05 -1.01738e-05 1.38641e-05 -6.63969e-07 -1.40573e-05 -1.52085e-05 -1.72219e-05 -2.30184e-05 -6.52214e-06 -2.54335e-06 -2.55271e-06 -4.06381e-06 1.57542e-05 -8.71159e-07 3.6786e-06 8.76212e-06 -1.05921e-05 -0.000244885 0.000157611 -1.41326e-05
 -3.97081e-05 2.26346 -0.107964 -6.19339e-06 0.557018 -0.0887655 -2.91916e-06 0.0342885 -0.185804 0.160134 0.106121 -0.537873 2.38702e-05 -0.172229 -0.0021559 2.09256e-05 -0.235261 -0.00132407 7.24417e-06 994.364 -68.0488 1.33397e-05 -0.401377 0.0100368 -0.193541 4.48722 -0.69071 0.0507022 0.568821 -0.274328 -0.348544 -0.339074 0.486322 0.800181 3.3215 -2.33177 -0.249461 -0.124008 -0.00127183 -0.177254 -0.0861529 -0.00504228 -0.508164 -0.230288 0.0153429 -0.144416 -0.217123 0.0695384 -0.520343 0.407658 1.33149 -0.906288 0.543521 -1.33736 -0.948463 1.53739 -0.659667 -0.438164 0.283685 0.0208082 0.0373028 -0.000321846 -0.525615 -0.391531 0.0144355 0.0513876 0.0136103 -0.00546619 -0.000196574 1.92647e-05 -0.343379 0.00883314 -0.139889 -0.0940515 0.344068 -0.218586 -0.0427962 0.573817 -0.152043 -0.0857139 0.37812 -0.490783 2.48115 -0.0643547 0.278534 -0.0241514 0.0925127 0.035863 -0.0014415 -0.0346663 0.352989 5.14612 1.33545 -2.61137 -3.52057 -3.74964 -14.4432 10.471 1.20134 0.65637 0.103353 -0.910335 -2.51502 2.3583 1.27782 0.233102 0.544972 -2.26614 -0.284905 0.863238 1.13862 0.406292 0.470184 0.836856 0.951295 0.43247 -0.103105 0.062264 0.719899 -0.0972826 0.216009 0.597124 1.34055 1.44099 -0.426865 0.355919 0.599118 0.519404 0.172357 -0.100255 0.189666 0.0261007 -0.0691361 -0.31374 0.154856 0.397414 0.323788 0.22147 0.273371 0.734566 0.149729 -0.520677 -0.407184 -0.864428 -0.423204 -0.177269 0.0373603 0.167855 -0.438243 0.277968 0.0234637 -0.81767 -0.707874 -1.07131 -0.513795 -0.307647 -0.112052 -0.326885 -0.0209376 -0.145923 -0.278895 0.112677 9.543 -6.18986 0.541784
 2.8136e-06 -0.162295 0.00772232 5.63799e-07 -0.0431808 0.00684236 7.44019e-08 -0.00243096 0.0131715 -0.0108353 -0.0076387 0.0387442 -1.30462e-06 0.00931684 0.000149755 -1.19411e-06 0.0133859 0.000105588 -3.2714e-06 -68.0488 5.56603 -9.94436e-07 0.0273574 -0.000683317 0.0109761 -0.314439 0.048427 -0.00384159 -0.043098 0.0207633 0.0231713 0.0217673 -0.0312515 -0.0575771 -0.232929 0.163576 0.0159248 0.0068272 0.000139802 0.00838216 0.00587491 0.000382925 0.0323907 0.0128397 -0.000772911 0.00874818 0.0130089 -0.00410592 0.0351276 -0.0292354 -0.0927972 0.0634505 -0.0370047 0.0925486 0.0649133 -0.105294 0.044139 0.0296096 -0.0203457 -0.000520828 -0.00254998 2.01588e-05 0.0374553 0.0271681 -0.00103586 -0.00233655 -0.00110268 0.000437844 -3.20842e-05 -1.22714e-06 0.0222445 -0.000561857 0.00922275 0.00619948 -0.0226901 0.0140726 0.00280772 -0.0376792 0.00935621 0.00543224 -0.0239716 0.0367078 -0.16726 0.00431146 -0.0193828 0.00168054 -0.00598387 -0.00248225 0.000100531 0.00239866 -0.0248239 -0.352509 -0.0958346 0.173961 0.248074 0.275091 0.999891 -0.730602 -0.0802511 -0.049341 -0.010611 0.0638477 0.174595 -0.163889 -0.0888398 -0.0164933 -0.0382404 0.156895 0.0195925 -0.0598973 -0.0790044 -0.0281291 -0.0324561 -0.0579196 -0.06616 -0.0302911 0.00704217 -0.00428773 -0.0499349 0.00653652 -0.0152469 -0.041554 -0.0929417 -0.0998803 0.0293653 -0.0247989 -0.0415186 -0.0359223 -0.0119815 0.00679712 -0.0132034 -0.00183005 0.00481491 0.0217317 -0.0107166 -0.0274404 -0.0223636 -0.0154402 -0.019059 -0.0507715 -0.0102166 0.0360112 0.0280673 0.0597869 0.0292662 0.012268 -0.00251783 -0.0116156 0.0304179 -0.0191716 -0.00160449 0.0566865 0.0491969 0.0741948 0.0355669 0.0212907 0.00775992 0.0224943 0.00147926 0.0100561 0.019148 -0.00816526 -0.660663 0.428927 -0.0374438
 7.92739e-10 -9.96426e-05 4.48884e-06 3.89274e-10 -3.1409e-05 4.67444e-06 1.04465e-09 3.20001e-06 -1.71708e-05 1.70405e-05 8.90704e-06 -4.56499e-05 -8.92869e-10 4.84196e-06 1.15519e-07 -1.04443e-09 8.11686e-06 5.66427e-08 -8.60736e-10 1.33397e-05 -9.94436e-07 1000 2.16613e-05 -4.92638e-06 0.000118361 -0.000374573 5.53877e-05 -5.82447e-06 -3.13818e-05 1.47414e-05 0.000108522 0.000139219 -0.000198157 0.000172393 -1.09015e-05 -3.98762e-07 -3.36718e-05 -2.6998e-07 4.2201e-07 -0.000125786 2.23608e-05 1.06901e-06 7.731e-05 -7.05556e-05 3.7212e-06 -1.50899e-06 -2.84607e-06 1.31395e-06 2.37733e-05 6.45475e-05 -4.60969e-05 5.82108e-06 -5.47584e-05 6.56657e-05 0.000102117 -0.000159336 -2.57905e-05 8.95815e-05 -1.32333e-05 -2.98939e-05 -1.0102e-05 9.37549e-07 1.36813e-05 1.11361e-05 -5.65308e-07 5.70851e-06 -1.91868e-06 7.05706e-07 1.91391e-07 -8.5839e-10 1.21206e-05 -5.51717e-07 1.80215e-07 1.2534e-06 -4.40012e-06 -9.58571e-06 -8.9009e-07 1.20242e-05 7.13005e-06 5.33606e-06 -2.33343e-05 5.01099e-05 -0.000282169 9.83213e-06 -1.58405e-05 1.33611e-06 -5.97405e-06 -1.20059e-06 -1.31208e-07 1.34068e-06 2.3677e-05 -3.92962e-05 2.68852e-05 0.000128978 8.58565e-05 6.47578e-05 -1.27401e-05 7.70697e-05 -0.000202704 -4.45187e-05 -2.62497e-06 0.000256237 -4.16969e-05 -0.000168743 0.000106527 5.60856e-05 0.000164685 -5.87265e-05 0.000138651 -5.13258e-05 -1.05756e-05 5.70824e-06 3.07077e-06 -1.63157e-07 3.63401e-05 9.32981e-05 7.26054e-07 -2.75691e-05 -4.23524e-05 5.45097e-05 1.03449e-05 1.97009e-05 8.19788e-06 2.32113e-07 3.7927e-06 -2.56709e-06 -6.20293e-06 -1.69839e-05 -1.39953e-06 -2.97049e-05 -2.65956e-05 -3.74758e-05 -3.422e-05 -3.66156e-06 2.05714e-05 -7.8046e-06 -6.21095e-06 -1.43559e-05 -6.58935e-05 -0.000109923 -4.25522e-05 4.01575e-05 2.06153e-05 -6.46751e-06 -2.0159e-06 -4.80153e-06 -2.06558e-05 -1.21758e-05 -2.3446e-06 -5.52395e-05 -5.2085e-05 -4.56767e-05 -5.82362e-05 -2.29745e-05 -1.88411e-05 -1.77058e-05 -1.87278e-05 3.50496e-05 -2.43594e-06 5.2257e-06 7.84111e-06 -1.72829e-05 -0.000446777 0.00027599 -2.75837e-05
