 1000 0.00404398 -0.000352354 2.83163e-09 -0.000395437 0.000115309 -5.76863e-06 -6.38925e-06 5.09391e-05 -0.000166799 -1.9418e-05 0.000276228 1.22319e-09 -1.46839e-05 1.32057e-07 8.10465e-10 -1.83681e-05 3.95199e-07 -2.47194e-10 -4.54442e-05 6.52908e-06 1.9343e-12 -1.52008e-05 1.04979e-06 -0.000133021 -0.000495459 9.60588e-05 -6.33593e-05 -0.000414069 0.000285744 -4.31028e-05 -7.12448e-05 0.00018484 -2.3429e-05 -0.000201843 0.000239454 -5.59317e-05 -5.15428e-08 7.85897e-07 -0.000256022 4.99517e-05 2.46956e-06 -6.26231e-05 -3.89856e-05 6.29533e-06 -9.21985e-06 -2.87097e-05 1.79298e-05 4.17319e-05 -8.43313e-05 -0.000237395 0.000217191 -3.23541e-05 4.36937e-05 4.94282e-05 -7.36641e-05 4.32758e-06 -2.03795e-05 -6.7636e-05 7.67163e-05 -5.25975e-06 2.26006e-07 2.21832e-05 1.71654e-05 -1.75096e-06 3.59814e-05 -1.32163e-06 2.90929e-07 3.21379e-07 8.88547e-10 -3.33802e-05 2.74987e-06 -6.00335e-06 -1.06936e-06 1.06314e-05 -1.20683e-05 -4.81645e-06 6.60742e-05 2.57747e-06 4.20498e-06 -2.06902e-05 -6.22828e-06 -0.000131807 6.06255e-06 -7.14303e-06 4.39616e-07 -2.10022e-05 -1.37372e-06 -5.09335e-07 1.89693e-06 -1.46821e-05 4.4818e-05 -7.72262e-05 -0.00024143 -0.000155739 5.64204e-06 4.45663e-05 0.000341521 -0.000110625 -0.000265667 -0.00012873 4.74722e-05 -2.8503e-05 3.00249e-05 5.28399e-05 6.97785e-05 1.91409e-05 -5.21626e-05 -8.27826e-05 0.000167945 -0.000132688 2.81323e-05 1.22002e-06 1.96347e-06 1.77885e-06 2.01813e-05 8.0809e-06 -1.88701e-05 4.01526e-05 -3.1158e-05 1.11726e-05 -1.04574e-05 -7.73815e-06 -1.50538e-06 1.9105e-06 -8.37178e-06 -2.15621e-05 0.000148668 -8.40619e-05 5.74767e-05 -3.36933e-06 1.33165e-05 2.40313e-05 2.39103e-05 2.93923e-05 -6.93294e-06 4.29447e-05 2.45568e-05 2.51406e-05 -1.17156e-05 -4.01669e-05 4.08467e-05 2.10848e-05 -5.69053e-06 7.69351e-06 -8.84877e-06 3.42732e-05 4.86787e-05 2.6669e-05 3.6489e-05 1.50535e-05 -2.78357e-05 1.1485e-06 -1.20993e-05 9.00732e-06 9.64557e-06 1.2093e-05 -4.61453e-06 1.53115e-06 1.65016e-05 5.54882e-05 3.0119e-05 -0.000759622 0.000183533 -9.62004e-05
 0.00404398 566.079 -47.8604 -0.000319647 41.1922 -12.0085 0.622975 0.916084 -7.36622 16.8004 2.13953 -30.4889 -0.000167018 1.76761 -0.0105918 -0.000149917 2.48037 -0.0437663 -3.76051e-05 3.02604 -0.438411 -6.93889e-05 2.40853 -0.156044 23.2724 43.0252 -8.547 5.18886 33.5188 -23.1358 8.85003 8.81674 -23.1322 14.1098 19.7416 -24.1433 2.66818 0.223126 -0.0714819 24.5349 -5.15484 -0.238058 10.2903 0.145653 -0.300257 1.40354 3.1793 -1.99223 -0.0413733 9.20018 13.5125 -13.7673 -0.565462 -1.87507 3.65988 -5.10758 -1.09494 5.49795 7.346 -9.84357 0.274712 -0.00394353 -2.48609 0.661565 0.200509 -5.50497 -0.0257788 0.00616788 -0.0180841 -0.000150699 4.45396 -0.351977 1.061 0.178468 -1.86869 1.48647 0.55504 -7.59479 0.0874816 -0.0856434 0.427196 1.67767 -12.1121 0.509158 2.06048 -0.151442 0.738077 0.101093 0.021742 -0.123796 3.7854 -4.03846 5.06875 14.9273 9.74009 -0.905179 -24.5516 17.5244 -11.3588 20.8688 10.443 -1.0999 -1.95375 -2.76859 -2.38976 6.31436 5.22104 0.928675 -9.61441 5.3438 -0.921107 1.14585 -1.88043 -1.06323 0.623192 1.3118 0.793783 1.8402 0.79998 -0.233028 0.868015 0.753844 0.512665 0.192155 1.33991 0.125967 -0.573741 3.31997 -6.8104 3.99984 -0.438959 -0.402292 -1.18066 -3.73685 -1.55525 -3.07119 -2.66105 -2.45235 -0.0771279 -0.651267 -2.30592 -1.80741 -1.65146 -0.642395 -1.11633 -2.85291 -0.330429 -2.42646 -4.42596 -1.03756 -0.806315 -3.33856 -2.25626 -1.87484 -1.67973 -1.36208 -1.46791 1.08384 -0.287751 -1.25212 -4.11661 -2.93729 59.1942 -16.6995 7.10982
 -0.000352354 -47.8604 4.98036 2.74119e-05 -3.53997 1.03198 -0.0553184 -0.0807645 0.64978 -1.44149 -0.183926 2.62099 1.52773e-05 -0.162509 0.000914793 1.33712e-05 -0.223352 0.00389666 3.23547e-06 -0.271166 0.0392384 6.00365e-06 -0.214771 0.0138845 -2.00158 -3.69823 0.734675 -0.448866 -2.88057 1.98828 -0.761017 -0.758445 1.9899 -1.214 -1.69715 2.07562 -0.240875 -0.0281719 0.00654064 -2.11303 0.435048 0.0205402 -0.893899 -0.0302291 0.0279707 -0.125575 -0.282756 0.17711 -0.000146986 -0.790286 -1.16001 1.18211 0.0468248 0.160011 -0.316062 0.441225 0.0883888 -0.472597 -0.632265 0.847157 -0.0235422 0.000334645 0.213732 -0.0569822 -0.017239 0.473356 0.00230243 -0.000549991 0.0016953 1.34239e-05 -0.397577 0.03131 -0.094627 -0.0158801 0.166468 -0.127006 -0.04775 0.653386 -0.00837896 0.00671231 -0.0335642 -0.137674 1.04626 -0.0439948 -0.177382 0.0130429 -0.0653625 -0.00867813 -0.00186421 0.0106248 -0.3256 0.347998 -0.434767 -1.28241 -0.838891 0.0816481 2.11043 -1.50915 0.976453 -1.79084 -0.895518 0.0944785 0.168143 0.237473 0.204589 -0.543193 -0.449016 -0.079586 0.826238 -0.460157 0.0797726 -0.0985064 0.161651 0.091314 -0.0538917 -0.113248 -0.0684054 -0.157713 -0.0689444 0.0199026 -0.0749497 -0.0649597 -0.0441981 -0.016651 -0.115298 -0.0109214 0.0493629 -0.286032 0.5855 -0.343996 0.0376804 0.03457 0.101467 0.321071 0.133469 0.263868 0.228311 0.210377 0.0063782 0.0560171 0.19853 0.155217 0.141812 0.0552274 0.0959361 0.245231 0.0283834 0.208345 0.380201 0.0890844 0.0692168 0.287053 0.194093 0.161177 0.144293 0.117009 0.126091 -0.0931952 0.0247406 0.107512 0.353474 0.252204 -5.08247 1.43352 -0.610501
 2.83163e-09 -0.000319647 2.74119e-05 1000 0.00262522 -0.000769069 -4.55883e-06 -5.69333e-06 4.63704e-05 -0.000115448 -1.38041e-05 0.00019761 2.36048e-10 -2.89573e-06 9.8417e-08 6.873e-10 -1.24889e-05 2.88908e-07 -1.25794e-10 -2.56419e-06 4.20564e-07 -1.18728e-10 2.99706e-08 2.88822e-08 -0.000136021 -0.000339603 6.67106e-05 -5.33786e-05 -0.00032144 0.000221849 -4.1115e-06 -5.1257e-05 0.000131108 2.77598e-05 -0.000202055 0.000236657 3.96401e-06 8.82243e-06 4.57093e-08 -0.000206343 5.79391e-05 2.18513e-06 -3.31541e-05 4.10687e-06 1.22384e-06 1.43123e-06 -1.1392e-05 7.08035e-06 2.53572e-05 -4.10202e-05 -2.61062e-05 3.30475e-05 -3.02398e-05 -8.95211e-06 5.9442e-05 -8.38689e-05 9.2915e-06 -5.24366e-05 -3.25848e-05 5.66715e-05 2.85733e-06 -4.04321e-07 3.89597e-05 -4.24481e-06 -1.47866e-06 4.67513e-05 5.51284e-06 -1.26406e-06 -1.17465e-06 4.35909e-10 -1.48256e-05 1.29092e-06 -5.33057e-06 -9.06618e-07 9.29957e-06 -1.61696e-05 -6.2952e-06 8.6057e-05 -8.60415e-07 2.96813e-07 -1.76627e-06 7.2754e-06 -5.79962e-05 2.45938e-06 3.19891e-06 -1.91899e-07 -1.42749e-05 -1.03628e-06 -3.79909e-07 1.42674e-06 -5.09531e-05 4.54212e-06 -3.57419e-05 -9.58769e-05 -5.83862e-05 -4.35427e-05 3.0538e-05 1.69561e-05 -2.68352e-05 -8.95866e-05 -2.79837e-05 9.39509e-06 -2.13496e-05 5.41692e-05 -1.30695e-06 6.98364e-05 -4.12187e-05 7.54265e-06 -6.67035e-06 -2.84616e-05 5.20985e-06 1.2637e-05 3.74383e-05 1.23307e-05 1.98853e-05 -3.45482e-05 7.57738e-07 -1.02241e-06 -1.18949e-06 -6.39316e-06 1.61839e-05 5.86724e-05 4.45968e-05 -2.49658e-05 -0.000132992 -0.000203658 -5.59885e-05 0.000155363 -9.25694e-06 0.000164041 -3.12474e-05 1.49165e-05 3.99591e-05 3.49721e-05 2.91466e-05 1.95855e-06 3.75195e-05 7.99497e-06 4.07913e-05 -5.94171e-05 -9.2979e-05 9.66098e-07 -3.36496e-05 6.53833e-05 6.12411e-05 9.45061e-06 -8.94944e-06 2.18813e-05 3.16235e-05 7.77192e-05 2.90255e-05 -8.11552e-05 5.10231e-05 -4.34339e-06 1.09179e-05 1.12303e-05 1.17524e-05 -1.0989e-05 3.6564e-06 7.31082e-06 2.13078e-05 -1.90941e-05 -0.00037716 0.000140355 -4.13798e-05
 -0.000395437 41.1922 -3.53997 0.00262522 615.792 -178.526 0.401229 0.566466 -4.50229 14.4194 1.86971 -26.6211 -4.25988e-06 0.0322964 -0.00827909 -7.69283e-05 1.16459 -0.0255466 -1.4186e-06 0.424947 -0.068182 -6.74189e-07 0.0751855 -0.0111291 18.2609 33.3114 -6.62243 4.50739 26.7171 -18.4448 10.0723 7.5879 -20.0495 13.5468 16.5127 -20.2974 -1.1204 -1.04617 0.00999027 15.8909 -4.78592 -0.150607 7.85518 -2.94634 0.10439 0.180492 0.884643 -0.563112 -2.0663 6.19179 1.99298 -3.46446 0.519959 -2.19953 2.17235 -2.95727 -1.86111 4.52244 6.21824 -8.23772 0.153483 0.00541883 -2.85198 -4.23898 0.57345 -12.7031 -0.818342 0.177481 0.170244 -4.0774e-05 1.19971 -0.113747 0.495062 0.0876182 -0.891988 1.47441 0.573827 -7.85795 0.106953 -0.00527268 0.043247 0.933595 -10.6533 0.453726 2.63532 -0.191499 0.754179 0.067649 0.0178247 -0.0861335 3.04173 -1.85016 1.67441 4.69196 3.70484 4.46772 3.09972 -2.4322 -1.5596 10.6853 3.5768 -3.19203 -0.153711 0.591179 -1.75388 4.42788 0.103158 -0.606512 -1.17367 2.60281 0.0141596 -0.674502 -1.78469 -2.13664 1.31444 1.82383 0.2057 0.334848 2.58757 -0.881004 -1.97448 -0.238289 0.317892 4.67254 3.75357 -1.97272 -1.55611 3.28544 -7.96503 3.75469 0.558573 -0.467375 -1.43719 -2.28928 -1.2781 -1.30995 -1.30358 -2.41994 0.285501 0.272866 -0.741908 -1.40135 -1.94346 -0.162461 -0.640653 -1.06678 0.0123214 -2.07884 -4.69687 -0.865031 0.745344 -3.53437 -1.53691 -1.79758 -1.40387 -1.13365 -1.19232 0.785273 -0.22612 -1.1989 -3.87599 -2.7414 57.413 -17.7246 6.67891
 0.000115309 -12.0085 1.03198 -0.000769069 -178.526 53.0378 -0.118698 -0.167205 1.3295 -4.20083 -0.545171 7.76217 2.01731e-06 -0.0183741 0.00241739 2.28964e-05 -0.349128 0.00757527 4.09819e-07 -0.131393 0.0209325 1.99583e-07 -0.0278691 0.00360718 -5.32417 -9.71171 1.93073 -1.31731 -7.78868 5.37711 -2.93623 -2.21265 5.84642 -3.94989 -4.81401 5.91741 0.317372 0.298021 -0.0026032 -4.63573 1.38921 0.0439643 -2.29775 0.843377 -0.0285443 -0.0566531 -0.265963 0.169149 0.602318 -1.80506 -0.581289 1.01021 -0.153683 0.640512 -0.634389 0.863741 0.53744 -1.3182 -1.81358 2.40239 -0.0447316 -0.00157975 0.831326 1.23568 -0.16716 3.70294 0.239298 -0.0518964 -0.049777 1.2312e-05 -0.362887 0.0341022 -0.14764 -0.0260613 0.265648 -0.4292 -0.167312 2.29117 -0.0321146 0.000857745 -0.00930466 -0.265166 3.10844 -0.132404 -0.768379 0.0558388 -0.221209 -0.0197154 -0.00519399 0.0251017 -0.88671 0.53989 -0.488098 -1.36756 -1.08023 -1.30291 -0.902965 0.70852 0.455007 -3.11541 -1.04205 0.930664 0.0450605 -0.172508 0.511011 -1.29097 -0.0302906 0.17661 0.342102 -0.758479 -0.00430805 0.1966 0.520114 0.622685 -0.383324 -0.531664 -0.0600668 -0.097409 -0.754091 0.256602 0.575248 0.069168 -0.0928757 -1.36175 -1.09366 0.575485 0.453705 -0.958002 2.32154 -1.09477 -0.162665 0.136294 0.418923 0.667366 0.372511 0.381903 0.37985 0.705206 -0.0833507 -0.0793101 0.216762 0.408618 0.566615 0.0472575 0.186691 0.311078 -0.00337218 0.606003 1.36897 0.252053 -0.217218 1.03047 0.448097 0.524024 0.409225 0.33048 0.347573 -0.228941 0.0659166 0.349444 1.12975 0.7991 -16.7339 5.16569 -1.94673
 -5.76863e-06 0.622975 -0.0553184 -4.55883e-06 0.401229 -0.118698 999.957 -0.0790155 0.431799 0.184556 0.0172945 -0.230492 1.01018e-05 -0.10774 -0.000214825 7.35571e-06 -0.124408 0.00132915 1.52919e-06 -0.198672 0.0274174 3.48908e-06 -0.158449 0.00921865 0.118995 0.320489 -0.064244 0.0203225 0.524457 -0.363026 0.690298 -0.139386 0.321654 0.525487 0.102336 -0.152755 -0.0578711 -0.0479146 0.00146797 -0.47011 0.078607 0.00341579 -0.0516101 -0.157259 0.017428 -0.0654629 -0.121809 0.0741187 0.0666707 -0.126275 -0.129139 0.141978 0.000588792 -0.805025 0.256939 -0.30598 -0.0954264 -0.166051 0.160978 -0.0789321 0.0394966 -0.00308017 0.121594 0.00197694 -0.00461619 0.122313 0.00254467 -0.0005318 -0.000978805 7.93639e-06 -0.247297 0.0162907 -0.0668079 -0.0107434 0.120885 -0.0693959 -0.0245016 0.347306 0.000475794 -0.00629593 0.0302019 0.0358961 -0.28776 0.0136544 -0.0831173 0.00537021 0.018245 0.00150546 0.000123474 -0.00164219 -0.0906806 0.077362 -0.0708387 -0.275608 -0.193602 -0.0437301 0.154591 0.815378 -0.743218 0.0984354 0.0693463 0.00677729 0.299274 -0.141484 0.048404 0.120488 0.141096 -0.112435 -0.0213249 0.0125585 0.016715 -0.00425273 0.00244385 0.0072055 -0.0163791 -0.0105956 0.107999 -0.19226 0.0628386 0.032208 -0.0406989 0.00536718 -0.00830182 0.00230414 -0.00648998 -0.0307658 0.00703253 0.0501454 0.217658 -0.118415 0.0245478 -0.00730726 -0.011187 -0.483616 0.194255 -0.246676 0.0680888 0.151672 -0.305729 -0.0598137 -0.110414 0.190189 -0.133025 0.104998 0.0922649 0.0465942 0.125671 -0.180634 0.146514 -0.143342 0.133173 0.257625 0.0770021 -0.074013 -0.071519 -0.00898973 -0.0110699 -0.0340452 0.00616889 -0.106308 -0.406346 -0.447396 4.21853 -0.00644638 0.676892
 -6.38925e-06 0.916084 -0.0807645 -5.69333e-06 0.566466 -0.167205 -0.0790155 15.5044 -119.284 0.244095 0.0189958 -0.251219 1.27997e-05 -0.133749 -0.000274724 9.49559e-06 -0.151371 0.00162177 3.08924e-06 -0.198022 0.0272966 5.73403e-06 -0.210311 0.0124647 -0.0075144 0.94434 -0.180805 0.0478022 0.769897 -0.532289 0.710668 -0.240718 0.581533 0.347604 0.48633 -0.595046 -0.0367158 -0.0657319 0.00131805 -0.492086 0.0788375 0.0029736 -0.185568 -0.123499 0.0149583 -0.0760783 -0.156146 0.0945817 0.0916657 -0.164165 -0.286948 0.281081 0.130915 -1.09164 0.00865206 0.0697635 -0.10999 -0.242471 0.156322 -0.0382337 0.0178395 -0.00173873 0.13586 0.122931 -0.000883194 -0.0324814 0.00738139 -0.00153943 -0.00241523 1.07819e-05 -0.320939 0.0213852 -0.0832301 -0.0133591 0.150646 -0.0977868 -0.0336912 0.470894 -0.0126335 -0.0136955 0.0655944 0.0316257 0.252537 -0.00852475 -0.0686084 0.00415359 0.00795539 0.00317622 0.00174309 -0.0049548 -0.116352 -0.03188 -0.0796773 -0.148966 -0.0591302 0.0126064 0.97875 -0.00495471 -0.908403 0.256008 0.179583 0.714989 0.294879 -0.236327 -0.542979 -0.230764 0.371722 -0.089368 0.0561839 -0.0177878 -0.039174 -0.0597985 -0.0641546 -0.0149136 -0.0645498 -0.176408 0.437785 -0.238441 0.0236107 -0.0237765 0.0917483 -0.0235887 0.0098949 0.00151237 0.0376378 -0.0250265 -0.171753 -0.010011 0.0857789 -0.151688 0.131098 0.0714954 0.043957 -0.325804 0.0402593 -0.123313 -0.00329146 -0.119552 -0.315962 0.155063 0.166686 0.211397 -0.0370451 0.0944329 -0.0442663 -0.155097 -0.0874017 0.0467951 -0.0072422 0.193836 0.422263 0.00109052 -0.193792 -0.0944076 -0.0545383 -0.0192723 -0.0209147 -0.0508726 0.00762114 -0.141229 -0.536217 -0.405259 5.5299 0.247388 0.92945
 5.09391e-05 -7.36622 0.64978 4.63704e-05 -4.50229 1.3295 0.431799 -119.284 980.355 -1.97239 -0.147562 1.94335 -0.000107041 1.12014 0.0022215 -7.89333e-05 1.26631 -0.0136558 -2.51242e-05 1.65494 -0.22824 -4.72962e-05 1.74492 -0.103472 0.0891655 -7.6441 1.46329 -0.371366 -6.21851 4.29944 -5.82943 2.01393 -4.87126 -2.82588 -3.91816 4.79558 0.308864 0.570897 -0.0120998 4.05966 -0.634473 -0.0247353 1.55062 1.0662 -0.129371 0.646928 1.31531 -0.797481 -0.772453 1.35088 2.34831 -2.302 -1.05072 8.91174 -0.0644372 -0.578499 0.89022 1.98631 -1.27027 0.303333 -0.145691 0.0142249 -1.11494 -1.0065 0.00781323 0.250744 -0.0623298 0.0130109 0.0202708 -9.04393e-05 2.68518 -0.17928 0.701987 0.113029 -1.27265 0.805748 0.277059 -3.87227 0.102955 0.111286 -0.532948 -0.300345 -2.07967 0.0704761 0.565491 -0.0343303 -0.0503125 -0.0258721 -0.0142127 0.040374 0.952825 0.252495 0.649094 1.22307 0.497506 -0.100183 -7.98776 0.0283399 7.40032 -2.02786 -1.43131 -5.84891 -2.4093 1.92833 4.42848 1.88465 -3.03043 0.732173 -0.462661 0.145861 0.319652 0.487789 0.521249 0.119874 0.527473 1.44033 -3.5727 1.94486 -0.19266 0.192994 -0.749174 0.192229 -0.0809205 -0.0118414 -0.30623 0.203182 1.39976 0.0831768 -0.707734 1.24026 -1.07192 -0.585647 -0.361212 2.65837 -0.332569 1.00523 0.0247732 0.974497 2.58229 -1.26665 -1.36557 -1.73166 0.30095 -0.772777 0.358907 1.26277 0.710746 -0.383498 0.0541524 -1.5836 -3.44954 -0.0137223 1.57858 0.769125 0.443636 0.155213 0.168644 0.416659 -0.0625083 1.15234 4.37617 3.30931 -45.1057 -2.04584 -7.58532
 -0.000166799 16.8004 -1.44149 -0.000115448 14.4194 -4.20083 0.184556 0.244095 -1.97239 906.475 -11.1776 152.495 3.75328e-05 -0.503953 -0.00184302 1.7553e-05 -0.380615 0.00324538 1.0111e-06 -0.353387 0.0481458 -1.93044e-06 -0.570701 0.0345539 5.98561 7.61228 -1.54007 1.23714 6.58149 -4.54293 2.3164 3.28821 -8.59087 5.90125 3.64416 -4.65492 -0.628962 -0.0251726 -0.00461357 4.7717 -1.63043 -0.0428271 2.16993 -1.47041 0.10541 0.255046 0.494777 -0.31126 0.993704 3.6901 -3.76477 1.88485 -0.424983 -3.37867 2.83428 -3.78504 -0.457018 4.13797 0.0978192 -2.01424 0.100828 0.0232545 -4.61282 3.88214 0.214113 -7.416 -0.173064 0.0373768 -0.00357097 -3.1803e-05 0.589854 -0.0532033 0.242 0.0541164 -0.561374 1.56662 0.504631 -6.81127 -0.292459 -0.37718 1.84603 1.29216 -8.78182 0.375696 0.474767 -0.0346185 1.01092 0.00228472 -0.0105944 0.00834379 0.194098 -3.04699 -1.99034 -0.0324077 5.90379 7.035 -11.4482 -0.755047 -1.63933 24.8538 9.27681 -12.4469 3.02693 -1.65494 -2.74667 3.97748 8.18449 13.5026 -16.5923 1.60924 2.28642 1.02585 -0.575422 -1.004 -0.569571 2.79101 -4.94623 0.361394 3.1423 -3.44866 1.3099 0.0130359 -1.58731 0.173321 -0.538883 1.45811 -5.14555 9.60193 -11.0437 7.79007 -2.39493 -0.801549 0.868989 -4.74747 -0.0242653 -3.16565 -1.8234 0.912845 -0.184307 -0.444831 -0.726227 -1.4181 -1.34031 1.01652 -0.56293 -2.76361 -0.125722 0.600117 -1.39173 -0.159382 -2.52894 0.626568 1.4733 -1.84508 -2.97162 -1.20132 -1.1632 0.349819 -0.0446506 -0.374918 -0.59025 6.51446 24.585 -18.085 1.26604
 -1.9418e-05 2.13953 -0.183926 -1.38041e-05 1.86971 -0.545171 0.0172945 0.0189958 -0.147562 -11.1776 4.53407 -51.789 5.35344e-06 -0.0672277 -0.00027806 2.81426e-06 -0.0548936 0.000375323 7.94502e-07 -0.0700631 0.0094099 6.38656e-07 -0.100507 0.00589005 0.609553 1.53138 -0.300759 0.208751 1.26469 -0.873154 0.261995 0.330332 -0.861753 0.407766 0.846382 -1.02329 -0.0646683 -0.0246332 -0.000332451 0.398882 -0.164298 -0.00388518 0.0973016 -0.145477 0.011657 -0.00247886 0.0309737 -0.0198217 -0.159479 0.241742 0.163273 -0.202012 0.0137442 -0.348456 0.0310857 -0.0191687 -0.125212 0.092892 0.229406 -0.26708 0.0240102 -0.00139769 -0.0661493 0.118136 0.0131484 -0.402364 -0.010378 0.00230693 -0.000540806 -2.69445e-06 0.0527153 -0.00518038 0.0113284 0.00353086 -0.0341408 0.167415 0.0503921 -0.698814 -0.00781181 -0.0151667 0.073644 0.0347435 0.0466279 -0.00167634 0.0818704 -0.00655599 0.0774385 0.00365487 0.0012773 -0.00496939 0.0311938 -0.668999 -0.0757921 0.780466 1.23554 1.11266 -1.21021 -0.0952588 -0.527482 1.66164 0.656225 -0.508881 0.636478 -0.00749955 -0.761764 -0.347071 0.270565 0.874703 -0.463824 0.0256168 -0.0352498 -0.0177254 -0.103456 -0.119256 -0.0862456 0.194129 -0.257535 -0.0848339 0.202857 -0.14901 0.00984874 -0.0235495 -0.10189 0.0259836 0.107993 0.00363674 -0.252708 0.588256 -0.586475 0.150353 -0.0269138 -0.0904338 0.035839 -0.435372 0.0241764 -0.163495 -0.10954 -0.0720291 -0.146195 0.035042 -0.0740155 -0.11868 -0.0986749 0.00732028 -0.00216042 -0.162695 0.00699882 -0.0444425 -0.18929 -0.0182334 0.0340426 -0.0490196 -0.0824811 -0.0895231 -0.106824 -0.0706234 -0.0760465 0.0164633 -0.00516113 -0.0824816 -0.284555 -0.175373 3.67965 -0.680587 0.493954
 0.000276228 -30.4889 2.62099 0.00019761 -26.6211 7.76217 -0.230492 -0.251219 1.94335 152.495 -51.789 740.58 -7.99489e-05 1.00078 0.00393897 -4.23973e-05 0.835132 -0.00606642 -1.13132e-05 1.06898 -0.144042 -9.0741e-06 1.4805 -0.0869039 -8.70501 -21.7277 4.26821 -2.96156 -17.9314 12.3801 -3.80441 -4.67196 12.1936 -5.86936 -11.9707 14.4789 0.955107 0.418912 0.00203023 -5.70417 2.39648 0.0552296 -1.36173 2.20273 -0.181162 0.0770555 -0.382581 0.245503 2.26947 -3.50199 -2.2019 2.79542 -0.136711 5.00148 -0.498137 0.349107 1.77502 -1.39233 -3.23087 3.80018 -0.336666 0.0190289 1.04253 -1.72222 -0.19143 5.85797 0.140027 -0.0311812 0.00972947 3.6213e-05 -0.685544 0.0691291 -0.134384 -0.0459216 0.43911 -2.44891 -0.732341 10.1545 0.100936 0.210161 -1.02081 -0.48195 -0.482301 0.0162489 -1.15631 0.0924354 -1.05218 -0.0516026 -0.0178418 0.0699688 -0.4409 9.55132 1.04289 -11.1307 -17.412 -15.6926 17.2533 1.37256 7.55753 -24.2248 -9.41716 7.45854 -9.05163 0.136848 10.8162 4.83143 -3.97188 -12.6165 6.86828 -0.395563 0.456708 0.230674 1.47707 1.71135 1.22857 -2.7981 3.73684 1.19129 -2.92215 2.16968 -0.161898 0.334292 1.47044 -0.373658 -1.51406 -0.0753168 3.66623 -8.49067 8.49068 -2.26672 0.423394 1.29215 -0.52288 6.23663 -0.343508 2.36607 1.58195 1.00398 2.07221 -0.487194 1.05506 1.69846 1.41781 -0.120394 0.0408757 2.34722 -0.0965455 0.6161 2.69883 0.260582 -0.437122 0.680859 1.1392 1.29829 1.56194 1.02036 1.09663 -0.238601 0.0735803 1.17154 4.02712 2.34513 -52.4233 9.96777 -6.99661
 1.22319e-09 -0.000167018 1.52773e-05 2.36048e-10 -4.25988e-06 2.01731e-06 1.01018e-05 1.27997e-05 -0.000107041 3.75328e-05 5.35344e-06 -7.99489e-05 1000 5.23392e-05 -5.82287e-06 -2.53249e-09 5.00765e-05 -2.31456e-07 -2.95694e-10 4.9307e-05 -6.61205e-06 -1.01759e-09 5.52361e-05 -3.00107e-06 -0.000194751 -0.000582529 0.000115282 -1.35761e-05 -0.000240565 0.000166563 -0.000142803 7.89257e-05 -0.00019483 -7.92913e-05 4.62281e-05 -4.94963e-05 9.85888e-05 1.85181e-05 -4.64778e-07 -0.000233332 8.97779e-05 3.539e-06 4.04272e-05 0.000108491 -1.17847e-05 2.92719e-05 5.1287e-05 -3.11996e-05 4.56585e-05 5.84905e-05 -0.000100104 6.21531e-05 -9.17309e-06 4.09396e-05 5.4811e-05 -8.14478e-05 6.85743e-05 -7.70368e-06 -5.00484e-05 5.12402e-05 -2.20099e-05 1.33176e-06 -1.16199e-05 -1.70239e-05 2.04678e-06 -4.65735e-05 -1.95227e-07 4.43555e-08 -4.97817e-07 -2.66642e-09 8.43796e-05 -5.13491e-06 1.78718e-05 2.61833e-06 -2.92938e-05 1.91222e-05 6.89765e-06 -0.00010143 4.15601e-06 3.02843e-06 -1.57279e-05 -4.39202e-05 0.000261696 -1.15332e-05 -1.83562e-05 1.39415e-06 -2.98426e-06 -6.7702e-07 7.54665e-08 6.06797e-07 -4.80438e-05 -0.000135604 -5.06575e-06 9.99681e-05 6.41527e-05 1.94987e-05 -5.20301e-05 3.13357e-05 -0.000129028 4.56326e-05 2.81413e-05 0.000312445 0.000104677 -0.000239028 -8.25542e-05 9.06328e-05 0.00011463 6.41897e-05 3.27218e-05 6.99963e-06 -9.59416e-05 -1.71822e-06 6.26485e-05 -4.12032e-06 -5.54209e-05 -2.93945e-05 -6.24547e-05 5.36049e-05 3.24629e-05 2.3918e-05 9.10631e-06 -1.083e-05 -2.75185e-05 4.24166e-06 -1.69457e-05 -2.8725e-05 -3.66513e-05 -3.78226e-05 -2.5693e-05 -3.92433e-05 -8.50345e-06 1.24939e-05 2.60132e-05 3.39016e-05 2.13576e-05 2.75266e-05 1.98439e-05 -4.01179e-06 -4.65885e-05 -6.3954e-05 -2.43562e-05 1.33755e-05 2.43907e-05 -2.19813e-05 -3.64818e-05 -4.36328e-06 -1.62381e-05 6.85204e-06 -2.24323e-05 -1.54844e-05 2.39478e-05 4.66858e-05 2.88931e-05 -2.52133e-05 -1.04365e-05 -1.25208e-05 -9.33065e-06 -2.28837e-06 3.08168e-06 2.37684e-05 7.84692e-05 7.91509e-05 -0.00113158 0.000343352 -0.000131922
 -1.46839e-05 1.76761 -0.162509 -2.89573e-06 0.0322964 -0.0183741 -0.10774 -0.133749 1.12014 -0.503953 -0.0672277 1.00078 5.23392e-05 999.4 -0.457706 2.52331e-05 -0.551736 0.00269099 6.27172e-07 -0.496457 0.0662247 7.28676e-06 -0.562369 0.0300066 2.83401 6.7991 -1.35633 0.139982 2.67184 -1.85065 1.81579 -0.879407 2.15869 1.40191 -0.175152 0.11828 -1.40244 -0.221502 0.00673943 2.28759 -1.0003 -0.0378357 -0.303213 -1.55412 0.164512 -0.346648 -0.605076 0.368525 -0.549474 -0.257573 1.16436 -0.854439 -0.0634986 -0.452572 -0.284037 0.440709 -0.877926 0.355072 0.604072 -0.738923 0.206244 -0.0116329 0.0471884 0.253195 -0.020678 0.437732 -0.00519792 0.00112162 0.00785567 2.70918e-05 -0.890428 0.0532827 -0.181371 -0.0256262 0.288083 -0.240737 -0.0834938 1.22535 -0.0307071 -0.0233496 0.125335 0.68915 -4.43037 0.19591 0.207012 -0.0158483 -0.000683332 0.00749456 -0.000607386 -0.00694665 0.814528 1.4661 0.0370174 -1.1788 -0.655023 -0.0851271 0.754237 -0.207129 1.34708 -0.514934 -0.287858 -3.11643 -1.55306 2.27083 1.55021 -0.92341 -1.28381 -0.917321 -0.0821876 0.0615885 0.981773 0.0258787 -0.754431 -0.206422 0.843618 0.467203 0.847826 -0.535659 -0.322961 -0.104877 -0.00714016 0.163875 0.338666 0.0420113 0.235841 0.352833 0.442091 0.383135 0.32965 0.398343 0.0976489 -0.161304 -0.341308 -0.408524 -0.176939 -0.273966 -0.283106 -0.0905241 0.319043 0.466133 0.156017 -0.0637834 -0.121349 0.225318 0.338588 -0.0446757 0.121499 -0.140247 0.192996 0.116982 -0.295039 -0.706249 -0.591281 0.092471 0.0326539 0.0735568 0.0477894 0.0987032 -0.0530854 -0.232375 -0.765082 -0.807969 11.1569 -3.50618 1.28261
 1.32057e-07 -0.0105918 0.000914793 9.8417e-08 -0.00827909 0.00241739 -0.000214825 -0.000274724 0.0022215 -0.00184302 -0.00027806 0.00393897 -5.82287e-06 -0.457706 0.814596 2.40313e-07 -0.00405717 5.98325e-05 3.07581e-08 -0.0028948 0.000411586 7.64582e-08 -0.00353252 0.000220556 -0.00746072 -0.0145722 0.00289586 -0.00161416 -0.00959223 0.00662425 -0.00291237 -0.00155637 0.00415865 -0.0040431 -0.00375367 0.00467339 -0.00231549 -0.00146589 8.36564e-05 -0.010725 0.00108926 0.000113188 -0.00380033 -0.00164168 0.000283286 -0.000864895 -0.00221687 0.00137169 -7.29676e-05 -0.000892589 -0.00249088 0.0022949 -0.000203482 -6.98355e-05 -0.00107691 0.00154949 -0.000188535 -0.00132788 -0.00172698 0.00234865 -0.000172299 6.54728e-06 0.000678766 -0.000172416 -2.65481e-05 0.00075723 3.47858e-05 -7.55715e-06 -6.4468e-06 1.48142e-07 -0.0044281 0.000331362 -0.000588212 -9.06534e-05 0.000967007 -0.000243968 -0.000141767 0.00190858 -0.000179081 -0.00025812 0.00123067 -0.00102002 0.0107088 -0.00044428 -0.000458197 3.40672e-05 -0.000218262 -1.09276e-05 7.80298e-07 1.0235e-05 -0.00139699 0.000606039 -0.0003311 -0.000870626 -0.000308192 0.000109449 0.000187014 -0.00017615 -0.00110545 -0.00127473 0.000422199 0.0040038 0.00185389 -0.00255573 -0.00208997 0.000457791 0.00101014 0.000885422 0.000216851 -0.000478063 -0.00114367 0.000149941 0.0013106 0.000529484 -0.00133561 -0.0010674 -0.0010294 0.000865799 0.000384175 -0.000114367 -0.00020504 -0.000355671 -0.000475678 -0.000184376 -0.000448176 -0.000462406 -0.000425524 -0.000460963 -2.55737e-05 -0.000691708 -5.04191e-05 0.000310333 0.000594951 0.000716015 0.000307693 0.000478191 0.000402739 4.02753e-05 -0.000479942 -0.000381691 0.000272037 0.000341923 0.000237693 -0.000174344 -0.000251899 0.000267814 3.14632e-05 0.000370719 0.000105199 9.84909e-05 0.000432941 0.000996628 0.000945788 0.000124342 0.000130154 5.68294e-05 9.94049e-05 -0.000261277 9.33594e-05 0.000296207 0.000923569 0.000696469 -0.014841 0.0055775 -0.00157384
 8.10465e-10 -0.000149917 1.33712e-05 6.873e-10 -7.69283e-05 2.28964e-05 7.35571e-06 9.49559e-06 -7.89333e-05 1.7553e-05 2.81426e-06 -4.23973e-05 -2.53249e-09 2.52331e-05 2.40313e-07 1000 3.48022e-05 -5.70669e-06 -8.02856e-10 4.08766e-05 -5.50763e-06 -1.37237e-09 4.15906e-05 -2.30428e-06 -2.6406e-05 -8.25497e-05 1.64019e-05 -1.37868e-05 -0.000159791 0.000110519 -6.993e-05 4.11317e-05 -0.000102144 1.19797e-05 -9.59356e-06 1.0572e-05 -7.57428e-06 9.76527e-06 -1.39133e-07 -9.40428e-05 2.72394e-05 1.25126e-06 -2.00386e-05 2.61741e-05 -1.8237e-06 1.34202e-05 2.668e-05 -1.59772e-05 3.81052e-05 1.85676e-05 -0.000118364 8.9226e-05 -2.69463e-05 6.60221e-05 4.64252e-05 -7.14767e-05 3.10153e-05 1.19986e-05 -5.47288e-05 4.78724e-05 -8.15013e-06 5.01628e-07 -5.53666e-06 -3.43547e-06 6.92574e-07 -1.79297e-05 -2.58096e-06 5.41958e-07 4.55606e-07 -2.04642e-09 5.86619e-05 -3.68007e-06 1.34876e-05 2.20358e-06 -2.43898e-05 5.12093e-06 2.70373e-06 -4.1857e-05 4.13432e-06 5.3513e-06 -2.68479e-05 2.60363e-05 -0.000270134 1.18751e-05 -1.10105e-06 1.43264e-07 -7.49444e-06 -8.74664e-07 3.37546e-09 8.78374e-07 -4.04274e-05 -0.00012233 2.33407e-05 0.000143317 0.000117914 7.79301e-05 1.45325e-05 -2.81393e-05 -0.000189703 -2.16258e-05 1.33827e-05 0.000467308 -0.000105334 -3.38828e-05 -0.000131353 6.04662e-05 0.000175441 -3.02432e-05 5.34057e-05 -3.20803e-05 -5.90247e-05 -3.094e-05 -9.18548e-06 1.88763e-05 -9.45824e-06 3.96888e-05 -2.88106e-05 4.96067e-06 -3.69393e-05 -8.23295e-06 5.42887e-06 4.72083e-08 -9.41121e-06 -9.82261e-06 -2.73692e-05 -2.04051e-05 -2.72316e-05 -3.66933e-05 -3.74081e-05 -9.98681e-06 -2.29309e-05 4.35233e-07 8.1955e-06 1.27348e-05 1.40635e-05 -9.6537e-06 -5.81437e-06 -1.65188e-05 -1.90964e-05 -4.00779e-05 -4.29553e-05 -8.28948e-06 9.1865e-06 -8.34212e-06 -4.73218e-06 -2.57065e-06 -1.47522e-05 5.44933e-05 -6.24096e-07 -1.85256e-05 1.27759e-05 2.9806e-06 3.25403e-06 -9.16083e-06 -1.68509e-06 -6.47754e-06 -5.82146e-06 6.55379e-06 2.54459e-06 2.06103e-05 7.3002e-05 6.03175e-05 -0.000909794 0.000167008 -0.000122054
 -1.83681e-05 2.48037 -0.223352 -1.24889e-05 1.16459 -0.349128 -0.124408 -0.151371 1.26631 -0.380615 -0.0548936 0.835132 5.00765e-05 -0.551736 -0.00405717 3.48022e-05 999.181 -13.3152 5.69525e-06 -0.6203 0.083507 1.27952e-05 -0.64738 0.0356223 2.35084 3.25544 -0.670487 0.173823 2.77831 -1.92399 2.1615 -0.759077 1.83142 1.75335 0.449486 -0.638707 -0.85081 -0.219252 0.00671631 1.06624 -0.576689 -0.0219793 0.548127 -1.46449 0.134813 -0.315817 -0.590379 0.35705 -0.54365 0.663594 1.44135 -1.36249 0.0115334 -0.685676 -0.118236 0.22225 -0.905922 0.586495 1.05599 -1.29579 0.0384931 0.000605669 -0.210103 0.331747 -0.00986091 0.130692 0.0180398 -0.00361681 0.000198819 3.13452e-05 -0.960046 0.0592923 -0.22063 -0.0334919 0.372758 -0.17737 -0.0695587 1.05066 -0.0731703 -0.0721503 0.366264 0.185232 -0.568988 0.0288121 0.0912464 -0.00828482 0.0402364 0.0159488 0.000491286 -0.0165759 1.23699 2.3613 -0.110638 -2.1097 -1.5572 -0.785884 0.263387 0.669529 2.5415 -0.0122893 -0.298998 -6.78177 -0.285818 2.26386 3.22067 -0.183815 -3.68054 -1.72285 1.71333 -0.0224556 1.04579 0.443871 0.0429932 -0.302367 -0.00115631 0.55748 0.461463 -0.0113261 0.365667 0.466112 0.0799928 0.128184 0.214064 0.253565 0.644261 0.496525 0.546356 0.507413 0.637882 0.329743 0.381835 0.0831015 -0.356806 -0.694667 -0.226262 0.0056403 -0.0453191 -0.0109558 0.118945 0.27614 0.349616 0.201528 0.0572377 -0.256076 0.0256217 0.131829 0.144195 -0.847223 -0.540858 0.163065 -0.346728 -0.678499 -0.755142 -0.433873 -0.218639 -0.0919154 -0.0588826 0.087616 -0.0806185 -0.293601 -1.018 -0.869455 13.2184 -2.81516 1.716
 3.95199e-07 -0.0437663 0.00389666 2.88908e-07 -0.0255466 0.00757527 0.00132915 0.00162177 -0.0136558 0.00324538 0.000375323 -0.00606642 -2.31456e-07 0.00269099 5.98325e-05 -5.70669e-06 -13.3152 1.00869 -4.70194e-08 0.00485587 -0.000630075 -1.00225e-07 0.00503885 -0.000252714 -0.0367027 -0.0521499 0.010687 -0.00435353 -0.0451971 0.0312836 -0.0308837 0.00803868 -0.0189564 -0.0268136 -0.0101744 0.0136558 0.00920899 0.00176016 -2.46674e-05 -0.0214237 0.00781445 0.000367629 -0.0117804 0.0164528 -0.00134646 0.0028089 0.00498322 -0.00296768 0.00715026 -0.0105205 -0.0214839 0.0205167 -0.000450589 0.00932156 0.000470483 -0.0013911 0.0111766 -0.00904446 -0.0159255 0.0197205 -0.000488818 -1.4349e-05 0.00371056 -0.00434115 7.89835e-05 -0.000428 -0.000124272 2.2773e-05 1.10489e-05 -2.38958e-07 0.00803896 -0.000440131 0.00214362 0.000329387 -0.00371149 0.00199786 0.000692706 -0.0107904 0.000532738 0.000513405 -0.00272651 -0.0028296 0.0119228 -0.000562578 -0.00156332 0.000137292 -0.00101973 -0.000228029 -7.38607e-06 0.000237359 -0.0177348 -0.0318544 -3.73602e-05 0.0281127 0.0222236 0.0116036 -0.00323768 -0.00985926 -0.0347208 -0.00320874 0.00404537 0.0957536 0.00415913 -0.0319736 -0.0453891 0.00208383 0.05147 0.0242422 -0.0241493 0.000112169 -0.0147486 -0.00610639 -0.000223278 0.00450743 -0.000200909 -0.0083438 -0.00649854 0.000314341 -0.00510293 -0.00667737 -0.00120159 -0.00189443 -0.00305993 -0.00368865 -0.00918673 -0.00697877 -0.00757984 -0.00716253 -0.00856026 -0.00484312 -0.00526486 -0.001022 0.00522271 0.0100556 0.00332429 0.000154973 0.000763942 0.000134844 -0.00178641 -0.00375456 -0.00444169 -0.00251259 -0.000653918 0.00367162 -0.000251639 -0.00163825 -0.00186246 0.0120325 0.00788354 -0.00206736 0.0049725 0.00977105 0.010879 0.00629262 0.00323457 0.00143903 0.000991174 -0.00136402 0.00115982 0.00416883 0.0143847 0.0120089 -0.188571 0.0415763 -0.0242743
 -2.47194e-10 -3.76051e-05 3.23547e-06 -1.25794e-10 -1.4186e-06 4.09819e-07 1.52919e-06 3.08924e-06 -2.51242e-05 1.0111e-06 7.94502e-07 -1.13132e-05 -2.95694e-10 6.27172e-07 3.07581e-08 -8.02856e-10 5.69525e-06 -4.70194e-08 1000 1.83111e-05 -4.18451e-06 -9.57471e-10 1.78642e-05 -1.11263e-06 8.7748e-05 -4.02761e-05 5.92145e-06 1.43634e-06 2.7032e-05 -1.87587e-05 4.14349e-05 1.67526e-05 -4.55939e-05 0.000121085 -7.27155e-05 7.83748e-05 -4.84662e-05 1.40652e-06 2.21537e-07 -2.09679e-05 -5.01119e-06 -7.62945e-09 1.75267e-05 -4.70269e-05 4.83946e-06 -6.08717e-07 8.0836e-07 -3.93491e-07 1.37505e-05 3.52704e-05 -4.55507e-05 2.5595e-05 -3.73689e-05 2.01919e-05 7.31565e-05 -0.000106012 -9.92789e-06 4.42805e-05 -1.97374e-06 -1.83495e-05 -5.3088e-06 4.63264e-07 -1.5968e-05 1.20405e-05 -2.17287e-07 -4.48989e-07 -1.60837e-06 3.4057e-07 4.70201e-07 -7.21531e-10 1.56096e-05 -1.13799e-06 4.37174e-06 9.1374e-07 -1.01306e-05 5.08295e-07 4.98293e-07 -6.54469e-06 3.74044e-06 3.5725e-06 -1.73391e-05 3.88201e-05 -0.000330923 1.43724e-05 1.73821e-06 -1.47813e-07 -7.07813e-06 -6.06575e-07 -6.92161e-08 6.81305e-07 1.94176e-05 -4.34675e-05 -2.07585e-05 -2.05788e-05 3.03835e-05 5.94962e-05 0.0001807 0.0002344 -0.000155791 -0.000104123 -4.02555e-05 -3.78191e-05 -3.13409e-05 9.02783e-05 2.62522e-05 -2.77131e-06 3.97808e-05 1.2702e-06 2.27607e-06 -7.96355e-06 1.99676e-05 -1.7187e-05 -1.47085e-05 -1.4554e-05 -1.00466e-05 7.04396e-06 1.55501e-05 -3.56398e-06 4.65411e-07 7.71597e-06 1.09764e-05 8.61802e-06 -5.12275e-06 -1.0486e-05 -2.60844e-06 -3.74979e-06 -2.36776e-06 -9.23973e-06 2.74074e-06 4.71466e-07 5.71409e-06 -3.13869e-06 -7.33972e-06 -4.09719e-06 -4.85092e-06 -1.75734e-05 -1.12217e-05 6.33128e-07 -1.1141e-05 -5.01363e-05 -4.09622e-05 2.64169e-05 1.66273e-05 -1.95455e-06 5.31952e-06 1.02297e-05 -1.15484e-05 1.42102e-05 -6.98806e-06 -7.60095e-06 -1.79025e-05 -2.96804e-05 -2.96009e-05 -8.86253e-06 -3.7178e-06 -4.62722e-06 -6.09533e-06 1.21492e-05 -1.43607e-06 6.86167e-06 2.19538e-05 1.09549e-05 -0.00033256 0.000112414 -3.72022e-05
 -4.54442e-05 3.02604 -0.271166 -2.56419e-06 0.424947 -0.131393 -0.198672 -0.198022 1.65494 -0.353387 -0.0700631 1.06898 4.9307e-05 -0.496457 -0.0028948 4.08766e-05 -0.6203 0.00485587 1.83111e-05 977.634 -137.325 3.01729e-05 -1.36021 0.0816832 -1.41388 4.61608 -0.85955 -0.0962805 0.476251 -0.331679 0.942145 -1.29716 3.2892 -0.38974 3.0508 -3.57833 0.342617 -0.188724 -0.000166459 -1.24516 0.303088 0.00615064 -1.25239 0.36517 -0.0241262 -0.269619 -0.478863 0.289071 -0.173697 -1.08115 1.23684 -0.662123 1.05748 -2.01038 -1.9128 2.8909 -0.270379 -1.45 0.596319 0.0895653 0.0545762 -0.0034003 0.179933 -0.94836 0.0263558 -0.131223 0.00928453 -0.00195372 -0.00624939 3.88523e-05 -1.19325 0.081095 -0.447082 -0.0760843 0.840403 -0.241836 -0.086327 1.22313 -0.17763 -0.117692 0.582901 -1.28506 3.24439 -0.120031 0.0254657 -0.00219315 0.239339 0.0343947 -0.00410666 -0.0305551 -0.277836 3.70694 1.53646 -0.284083 -3.47523 -3.01877 -27.0343 13.7445 0.213432 1.92519 0.514817 1.55975 -5.15764 2.13526 1.90683 -0.400759 0.686782 -1.13586 -0.840978 0.509553 1.44072 0.342882 0.386523 0.810995 0.964215 0.2755 -0.0828918 -0.288602 0.906713 -0.0911192 -0.127592 0.210652 0.848538 1.72697 -0.361141 0.0823728 0.554423 0.497854 0.677035 -0.543974 0.323629 0.137867 0.330881 -0.316667 0.249681 0.664323 0.825331 0.536293 0.393914 1.19101 0.707967 -0.383791 -0.30231 -0.715532 -0.106075 0.221977 0.292163 1.02576 -0.223182 0.598917 0.765312 -0.0736936 -0.0268226 -0.870734 -0.310326 -0.0627821 0.0948183 -0.473986 0.0333707 -0.46689 -1.53035 -1.08448 21.4136 -5.27672 2.67917
 6.52908e-06 -0.438411 0.0392384 4.20564e-07 -0.068182 0.0209325 0.0274174 0.0272966 -0.22824 0.0481458 0.0094099 -0.144042 -6.61205e-06 0.0662247 0.000411586 -5.50763e-06 0.083507 -0.000630075 -4.18451e-06 -137.325 20.31 -4.27712e-06 0.190083 -0.0114118 0.197294 -0.657443 0.122475 0.0126361 -0.0723216 0.0503343 -0.132538 0.180472 -0.457561 0.0534508 -0.435094 0.510456 -0.0485452 0.0244391 0.000108779 0.173061 -0.0429805 -0.000839193 0.174797 -0.0547789 0.00381376 0.0363802 0.0647529 -0.0390327 0.0245802 0.152384 -0.17509 0.0939378 -0.148927 0.284419 0.269828 -0.407863 0.0380271 0.204332 -0.0848881 -0.0117638 -0.00769594 0.000476691 -0.0247763 0.13475 -0.00379734 0.0201116 -0.0012167 0.00025616 0.000798783 -5.34133e-06 0.16521 -0.0112123 0.0620147 0.0105432 -0.116515 0.0336151 0.0120377 -0.170599 0.0238728 0.016053 -0.0795415 0.184254 -0.45442 0.016787 -0.00375709 0.000319687 -0.0334072 -0.00486451 0.000582458 0.00431981 0.0388445 -0.51974 -0.219552 0.0332393 0.490018 0.437946 3.83036 -1.95286 -0.0270272 -0.27319 -0.0755926 -0.219724 0.729544 -0.302479 -0.269748 0.0562929 -0.0977813 0.160258 0.119087 -0.0722631 -0.203969 -0.048458 -0.0544727 -0.114549 -0.136523 -0.039298 0.0115657 0.0408325 -0.128358 0.0127095 0.0179301 -0.0299511 -0.120079 -0.244289 0.0508514 -0.0116504 -0.0783836 -0.0705532 -0.0954615 0.0765921 -0.045826 -0.0194954 -0.0467443 0.0448884 -0.0352788 -0.0938066 -0.116638 -0.0759377 -0.055884 -0.168265 -0.0997142 0.0543046 0.0426421 0.101014 0.0149133 -0.0313656 -0.041284 -0.144969 0.0316722 -0.084631 -0.108181 0.0105215 0.0039041 0.123064 0.043834 0.00885619 -0.0134061 0.0668963 -0.00469274 0.0660546 0.216454 0.153299 -3.03045 0.748171 -0.37895
 1.9343e-12 -6.93889e-05 6.00365e-06 -1.18728e-10 -6.74189e-07 1.99583e-07 3.48908e-06 5.73403e-06 -4.72962e-05 -1.93044e-06 6.38656e-07 -9.0741e-06 -1.01759e-09 7.28676e-06 7.64582e-08 -1.37237e-09 1.27952e-05 -1.00225e-07 -9.57471e-10 3.01729e-05 -4.27712e-06 1000 3.36303e-05 -4.40561e-06 0.00014413 -0.00025743 4.61387e-05 1.21511e-06 1.06554e-05 -7.53671e-06 9.74993e-05 4.24808e-05 -0.00011379 0.000203143 -2.59822e-06 -9.36112e-06 -6.28272e-05 2.48066e-06 4.10292e-07 -5.92487e-05 1.73882e-06 3.49188e-07 7.11144e-05 -7.97268e-05 6.91873e-06 9.9134e-07 2.92596e-06 -1.60644e-06 5.48169e-06 9.13932e-05 -2.11544e-05 -1.14575e-05 -6.53642e-05 3.71886e-05 0.000143835 -0.000208332 -1.41381e-05 9.16973e-05 -1.65459e-06 -4.06128e-05 -8.34009e-06 8.39355e-07 -4.16477e-05 2.0454e-05 5.93565e-07 -2.47846e-05 -2.19939e-06 4.73049e-07 6.69877e-07 -1.26087e-09 3.11584e-05 -2.34608e-06 7.773e-06 1.47579e-06 -1.60528e-05 -2.21054e-06 3.66749e-07 -4.58625e-06 5.88583e-06 5.04848e-06 -2.47138e-05 4.75228e-05 -0.000352984 1.55891e-05 -2.30227e-06 1.13817e-07 -8.54172e-06 -7.67688e-07 -6.94309e-08 8.43897e-07 4.46516e-05 -1.16859e-05 2.65411e-05 7.0405e-05 7.27005e-05 6.61921e-05 7.20309e-05 6.67233e-05 -0.000108769 -9.3614e-05 -2.97123e-05 7.60887e-05 1.2634e-05 -5.84662e-06 6.18219e-05 -3.12272e-06 8.08552e-05 1.94369e-05 0.000113381 -3.57718e-05 4.23555e-06 7.56176e-06 -1.31756e-07 -3.89452e-06 2.04372e-05 7.63629e-05 9.1652e-06 -2.66708e-06 -3.2362e-05 3.35902e-05 1.59875e-05 1.59468e-05 5.36262e-06 8.41413e-06 9.41044e-06 6.88474e-06 -1.02901e-06 -1.65829e-05 8.42932e-06 -1.62978e-05 -1.20263e-05 -2.37864e-05 -3.5124e-05 -1.25367e-05 4.77849e-06 -5.14478e-06 -2.3988e-06 -8.34758e-06 -4.22621e-05 -0.000124136 -6.95133e-05 3.55093e-05 1.62526e-05 -1.12067e-05 -1.18974e-05 -8.2216e-06 -2.82117e-05 -1.32606e-05 -4.30882e-06 -3.52106e-05 -5.26389e-05 -5.75607e-05 -6.31864e-05 -2.35495e-05 -1.86527e-05 -1.81706e-05 -1.89887e-05 2.57311e-05 -3.11503e-06 1.36595e-05 4.59014e-05 2.47372e-05 -0.000614376 0.000133288 -7.95823e-05
 -1.52008e-05 2.40853 -0.214771 2.99706e-08 0.0751855 -0.0278691 -0.158449 -0.210311 1.74492 -0.570701 -0.100507 1.4805 5.52361e-05 -0.562369 -0.00353252 4.15906e-05 -0.64738 0.00503885 1.78642e-05 -1.36021 0.190083 3.36303e-05 995.071 -60.6366 -1.24502 10.3187 -1.94433 0.066834 1.53238 -1.05871 -1.5755 -1.67371 4.38362 -2.66288 1.45967 -1.56272 0.334926 -0.224577 -0.00239723 0.355134 -0.13502 -0.00887633 -2.58198 0.931734 -0.0494692 -0.251217 -0.462376 0.278181 -0.296458 -1.73792 0.827467 -0.124948 1.39321 -2.51462 -2.86301 4.2867 -0.157684 -2.21341 0.232467 0.80472 0.163576 -0.0145119 0.760593 -0.32136 -0.0239156 0.785681 0.0262787 -0.00561695 -0.00910204 4.06958e-05 -1.15454 0.0807703 -0.320705 -0.0547815 0.600588 -0.157916 -0.0743027 1.04749 -0.17467 -0.128833 0.639405 -0.563795 1.54665 -0.0622389 0.107327 -0.00698654 0.184402 0.0285843 -0.00108123 -0.0277368 -0.613507 1.47823 -0.425234 -2.54218 -2.42221 -1.58482 -4.8476 2.64232 1.54024 1.92298 0.592 -1.69137 -4.59473 2.34231 3.21355 -0.771846 -3.0657 -5.2709 1.73052 0.432883 -0.487099 -0.366747 -0.161612 0.244485 -0.456033 -1.23041 -0.559493 0.635552 1.05609 -0.382747 -0.406184 -0.23443 -0.0501453 -0.0544994 0.117005 0.0629678 0.229998 0.552595 0.10216 0.361918 0.516377 0.708842 0.966076 0.471615 0.0601139 0.236113 0.266946 0.282168 0.567625 2.02881 1.31262 -0.390837 -0.301442 0.0838202 0.299112 0.417271 0.529539 0.444246 0.206485 0.732654 1.77642 0.868307 0.499727 -0.314983 0.110896 0.249479 0.336218 -0.633312 0.0460962 -0.453871 -1.52013 -1.00889 20.4448 -4.47255 2.64087
