 1000 0.00110287 -0.000173451 -5.09671e-10 -9.28741e-05 7.10202e-05 -2.09727e-06 -2.59935e-07 4.79074e-06 -6.45671e-05 -2.95728e-06 5.82316e-05 7.68093e-10 -9.30949e-06 1.08162e-07 -2.15524e-09 -1.422e-06 1.25022e-07 -2.03569e-09 -1.46759e-05 5.41511e-06 -1.34037e-09 1.17962e-06 -2.04756e-07 2.43821e-05 -0.000214397 3.71219e-05 -4.08148e-05 -0.000160039 0.000136222 1.35087e-05 7.786e-07 -4.96685e-06 8.11233e-05 -7.88495e-05 0.000106229 -2.9373e-05 3.56073e-06 8.90862e-08 -5.68058e-05 1.14349e-05 3.28751e-07 2.5149e-05 -3.53278e-05 3.32092e-06 -1.67965e-06 -6.96775e-06 5.31785e-06 6.10084e-05 -3.52997e-05 -0.000116003 7.51473e-05 -4.28913e-05 7.23133e-05 7.5736e-05 -7.35484e-05 -2.90365e-06 2.51278e-05 -1.67516e-05 4.13924e-06 1.33543e-06 -1.48537e-07 2.43869e-05 1.04996e-05 -1.6332e-07 6.43935e-08 -1.44779e-06 2.35783e-07 1.14306e-07 -6.60675e-10 -6.99823e-06 2.5876e-06 1.82198e-06 5.63208e-08 -2.28971e-06 -8.41407e-06 -1.30381e-06 2.17088e-05 1.33766e-06 2.65324e-06 -1.01048e-05 7.47675e-06 -0.000200162 7.70274e-06 8.98151e-06 -5.76022e-07 -6.44757e-06 -4.78278e-07 -2.07479e-07 6.90048e-07 1.74754e-05 1.59e-05 -3.19079e-06 -4.82076e-05 -7.27386e-05 -2.33159e-06 -8.13342e-05 0.000331874 -0.000123597 -9.89307e-05 -3.8859e-05 2.04584e-05 -6.11389e-05 -1.35935e-05 7.49478e-05 9.11581e-05 4.93954e-05 -4.98187e-05 -0.000140779 0.000190598 -0.000124177 3.1406e-05 -1.39014e-05 -5.03064e-06 1.16993e-05 3.2268e-05 2.00542e-05 -1.91685e-06 4.9419e-05 -3.90707e-05 1.37999e-05 -7.34517e-06 -8.10509e-06 5.52338e-06 3.96382e-06 -6.87188e-06 -1.7909e-05 0.00014317 -0.000118246 7.61578e-05 -7.18896e-06 6.93199e-06 1.31478e-05 -1.02322e-05 1.20522e-05 -4.51423e-05 1.56337e-05 2.71882e-06 2.47701e-05 -7.23026e-06 -4.00453e-05 2.72983e-05 -2.54285e-06 -1.15639e-05 -9.10419e-07 -3.62195e-05 2.37369e-05 1.80702e-05 -3.93322e-06 2.09253e-05 8.77379e-07 -5.07144e-05 -1.26129e-05 -3.06444e-05 -5.00096e-06 -3.07931e-06 -1.54401e-06 9.19407e-06 -1.11104e-06 1.31128e-05 1.75242e-05 2.57208e-05 -0.000303844 -0.000122253 -4.57346e-05
 0.00110287 617.417 -95.88 0.000153805 31.4442 -24.0446 1.00416 0.236713 -5.08642 20.5928 1.28008 -25.5513 -0.000475035 3.09533 -0.0215319 -0.000451679 2.1852 -0.0871408 7.41024e-05 2.22112 -0.823553 4.82172e-05 1.68989 -0.391949 21.5299 35.7976 -6.44703 6.93208 25.9658 -22.1203 12.2534 2.33207 -10.2715 12.3195 15.5072 -22.3507 2.97568 -0.120432 -0.0441059 18.4842 -4.50648 -0.0872 7.61206 0.208236 -0.15876 1.92272 2.42907 -1.89176 -1.74935 9.25695 9.0395 -7.09737 -0.862666 -2.26422 3.41108 -3.02837 -1.15556 6.1903 6.26557 -5.72763 -0.360956 0.0249984 -1.75788 0.508488 0.125357 -2.96344 0.0811473 -0.0125879 0.00013228 -1.63818e-05 3.71543 -1.35811 1.17046 0.0351578 -1.12757 1.23693 0.226292 -3.5714 0.103447 -0.0930444 0.345944 1.09857 -3.35354 0.134523 1.15863 -0.0638042 0.0555283 0.08627 0.00506764 -0.0919874 2.62239 -1.07755 1.25329 6.21686 13.6173 0.957767 -25.8582 19.171 -10.2535 9.55389 6.12673 1.9401 -0.80309 -0.62155 -4.06575 4.1114 4.48077 2.25004 -8.23918 4.56846 -1.62827 1.60494 -1.07415 -0.429578 0.670773 0.630048 0.270115 1.95842 1.12205 -0.366701 0.809151 0.847739 1.18153 0.507066 1.42118 0.428663 -0.270048 3.29937 -6.67801 3.3511 -0.207372 0.101524 -0.183643 -3.35504 -0.508493 -2.27644 -1.77164 -2.18853 -0.105477 -1.05846 -1.82545 -1.68179 -1.10133 -0.605036 -0.523632 -2.36346 0.144051 -1.18749 -4.16966 -0.594485 0.0451606 -2.57611 -1.23904 -1.39278 -1.28001 -0.807662 -0.876074 0.915073 -0.212447 -2.00041 -3.32344 -4.53712 54.7647 6.80117 6.38104
 -0.000173451 -95.88 15.9345 -2.41214e-05 -4.92834 3.76858 -0.160746 -0.0377971 0.813152 -3.2237 -0.200767 4.0074 7.66701e-05 -0.499862 0.00340862 7.23144e-05 -0.352214 0.013998 -1.21508e-05 -0.357481 0.132504 -7.97051e-06 -0.271993 0.0630485 -3.37592 -5.61105 1.01054 -1.09144 -4.06896 3.46638 -1.91816 -0.367838 1.61927 -1.93225 -2.43088 3.50372 -0.476071 0.0106395 0.00720294 -2.9017 0.698207 0.0137208 -1.20202 -0.0473974 0.0263688 -0.307614 -0.387839 0.301977 0.270357 -1.45049 -1.41636 1.1121 0.133202 0.35301 -0.536667 0.476616 0.174712 -0.970784 -0.983872 0.899141 0.0565886 -0.00391981 0.276298 -0.0797485 -0.0196656 0.464893 -0.0126698 0.00196525 1.45133e-05 2.56012e-06 -0.59461 0.217264 -0.18793 -0.00564996 0.181207 -0.192957 -0.0355328 0.56079 -0.0170517 0.0142126 -0.0528074 -0.165019 0.530054 -0.0212513 -0.181755 0.0100096 -0.0100277 -0.0135128 -0.000791815 0.0144064 -0.411261 0.169353 -0.196561 -0.973846 -2.134 -0.148631 4.05197 -3.00607 1.6072 -1.49645 -0.958714 -0.303917 0.126417 0.0974942 0.636075 -0.644915 -0.702548 -0.352238 1.29142 -0.71688 0.255735 -0.251718 0.168377 0.0673246 -0.105358 -0.0991531 -0.0426402 -0.306559 -0.176089 0.0574979 -0.127087 -0.13294 -0.185253 -0.0796131 -0.222825 -0.0671713 0.0423358 -0.517707 1.04692 -0.525459 0.0325585 -0.0158444 0.0288221 0.525785 0.079628 0.356887 0.277413 0.342682 0.0162799 0.165941 0.28652 0.263506 0.172573 0.094945 0.0821379 0.370607 -0.0224867 0.185976 0.653371 0.0931439 -0.00706379 0.403929 0.194415 0.218419 0.200603 0.126597 0.137291 -0.143531 0.0333115 0.313386 0.520459 0.710779 -8.57899 -1.06624 -0.999701
 -5.09671e-10 0.000153805 -2.41214e-05 1000 -0.000583688 0.000447877 5.38033e-07 2.12102e-07 -3.13397e-06 7.80915e-05 4.94785e-06 -9.85692e-05 6.54089e-10 -3.96951e-06 -2.12676e-08 -2.72409e-10 -1.99709e-08 -2.4875e-08 -1.68058e-11 -1.26891e-06 4.38109e-07 1.42686e-11 -1.79862e-06 3.81762e-07 6.75379e-05 5.97488e-05 -1.10188e-05 1.06336e-05 4.01042e-05 -3.42154e-05 8.17074e-05 7.40842e-06 -3.57191e-05 9.19504e-05 1.75777e-05 -2.9313e-05 -5.75635e-06 -3.97816e-06 8.01657e-08 1.73089e-05 -9.35288e-06 1.01872e-08 2.92033e-05 -1.97005e-05 1.57044e-06 1.29798e-06 5.49938e-08 -1.45205e-07 -4.80511e-06 1.85964e-05 -5.04255e-06 -4.81058e-07 -7.87208e-06 -4.32764e-06 2.37483e-05 -2.16534e-05 -1.05351e-05 1.87521e-05 2.17925e-05 -1.90395e-05 -1.39133e-06 1.41881e-08 6.73506e-06 -2.70982e-05 3.94286e-06 -7.48024e-05 -1.23455e-06 1.87772e-07 1.35755e-07 -6.35233e-11 -1.90651e-06 5.71761e-07 2.75531e-07 1.03045e-08 -4.50359e-07 3.30397e-06 5.87859e-07 -9.10997e-06 3.39246e-07 -2.55901e-07 9.54356e-07 5.33759e-06 -3.77872e-05 1.45105e-06 1.13606e-05 -6.11362e-07 -1.32977e-06 9.91106e-08 -1.16234e-08 -8.79894e-08 9.28502e-07 -5.17374e-06 3.06142e-06 1.14755e-06 -1.46393e-06 1.02037e-05 3.75719e-05 -1.89971e-05 -2.11904e-05 5.03332e-05 1.79912e-05 -1.91995e-05 2.0016e-06 1.07484e-05 -1.75078e-05 4.2472e-05 -7.63912e-06 3.45196e-06 -1.17113e-05 9.77501e-06 7.98361e-07 -2.9609e-06 -1.23477e-07 -6.58823e-06 1.14563e-05 -2.87191e-06 3.28821e-07 3.65795e-06 2.0532e-05 -1.60964e-05 -1.69756e-05 1.29428e-05 1.42626e-05 3.12544e-05 -1.58726e-05 -7.83553e-05 -3.44036e-05 5.28279e-05 -3.55602e-05 5.50441e-05 -2.67387e-07 -1.22374e-06 3.98733e-06 2.71524e-06 1.10542e-06 -3.07491e-06 4.0922e-06 -1.19951e-05 2.11533e-05 -8.32926e-06 -2.64314e-05 -1.15925e-05 -2.87032e-05 1.78322e-05 1.74799e-05 -2.27104e-06 -6.69617e-06 -7.02152e-06 -1.63351e-05 2.11462e-05 1.44333e-05 -4.71363e-05 1.26359e-05 -1.41288e-05 -5.16913e-06 -2.83205e-06 -3.63823e-06 8.88775e-07 -1.47617e-07 -8.52781e-06 -2.11301e-05 -2.46185e-05 0.000251676 -1.28395e-06 2.53051e-05
 -9.28741e-05 31.4442 -4.92834 -0.000583688 500.059 -380.995 0.171231 0.0474548 -0.809888 16.2118 0.978056 -19.5147 0.000141904 -0.8548 -0.00797105 -3.41161e-05 0.00828511 -0.00885602 1.03273e-05 -0.523982 0.186333 2.13348e-05 -0.677864 0.148547 13.4437 21.3839 -3.85818 4.20624 16.4142 -13.9864 12.2342 0.885291 -4.35911 10.064 9.89202 -14.3665 -1.68155 -1.01689 0.0133278 8.00582 -3.557 -0.0364124 3.70403 -3.55486 0.256871 -0.0237164 -0.0106268 -0.0139092 -1.87299 3.32968 -0.889038 -0.0843132 0.195475 -3.05381 1.17078 -0.926906 -2.742 4.00728 4.03511 -3.66897 -0.351698 0.0241517 -1.81697 -2.6521 0.458215 -9.1634 -0.289078 0.0465987 0.0279309 -3.42375e-06 -0.072017 0.00598863 0.103141 0.00346128 -0.106898 1.32198 0.223377 -3.53223 0.0412569 -0.0419699 0.16194 0.637528 -1.32325 0.0624369 1.5759 -0.0852891 -0.013878 0.0513139 0.00359226 -0.0552951 1.50362 0.469934 1.19742 0.980614 0.737655 2.55603 4.16725 -0.761015 -2.37869 7.43227 2.69557 -1.83715 -0.229684 1.1101 -1.78748 3.2017 -0.284039 -0.477604 -1.05961 1.45841 0.196149 -0.186077 -0.75886 -1.48538 0.783248 0.751153 -0.202133 -0.110237 2.56267 -0.483032 -1.87803 -0.485707 -0.553103 2.93465 3.62815 -1.63405 -1.13182 4.27888 -8.06786 2.62863 0.308708 0.0298594 -0.370609 -1.22568 -0.646308 -0.536108 -0.655467 -2.08613 0.190417 -0.0928768 -0.224733 -1.08165 -1.2518 -0.346258 -0.381705 -0.751244 0.382067 -0.622129 -4.01149 -0.472337 1.40437 -2.78088 -0.594375 -1.31047 -1.02249 -0.648939 -0.684348 0.490984 -0.12899 -1.69077 -2.88473 -3.82171 48.2794 2.76518 5.23715
 7.10202e-05 -24.0446 3.76858 0.000447877 -380.995 292.624 -0.132566 -0.0366437 0.627451 -12.3951 -0.747977 14.924 -0.000107657 0.64789 0.00610838 2.67718e-05 -0.0106445 0.00692263 -8.07052e-06 0.39771 -0.141399 -1.6469e-05 0.515651 -0.112979 -10.2804 -16.3515 2.95021 -3.21932 -12.5506 10.6943 -9.35429 -0.67793 3.33723 -7.69643 -7.56373 10.9851 1.28232 0.77494 -0.0100977 -6.12287 2.71741 0.0278577 -2.83536 2.71336 -0.195927 0.015701 0.00534483 0.0127729 1.43268 -2.54626 0.679756 0.0645342 -0.150481 2.33446 -0.896128 0.709612 2.09406 -3.06435 -3.08633 2.80613 0.26891 -0.0184663 1.38932 2.02845 -0.350428 7.0078 0.221369 -0.0356819 -0.0213985 2.63587e-06 0.049203 -0.00247535 -0.0810649 -0.00271453 0.0839194 -1.01052 -0.17084 2.70147 -0.0320452 0.0317998 -0.122719 -0.484251 1.01344 -0.0478038 -1.20509 0.0652203 0.0102481 -0.0392344 -0.00274618 0.0422779 -1.14971 -0.358953 -0.915594 -0.749876 -0.564005 -1.95456 -3.18647 0.582023 1.81907 -5.68327 -2.06144 1.40497 0.17567 -0.8489 1.36681 -2.44862 0.217185 0.36506 0.810231 -1.11503 -0.150092 0.142241 0.580151 1.13573 -0.59902 -0.574293 0.154455 0.084271 -1.95952 0.36944 1.43606 0.371148 0.422603 -2.24418 -2.77374 1.25039 0.865747 -3.27211 6.16881 -2.01041 -0.236014 -0.0227632 0.283349 0.937176 0.494166 0.40999 0.501126 1.59509 -0.145863 0.0711689 0.172254 0.82721 0.957448 0.264548 0.291648 0.574477 -0.291968 0.475772 3.06726 0.36093 -1.07388 2.12677 0.45438 1.00214 0.781843 0.496223 0.523295 -0.375446 0.0986303 1.29284 2.20582 2.92229 -36.9166 -2.11427 -4.00454
 -2.09727e-06 1.00416 -0.160746 5.38033e-07 0.171231 -0.132566 999.869 -0.0685307 0.659479 0.620466 0.0202567 -0.377219 4.10381e-05 -0.250252 -0.000233825 5.48953e-05 -0.216484 0.00685334 -6.65274e-06 -0.242045 0.0878204 1.06301e-06 -0.233212 0.0521194 0.281338 0.588817 -0.10786 0.0108563 0.811154 -0.692383 0.883938 -0.103081 0.370499 0.862494 0.123681 -0.217137 -0.206365 -0.0778899 0.00161669 -0.597521 0.0679333 0.000680477 -0.161433 -0.28582 0.0264156 -0.163085 -0.173318 0.130552 0.0791281 -0.20025 -0.230971 0.174525 -0.0561503 -1.23747 0.598433 -0.483572 -0.283301 -0.136881 0.171387 -0.071 -0.0442509 0.00234341 0.0172461 0.016155 -0.0022535 0.0445948 -0.0039102 0.000622058 -0.00205218 2.64463e-06 -0.354048 0.12442 -0.153418 -0.00505489 0.166223 0.0615385 0.00149589 -0.021369 0.000109033 -0.0146037 0.0549391 0.107426 -0.125302 0.00641332 -0.194438 0.0102987 0.0237734 0.00387658 0.000299733 -0.00420569 -0.136217 -0.0474708 -0.0843302 -0.156983 -0.220424 -0.0937565 0.0788893 1.0818 -1.38803 0.627794 0.273945 0.0762834 0.597556 -0.239978 -0.231868 -0.0058043 0.301252 -0.166014 0.0136992 -0.00378147 0.0152804 -0.00183796 -0.0418004 -0.0175008 -0.0511074 -0.11753 0.298315 -0.315471 0.108313 -0.00619194 -0.0134907 -0.0376575 -0.00246477 -0.0104359 -0.0260163 -0.0252792 -0.0965597 0.0176624 0.278452 -0.169474 0.0589577 0.0812614 0.1007 -0.6522 0.179563 -0.280821 0.0645749 0.155668 -0.361981 -0.0885554 -0.0874059 0.277938 -0.145138 0.128052 0.13145 -0.071878 0.0723355 -0.142523 0.172693 -0.0695117 0.348418 0.315989 -0.0182129 -0.137841 -0.0936966 0.00177914 -0.00215139 -0.097039 0.00984911 -0.315085 -0.544654 -0.783037 7.04808 3.26967 1.11007
 -2.59935e-07 0.236713 -0.0377971 2.12102e-07 0.0474548 -0.0366437 -0.0685307 2.77321 -43.4701 0.137718 0.00428407 -0.0794586 8.39299e-06 -0.0499341 -6.2256e-05 1.23678e-05 -0.0450517 0.00142654 -4.6795e-07 -0.0429761 0.015578 7.73718e-07 -0.0505086 0.0113132 0.043704 0.225767 -0.040375 0.011425 0.203142 -0.173268 0.165063 -0.0264603 0.0989561 0.144558 0.0811553 -0.121001 -0.0410824 -0.015724 0.00020213 -0.12303 0.014597 2.42471e-05 -0.0492189 -0.0509191 0.00460131 -0.031826 -0.0362819 0.0271979 0.0197569 -0.0562673 -0.0813206 0.058824 0.0141683 -0.309885 0.090325 -0.0663834 -0.0650688 -0.0434508 0.023207 -0.00265583 -0.00860518 0.000797229 -0.0472934 0.0368847 2.09178e-05 -0.0144409 -0.00126978 0.000199126 -0.000492581 8.05514e-07 -0.0727017 0.0255452 -0.0317864 -0.00104552 0.0343554 0.0141926 0.000503014 -0.00872235 -0.00253917 -0.00367506 0.0137922 0.015963 0.0771602 -0.0023207 -0.0329593 0.0017529 0.0103464 0.0010773 0.000255854 -0.00134203 -0.032492 -0.0143203 -0.0201095 -0.0349712 -0.0505557 -0.0196297 0.205086 0.0787518 -0.29364 0.112787 0.0581861 0.125924 0.0926403 -0.0364163 -0.128379 -0.0508492 0.0926854 -0.031789 0.010736 -0.00603016 -0.00295986 -0.00506452 -0.0156573 -0.00372623 -0.0135177 -0.068459 0.123086 -0.0671024 0.0163481 -0.0196371 0.0268317 -0.0127066 0.0065054 -0.00951761 0.00845577 0.00254992 -0.0465875 -0.00249004 0.0219344 -0.0362054 0.0207485 0.0277912 0.0280812 -0.0973878 0.0126049 -0.0262971 0.00518344 -0.0174435 -0.0823517 0.00790865 0.0225139 0.0583882 -0.00454953 0.0239715 0.00017203 -0.0431422 -0.0406986 0.0530151 -0.00690969 0.0459671 0.122187 0.0245926 -0.0444742 -0.0325325 -0.0186984 -0.000518274 0.00196223 -0.0248767 0.00235889 -0.0716912 -0.0949113 -0.162579 1.5723 0.797974 0.256089
 4.79074e-06 -5.08642 0.813152 -3.13397e-06 -0.809888 0.627451 0.659479 -43.4701 994.625 -3.04302 -0.0850353 1.56108 -0.000204526 1.22352 0.0011526 -0.000290924 1.09014 -0.0347879 1.59897e-05 1.04002 -0.377257 -1.69032e-05 1.20811 -0.270809 -0.915662 -4.96384 0.887797 -0.178852 -4.47111 3.81363 -3.7192 0.644869 -2.42891 -3.22549 -1.7221 2.57555 0.965537 0.420632 -0.00687946 2.86452 -0.304537 -0.00106633 1.18842 1.25537 -0.11484 0.797442 0.883692 -0.664637 -0.483907 1.27958 1.83087 -1.32647 -0.286147 6.97344 -2.01772 1.47993 1.48888 0.99362 -0.504242 0.0434621 0.189836 -0.0177151 1.02211 -0.824871 -0.000143987 0.315831 0.0286891 -0.00450216 0.0115521 -2.0687e-05 1.78201 -0.62722 0.783978 0.0258787 -0.848036 -0.334088 -0.0127056 0.219173 0.0572421 0.0831565 -0.312055 -0.446713 -1.75676 0.0531066 0.744517 -0.0395971 -0.2346 -0.0241601 -0.00576044 0.0301197 0.737759 0.325778 0.449804 0.786006 1.17737 0.420646 -4.61933 -1.78045 6.60763 -2.50881 -1.28231 -2.84214 -2.09431 0.823019 2.88623 1.1472 -2.08017 0.724889 -0.248195 0.135978 0.068027 0.116543 0.352829 0.0844577 0.306405 1.54113 -2.76868 1.51111 -0.364549 0.438354 -0.60026 0.287192 -0.14201 0.21404 -0.184069 -0.0575144 1.04758 0.0610029 -0.51152 0.821797 -0.470634 -0.628751 -0.634171 2.1953 -0.289151 0.591209 -0.120372 0.389986 1.86354 -0.179303 -0.513714 -1.32709 0.103157 -0.54564 -0.0077089 0.967119 0.909982 -1.18603 0.141638 -1.03532 -2.75457 -0.561193 0.995659 0.731124 0.418013 0.00949009 -0.0460223 0.562927 -0.0536352 1.61078 2.14372 3.65398 -35.4287 -17.7813 -5.74635
 -6.45671e-05 20.5928 -3.2237 7.80915e-05 16.2118 -12.3951 0.620466 0.137718 -3.04302 858.918 -8.78267 162.189 9.53512e-06 -0.142315 -0.00352804 -5.48276e-07 0.0804745 -0.00540325 2.64308e-05 -0.00882973 0.00128851 -1.06259e-05 -0.259429 0.058244 8.23215 8.71888 -1.59492 2.71048 6.90154 -5.88416 6.10644 1.05344 -4.70217 7.10923 4.09969 -6.10343 0.69506 -0.0997047 -0.0104913 5.30347 -1.78028 -0.0210665 3.31004 -0.949368 0.0395745 0.724121 0.941706 -0.72569 -0.0293999 2.82649 -2.62301 1.02291 -0.710234 -1.69661 2.38971 -2.11082 0.12443 3.80719 0.921968 -1.63127 0.341825 -0.00947656 -2.05568 3.68118 0.183619 -5.42208 -0.0327161 0.00500301 -0.00263824 -4.63904e-05 1.58648 -0.58057 0.634192 0.022826 -0.721331 1.31386 0.227831 -3.53971 -0.00961774 -0.113647 0.438364 -0.62502 -4.88077 0.200387 -0.28471 0.0124814 0.525513 0.0174257 -0.00949097 -0.00802305 0.293753 0.777962 -1.52667 -4.37993 6.08394 12.5004 -11.8523 0.26968 -7.61375 28.6318 6.28237 -11.5358 3.93416 -1.23314 -3.414 2.23726 8.07905 14.4642 -14.7328 -0.189596 2.63398 1.27085 -0.438415 -0.916448 -0.638789 2.82969 -4.90425 0.384046 3.34706 -3.1957 0.723713 0.267168 -1.67381 0.411432 0.0971013 1.79027 -5.28822 9.27167 -11.4902 7.32786 -2.17982 -1.14712 1.31471 -5.46166 0.144197 -3.63347 -1.77959 0.747298 -0.389345 -0.337337 -0.630015 -1.59397 -1.5057 0.844911 -0.365994 -3.08641 -0.172898 0.724116 -1.78449 -0.189414 -2.4368 0.537388 1.04785 -1.82852 -3.30748 -1.22539 -1.19084 0.466074 -0.0583192 -0.753141 -1.00837 2.30743 26.7582 -5.94709 1.98629
 -2.95728e-06 1.28008 -0.200767 4.94785e-06 0.978056 -0.747977 0.0202567 0.00428407 -0.0850353 -8.78267 2.92908 -40.6263 2.59209e-06 -0.0184333 -0.000275808 6.41709e-06 -0.0135244 0.000208672 1.951e-06 -0.0221777 0.00786656 3.47714e-07 -0.0460427 0.0102579 0.45015 0.866849 -0.155666 0.195541 0.658325 -0.561115 0.355358 0.0312857 -0.14819 0.300984 0.427011 -0.613386 0.0173404 -0.0196722 -0.000455466 0.205516 -0.0877059 -0.00120126 0.0775498 -0.0546191 0.00279467 0.0099503 0.0349983 -0.0271108 -0.147868 0.149262 0.0424421 -0.0519823 -0.00137261 -0.219038 0.0654213 -0.0487198 -0.0657259 0.0883641 0.134656 -0.110566 -0.0115539 0.000781405 -0.0801369 0.0624985 0.00753001 -0.192364 -0.00121008 0.000213611 -0.000746701 -1.60919e-06 0.0815143 -0.0300748 0.0151238 0.000507054 -0.0153402 0.143752 0.0223203 -0.360938 0.00585831 0.00260937 -0.00977263 -0.0506282 0.18665 -0.00632533 0.0201842 -0.0012837 0.0322974 0.00247944 0.000420643 -0.00291987 0.0130257 -0.0299433 -0.196443 -0.202154 0.799088 1.02967 -0.584121 0.015656 -0.426704 0.747383 0.100112 -0.190563 0.377318 0.0788898 -0.402394 -0.266699 0.091578 0.461847 -0.183235 -0.000966797 -0.0160351 0.00673117 -0.0411861 -0.0527443 -0.0556185 0.0959556 -0.125554 -0.0485438 0.119597 -0.0779615 0.000722236 -0.00822607 -0.0427904 0.0175915 0.0754042 0.0260046 -0.131134 0.340769 -0.345655 0.0639844 -0.000533416 -0.0503156 0.0553264 -0.264357 0.0335954 -0.0861303 -0.0487905 -0.034419 -0.0863269 0.00107152 -0.062824 -0.0703858 -0.0415681 -0.0143235 0.0161725 -0.0953567 0.00775599 0.0209325 -0.129861 -0.00464982 0.0519558 -0.0148557 -0.0562644 -0.0472175 -0.0557748 -0.027334 -0.0289244 0.00288371 -0.00246617 -0.0917605 -0.129422 -0.216398 2.1853 0.784858 0.316704
 5.82316e-05 -25.5513 4.0074 -9.85692e-05 -19.5147 14.924 -0.377219 -0.0794586 1.56108 162.189 -40.6263 807.115 -6.05369e-05 0.426706 0.00535268 -0.000134797 0.323441 -0.00607194 -3.63074e-05 0.505755 -0.18016 -3.72665e-06 0.977863 -0.218158 -9.02176 -17.1657 3.08356 -3.87572 -13.0273 11.1037 -7.18991 -0.58716 2.81196 -6.09051 -8.38798 12.0579 -0.335856 0.463061 0.00671472 -4.12816 1.81354 0.0237019 -1.55076 1.21872 -0.0681024 -0.129147 -0.666979 0.514929 2.95202 -2.99778 -0.68635 0.945786 0.0862146 4.31369 -1.35057 1.01659 1.29449 -1.84291 -2.64672 2.20181 0.213717 -0.0149261 1.65564 -1.31536 -0.155717 3.98481 0.0173929 -0.003207 0.0163352 3.25475e-05 -1.58372 0.584777 -0.267792 -0.00896251 0.26959 -2.95404 -0.457128 7.39023 -0.130692 -0.0631889 0.236611 1.11018 -3.47466 0.116788 -0.395376 0.0252062 -0.632027 -0.0488953 -0.0079559 0.05724 -0.263731 0.61461 3.87868 3.99464 -15.758 -20.4206 11.7322 -0.30237 8.60782 -15.5818 -2.01925 4.07671 -7.5152 -1.51165 7.98024 5.15702 -2.03013 -9.4782 4.0203 0.0218638 0.23456 -0.171182 0.820915 1.06397 1.10502 -1.96988 2.60715 0.93691 -2.43643 1.61497 -0.0351404 0.150593 0.889732 -0.36544 -1.47768 -0.560226 2.72178 -6.95136 7.1017 -1.46546 0.0682231 1.01619 -1.12198 5.33064 -0.666731 1.78428 1.00452 0.65438 1.70758 -0.014798 1.24195 1.4159 0.855847 0.252648 -0.306978 1.95189 -0.1512 -0.425376 2.58718 0.0949959 -0.949408 0.275877 1.06859 0.973224 1.18054 0.569695 0.599485 -0.0706406 0.0498473 1.81069 2.55844 4.14712 -43.6332 -14.7659 -6.21382
 7.68093e-10 -0.000475035 7.66701e-05 6.54089e-10 0.000141904 -0.000107657 4.10381e-05 8.39299e-06 -0.000204526 9.53512e-06 2.59209e-06 -6.05369e-05 1000 0.000269191 -2.47015e-05 -2.31329e-08 0.000143114 -3.54965e-06 3.43373e-09 0.000117633 -4.24183e-05 2.47504e-09 0.000129293 -2.846e-05 -0.000873504 -0.0018712 0.000338328 -9.23245e-05 -0.00076238 0.000650107 -0.00032417 7.38549e-05 -0.00028202 -0.000307219 8.67555e-05 -0.000105813 0.000343244 5.10229e-05 7.43892e-08 -0.000845176 0.000386429 6.36126e-06 5.09851e-06 0.000363035 -3.06855e-05 0.00011996 0.000129788 -9.80534e-05 0.000419908 -0.000292773 -0.000737106 0.000491717 2.60278e-05 0.000194835 7.30257e-05 -7.6478e-05 0.000264638 -0.000153258 -0.000194894 0.000166043 -1.04334e-05 7.53755e-07 -6.56256e-05 5.412e-05 4.99171e-06 -0.000136742 -6.99475e-06 1.00928e-06 -8.63042e-07 4.06232e-10 0.000211592 -7.4031e-05 4.95347e-05 1.44664e-06 -4.5441e-05 0.000127249 2.13194e-05 -0.000356814 1.64172e-05 1.46703e-05 -5.68799e-05 -0.000190312 0.000484174 -1.70632e-05 -1.65465e-05 1.06651e-06 4.50777e-05 -2.63208e-06 2.61994e-07 2.38809e-06 -0.000189721 -0.000212353 -3.52551e-05 4.43514e-05 0.000151355 6.94903e-05 5.1288e-05 0.00015961 -0.000196449 -0.000544084 -0.000191707 0.000413111 0.000522811 -0.000106677 -0.000141752 0.000361835 0.000314551 0.000339116 0.000216341 -2.78758e-05 -0.000351585 -8.83506e-05 0.000227883 0.000224367 -4.48895e-05 -7.79691e-05 -0.000354451 7.96747e-05 8.39176e-05 4.39949e-05 0.000103482 7.94313e-05 -5.14849e-05 -2.92164e-05 -4.97934e-05 -0.000100073 -0.000114259 -0.000116143 -9.42398e-05 -0.000145828 -8.65272e-05 -3.06936e-05 1.81649e-05 9.20332e-05 6.85541e-05 4.01449e-05 3.87938e-05 2.34404e-05 -9.13626e-05 -0.000130468 -4.86757e-05 4.22882e-05 6.08307e-05 -3.4184e-05 -0.000126938 -1.00742e-05 -4.35404e-05 4.66842e-05 -2.0157e-05 -2.588e-05 -1.39834e-05 7.10721e-05 9.13134e-05 -6.85322e-05 -2.71282e-05 -3.64453e-05 -2.10462e-05 -1.53316e-05 1.43038e-05 9.51455e-05 0.000217045 0.00024156 -0.0030108 0.000269486 -0.000272705
 -9.30949e-06 3.09533 -0.499862 -3.96951e-06 -0.8548 0.64789 -0.250252 -0.0499341 1.22352 -0.142315 -0.0184333 0.426706 0.000269191 998.118 -2.33627 9.54829e-05 -0.905185 0.0231383 -3.82335e-05 -0.683098 0.245863 -3.79373e-05 -0.716223 0.156801 7.65532 12.6252 -2.30241 0.582255 5.16061 -4.40199 2.81714 -0.460776 1.70892 3.71164 -0.0186158 -0.164576 -2.96357 -0.333344 -0.000482877 5.24521 -2.63818 -0.0418301 0.535904 -3.25204 0.273948 -0.84936 -0.909812 0.688228 -2.41197 2.64289 4.13466 -2.95032 -0.763093 -0.581183 0.502315 -0.441908 -2.14646 1.88785 1.31242 -1.34545 0.0204043 -0.00111428 0.464717 -0.18573 -0.0244073 0.656877 0.0245334 -0.00331099 0.00785638 -1.26019e-05 -1.25002 0.435906 -0.275122 -0.00776816 0.24257 -0.882605 -0.143862 2.40958 -0.0692442 -0.0604554 0.237479 1.85235 -7.01626 0.262999 0.09434 -0.0066419 -0.297132 0.0177231 -0.00150826 -0.0163371 1.82113 1.35021 0.510625 0.363101 -0.567028 0.0966452 0.079082 -0.39417 1.32304 2.53936 0.984245 -2.12509 -3.71811 0.193812 2.60468 -1.73182 -2.03555 -2.38076 -0.658091 0.460522 1.9826 0.588911 -1.35216 -1.74574 0.85874 1.09582 2.337 -0.517679 -0.551229 0.033811 -0.343527 -0.262786 0.456876 0.432874 0.504593 0.709314 0.787493 0.599817 0.601316 0.891822 0.41568 -0.032657 -0.435568 -0.783104 -0.497482 -0.365511 -0.470104 -0.405371 0.0665902 0.219911 -0.0756622 -0.167353 -0.15893 0.159595 0.496868 -0.152933 -0.0221563 -0.580247 -0.119693 -0.040914 -0.141245 -0.949343 -1.30757 -0.236253 -0.146291 -0.0160234 -0.0775272 0.415207 -0.137854 -0.494646 -1.20649 -1.2898 16.1045 -2.04443 1.38566
 1.08162e-07 -0.0215319 0.00340862 -2.12676e-08 -0.00797105 0.00610838 -0.000233825 -6.2256e-05 0.0011526 -0.00352804 -0.000275808 0.00535268 -2.47015e-05 -2.33627 0.822332 1.88754e-06 -0.00570697 0.000226518 2.06836e-08 -0.00236282 0.000878583 9.47641e-08 -0.00329685 0.000765525 -0.0297636 -0.0477814 0.00867844 -0.00545809 -0.0234403 0.0199849 -0.0110095 -0.000188799 0.00145704 -0.0147971 -0.00500368 0.00776346 0.000880603 -0.00187332 0.00012162 -0.0270557 0.00629535 0.000172496 -0.00858344 0.00318022 -0.000121054 -0.000564887 -0.00139359 0.00108859 0.00359869 -0.0105074 -0.0159201 0.0114446 0.00120906 -0.00027483 -0.00418509 0.00389374 0.00321547 -0.00758285 -0.00636708 0.00616611 -4.50235e-05 6.95273e-07 -0.000616169 0.000816758 -6.17067e-06 -0.000279627 0.000188455 -3.07974e-05 -3.6893e-05 1.3019e-07 -0.00325438 0.00120682 -0.000674584 -1.8298e-05 0.000620959 0.0011942 0.00014233 -0.00253653 -0.000150926 -0.000267302 0.000972951 -0.00428223 0.0266846 -0.000982726 -0.000546353 3.42005e-05 0.000219353 -5.84573e-05 4.80424e-06 5.40577e-05 -0.00612113 -0.00201101 -0.00279895 -0.00305479 0.00111186 0.00101068 0.000218748 0.000328084 -0.00348463 -0.00883789 -0.0032821 0.00681493 0.011235 -0.000621251 -0.00829951 0.00460478 0.00566172 0.00694147 0.00196767 -0.00189454 -0.0060527 -0.00164584 0.00451228 0.00551284 -0.00309795 -0.00390517 -0.00714877 0.0017611 0.0015939 -0.000412625 0.000820144 0.000490297 -0.00156327 -0.00160757 -0.00185544 -0.00220696 -0.00236777 -0.00186283 -0.0013513 -0.00295077 -0.00115176 0.000314173 0.00159599 0.00267271 0.00162491 0.00130892 0.00150081 0.00113254 -0.000306114 -0.000396832 0.000874474 0.00088431 0.000665064 -0.000350922 -0.00129869 0.000774444 0.000296647 0.00207336 0.000787614 0.000470386 0.000652968 0.00318285 0.00424707 0.000978771 0.000661638 0.000226639 0.000427062 -0.00152637 0.000463413 0.00153047 0.00371357 0.00379868 -0.0518982 0.00924499 -0.00414477
 -2.15524e-09 -0.000451679 7.23144e-05 -2.72409e-10 -3.41161e-05 2.67718e-05 5.48953e-05 1.23678e-05 -0.000290924 -5.48276e-07 6.41709e-06 -0.000134797 -2.31329e-08 9.54829e-05 1.88754e-06 1000 0.000155474 -2.72699e-05 -9.70152e-09 0.000136874 -4.93711e-05 -1.30331e-08 0.000174939 -3.87246e-05 0.000374815 -0.000165224 2.50243e-05 -0.000116741 -0.000642797 0.000547562 4.71624e-05 7.83389e-05 -0.000329086 0.000543878 -0.000177805 0.000220474 -0.000158591 4.54493e-05 -8.9787e-07 -0.000358855 9.71293e-05 2.19858e-06 5.96982e-05 -7.00257e-05 8.4809e-06 5.91854e-05 7.70327e-05 -5.66903e-05 0.000526521 -0.000135405 -0.000903434 0.000558985 -0.000213148 0.000556571 0.000282092 -0.000290688 9.94297e-05 0.00017363 -0.000253004 0.000116791 4.31998e-05 -1.58423e-06 -2.3537e-05 0.000114348 9.14832e-07 -6.51773e-05 -1.96054e-05 2.97636e-06 2.00348e-06 -7.07941e-09 0.000229935 -8.08638e-05 7.20631e-05 2.40417e-06 -7.81517e-05 -2.06526e-05 2.37236e-06 -4.5717e-05 2.65092e-05 4.25516e-05 -0.000163044 0.000366652 -0.00323552 0.00012487 7.07329e-05 -3.74175e-06 1.57177e-05 -3.03939e-06 7.36055e-07 2.32237e-06 -8.04464e-05 -0.000516387 -7.21448e-05 0.000392494 0.000890209 0.000819147 0.000321933 0.000257461 -0.000443257 -0.00176545 -0.00047498 0.00135657 -0.000292323 0.00105048 -9.71406e-05 0.000134132 0.000906821 -0.00017586 0.000503063 -0.000123969 -9.82402e-05 -8.76418e-05 -9.68133e-05 5.67003e-05 3.93219e-05 0.000439985 -0.00010424 4.26072e-05 -0.000284338 1.21435e-05 6.88743e-05 8.34612e-05 -4.66368e-05 -2.02156e-05 -0.000107885 -4.27799e-05 -8.8635e-05 -0.000200931 -0.000217634 -9.0574e-05 -0.00013514 -5.57587e-05 -4.02429e-05 3.79165e-05 1.67112e-05 -0.000122104 -0.000120512 -0.000133949 -0.000108818 -0.000215636 -0.00020206 -1.28804e-05 -1.54941e-06 -0.000116993 1.20569e-05 4.03703e-05 -0.000118407 0.000264226 -5.92582e-06 -0.000127658 -7.02327e-05 -0.000137469 -0.000110407 -0.00018073 -6.56229e-05 -7.41646e-05 -6.29234e-05 0.00011679 6.05723e-06 0.000164084 0.000344793 0.00039606 -0.00399192 -0.00123833 -0.000554711
 -1.422e-06 2.1852 -0.352214 -1.99709e-08 0.00828511 -0.0106445 -0.216484 -0.0450517 1.09014 0.0804745 -0.0135244 0.323441 0.000143114 -0.905185 -0.00570697 0.000155474 998.081 -34.9546 -2.58944e-06 -0.543019 0.195957 1.04051e-06 -0.612409 0.135464 2.84083 3.89096 -0.718657 0.369677 3.09518 -2.64109 1.79759 -0.277649 1.02994 1.951 0.60003 -0.940303 -0.968256 -0.215968 0.00207039 1.49292 -0.875989 -0.0164244 0.58699 -1.48903 0.117087 -0.454037 -0.506435 0.379504 -1.16804 1.76943 1.72799 -1.35956 -0.14183 -0.889444 0.196394 -0.135933 -1.27646 1.12165 1.14071 -1.03501 -0.151891 0.00941728 -0.0915965 0.103384 -0.00713756 0.143103 0.0344935 -0.00510022 -0.0009123 9.71672e-06 -0.896247 0.313924 -0.27199 -0.00878275 0.28166 -0.302674 -0.0595903 1.01604 -0.109908 -0.114145 0.439258 -0.0509558 3.11615 -0.114435 -0.107596 0.00467065 -0.0964497 0.0180743 -0.00263661 -0.0155578 1.26575 1.89171 0.799306 -0.07915 -2.14424 -1.678 -0.46985 0.0635127 1.25816 4.00789 1.08948 -4.02766 -1.8283 -0.645895 2.6109 0.90925 -3.69313 -3.49389 2.0052 -0.0241938 0.66109 0.361672 0.18527 -0.0794159 -0.40316 0.512205 0.364803 0.0379923 0.480213 0.449547 0.0795442 0.0424067 0.296226 0.325037 0.699796 0.452373 0.49582 0.490772 0.719342 0.498447 0.443033 0.399294 -0.0378359 -1.08202 -0.331377 0.00238342 0.0425686 0.0108391 0.0483356 0.066678 0.154207 0.026565 0.205548 -0.287784 -0.121755 -0.0341376 0.176823 -0.840774 -0.919929 0.0676371 -0.140653 -0.535569 -0.722396 -0.586853 -0.295844 -0.11899 -0.0720068 0.109602 -0.0959753 -0.52761 -1.01277 -1.2601 14.0954 2.2307 1.69963
 1.25022e-07 -0.0871408 0.013998 -2.4875e-08 -0.00885602 0.00692263 0.00685334 0.00142654 -0.0347879 -0.00540325 0.000208672 -0.00607194 -3.54965e-06 0.0231383 0.000226518 -2.72699e-05 -34.9546 2.08521 2.93467e-08 0.0161367 -0.00580532 -6.84359e-08 0.0182372 -0.00401281 -0.105566 -0.145281 0.0267978 -0.016213 -0.11574 0.0987554 -0.0656007 0.00864828 -0.0315095 -0.0720161 -0.025004 0.0387074 0.0314697 0.0060981 -8.93688e-06 -0.0592145 0.0303581 0.000613919 -0.0252488 0.0487331 -0.00371172 0.0136901 0.0150538 -0.0112244 0.0404461 -0.064892 -0.0637324 0.0500783 0.00456687 0.0310689 -0.0083764 0.00614578 0.0430937 -0.0412805 -0.0425515 0.0384992 0.00546385 -0.000339488 0.00396064 -0.00353699 0.00020826 -0.00412041 -0.00109019 0.000160061 3.40771e-05 -2.10501e-07 0.0271892 -0.00948075 0.00838443 0.000272297 -0.00873134 0.0102438 0.00196344 -0.0336259 0.0032849 0.00348392 -0.0134555 0.00127442 -0.109698 0.00402688 0.00368971 -0.000158275 0.00294793 -0.000653013 9.4002e-05 0.000563356 -0.0456205 -0.0666123 -0.0305993 0.00194168 0.0769041 0.0605892 0.016923 -0.00294845 -0.0442895 -0.144363 -0.0408015 0.144361 0.0655464 0.0227978 -0.0934983 -0.0328175 0.131961 0.125148 -0.0719162 0.000699986 -0.0237564 -0.0128887 -0.00637212 0.00298399 0.0142906 -0.0186879 -0.013109 -0.00132339 -0.0172236 -0.0161619 -0.00286499 -0.00159672 -0.0106631 -0.0117607 -0.0252234 -0.0161894 -0.0177001 -0.017612 -0.0253239 -0.0179744 -0.0157297 -0.0141216 0.00154155 0.0389929 0.0120164 0.000158264 -0.00137596 -0.00035916 -0.0017768 -0.00219314 -0.00503962 -0.000610777 -0.00716243 0.0104379 0.0044628 0.0014381 -0.00613474 0.0301878 0.0332199 -0.00217727 0.00518565 0.0194303 0.0261083 0.0212153 0.0107837 0.0044118 0.00274038 -0.00408648 0.00346262 0.0189553 0.0363012 0.0451682 -0.507028 -0.0792805 -0.0610218
 -2.03569e-09 7.41024e-05 -1.21508e-05 -1.68058e-11 1.03273e-05 -8.07052e-06 -6.65274e-06 -4.6795e-07 1.59897e-05 2.64308e-05 1.951e-06 -3.63074e-05 3.43373e-09 -3.82335e-05 2.06836e-08 -9.70152e-09 -2.58944e-06 2.93467e-08 1000 -4.31721e-05 2.08207e-05 -5.23475e-09 4.23715e-06 -1.09846e-06 0.000305361 -1.35684e-05 -1.43146e-06 -1.62359e-07 0.000126299 -0.00010804 0.000210785 9.92034e-06 -5.49994e-05 0.000458838 -0.000172726 0.000218175 -0.000127933 1.01277e-06 3.76981e-08 -3.49149e-05 -2.38811e-05 -4.73335e-07 5.64128e-05 -0.000140169 1.23673e-05 -2.02247e-05 -1.69449e-05 1.29676e-05 8.27293e-05 5.86652e-05 -0.000114166 5.58895e-05 -0.000110632 7.91844e-05 0.000207723 -0.000195453 -7.345e-05 0.000129053 6.7478e-06 -3.86536e-05 1.07207e-06 6.20756e-07 -5.29129e-05 1.05013e-05 1.06899e-06 -2.52369e-05 -5.9967e-06 9.08454e-07 4.43147e-07 -2.13419e-09 -3.91674e-06 1.12015e-06 -5.98692e-06 -1.58946e-07 3.79469e-06 -9.26011e-06 -9.65742e-07 1.75609e-05 3.55432e-07 5.61872e-06 -2.09311e-05 0.000117598 -0.00100389 3.86873e-05 1.59459e-05 -8.93452e-07 6.62817e-06 -5.34115e-07 -2.92952e-07 8.32262e-07 6.29878e-05 8.09726e-05 -1.22376e-05 -0.000119176 -1.69629e-05 8.16083e-05 -0.000561395 0.00129723 -0.000325318 -0.000390901 -0.000126304 -7.7044e-05 -0.000368733 0.000366047 8.68337e-05 -2.25772e-05 0.000264663 1.21966e-06 -8.38975e-05 3.02459e-05 0.000151624 -2.73782e-05 -2.57755e-05 -1.21415e-05 1.77163e-05 5.44538e-05 5.44848e-05 -2.0163e-05 3.46578e-05 8.43273e-06 3.58363e-05 5.10475e-05 3.38665e-05 5.19768e-05 -3.40005e-05 -9.679e-06 1.58481e-05 -7.91252e-06 3.72346e-05 -2.44893e-05 3.45914e-05 -4.53575e-06 -1.34568e-05 -3.75883e-05 -1.84688e-05 -4.22318e-05 -1.37554e-05 2.03339e-05 -1.0107e-05 -0.000120426 -0.000101477 6.04239e-05 2.85774e-05 -5.80796e-05 1.49509e-05 4.78938e-05 -4.02278e-05 0.000124659 -4.55335e-05 -7.97565e-07 -4.01676e-05 -9.56551e-05 -8.51929e-05 -8.94864e-05 -3.35406e-05 -1.98012e-05 -1.32878e-05 3.49349e-05 -4.48981e-06 -3.10695e-07 2.63842e-05 -4.80291e-06 -2.10189e-05 4.79936e-05 3.62009e-06
 -1.46759e-05 2.22112 -0.357481 -1.26891e-06 -0.523982 0.39771 -0.242045 -0.0429761 1.04002 -0.00882973 -0.0221777 0.505755 0.000117633 -0.683098 -0.00236282 0.000136874 -0.543019 0.0161367 -4.31721e-05 879.875 -321.705 8.5299e-06 -1.08334 0.244578 -0.637243 4.45209 -0.777507 -0.0187631 0.828575 -0.706867 0.273772 -0.424281 1.73313 0.0538835 2.63452 -3.69382 -0.101007 -0.223743 0.00249325 -1.03757 0.106514 -0.000214333 -1.16437 0.10374 -0.00625718 -0.327055 -0.335324 0.25127 -0.22011 -0.750102 0.531599 -0.170273 0.978368 -2.25198 -1.52724 1.52695 -0.353351 -1.06094 0.421369 0.0117566 -0.0505794 0.00679934 -0.697465 -0.676432 0.0326711 -0.417884 0.0287112 -0.00424507 -0.00239071 7.37102e-06 -1.01839 0.362307 -0.402489 -0.0134334 0.440454 -0.368613 -0.0604634 0.987123 -0.13115 -0.0750713 0.285247 -1.08242 4.01165 -0.136249 -0.116164 0.00726109 0.0450503 0.0282189 -0.00889698 -0.0194901 -0.00670326 -1.68615 1.07899 4.65666 0.507392 -2.30049 -26.1681 10.2644 -0.83092 1.26002 0.461294 2.84003 -4.94973 1.1183 1.90564 -0.830174 0.300014 -0.84108 -0.119577 0.0527379 1.24076 0.284486 0.239773 0.63347 0.855071 0.417213 0.104969 -0.404935 0.912994 0.0461596 -0.012551 0.0345309 0.427455 1.40134 -0.0752135 0.115668 0.46715 0.381972 0.870151 -0.518239 0.289127 0.243342 0.483488 -0.160728 0.249921 0.706005 0.752697 0.597729 0.402219 1.0103 0.487802 -0.38928 0.02898 -0.601387 -0.120339 0.187463 -0.0260497 1.33617 -0.324061 0.396329 0.776578 0.185235 0.143863 -0.75787 -0.212681 0.0041297 0.182488 -0.606655 0.0177663 -0.598688 -0.741972 -1.29261 17.7345 0.105012 1.81201
 5.41511e-06 -0.823553 0.132504 4.38109e-07 0.186333 -0.141399 0.0878204 0.015578 -0.377257 0.00128851 0.00786656 -0.18016 -4.24183e-05 0.245863 0.000878583 -4.93711e-05 0.195957 -0.00580532 2.08207e-05 -321.705 119.05 -3.29291e-06 0.395635 -0.0893176 0.231197 -1.63696 0.285894 0.00567042 -0.307377 0.262222 -0.10103 0.154503 -0.631075 -0.0215383 -0.969241 1.35905 0.0363194 0.0801035 -0.000846406 0.378202 -0.0395859 9.26272e-05 0.424985 -0.0407244 0.00257371 0.11792 0.121158 -0.090733 0.0807689 0.274762 -0.194991 0.0625276 -0.358384 0.82597 0.559565 -0.559504 0.128723 0.388446 -0.155298 -0.0036297 0.0186055 -0.00249842 0.256946 0.248534 -0.0120496 0.154615 -0.0104062 0.00153777 0.000846436 -2.61007e-06 0.370983 -0.131973 0.146343 0.00488242 -0.160128 0.134657 0.0220971 -0.360769 0.0471094 0.0271671 -0.103216 0.399326 -1.46841 0.0498612 0.0424945 -0.00265782 -0.0159656 -0.0103527 0.00326491 0.00714953 0.00217915 0.618951 -0.394913 -1.70813 -0.191405 0.847675 9.60463 -3.7706 0.30614 -0.461341 -0.171387 -1.04141 1.81636 -0.410824 -0.69914 0.304378 -0.11071 0.308345 0.0440996 -0.0194679 -0.455451 -0.104334 -0.087827 -0.232308 -0.313792 -0.153261 -0.0386285 0.148612 -0.33505 -0.0169946 0.00455329 -0.0127974 -0.156928 -0.514218 0.0274821 -0.0423803 -0.171362 -0.14022 -0.318971 0.189966 -0.106095 -0.0892181 -0.177286 0.0591156 -0.091619 -0.258853 -0.276036 -0.21931 -0.147637 -0.370397 -0.178571 0.142868 -0.0106481 0.220634 0.0441282 -0.068738 0.00964426 -0.490192 0.119074 -0.145315 -0.2848 -0.0677739 -0.0526085 0.278102 0.0780691 -0.00146617 -0.066893 0.222397 -0.00649695 0.219682 0.272174 0.474254 -6.50814 -0.0375916 -0.664852
 -1.34037e-09 4.82172e-05 -7.97051e-06 1.42686e-11 2.13348e-05 -1.6469e-05 1.06301e-06 7.73718e-07 -1.69032e-05 -1.06259e-05 3.47714e-07 -3.72665e-06 2.47504e-09 -3.79373e-05 9.47641e-08 -1.30331e-08 1.04051e-06 -6.84359e-08 -5.23475e-09 8.5299e-06 -3.29291e-06 1000 2.95584e-05 -3.14012e-06 0.000479195 -0.000279554 4.31615e-05 9.13177e-06 0.000142208 -0.000121815 0.000242028 1.76135e-05 -8.52807e-05 0.000595663 -5.36382e-05 4.43315e-05 -0.000158207 1.75375e-06 1.85603e-07 -1.07943e-05 -3.98064e-05 -5.71571e-07 0.000128077 -0.000193797 1.58234e-05 -1.89341e-05 -1.78191e-05 1.36456e-05 3.28865e-05 0.000174634 -3.18009e-05 -1.51757e-05 -0.000171742 0.000118644 0.000338806 -0.000318729 -8.68846e-05 0.000216148 1.4201e-05 -6.68577e-05 -5.13606e-07 5.38518e-07 -2.69869e-05 2.74553e-05 6.43385e-07 -2.19074e-05 -5.376e-06 8.44581e-07 6.66494e-07 -2.34441e-09 1.94766e-05 -7.38878e-06 4.39974e-06 1.78776e-07 -6.46927e-06 -2.33572e-05 -2.63639e-06 4.57068e-05 3.35872e-06 6.71552e-06 -2.51497e-05 0.000161036 -0.00109739 4.23915e-05 2.97571e-06 -2.90346e-07 7.41512e-07 -3.64582e-07 -2.07535e-07 5.75587e-07 0.000102114 4.21926e-05 2.2155e-05 3.55765e-05 0.000134294 0.000179947 5.8993e-06 0.000364871 -5.73118e-05 -0.000298673 -8.95939e-05 -5.53891e-05 -0.000220815 0.000237746 0.000334221 -8.21649e-05 0.000102442 -0.000200352 0.000388866 -4.59483e-05 3.77118e-05 2.87197e-05 2.95066e-05 2.44314e-05 2.77829e-05 0.000133813 4.36074e-05 3.83994e-05 -3.56347e-05 8.04907e-05 5.68954e-06 3.43629e-05 1.7608e-05 4.31213e-05 3.6857e-05 3.65271e-05 2.45777e-05 -2.44475e-05 2.64385e-05 -1.32046e-05 -2.72949e-06 -4.33006e-05 -7.283e-05 -4.78614e-05 -2.05957e-05 -5.97872e-05 -7.65503e-06 -2.01727e-06 -5.71666e-05 -0.000250295 -0.000129744 7.8687e-05 -3.78017e-06 -4.58892e-05 -2.29626e-05 1.84534e-06 -6.4057e-05 -2.67438e-05 -1.99731e-05 -7.447e-05 -7.45216e-05 -0.000128461 -0.000159255 -0.000113296 -6.13206e-05 -4.55446e-05 -4.27428e-05 7.1668e-05 -7.94197e-06 1.88655e-05 2.59429e-05 3.66059e-05 -0.000454078 -0.000152746 -6.4625e-05
 1.17962e-06 1.68989 -0.271993 -1.79862e-06 -0.677864 0.515651 -0.233212 -0.0505086 1.20811 -0.259429 -0.0460427 0.977863 0.000129293 -0.716223 -0.00329685 0.000174939 -0.612409 0.0182372 4.23715e-06 -1.08334 0.395635 2.95584e-05 950.048 -215.281 -0.625328 9.79008 -1.71014 0.204791 1.64544 -1.40047 -2.07409 -0.629451 2.70814 -2.56405 1.93335 -2.57806 0.109978 -0.261114 -2.19161e-05 -0.49418 -0.0289711 -0.00365228 -2.63993 0.953185 -0.065047 -0.303887 -0.328828 0.246081 -0.479328 -1.35907 0.442763 -0.000202091 1.58842 -3.6503 -2.65247 2.63907 -0.074968 -2.26026 0.154829 0.506934 -0.0439936 0.00294249 -0.209465 -0.268337 -0.0189021 0.522696 0.0381931 -0.0059291 -0.00390937 1.81482e-05 -0.989353 0.353911 -0.341156 -0.0117497 0.386146 -0.200728 -0.0436493 0.699138 -0.120485 -0.0985052 0.374843 -0.919664 4.64785 -0.168413 -0.0585701 0.00493367 -0.0121011 0.0267875 -0.00548668 -0.0214725 -0.49654 -0.207218 0.239768 0.508246 -1.59127 -1.92625 -6.77498 1.86824 -0.303354 2.76625 0.961288 1.88811 -4.9512 -1.50984 3.6323 -0.426049 -1.63598 -5.93818 1.01802 0.478032 -0.691444 -0.655242 -0.581516 0.147439 -0.136383 -0.846266 -1.0815 0.218435 1.02235 -0.387308 -0.35436 -0.306671 -0.0616448 -0.232297 0.091419 0.0251703 0.089182 0.449961 0.274313 0.200987 0.357179 0.682675 1.0422 0.785601 0.482304 0.491932 0.449576 0.411208 0.301527 1.72112 0.993879 -0.406955 0.0974923 0.172225 0.381985 0.410482 0.452583 0.810394 0.267274 0.558639 1.84411 1.33649 0.811523 -0.205366 0.222706 0.322102 0.421576 -0.942633 0.0432717 -0.684403 -0.950923 -1.49758 18.8114 2.17622 2.17232
