 1000 0.00510846 -0.000193322 7.64021e-09 -0.000421172 5.50043e-05 -3.20458e-09 -6.77736e-06 3.306e-05 -9.13234e-05 -5.4495e-05 0.000236188 1.57039e-09 -1.08581e-05 1.02134e-07 1.66518e-09 -1.6963e-05 1.85909e-07 2.3203e-10 -3.32312e-05 1.93608e-06 7.97036e-10 -1.71438e-05 4.66251e-07 -0.000284295 -0.000621458 8.46817e-05 -5.40068e-05 -0.00051605 0.000212067 -0.000118286 -0.00013318 0.000175447 -0.00019919 -0.000301732 0.00019391 -3.62117e-05 4.34542e-06 6.40808e-07 -0.000418905 9.28254e-05 3.11201e-06 -0.000144723 1.86711e-05 1.55738e-06 -8.88215e-06 -1.7092e-05 4.94397e-06 2.67295e-05 -0.000200036 -0.000244143 0.000178789 1.16273e-07 3.97581e-05 -4.10244e-05 5.46019e-05 -0.00013106 -9.60875e-05 -0.000116443 0.000109184 2.57421e-07 -4.26658e-08 5.1909e-05 9.20364e-07 -1.8205e-06 5.25015e-05 1.1713e-06 -3.61845e-07 -9.6872e-08 1.90372e-09 -3.33099e-05 1.15757e-06 -8.26386e-06 -8.24934e-06 2.47973e-05 -3.86392e-05 -9.56899e-06 0.0001054 2.69301e-06 3.56632e-06 -1.18435e-05 -7.401e-05 0.000281953 -5.51571e-06 -9.20125e-06 5.89517e-07 -5.21438e-06 -1.25879e-06 -4.11384e-07 1.67908e-06 -4.31239e-05 7.02113e-05 -4.32032e-05 -0.000203262 -0.000103312 2.98449e-05 -0.000192887 0.000467223 -0.000123672 -0.000377307 -0.000189766 0.000107421 -1.44945e-05 1.07004e-05 -1.51295e-05 -1.23519e-05 1.39667e-05 8.51792e-06 -9.45959e-05 0.000173395 -0.000148687 5.84773e-06 -9.71617e-08 -9.17992e-07 -9.64427e-06 -1.65951e-05 -2.76513e-06 -1.67017e-05 6.87705e-05 -5.77264e-05 -1.50832e-05 -3.13421e-05 -2.20466e-05 -1.47457e-05 2.21165e-06 -1.82287e-05 -2.42846e-05 0.000162625 -7.05056e-05 3.44324e-05 -7.57078e-06 1.09983e-05 2.68503e-05 2.97739e-06 4.09598e-05 1.63931e-05 7.56981e-05 4.30919e-05 2.63079e-05 1.7577e-05 9.32103e-06 3.01408e-05 9.74304e-06 2.99405e-06 3.63391e-05 1.17238e-05 5.03217e-05 7.06735e-05 3.50447e-05 4.12824e-05 3.72327e-05 1.00524e-05 3.63265e-05 8.92549e-06 2.02116e-05 2.1409e-05 2.18012e-05 -2.22486e-05 4.03546e-06 8.74151e-06 1.75213e-05 -2.12188e-05 -0.000366947 0.000170672 -3.29503e-05
 0.00510846 606.465 -21.3967 -0.000572872 30.7741 -4.01964 0.000330133 0.880723 -4.34274 6.31501 4.3065 -18.6757 -0.000138492 0.937295 -0.0062175 -0.000149257 1.51533 -0.0127323 -5.8533e-05 1.86315 -0.110081 -9.39748e-05 1.63091 -0.0409619 25.6862 42.6857 -5.89475 3.44518 33.7042 -13.8519 11.692 9.90495 -13.1527 20.1403 21.6059 -14.109 1.95751 -0.209533 -0.0488786 29.5169 -6.54576 -0.218605 12.5862 -2.58727 -0.0584035 0.890096 1.2778 -0.372258 0.247484 13.7072 13.3483 -10.5002 -1.45708 -0.507857 5.66829 -7.83989 9.10355 8.6959 8.82873 -8.75384 -0.132283 0.0149328 -4.03255 1.07373 0.112136 -4.26645 -0.187568 0.05954 0.00838817 -0.000169557 2.69137 -0.090927 0.758912 0.686505 -2.06835 2.63968 0.67056 -7.35193 0.0126441 0.0572784 -0.177427 6.5909 -29.3266 0.640837 1.34281 -0.0979116 0.184174 0.0904704 0.0115021 -0.102566 4.64578 -4.10221 2.90753 13.0615 5.88291 -4.52959 -2.7354 2.54331 -5.69228 20.3704 11.4889 -3.28224 -1.59529 -1.37685 2.17857 7.62036 4.14382 -1.60914 -9.02025 5.32624 0.513719 0.546618 -1.56497 -0.316549 1.96946 2.53428 1.15267 1.71798 -1.41019 1.68334 2.08201 2.11646 1.49755 1.05976 1.20379 1.17067 0.878475 -2.4188 -2.46829 2.08282 -0.0728262 -0.607011 -1.91654 -2.60656 -1.56418 -3.39743 -4.0671 -3.06712 -0.73776 -1.43794 -2.12763 -1.57923 -1.13399 -1.20395 -2.86909 -2.805 -1.50086 -3.42277 -3.8841 -1.5456 -2.28232 -4.01492 -3.8554 -2.81698 -2.17221 -1.84442 -1.69703 2.09448 -0.39158 -0.407615 -0.914464 1.23543 22.0111 -12.4956 1.59321
 -0.000193322 -21.3967 1.61694 2.09556e-05 -1.12326 0.146716 -1.27206e-05 -0.0339057 0.167291 -0.231653 -0.156939 0.6806 5.8866e-06 -0.0407477 0.000227229 5.89687e-06 -0.0620526 0.000489958 2.11244e-06 -0.0733579 0.0043151 3.40987e-06 -0.0635776 0.00158391 -0.938062 -1.55749 0.215091 -0.12835 -1.22976 0.505416 -0.427463 -0.36204 0.480754 -0.735903 -0.788874 0.515165 -0.0840818 0.000244869 0.00198552 -1.08054 0.231264 0.00801631 -0.467803 0.0774767 0.00339547 -0.038177 -0.0535713 0.0154543 -0.0148574 -0.499348 -0.486718 0.382862 0.0516187 0.0175176 -0.207806 0.287482 -0.333264 -0.317445 -0.322283 0.319582 0.00483988 -0.00054547 0.147484 -0.0392896 -0.00410906 0.156304 0.00659114 -0.00209207 -0.000223431 6.69336e-06 -0.107532 0.00356218 -0.0298873 -0.0265569 0.0800452 -0.0961437 -0.0245227 0.268853 -0.0014481 -0.00275596 0.0086743 -0.23139 1.0775 -0.0235529 -0.049039 0.00357582 -0.00676555 -0.003287 -0.000415579 0.00372412 -0.169571 0.152576 -0.106687 -0.477221 -0.215519 0.170766 0.10023 -0.0959123 0.208054 -0.739339 -0.418813 0.119431 0.058619 0.0498341 -0.0800379 -0.278443 -0.151644 0.0584233 0.329409 -0.195164 -0.0178625 -0.0199816 0.0570221 0.0114096 -0.0721945 -0.0928337 -0.0418826 -0.0622004 0.0510807 -0.0613916 -0.0763133 -0.0773713 -0.0547765 -0.0387072 -0.0440128 -0.0427611 -0.0319058 0.0873821 0.0903637 -0.0762438 0.0026958 0.0221048 0.069793 0.0949453 0.0567263 0.123693 0.147894 0.111482 0.0265884 0.052328 0.077634 0.0574692 0.0412703 0.0439006 0.104477 0.102334 0.0546414 0.124512 0.141603 0.0562427 0.0830168 0.146393 0.140632 0.102737 0.0791422 0.067162 0.0617926 -0.0764295 0.0142816 0.0147911 0.0331046 -0.0451915 -0.800853 0.454716 -0.0579532
 7.64021e-09 -0.000572872 2.09556e-05 1000 0.0046705 -0.00062014 -3.18681e-09 -7.45558e-06 3.67833e-05 -0.0001015 -6.69048e-05 0.000289911 -1.2888e-09 1.12256e-05 1.50816e-07 6.32383e-10 -1.21476e-06 2.02235e-07 5.88592e-10 -2.78151e-06 2.82122e-07 4.55881e-10 3.80694e-06 -5.11291e-09 -0.000350528 -0.00076432 0.000104472 -6.80483e-05 -0.000671531 0.000276158 -0.000144548 -0.000185169 0.000243164 -0.000234706 -0.000510663 0.000324755 6.71181e-05 3.00554e-05 -8.85909e-08 -0.000451377 0.000140845 3.72467e-06 -0.000129663 0.000124832 -4.9303e-06 2.22916e-05 1.15809e-05 -2.70875e-06 5.3398e-05 -0.000153438 -5.48985e-05 6.68445e-05 -2.13405e-05 7.55436e-05 -3.50882e-05 4.40002e-05 -0.000159194 -0.000144361 -0.000116605 0.000127527 1.45406e-05 -1.27526e-06 8.1635e-05 2.01169e-05 -7.36307e-06 0.00019942 1.08595e-05 -3.54015e-06 -1.45702e-06 -6.5244e-11 4.93125e-06 2.86308e-07 -3.1304e-06 -4.58663e-06 1.36087e-05 -3.72961e-05 -1.12325e-05 0.000121913 3.13442e-06 2.59524e-07 -1.25082e-06 -9.52603e-05 0.000273731 -5.82215e-06 -8.72531e-06 5.76038e-07 -1.17113e-05 -2.05343e-06 -4.41228e-07 2.50909e-06 -9.49782e-05 3.31398e-05 -1.31888e-05 -0.000154894 -0.000181309 -0.000174064 0.00014772 3.38564e-05 -7.72335e-05 -0.000109564 -1.19816e-05 2.0649e-05 -1.46138e-05 2.91377e-05 -4.76753e-05 7.58312e-05 -3.12305e-05 4.03345e-05 9.05486e-06 -6.23089e-05 -2.03456e-06 1.44555e-05 5.88534e-05 2.31839e-06 5.87644e-08 -6.23476e-05 -3.26281e-06 -2.66829e-05 -1.14421e-05 4.61262e-05 -1.04435e-05 5.58645e-05 -2.12689e-05 -0.000104402 -0.000186732 -0.000265742 -7.79267e-05 0.000271199 4.87172e-05 8.36413e-05 -2.04061e-05 1.11307e-05 8.26798e-05 -2.72413e-07 4.53232e-05 -1.95033e-05 0.000104818 3.39247e-05 6.13664e-05 -5.90865e-05 -5.46742e-05 -2.87058e-05 -3.58304e-05 9.58675e-05 0.00010636 2.639e-05 9.3123e-06 7.54923e-05 7.32346e-05 9.53553e-05 5.82835e-05 -6.56351e-05 8.10747e-05 1.79838e-05 2.70411e-05 2.65679e-05 2.60456e-05 -3.21572e-05 7.61663e-06 1.57596e-05 6.06109e-06 -5.98557e-05 -0.000502881 0.000117944 -6.45869e-05
 -0.000421172 30.7741 -1.12326 0.0046705 735.675 -95.2202 0.000157073 0.402357 -1.95744 5.49776 4.03155 -17.4752 5.5604e-05 -0.508584 -0.00502954 -4.78867e-05 0.193787 -0.00729736 -4.31104e-05 0.413715 -0.0274705 -3.4472e-05 -0.00600022 -0.00299002 20.8297 33.5376 -4.64022 2.67871 27.4469 -11.2816 11.9394 8.36758 -11.1767 18.4174 18.3394 -12.0244 -3.3319 -1.41014 0.00735295 20.6373 -6.47313 -0.15114 9.39385 -7.10436 0.299763 -0.769254 -0.57196 0.13725 -2.28599 8.58307 2.71983 -3.56653 -0.23053 -1.00681 3.50252 -4.80971 8.1578 7.43058 8.17123 -7.87569 -0.14301 0.0151236 -3.57321 -2.62395 0.483613 -11.7426 -0.641509 0.205224 0.0744655 -1.04314e-05 -0.0711542 -0.0147258 0.181777 0.257157 -0.767455 1.98357 0.567051 -6.20395 -0.0875933 0.0498274 -0.14807 6.34378 -23.343 0.516118 1.84105 -0.134327 0.410655 0.068348 0.0134439 -0.0822583 4.02467 -0.869017 -0.472507 3.23383 7.95573 9.95432 -1.87292 -0.147934 -0.25629 7.01243 1.22011 -2.23321 -0.00162596 1.52439 0.227218 4.5028 -0.0824528 -2.25112 0.191983 2.74653 -0.0436232 -0.496982 -1.60201 -1.35951 2.67367 2.543 0.185586 0.784649 1.97384 -0.991556 -0.152265 1.40906 2.63141 5.77002 3.63854 -1.05883 -0.812465 -0.281026 -5.15546 3.08037 0.731468 -0.715835 -2.05302 -2.64655 -1.2852 -2.34926 -2.22708 -3.26941 -0.340383 -0.00892556 -0.5684 -1.44621 -1.663 -0.757549 -1.67969 -1.0962 -1.15547 -3.32992 -4.56375 -1.02968 -0.475197 -4.01541 -3.33236 -2.81173 -1.95121 -1.63601 -1.46843 1.65394 -0.328481 -0.528442 -1.14689 0.878778 23.1809 -13.1439 1.69027
 5.50043e-05 -4.01964 0.146716 -0.00062014 -95.2202 13.3278 -2.13673e-05 -0.0546987 0.266373 -0.718333 -0.526429 2.28187 -6.52504e-06 0.060554 0.000657249 6.7321e-06 -0.0323078 0.000979376 5.57142e-06 -0.0579035 0.00380266 4.40473e-06 -0.00198093 0.000451311 -2.72123 -4.38065 0.606104 -0.352913 -3.58494 1.47353 -1.55993 -1.09334 1.46039 -2.40613 -2.39541 1.5706 0.422347 0.178292 -0.000788481 -2.69877 0.839173 0.0197759 -1.23544 0.910458 -0.0378543 0.0957305 0.0682127 -0.0161926 0.296638 -1.1209 -0.355599 0.466015 0.0279244 0.130517 -0.458429 0.629591 -1.06635 -0.970535 -1.06737 1.02876 0.018659 -0.00197329 0.466815 0.342372 -0.0631409 1.53333 0.0840941 -0.0269015 -0.00978849 1.84741e-06 0.0005802 0.00215169 -0.0261475 -0.0352201 0.105193 -0.259085 -0.0741018 0.810732 0.0103074 -0.00723968 0.021759 -0.818013 3.05495 -0.067554 -0.240396 0.0175397 -0.0535371 -0.00891502 -0.0017529 0.0107287 -0.525598 0.116698 0.0597819 -0.424201 -1.03606 -1.29737 0.243282 0.0194361 0.0335713 -0.915696 -0.158528 0.291794 0.000542947 -0.199267 -0.030134 -0.588582 0.010367 0.293623 -0.025049 -0.35838 0.00558968 0.0648342 0.208957 0.17734 -0.34939 -0.332258 -0.0241709 -0.102101 -0.257595 0.129067 0.0194857 -0.184325 -0.34369 -0.753105 -0.474741 0.138508 0.10619 0.0362523 0.672933 -0.402326 -0.095422 0.0934676 0.267927 0.345447 0.167621 0.306654 0.290578 0.426652 0.0442313 0.00129445 0.074417 0.188889 0.217148 0.0987976 0.219195 0.143215 0.150986 0.434656 0.595795 0.134353 0.0619807 0.524369 0.435112 0.367101 0.254718 0.213574 0.191688 -0.216027 0.0428917 0.0689408 0.149615 -0.114793 -3.02542 1.71566 -0.220569
 -3.20458e-09 0.000330133 -1.27206e-05 -3.18681e-09 0.000157073 -2.13673e-05 1000 -5.44472e-05 0.000161157 0.00016924 0.000100457 -0.000434528 3.80317e-09 -2.84676e-05 -8.8462e-08 2.58502e-09 -3.3035e-05 4.83009e-09 7.3383e-10 9.85074e-07 -1.49854e-07 8.61584e-10 -2.39537e-05 4.60581e-07 0.000245909 0.00027958 -4.04335e-05 1.04596e-05 0.00022447 -9.30275e-05 0.00022529 4.45162e-05 -6.51031e-05 0.000423616 -0.000146676 7.45889e-05 -8.97082e-05 -1.00562e-05 5.25263e-08 -0.000176236 1.72338e-05 4.37719e-07 5.53863e-05 -0.000135318 7.71963e-06 -2.5603e-05 -3.2086e-05 8.15444e-06 2.09916e-05 7.14824e-05 -0.000116812 4.25097e-05 -1.85596e-05 -0.000446857 0.000199961 -0.00025035 -0.000204254 5.53614e-05 6.20101e-05 -5.10301e-05 4.30886e-05 -3.12201e-06 -6.18148e-05 1.15301e-05 6.96726e-07 -2.43997e-05 -1.08752e-06 3.64436e-07 2.65499e-07 4.03966e-09 -6.64696e-05 1.20856e-06 -1.17226e-05 -1.00216e-05 3.07511e-05 -7.14226e-05 -1.21074e-05 0.000138479 -1.87729e-05 -1.02122e-05 3.36829e-05 4.9753e-05 -3.32069e-05 2.71065e-06 -3.37717e-05 2.80537e-06 2.52209e-05 2.49467e-06 -1.87853e-07 -2.32127e-06 1.8747e-06 0.000185755 -8.16563e-06 -0.000173263 6.42766e-05 0.000175328 0.000767553 -0.000909103 0.000357962 1.69813e-05 -4.77676e-06 -5.48931e-05 -0.000222047 0.000305318 -0.000181753 0.000269277 -1.22568e-05 -0.000102106 1.58133e-05 3.07561e-05 4.77538e-06 -1.33171e-05 -2.55118e-05 -1.09628e-05 -2.64327e-05 1.28115e-05 0.000252758 -0.000361535 8.59221e-05 5.16365e-05 1.29589e-05 -5.60807e-05 1.14904e-05 3.83132e-05 -4.29853e-05 -3.07339e-05 -4.31296e-05 0.000199332 8.70228e-05 3.21265e-05 -9.91814e-05 -9.78893e-06 -1.78025e-05 -3.31569e-05 -4.93679e-05 6.67919e-05 -5.12654e-05 -1.59386e-05 -6.64487e-05 -0.000209235 -8.67723e-05 3.43356e-05 -0.000187145 0.000137079 8.43015e-05 2.59718e-05 3.13289e-05 0.000102647 -0.000173864 2.0019e-05 -0.000244706 -1.77056e-06 0.000227186 -9.2816e-05 -3.84902e-05 -3.01348e-05 -2.28602e-05 2.99651e-06 -7.43209e-07 -2.96216e-05 -6.86737e-05 -4.05822e-05 0.00149659 -0.000824172 0.000111463
 -6.77736e-06 0.880723 -0.0339057 -7.45558e-06 0.402357 -0.0546987 -5.44472e-05 39.5431 -191.92 0.39455 0.227399 -0.983461 1.03334e-05 -0.0772475 -0.00021027 6.42611e-06 -0.0813231 8.92059e-05 3.4003e-06 0.0286275 -0.00170073 3.60391e-06 -0.0786841 0.00170171 0.508205 1.36314 -0.187266 0.0503108 0.77353 -0.319687 0.368959 0.00919673 -0.024344 0.843293 0.341937 -0.244534 -0.23342 -0.0338314 -0.000453236 -0.382942 0.0202075 -0.000248298 0.0944661 -0.343045 0.0181036 -0.0595272 -0.0929115 0.0228067 0.129661 0.179231 -0.555218 0.242999 0.129216 -1.32863 0.190205 -0.184103 -0.538869 0.10634 -0.0161395 -0.0113577 0.0605363 -0.00267534 -0.54482 0.304536 0.0038949 -0.370873 -0.00741288 0.0023913 0.000573842 1.1633e-05 -0.186827 0.00369018 -0.031384 -0.0263771 0.0814446 -0.256596 -0.0441281 0.495816 -0.0707177 -0.0434108 0.142772 0.13914 0.0814088 0.00412706 0.0544654 -0.00338034 0.0754126 0.00624056 0.00230882 -0.00859604 0.0305226 0.413928 -0.11263 -0.593476 0.300968 0.764013 3.5605 -3.56368 0.449359 0.647816 0.292445 0.788426 -0.914244 0.45428 -0.919155 0.489588 0.302891 -0.246236 0.0985317 0.0393499 -0.0627449 -0.102881 -0.0900597 -0.0053645 -0.0699694 -0.190603 1.06315 -0.805646 0.0816176 -0.0126208 0.32003 -0.0901135 0.0570958 0.0799215 0.0141027 -0.0496657 -0.296086 0.231669 0.0172516 0.18123 -0.219332 0.0190716 -0.105589 0.0761257 -0.212955 0.231411 -0.215616 -0.461207 -0.355982 -0.110317 0.152646 0.177267 -0.183124 0.108795 -0.186041 -0.245152 -0.212115 0.417731 -0.545715 0.426636 -0.0392547 -0.318132 -0.0636623 -0.342688 -0.163995 -0.109307 -0.0734564 -0.0116814 -0.00484374 -0.039 -0.00443514 0.037619 4.25995 -2.27986 0.331064
 3.306e-05 -4.34274 0.167291 3.67833e-05 -1.95744 0.266373 0.000161157 -191.92 958.613 -1.95975 -1.12769 4.87701 -5.21271e-05 0.390203 0.00104289 -3.2212e-05 0.409879 -0.000466545 -1.67593e-05 -0.141438 0.00840461 -1.77986e-05 0.391951 -0.00847838 -2.5101 -6.74926 0.927233 -0.243282 -3.81469 1.57664 -1.82618 -0.0322699 0.103425 -4.17886 -1.67648 1.20073 1.17614 0.179954 0.00193032 1.93798 -0.0992512 0.00101299 -0.446831 1.73085 -0.0920537 0.305229 0.473079 -0.116406 -0.653023 -0.885062 2.75633 -1.20736 -0.639473 6.60789 -0.938425 0.905113 2.69663 -0.523136 0.0860285 0.0504177 -0.301711 0.0133428 2.69594 -1.51588 -0.0187314 1.82652 0.0366132 -0.0118129 -0.00283666 -5.89425e-05 0.945367 -0.0187847 0.160866 0.135484 -0.418084 1.28685 0.220991 -2.48308 0.355888 0.216803 -0.71322 -0.711144 -0.453703 -0.0194908 -0.269656 0.0167242 -0.382738 -0.0310643 -0.0114789 0.0427755 -0.149751 -2.07627 0.561098 2.96805 -1.49911 -3.83061 -17.6881 17.7132 -2.23512 -3.22113 -1.42524 -3.92416 4.54414 -2.25921 4.57359 -2.43158 -1.5031 1.2246 -0.490624 -0.194941 0.311814 0.511527 0.44689 0.0265796 0.350581 0.949576 -5.28652 4.00516 -0.406832 0.0634209 -1.58879 0.449812 -0.282668 -0.396577 -0.0691853 0.247859 1.47168 -1.15362 -0.0872008 -0.900455 1.09093 -0.0952273 0.524217 -0.378552 1.05901 -1.15163 1.07147 2.29343 1.77108 0.549206 -0.759789 -0.882379 0.911609 -0.542294 0.923579 1.2177 1.05335 -2.07838 2.71293 -2.1224 0.196357 1.58069 0.312946 1.70327 0.814788 0.542945 0.364593 0.0591893 0.0239312 0.194533 0.0244662 -0.182427 -21.1854 11.3356 -1.64683
 -9.13234e-05 6.31501 -0.231653 -0.0001015 5.49776 -0.718333 0.00016924 0.39455 -1.95975 921.824 -45.0458 188.939 -1.11634e-05 0.0905634 -0.000698199 -2.20374e-05 0.28551 -0.00166742 -4.38558e-06 0.142244 -0.00783929 1.88775e-05 -0.309939 0.00761688 5.00981 4.65176 -0.668273 0.560426 3.0882 -1.26998 3.85661 0.673068 -0.998536 5.93424 0.4473 -0.494476 1.31943 0.527586 -0.0232291 5.15594 -0.772526 -0.0406864 3.59698 0.518121 -0.0921878 0.655499 0.755139 -0.206898 2.11901 3.14649 -3.53179 1.01062 -0.527339 -2.96589 3.942 -5.25673 2.30056 4.60218 -0.45549 -1.42996 0.709728 -0.0470235 -1.26331 2.75259 0.109501 -5.56396 -0.317787 0.100967 -0.00138798 -5.68843e-05 0.818541 -0.0262255 0.308188 0.257136 -0.774583 1.03288 0.301398 -3.23119 -0.395362 -0.353638 1.16838 1.56038 -10.8927 0.262183 0.296129 -0.0224727 0.692715 -0.00100726 -0.014582 0.0156503 0.615571 0.768513 -1.89389 -4.09662 5.5538 4.49609 -7.41141 0.0812237 2.01755 10.9685 3.07366 -7.21603 1.57566 -1.29168 0.0621633 4.22238 9.14022 10.0226 -14.8631 1.08219 2.66433 1.51906 0.187238 -0.209669 0.0134505 2.36987 -3.567 0.658564 1.86464 -2.49003 1.21649 0.714184 -0.750903 0.305441 -0.709081 0.991038 -3.40137 5.99036 -6.83821 5.1155 -1.48897 -0.830871 0.575371 -4.08916 0.123959 -3.09963 -1.32401 1.08338 0.0341312 -0.141008 0.424102 -1.32428 -0.896329 0.558314 -0.591863 -2.42113 0.0222067 0.177062 -1.08623 -0.25328 -2.16196 0.382087 0.215523 -1.43081 -2.98691 -1.15232 -0.860428 0.520443 -0.0632987 0.288513 0.342101 9.92603 7.12308 -8.53757 -0.253027
 -5.4495e-05 4.3065 -0.156939 -6.69048e-05 4.03155 -0.526429 0.000100457 0.227399 -1.12769 -45.0458 26.6767 -110.631 -6.3999e-06 0.0519 -0.000477746 -1.24935e-05 0.161057 -0.00122451 -4.20181e-07 0.14379 -0.00836223 9.79193e-06 -0.198229 0.00431908 2.79249 5.11347 -0.702608 0.559941 3.9665 -1.63051 1.14267 1.09581 -1.4496 2.20898 2.81361 -1.82195 0.754495 0.21288 -0.0128301 2.99203 -0.533897 -0.0221399 1.57981 0.350049 -0.0526443 0.25454 0.399261 -0.109579 -0.303212 1.15018 0.820334 -0.717366 -0.320048 -0.441331 0.732457 -0.992946 1.05477 0.825139 1.05109 -0.966237 -0.0838051 0.00649285 -0.620434 -0.0811537 0.0521944 -1.47454 -0.0874505 0.0280671 -0.00421168 -3.223e-05 0.502384 -0.0152329 0.153203 0.150318 -0.453784 0.547563 0.119255 -1.32431 0.0229839 0.0233559 -0.0767813 0.181899 -2.40191 0.0520967 0.239911 -0.0178389 0.205431 0.0101883 0.00408352 -0.0143492 0.472315 -0.990571 -0.720059 1.0762 5.12488 3.55104 -2.76813 -1.88752 0.650103 0.413576 -0.141517 0.120337 1.30135 -0.273497 -1.88783 -0.0293983 1.57873 0.978194 -0.582788 0.293292 -0.116203 -0.0687316 -0.225814 -0.181754 0.280694 0.514315 -0.394277 0.0144572 0.435185 -0.185955 0.275242 0.138124 0.122433 0.324746 0.626539 -0.000908234 -0.0914643 0.366172 -0.827514 0.224353 -0.0421697 -0.16844 -0.266031 -0.660222 0.0286952 -0.345365 -0.49616 -0.422238 -0.339382 -0.0766204 -0.445697 -0.181889 -0.109212 -0.0829832 -0.266865 -0.38321 -0.12856 -0.351761 -0.501007 -0.122436 -0.0153484 -0.444885 -0.573965 -0.372757 -0.278574 -0.234806 -0.228007 0.192268 -0.0400828 -0.108357 -0.181088 -0.181086 3.62895 -1.02919 0.428131
 0.000236188 -18.6757 0.6806 0.000289911 -17.4752 2.28187 -0.000434528 -0.983461 4.87701 188.939 -110.631 479.981 2.70509e-05 -0.218998 0.00207106 5.36517e-05 -0.689579 0.005273 1.82128e-06 -0.616218 0.0358499 -4.22468e-05 0.864254 -0.0188401 -12.1167 -22.1391 3.0423 -2.42654 -17.1637 7.05549 -4.98926 -4.73214 6.26176 -9.60714 -12.1527 7.87191 -3.26269 -0.906194 0.0552411 -12.9912 2.33479 0.0960817 -6.85165 -1.48387 0.225947 -1.09251 -1.7206 0.472178 1.30634 -5.00686 -3.48589 3.0784 1.41452 1.94838 -3.21456 4.35662 -4.58812 -3.61621 -4.53129 4.18773 0.355523 -0.0276138 2.71389 0.329168 -0.228091 6.46546 0.377382 -0.121117 0.0185992 0.000139447 -2.1726 0.0659163 -0.660636 -0.650086 1.96243 -2.41825 -0.52405 5.81949 -0.10622 -0.105527 0.346877 -0.791964 10.5354 -0.228679 -1.04146 0.0774337 -0.891046 -0.0439572 -0.0174707 0.0617613 -2.04625 4.28926 3.12655 -4.62403 -22.1654 -15.403 12.0404 8.15042 -2.80706 -1.98417 0.620806 -0.436661 -5.63769 1.19469 8.15176 0.0813374 -6.91469 -4.33138 2.67448 -1.27992 0.474977 0.280744 0.976374 0.790103 -1.21462 -2.24878 1.74265 -0.0678506 -1.8975 0.829274 -1.20396 -0.604123 -0.522052 -1.40728 -2.69861 -0.00714098 0.431725 -1.64313 3.64517 -1.02178 0.197581 0.735768 1.14388 2.89266 -0.125873 1.52297 2.15774 1.81356 1.46559 0.332711 1.92055 0.798197 0.480142 0.353626 1.15927 1.68007 0.555809 1.51701 2.17576 0.531824 0.0872629 1.91826 2.47919 1.62548 1.23369 1.0262 0.994047 -0.83618 0.173783 0.464264 0.774221 0.668361 -15.7497 4.53534 -1.84662
 1.57039e-09 -0.000138492 5.8866e-06 -1.2888e-09 5.5604e-05 -6.52504e-06 3.80317e-09 1.03334e-05 -5.21271e-05 -1.11634e-05 -6.3999e-06 2.70509e-05 1000 2.36451e-05 -6.1742e-06 -2.06636e-09 2.70757e-05 3.02661e-07 -2.1981e-10 1.735e-05 -6.54838e-07 -8.25317e-10 2.50955e-05 -1.87728e-07 -0.000220526 -0.000586699 8.11994e-05 -1.27435e-05 -0.000220868 9.16593e-05 -3.65804e-05 4.01491e-05 -5.02613e-05 -8.09889e-05 6.4985e-05 -3.63544e-05 8.40831e-05 8.3915e-06 2.96964e-07 -0.000187112 6.84354e-05 3.14637e-06 1.66243e-05 8.47631e-05 -4.78956e-06 2.32104e-05 2.43514e-05 -5.87162e-06 6.66268e-05 -9.24543e-06 -0.000128105 6.89865e-05 -2.75034e-06 4.98797e-05 3.82954e-05 -5.62066e-05 0.00014966 -3.88975e-05 -1.99577e-05 2.17504e-05 -1.59898e-05 1.05688e-06 -2.22451e-05 9.0191e-06 2.41592e-06 -8.14192e-05 -1.40356e-06 4.37603e-07 -2.18862e-07 -2.19777e-09 3.88417e-05 -2.3077e-07 7.95917e-06 5.1521e-06 -1.59613e-05 3.00086e-05 7.61183e-06 -8.73618e-05 4.38866e-06 4.01321e-06 -1.37393e-05 -2.98409e-05 1.16002e-05 -2.01809e-06 -1.78879e-05 1.35778e-06 1.7767e-06 -1.22242e-06 7.40612e-08 1.15547e-06 -7.89881e-05 -0.000196598 -3.73236e-05 8.54465e-05 3.81548e-06 -2.18569e-05 -2.85357e-05 2.24387e-05 -0.00016456 -1.70604e-05 1.07964e-05 0.000361174 -2.59226e-05 -0.000311147 3.76042e-05 0.000163666 0.000178437 1.17469e-05 4.65325e-05 -1.65241e-05 -6.53404e-05 4.52152e-05 7.93772e-05 -5.26724e-05 -2.42473e-05 -7.22878e-05 -2.50421e-05 2.69108e-05 1.03684e-05 2.94537e-05 3.58265e-05 -7.96579e-06 -1.49498e-05 -8.05319e-06 -2.8736e-05 -3.41228e-05 -5.50611e-05 -3.30844e-05 -3.3069e-05 -4.52401e-05 -8.86861e-06 1.80508e-05 3.2365e-05 1.9268e-05 2.84149e-05 4.22281e-05 4.29782e-05 1.09281e-05 -3.10838e-05 -4.42505e-05 -2.99916e-06 1.34117e-05 1.71064e-05 -2.64921e-05 -3.90009e-06 -7.37625e-06 2.72165e-06 1.86185e-05 -1.64043e-05 4.3752e-06 6.82531e-05 7.05856e-05 2.45906e-05 -1.33575e-05 -5.38111e-06 -1.72316e-06 -2.50288e-06 -1.36931e-05 6.1784e-06 1.21865e-05 4.8618e-05 3.72581e-05 -0.000633964 0.000465038 -2.87719e-05
 -1.08581e-05 0.937295 -0.0407477 1.12256e-05 -0.508584 0.060554 -2.84676e-05 -0.0772475 0.390203 0.0905634 0.0519 -0.218998 2.36451e-05 999.819 -0.0952868 1.49385e-05 -0.204106 -0.00212222 6.59726e-07 -0.122453 0.00446733 4.71904e-06 -0.179251 0.00108529 1.89404 4.42771 -0.616491 0.0794249 1.5578 -0.647388 0.347728 -0.262845 0.324922 0.841357 -0.255331 0.119344 -0.706883 -0.0681465 -0.00210609 1.14329 -0.470732 -0.022333 -0.0775631 -0.733892 0.0410308 -0.184444 -0.197892 0.0481083 -0.511739 0.221655 0.988101 -0.57094 -0.0278997 -0.323254 -0.212603 0.314981 -1.23446 0.417803 0.141861 -0.199569 0.0989558 -0.00622047 0.190942 -0.0189481 -0.0196408 0.61186 0.00897701 -0.00278902 0.00179721 1.59692e-05 -0.287765 0.00140326 -0.0620752 -0.0383959 0.119014 -0.254013 -0.0627383 0.719587 -0.0340948 -0.026974 0.0931504 0.322101 -0.502293 0.02763 0.126273 -0.00978508 -0.0260043 0.00932027 -0.000764964 -0.00860884 0.759213 1.68316 0.331293 -0.678064 0.0457304 0.261468 0.28323 -0.0699867 1.09552 0.140083 -0.0624353 -2.54706 -0.162677 2.19535 0.14816 -1.23179 -1.44963 -0.205807 -0.0374134 0.170423 0.54414 -0.238758 -0.584815 0.26623 0.376755 0.558764 0.275019 -0.233553 -0.0184232 -0.102248 -0.188647 0.104695 0.173668 0.106448 0.258413 0.283233 0.408105 0.24893 0.223107 0.29493 0.0260902 -0.196369 -0.319454 -0.221604 -0.20431 -0.347276 -0.364922 -0.177849 0.110901 0.222299 -0.0170618 -0.0735136 -0.0763279 0.13362 -0.0133004 -0.0319427 -0.0151363 -0.187521 0.0793881 -0.0891767 -0.562184 -0.68079 -0.352762 0.0128979 -0.018392 -0.0353582 -0.0241487 0.156279 -0.0590099 -0.0867102 -0.358508 -0.276499 4.31899 -3.19948 0.190689
 1.02134e-07 -0.0062175 0.000227229 1.50816e-07 -0.00502954 0.000657249 -8.8462e-08 -0.00021027 0.00104289 -0.000698199 -0.000477746 0.00207106 -6.1742e-06 -0.0952868 0.81392 2.27883e-07 -0.00274038 1.27945e-05 4.87303e-08 -0.00203947 0.000115173 1.13584e-07 -0.00259009 5.9224e-05 -0.00457009 -0.00817638 0.00112584 -0.000833475 -0.00639333 0.00262818 -0.00189287 -0.00179383 0.00237506 -0.00323764 -0.00310891 0.0020431 -0.0017639 -0.000982223 3.52838e-05 -0.00709572 0.000509346 5.41093e-05 -0.00283606 -0.00130547 0.000137588 -0.000773964 -0.00149006 0.00039617 -0.000259165 -0.00125383 -0.00155875 0.00114248 1.57432e-06 -0.000180966 -0.000962149 0.00134638 -0.00119572 -0.00120423 -0.00120687 0.00120113 -4.60914e-05 2.74031e-06 0.000614307 -0.000114564 -1.36926e-05 0.000504688 3.42467e-05 -1.08943e-05 1.32578e-08 1.70208e-07 -0.0028253 7.9576e-05 -0.000361121 -0.000285908 0.000864882 -0.000375913 -0.000129306 0.00140845 -0.000192109 -0.000268765 0.000871288 -0.00099572 0.00857445 -0.000184932 -0.000231064 1.69084e-05 -3.24587e-05 -4.38469e-06 1.93276e-06 2.47114e-06 -0.000870455 0.000964945 -0.000140212 -0.00111501 -0.000175208 0.000149549 5.29847e-05 3.23308e-05 -0.00070777 -0.000822278 0.000560146 0.00219874 0.000362595 -0.00182926 -0.000765455 0.000335524 0.000741744 0.000132682 8.62732e-05 -0.000350867 -0.000423256 0.000267354 0.000683164 -0.000161795 -0.000752378 -0.000862904 -0.0001124 0.000468713 8.81463e-05 -0.000195824 -0.000249493 -0.000364774 -0.00032057 -0.000189258 -0.000301623 -0.000348251 -0.000276541 -5.86383e-05 -7.21483e-05 -0.000362721 -3.73149e-07 0.000191018 0.000329502 0.000199927 0.000130766 0.000331711 0.000345477 7.64548e-05 -0.00019563 -9.41757e-05 0.000192887 0.000136917 3.8057e-05 -5.75807e-05 0.000104907 0.00017113 0.000133095 0.000250092 0.000136843 0.000189434 0.000434182 0.00063361 0.000546048 0.000172719 0.000130473 9.30924e-05 8.56671e-05 -0.000279932 6.51904e-05 3.53425e-05 0.000141393 -0.000182877 -0.00339595 0.00261772 -0.000134156
 1.66518e-09 -0.000149257 5.89687e-06 6.32383e-10 -4.78867e-05 6.7321e-06 2.58502e-09 6.42611e-06 -3.2212e-05 -2.20374e-05 -1.24935e-05 5.36517e-05 -2.06636e-09 1.49385e-05 2.27883e-07 1000 2.37217e-05 -9.2605e-06 -5.71866e-10 1.75467e-05 -7.65154e-07 -9.1788e-10 1.91044e-05 -2.05881e-07 -0.00012635 -0.000183081 2.61006e-05 -1.61217e-05 -0.000201635 8.33519e-05 -5.49626e-05 4.25263e-07 1.34e-06 -9.23978e-05 -2.24346e-05 1.76858e-05 3.61881e-05 6.93117e-06 3.65306e-08 -0.000101382 3.6768e-05 1.51421e-06 -6.04761e-05 7.21399e-05 -3.12094e-06 1.46458e-05 1.57885e-05 -3.65619e-06 6.3967e-05 -5.47632e-05 -0.000125524 7.90335e-05 -3.06313e-06 6.74779e-05 2.81084e-06 -8.14298e-06 7.92394e-05 -4.97225e-05 -5.00816e-05 4.5882e-05 -1.03793e-05 7.26844e-07 -1.69036e-05 1.0062e-05 8.52383e-07 -3.66159e-05 -2.76756e-06 8.64953e-07 -5.86331e-08 -1.66483e-09 2.82479e-05 -2.28252e-07 4.82395e-06 3.97075e-06 -1.21633e-05 7.04902e-06 2.28628e-06 -2.80197e-05 2.46984e-06 4.85468e-06 -1.62832e-05 3.00537e-05 -0.00021647 4.81213e-06 -4.61848e-06 3.46823e-07 -5.91668e-07 -1.17997e-06 1.75084e-07 1.01151e-06 -8.07218e-05 -0.000160532 -3.92567e-05 9.0985e-05 8.42831e-05 5.50699e-05 -1.29498e-05 -4.90789e-05 -0.00020617 3.79483e-05 4.47142e-05 0.00052366 -0.000230475 -0.000194671 -6.87776e-05 0.000185542 0.000228098 -0.000156462 9.44207e-05 -5.01466e-05 -7.43733e-05 -1.68956e-05 1.2374e-05 2.27634e-05 -4.83875e-05 9.56385e-06 -2.78682e-05 7.04585e-07 -4.73663e-05 -2.1035e-05 1.10063e-05 -7.17671e-06 -1.4716e-05 -2.381e-05 -4.05869e-05 -2.88712e-05 -4.15313e-05 -3.41568e-05 -3.12605e-05 -1.58727e-05 -2.98371e-05 1.44773e-05 2.08297e-05 1.09091e-05 1.46656e-05 9.92284e-06 2.67694e-05 4.63775e-06 -3.58313e-07 -2.26087e-05 -9.43963e-06 -1.76847e-05 2.52709e-05 -5.18009e-07 1.60717e-06 1.42116e-06 1.6462e-05 6.76301e-05 -2.47818e-06 1.40023e-05 8.71387e-05 4.96992e-05 1.69517e-05 2.01511e-06 6.48771e-06 8.1321e-06 5.48783e-06 -9.06728e-06 6.04113e-06 1.33971e-05 4.88286e-05 2.18118e-05 -0.000507965 0.000361144 -2.49792e-05
 -1.6963e-05 1.51533 -0.0620526 -1.21476e-06 0.193787 -0.0323078 -3.3035e-05 -0.0813231 0.409879 0.28551 0.161057 -0.689579 2.70757e-05 -0.204106 -0.00274038 2.37217e-05 999.685 -3.80448 3.80732e-06 -0.187173 0.00796751 7.66621e-06 -0.225931 0.00230218 2.26847 2.88518 -0.416821 0.141271 2.18927 -0.907494 0.971272 -0.069311 0.0548152 1.81327 0.348209 -0.290338 -0.692263 -0.0918128 -0.000808437 0.699836 -0.37746 -0.0176934 0.776414 -1.13101 0.0525257 -0.213336 -0.231896 0.0554273 -0.697179 0.986912 1.36532 -0.960752 -0.0776271 -0.59367 0.0481162 -0.0293719 -1.29964 0.914211 0.551247 -0.623022 0.065347 -0.0038839 0.315049 -0.00943199 -0.0163766 0.52116 0.0261727 -0.00813279 0.00144361 1.94111e-05 -0.341348 0.00230238 -0.071692 -0.0492183 0.150925 -0.182381 -0.0491061 0.582029 -0.0381638 -0.0537902 0.181403 -0.0194077 1.12396 -0.0131072 0.0463705 -0.00399793 -0.025846 0.0161345 -0.00153889 -0.0146873 1.24901 2.44183 0.582239 -1.14939 -0.685855 -0.293493 0.330775 0.620277 2.10533 -0.222375 -0.418689 -6.18224 2.2144 3.02503 1.58548 -2.05372 -3.64979 1.06623 0.385331 0.256142 0.987694 0.254651 -0.161583 -0.366812 0.560829 0.33478 0.343616 -0.00315386 0.486769 0.427601 -0.0153998 0.178572 0.236759 0.338038 0.565558 0.417476 0.528218 0.335077 0.391152 0.139647 0.360303 -0.157275 -0.428375 -0.256201 -0.246425 -0.245023 -0.417809 -0.208807 -0.105772 0.115471 0.082992 0.201995 -0.262632 -0.263339 -0.0477902 -0.0121387 -0.207823 -0.919209 -0.202933 -0.269658 -1.18975 -1.0193 -0.636457 -0.264645 -0.214837 -0.207619 -0.161909 0.236517 -0.0950094 -0.172132 -0.586293 -0.257196 5.42023 -3.54267 0.314658
 1.85909e-07 -0.0127323 0.000489958 2.02235e-07 -0.00729736 0.000979376 4.83009e-09 8.92059e-05 -0.000466545 -0.00166742 -0.00122451 0.005273 3.02661e-07 -0.00212222 1.27945e-05 -9.2605e-06 -3.80448 0.833172 2.00748e-08 -0.00143986 9.10427e-05 5.42374e-08 -0.00161189 4.75749e-05 -0.0133089 -0.0178915 0.00254646 -0.00183831 -0.0152722 0.00630713 -0.00611985 -0.0017421 0.00245655 -0.010832 -0.00507948 0.00357194 0.000787164 -0.000415428 3.34365e-05 -0.00911247 0.0016861 0.000116394 -0.00696549 0.00223435 6.89067e-06 -0.000441326 -0.000962756 0.000286594 0.00253391 -0.0056639 -0.00716532 0.00517634 0.000237423 0.00231684 -0.00140991 0.00181149 0.00318424 -0.00504585 -0.00381477 0.00402858 -0.000266586 1.55306e-05 -0.000633019 2.58256e-05 3.33827e-05 -0.0011264 -8.11711e-06 1.69653e-06 1.62337e-06 1.27956e-07 -0.00193538 8.15508e-05 -0.000222817 -0.000122279 0.000364148 0.000131332 -1.70875e-05 8.9775e-06 -0.00021797 -0.000230148 0.000723366 -0.000593773 0.00167923 -7.86607e-05 -0.000354298 2.82839e-05 -1.56051e-05 -7.18209e-05 7.65537e-06 6.45708e-05 -0.00590374 -0.00908985 -0.00336028 0.00363518 0.00348744 0.00192978 -0.00159599 -0.00281442 -0.00922175 -0.000467075 0.00344315 0.0278812 -0.00987568 -0.0137627 -0.00765637 0.00867859 0.0162334 -0.00483779 -0.00179713 -0.00130701 -0.00447676 -0.00109147 0.000934282 0.0017229 -0.00294255 -0.00196518 -0.00147992 0.000230928 -0.0021163 -0.00214211 -0.000257703 -0.00105239 -0.00124433 -0.00164175 -0.0026578 -0.00201292 -0.00234671 -0.00136768 -0.00165169 -0.000760609 -0.00157369 0.000754259 0.00202839 0.00121695 0.00112863 0.00121502 0.00196854 0.000891648 0.000354169 -0.000436371 -0.000153438 -0.000763382 0.00118368 0.00122358 0.000320212 0.000200101 0.00105081 0.00419664 0.00111805 0.00133596 0.00533599 0.00471991 0.00314361 0.00136798 0.00108501 0.00100602 0.00080188 -0.00122248 0.000447471 0.000740768 0.0024899 0.000699068 -0.0245426 0.0161776 -0.00140347
 2.3203e-10 -5.8533e-05 2.11244e-06 5.88592e-10 -4.31104e-05 5.57142e-06 7.3383e-10 3.4003e-06 -1.67593e-05 -4.38558e-06 -4.20181e-07 1.82128e-06 -2.1981e-10 6.59726e-07 4.87303e-08 -5.71866e-10 3.80732e-06 2.00748e-08 1000 9.16413e-06 -3.4943e-06 -9.23573e-10 1.03347e-05 -2.47458e-07 7.51383e-05 -9.31382e-05 1.10865e-05 -4.81633e-06 -8.54127e-06 3.35706e-06 4.50245e-05 2.80783e-06 -5.27833e-06 5.91283e-05 -0.000133283 8.01785e-05 -2.93865e-05 3.76199e-06 5.7186e-08 -5.40634e-05 8.964e-06 1.92451e-07 1.68631e-05 -2.99534e-05 1.88407e-06 -1.13914e-06 -8.15733e-07 3.51714e-07 2.20569e-05 5.02976e-06 -4.85684e-05 2.38738e-05 -2.71773e-05 3.47754e-05 4.3212e-05 -6.2015e-05 -2.20246e-05 4.00138e-05 -1.03243e-05 -7.23969e-06 -2.98851e-06 2.52758e-07 9.57408e-06 1.76631e-05 -9.14977e-07 1.03333e-05 -1.83081e-06 5.8879e-07 9.42544e-08 -5.69629e-10 6.55403e-06 -2.04158e-07 -1.67526e-07 1.00287e-06 -3.05332e-06 -9.06761e-06 -1.33534e-06 1.51665e-05 4.05334e-06 6.16553e-06 -2.01049e-05 5.83096e-05 -0.000274378 7.14624e-06 -6.48616e-06 4.28389e-07 -2.79237e-06 -6.29837e-07 4.47531e-08 5.88963e-07 1.73303e-05 -9.01377e-05 -4.32448e-05 5.68981e-05 0.000133291 0.000119224 1.50254e-05 0.000280724 -0.000176974 -0.000143557 -4.98703e-05 4.15685e-05 -6.78385e-05 5.5305e-05 1.15219e-05 -1.78878e-05 2.40923e-05 1.77143e-05 2.24841e-05 -1.42591e-05 2.94356e-06 -1.80809e-05 -1.64503e-05 -2.30525e-05 -2.01784e-05 -2.30298e-06 2.30397e-05 -3.95073e-06 3.63867e-06 1.69929e-05 9.72632e-06 1.36845e-07 -2.49559e-05 -1.48527e-05 1.05608e-06 -1.33544e-05 -1.31163e-05 -1.22474e-05 8.35501e-06 -1.06099e-05 3.82072e-06 -2.76464e-06 -1.64727e-06 -9.40877e-06 -5.75231e-06 -1.62806e-05 -1.38516e-05 -3.91242e-07 -1.67327e-05 -3.0348e-05 -8.27574e-06 2.78237e-05 2.1717e-05 2.80614e-06 1.35541e-05 1.57144e-05 -1.12234e-05 1.72514e-05 3.60685e-06 -1.16955e-05 -1.18288e-05 -1.74322e-05 -2.52118e-05 -4.31287e-06 -9.29721e-07 -5.26566e-07 -2.21886e-06 2.12794e-05 -1.45581e-06 4.95387e-06 1.09295e-05 -8.18255e-06 -0.000256609 0.000148686 -1.80782e-05
 -3.32312e-05 1.86315 -0.0733579 -2.78151e-06 0.413715 -0.0579035 9.85074e-07 0.0286275 -0.141438 0.142244 0.14379 -0.616218 1.735e-05 -0.122453 -0.00203947 1.75467e-05 -0.187173 -0.00143986 9.16413e-06 996.108 -55.2889 1.45165e-05 -0.361765 0.00775471 -0.31929 3.94192 -0.519338 0.0487877 0.417685 -0.174614 -0.463145 -0.238196 0.322332 0.685408 3.07412 -1.9335 0.0220817 -0.109223 -0.0022308 -0.286081 0.00649798 -0.00356194 -0.510765 0.0832718 -0.00781793 -0.108125 -0.122472 0.0272234 -0.460431 0.527281 1.18181 -0.749843 0.529121 -1.26161 -0.896353 1.32214 -0.668063 -0.467059 0.160107 0.0856112 0.000164217 0.00268921 -0.418922 -0.499702 0.0151051 0.0620227 0.0236657 -0.00789452 -0.00141072 1.52516e-05 -0.259175 0.00500051 -0.112659 -0.0877547 0.267811 -0.114821 -0.0331906 0.377361 -0.166844 -0.140756 0.46469 -0.903066 3.66963 -0.0678042 0.251062 -0.0180097 0.0694342 0.0348422 -0.00393431 -0.0311037 0.286103 4.1472 1.98039 -0.9364 -4.07013 -4.80842 -12.9894 9.41188 -0.00781523 2.37823 0.787629 -0.973247 -1.93995 2.22752 1.02049 0.137029 0.369218 -2.14117 -0.168508 0.78092 1.04113 0.36857 0.4522 0.79514 0.854805 0.424852 -0.0976812 0.0646629 0.723742 -0.0946552 0.12585 0.497632 1.25319 1.39875 -0.373638 0.332794 0.586616 0.491932 0.15247 -0.0967991 0.182596 0.0412616 -0.0326494 -0.245089 0.189677 0.396338 0.338034 0.245378 0.256177 0.591087 -0.00254712 -0.540383 -0.410922 -0.865759 -0.44512 -0.221526 -0.000828193 0.083618 -0.496818 0.21143 -0.113395 -0.912462 -0.698706 -0.999503 -0.486379 -0.314132 -0.133243 -0.418539 -0.0146932 -0.171406 -0.320334 0.024282 9.12813 -5.30157 0.638731
 1.93608e-06 -0.110081 0.0043151 2.82122e-07 -0.0274705 0.00380266 -1.49854e-07 -0.00170073 0.00840461 -0.00783929 -0.00836223 0.0358499 -6.54838e-07 0.00446733 0.000115173 -7.65154e-07 0.00796751 9.10427e-05 -3.4943e-06 -55.2889 3.95904 -8.84541e-07 0.0199929 -0.000427905 0.0157187 -0.225313 0.0297036 -0.00302216 -0.027024 0.01127 0.0251559 0.0117613 -0.0159897 -0.0407088 -0.175933 0.110699 -0.00200719 0.00460961 0.000162779 0.0127979 -0.00034661 0.000222687 0.026446 -0.00709762 0.000637853 0.00487848 0.00527189 -0.00109719 0.0251944 -0.0305406 -0.0669959 0.0426854 -0.0291182 0.0709487 0.0497865 -0.0734887 0.0362628 0.0255682 -0.00967898 -0.00411439 2.37963e-05 -0.000153175 0.0245307 0.0281592 -0.000887158 -0.00241024 -0.00144989 0.000482062 4.22315e-05 -7.62833e-07 0.0132771 -0.000246045 0.00590208 0.00461182 -0.0140812 0.00561858 0.00171981 -0.0195826 0.00832084 0.0073008 -0.0240939 0.0527299 -0.200997 0.00369442 -0.0142329 0.00102081 -0.00356358 -0.00195798 0.000222108 0.00174687 -0.0165158 -0.22882 -0.113548 0.0455971 0.231628 0.28616 0.72953 -0.53408 0.00253036 -0.135492 -0.0468649 0.0552805 0.109642 -0.125968 -0.0579039 -0.00812163 -0.0213109 0.120522 0.00933763 -0.0441081 -0.0587887 -0.0207667 -0.0254021 -0.0448018 -0.0484664 -0.02429 0.00541395 -0.00359871 -0.0408428 0.00509207 -0.0074215 -0.0282746 -0.0707116 -0.0788776 0.0208356 -0.018903 -0.0330834 -0.0276774 -0.00865683 0.00527829 -0.0103762 -0.00237508 0.00182626 0.0137517 -0.010729 -0.0222864 -0.0190036 -0.013929 -0.0145716 -0.0332414 0.000225689 0.0303298 0.0229606 0.0486312 0.0249869 0.0124215 6.97709e-05 -0.00474553 0.0279916 -0.0118807 0.00634021 0.051379 0.0394672 0.0562508 0.0273366 0.0176308 0.00745769 0.0234051 0.00085041 0.009604 0.0178831 -0.00167838 -0.513728 0.298746 -0.0358884
 7.97036e-10 -9.39748e-05 3.40987e-06 4.55881e-10 -3.4472e-05 4.40473e-06 8.61584e-10 3.60391e-06 -1.77986e-05 1.88775e-05 9.79193e-06 -4.22468e-05 -8.25317e-10 4.71904e-06 1.13584e-07 -9.1788e-10 7.66621e-06 5.42374e-08 -9.23573e-10 1.45165e-05 -8.84541e-07 1000 2.0003e-05 -4.81747e-06 0.000117583 -0.000348616 4.40998e-05 -6.25263e-06 -3.87635e-05 1.56907e-05 0.000109208 0.000118275 -0.00015619 0.00016681 -3.24499e-05 1.35782e-05 -2.91767e-05 1.62409e-06 2.55753e-07 -0.000103362 1.95319e-05 6.23035e-07 8.71938e-05 -6.59428e-05 2.82709e-06 -1.35043e-06 -1.83965e-06 7.93257e-07 1.9935e-05 4.89978e-05 -4.15016e-05 8.8711e-06 -5.23955e-05 6.49266e-05 0.000102182 -0.000145669 -3.1279e-05 9.8892e-05 -3.2745e-06 -3.20486e-05 -8.45827e-06 6.55478e-07 1.58117e-05 1.52119e-05 -7.33106e-07 7.5143e-06 -1.59673e-06 5.05192e-07 1.12604e-07 -7.7601e-10 1.0644e-05 -4.43014e-07 3.40956e-08 1.34749e-06 -4.00399e-06 -1.18722e-05 -1.36987e-06 1.56413e-05 7.2572e-06 7.80791e-06 -2.57059e-05 5.54147e-05 -0.00021318 6.10621e-06 -1.68421e-05 1.16438e-06 -5.14492e-06 -1.05519e-06 1.34187e-08 1.04787e-06 3.87575e-05 -2.92908e-05 -2.4294e-06 9.40295e-05 0.000130384 0.00010049 -4.90559e-06 9.05546e-05 -0.000159383 -0.000142216 -3.89566e-05 0.000226141 -3.83774e-05 -0.000164146 0.000105201 5.32177e-05 0.000165376 -5.41794e-05 0.000143227 -4.52051e-05 1.68274e-07 1.36883e-05 4.62862e-06 1.66942e-06 3.85728e-05 8.39406e-05 8.22215e-06 -1.85478e-05 -3.96226e-05 5.71277e-05 1.87759e-05 2.66715e-05 1.38075e-05 4.90297e-06 6.83762e-06 1.99409e-06 -1.37952e-06 -1.22336e-05 7.35072e-06 -3.09336e-05 -2.8492e-05 -4.31891e-05 -4.33422e-05 -1.61725e-05 6.79717e-06 -1.72269e-05 -9.14489e-06 -1.71248e-05 -6.24367e-05 -9.53258e-05 -3.27983e-05 3.5867e-05 1.6361e-05 -8.08065e-06 -1.46946e-06 -3.1879e-06 -1.98042e-05 -1.1113e-05 -1.58751e-06 -5.62814e-05 -5.44326e-05 -4.89794e-05 -6.06955e-05 -2.49484e-05 -2.03709e-05 -1.84989e-05 -1.83743e-05 4.62787e-05 -2.92304e-06 6.17756e-06 8.37932e-06 -1.1184e-05 -0.000432897 0.000237022 -3.26313e-05
