 1000 0.00264587 -0.000558519 -9.65801e-10 -0.000135186 0.000109011 -2.30389e-06 -2.10781e-07 1.99646e-06 -7.74698e-05 -4.47993e-06 0.00010295 3.01457e-10 -1.41891e-05 1.88589e-07 -2.51629e-10 -6.08555e-06 4.50517e-07 -9.3785e-10 -1.87968e-05 8.31576e-06 -6.16178e-10 7.74203e-06 -1.50614e-06 1.83651e-05 -0.000307128 7.76058e-05 -5.41707e-05 -0.000206409 0.000232774 -6.94811e-06 -1.52744e-06 5.43551e-06 8.77273e-05 -8.9363e-05 0.000138722 -7.35484e-05 -5.96029e-06 9.48641e-07 -0.000130061 1.36727e-05 1.24737e-06 -1.63468e-05 -8.19621e-05 1.1193e-05 -4.20602e-06 -1.03983e-05 1.64616e-05 7.36767e-05 -6.05486e-05 -0.000276463 0.000225411 -6.80569e-05 7.63272e-05 0.0001105 -0.00013749 -5.04444e-05 1.23684e-05 -5.26412e-05 5.47571e-05 -3.76166e-06 3.25251e-07 2.33677e-05 3.94053e-06 -2.54689e-07 5.71597e-06 -4.53026e-06 1.31469e-06 7.68309e-07 -1.40304e-10 -3.95807e-06 1.522e-06 3.34017e-06 1.08717e-07 -4.43026e-06 9.55955e-06 7.72841e-07 -1.9773e-05 2.3317e-06 1.53782e-06 -1.32117e-05 -9.81841e-06 -0.000346261 2.74476e-05 7.08576e-06 -8.57976e-07 -9.3326e-06 -1.68628e-06 -7.49609e-07 2.45551e-06 9.24471e-06 -0.000107209 -0.000158598 -0.000221948 -0.000103977 -3.65902e-06 0.000160456 0.000444881 -0.000237054 -0.00010637 -7.56255e-05 5.94036e-05 -5.86403e-05 -3.04282e-06 8.55643e-05 0.000115872 4.88385e-05 -6.45628e-05 -0.000148608 0.000221111 -0.000129817 2.0153e-05 -2.82149e-05 -2.06295e-05 1.12432e-05 3.92148e-05 1.50962e-05 -1.92771e-05 5.00867e-05 -4.0181e-05 1.3965e-05 -3.28281e-06 -3.40205e-06 1.53093e-05 1.00416e-05 -8.1761e-06 -1.4019e-05 0.000158498 -0.000115144 7.89356e-05 -1.30288e-06 1.57181e-05 2.67013e-05 7.13596e-06 2.93779e-05 -2.79742e-05 2.69609e-05 1.52618e-05 2.52868e-05 -2.3546e-05 -7.70867e-05 4.71609e-05 2.20456e-05 3.08891e-06 6.79518e-06 -2.99057e-05 3.99644e-05 3.68979e-05 -1.49066e-06 3.20588e-05 1.20033e-05 -4.40621e-05 -7.47012e-06 -2.80057e-05 1.18503e-06 2.37041e-06 4.41239e-06 3.57622e-07 -3.44234e-07 1.86765e-05 3.43607e-05 3.30379e-05 -0.000608455 7.99647e-05 -5.16589e-05
 0.00264587 486.398 -101.541 0.000140643 27.7742 -22.3943 0.476209 0.173387 -2.78594 15.2925 1.12884 -26.2573 -8.59528e-05 2.51721 -0.0233788 -5.06119e-05 2.25184 -0.119839 2.48733e-05 1.53023 -0.680997 2.21518e-05 0.1564 -0.0463578 16.8204 35.7994 -9.38312 6.10204 23.6626 -26.7062 13.2886 2.22309 -9.51533 9.02945 14.6363 -24.4666 7.84408 1.19689 -0.142488 19.2171 -2.23005 -0.184337 9.91424 7.44606 -1.21448 1.31335 2.67191 -4.2758 1.97447 8.21575 14.4844 -13.75 2.00217 -3.58292 1.25962 -1.13947 6.77911 2.80367 7.89975 -10.9755 0.644462 -0.0562973 -1.74934 2.22114 -0.00282109 -2.42326 0.375271 -0.106358 -0.122362 -2.21738e-05 1.20448 -0.427703 0.289513 0.0200165 -0.437744 -0.841113 -0.0259787 0.947085 -0.0349652 -0.11503 0.954169 -1.38113 3.11584 -0.231326 1.71531 -0.183142 0.500858 0.130544 0.0333496 -0.165279 1.44117 -3.83722 10.1925 18.3889 10.7522 1.98583 -31.1793 17.8967 -8.38201 17.8765 11.8391 -1.06305 -1.451 -2.09692 -4.83282 3.247 3.48277 1.5756 -8.86212 3.37335 -1.19413 0.426972 -1.51862 -1.03093 -0.900215 -1.11368 -0.0391216 1.97892 0.373514 -0.93353 0.000873107 -0.00573714 -0.214561 -1.2068 0.227739 -0.317732 -1.24018 2.99268 -6.01888 2.60158 -0.665908 -0.505879 -1.05722 -3.80467 -1.37706 -2.21348 -1.48754 -1.72396 0.080281 -0.0668239 -0.989568 -1.80274 -2.0616 -0.52579 -0.370171 -2.17622 0.0891313 -1.77432 -3.38487 -0.624334 -0.0597153 -2.02939 -0.404203 -1.13298 -1.07136 -1.001 -1.04569 0.453924 -0.225425 -2.16338 -4.98066 -5.11092 89.4652 -37.0948 4.56386
 -0.000558519 -101.541 22.3331 -2.97383e-05 -5.85932 4.72436 -0.104289 -0.0377362 0.608855 -3.22486 -0.238183 5.54033 1.88982e-05 -0.547641 0.0049692 1.09611e-05 -0.487094 0.0258416 -5.28133e-06 -0.336644 0.149686 -4.64589e-06 -0.0449078 0.0123081 -3.54242 -7.54221 1.97681 -1.28927 -4.986 5.62733 -2.79516 -0.472257 2.01929 -1.90208 -3.08562 5.15794 -1.65746 -0.262165 0.0304866 -4.04768 0.459947 0.0388996 -2.09298 -1.58271 0.25774 -0.281489 -0.56918 0.910938 -0.418055 -1.7287 -3.04772 2.89326 -0.423263 0.753889 -0.265849 0.240711 -1.42716 -0.590669 -1.66361 2.31144 -0.136116 0.0118922 0.369809 -0.467506 0.000532924 0.51262 -0.0788378 0.0223416 0.0258408 4.89437e-06 -0.274547 0.0968021 -0.0661243 -0.00446504 0.0991174 0.175277 0.00514273 -0.191588 0.00622125 0.0238721 -0.197991 0.29316 -0.655299 0.0486344 -0.362185 0.0386679 -0.106493 -0.0274844 -0.00701505 0.034791 -0.303344 0.8078 -2.1433 -3.87077 -2.26528 -0.413859 6.56501 -3.77275 1.76611 -3.76246 -2.49063 0.223784 0.305783 0.441149 1.01682 -0.684594 -0.733872 -0.331414 1.86722 -0.711839 0.251911 -0.0902339 0.32002 0.217327 0.189353 0.234327 0.00786704 -0.416429 -0.0790571 0.196692 -0.000192647 0.00116128 0.0453286 0.253697 -0.0479326 0.0670034 0.261335 -0.631568 1.26834 -0.54843 0.14015 0.106374 0.22251 0.801138 0.289831 0.465833 0.312649 0.362543 -0.0173847 0.0137651 0.208974 0.379615 0.434198 0.110412 0.0778071 0.45831 -0.019199 0.373684 0.712307 0.131119 0.0123841 0.427513 0.0847399 0.238541 0.225305 0.210732 0.220114 -0.095549 0.0474403 0.455583 1.04962 1.07601 -18.8613 7.84262 -0.959521
 -9.65801e-10 0.000140643 -2.97383e-05 1000 -0.000920466 0.000744696 -3.90006e-06 -9.4202e-07 2.08986e-05 4.56418e-05 4.01947e-06 -9.04945e-05 6.4984e-10 -1.06502e-05 2.35518e-08 1.36498e-10 -5.51117e-06 2.66755e-07 2.48238e-11 -1.41983e-05 6.14614e-06 1.93042e-10 -1.60557e-05 3.34943e-06 5.60355e-05 3.13079e-05 -8.74141e-06 -4.79574e-06 -1.30635e-05 1.4541e-05 0.000151988 1.41747e-05 -6.71954e-05 0.000201347 -2.54896e-05 2.66223e-05 2.26907e-05 -4.41675e-06 1.26478e-07 7.72199e-06 -5.06744e-08 3.43479e-07 7.63392e-05 -5.75719e-06 -3.11487e-07 -2.59008e-08 9.83468e-07 -1.69965e-06 1.36935e-05 2.36052e-05 -3.96084e-05 2.07315e-05 -3.31436e-05 -2.82037e-05 0.000112587 -0.000129389 3.37559e-05 -2.2753e-05 4.17202e-05 -3.48524e-05 -6.12573e-07 -1.20586e-07 3.66525e-05 -5.44207e-05 3.94683e-06 -8.89472e-05 -5.66278e-06 1.56219e-06 8.25318e-07 2.42182e-10 -2.86129e-05 9.04591e-06 -5.93653e-06 -2.60934e-07 7.5259e-06 -1.45464e-05 -1.43891e-06 3.50572e-05 1.65529e-06 2.12218e-07 -2.20187e-06 -1.24793e-05 -0.000136021 1.05775e-05 2.35042e-05 -2.49323e-06 -8.27314e-07 -5.03543e-07 -3.17804e-07 8.27714e-07 -3.53856e-05 -5.95508e-05 -2.39982e-05 -2.53436e-05 -8.62073e-06 4.64236e-06 7.09754e-05 -7.4531e-06 -4.18376e-05 1.86231e-05 5.45993e-06 -2.03313e-05 1.30048e-05 5.02864e-05 -2.05392e-05 0.000106283 -4.28765e-05 -6.67525e-06 -1.71537e-05 -6.94615e-06 7.20702e-06 4.4533e-06 1.73296e-05 7.07527e-07 2.95106e-05 -1.96272e-05 -4.9041e-06 -1.12587e-06 2.65799e-05 -3.87626e-05 -2.34772e-05 3.93854e-05 4.15575e-05 3.85324e-05 -8.02984e-05 -0.000203134 -7.32285e-05 0.000142746 -2.76922e-05 0.000136008 -1.10426e-05 3.86006e-06 3.08592e-05 2.2929e-05 1.35421e-05 -9.99857e-07 2.38002e-05 -1.05287e-05 5.53815e-05 -5.22246e-05 -0.000119121 -1.25809e-07 -5.99239e-05 7.02572e-05 6.90782e-05 6.52048e-06 -6.73628e-07 -5.78362e-06 -2.05895e-05 6.45854e-05 4.60769e-05 -0.00011018 5.31693e-05 -2.82947e-05 -2.70928e-06 -1.13331e-06 -9.05089e-07 -4.84398e-06 3.79993e-06 -1.52838e-05 -4.85792e-05 -6.30972e-05 0.000487664 -6.01613e-05 4.15934e-05
 -0.000135186 27.7742 -5.85932 -0.000920466 406.964 -326.685 -0.304331 -0.0954393 2.0418 9.84957 0.74994 -17.3819 0.000123401 -2.01249 -0.0067258 3.10199e-05 -0.861781 0.0294323 4.06702e-05 -3.74911 1.62672 6.37145e-05 -3.98287 0.838717 10.8279 21.7805 -5.71971 4.08358 14.9834 -16.9159 14.6263 0.258696 -2.10167 8.62297 9.27296 -15.7058 4.00565 -1.14844 0.00168096 9.81654 -2.67824 -0.082935 6.55996 2.34577 -0.473146 -0.298976 0.0293122 -0.0317116 -1.27578 2.62793 -1.39686 0.13981 2.07817 -3.35373 0.629199 -0.418896 5.59601 1.65647 5.62736 -7.6542 0.339855 -0.0272135 -1.80231 -1.57306 0.251785 -8.51386 -0.745073 0.215695 0.0921355 5.03994e-05 -4.96381 1.56862 -0.779596 -0.0336368 1.02066 -1.67007 -0.114459 3.05933 -0.0242774 -0.0530905 0.451307 -3.48762 -0.785218 0.0818286 2.12927 -0.22597 0.470019 0.060901 0.0146402 -0.0761823 0.798246 -1.52138 1.89391 2.78087 1.31219 2.12695 1.75403 -1.78218 -0.751074 4.56194 1.08588 -1.26661 -0.777232 0.71624 -1.83497 3.10544 -0.411613 -0.756486 -0.880174 1.12782 0.0600537 -0.555254 -0.954504 -1.72296 0.257743 0.225565 -0.197001 0.312611 2.34179 -1.31681 -1.66327 -0.429952 -0.347319 2.82257 2.68098 -1.88766 -1.56832 3.85465 -7.6635 3.29902 0.360082 0.0769222 -0.525208 -0.976844 -0.63675 -0.00599691 -0.113633 -1.33888 0.642832 0.834563 0.346961 -0.692967 -1.48378 0.0885694 0.0606835 -0.290213 0.734664 -0.788884 -3.11803 -0.0462916 1.56787 -1.84862 0.36638 -0.72695 -0.479387 -0.422529 -0.415462 0.158718 -0.0987117 -1.80933 -4.00344 -4.34145 72.3337 -27.4868 3.98885
 0.000109011 -22.3943 4.72436 0.000744696 -326.685 264.695 0.243703 0.0764052 -1.63634 -7.94225 -0.604794 14.0178 -9.92412e-05 1.61702 0.00543589 -2.4917e-05 0.690491 -0.0235282 -3.28056e-05 3.01825 -1.3096 -5.13605e-05 3.2069 -0.675305 -8.72768 -17.5586 4.61098 -3.29413 -12.0792 13.6371 -11.7896 -0.210135 1.70025 -6.9515 -7.47594 12.6621 -3.22964 0.922832 -0.00122264 -7.91139 2.1562 0.0668589 -5.2885 -1.89471 0.381898 0.239354 -0.0255767 0.0287186 1.0294 -2.11816 1.12633 -0.113047 -1.67581 2.70386 -0.507264 0.337707 -4.51006 -1.3351 -4.53622 6.1699 -0.274202 0.0219603 1.45306 1.26875 -0.203023 6.86468 0.600854 -0.173942 -0.0744089 -4.05538e-05 3.99387 -1.26206 0.626473 0.0270229 -0.820212 1.34532 0.0921235 -2.46273 0.0191857 0.0426938 -0.362936 2.81261 0.632103 -0.0659023 -1.71689 0.182205 -0.379021 -0.0490913 -0.0117987 0.0614068 -0.643026 1.22631 -1.52622 -2.24114 -1.0576 -1.71422 -1.414 1.43679 0.60586 -3.67895 -0.875377 1.0214 0.626392 -0.577683 1.47937 -2.50373 0.331952 0.609729 0.709832 -0.908963 -0.0486356 0.447469 0.769313 1.38889 -0.20783 -0.181436 0.158783 -0.251993 -1.8878 1.06162 1.34101 0.346424 0.279897 -2.27547 -2.16051 1.52273 1.26463 -3.10799 6.17765 -2.6599 -0.290196 -0.0620371 0.42321 0.787345 0.513234 0.00468962 0.0913269 1.07918 -0.518499 -0.672687 -0.279095 0.558711 1.19646 -0.0718425 -0.0492628 0.233906 -0.59228 0.636124 2.51324 0.0369204 -1.26407 1.49059 -0.295834 0.586022 0.386314 0.340604 0.334901 -0.127887 0.0795246 1.45861 3.22792 3.49987 -58.3225 22.1737 -3.21487
 -2.30389e-06 0.476209 -0.104289 -3.90006e-06 -0.304331 0.243703 999.849 -0.0913992 0.889399 -0.111952 -0.0202431 0.529426 1.39362e-05 -0.282091 -6.33859e-06 7.60233e-06 -0.243584 0.0107853 -1.14519e-06 -0.303804 0.131687 2.06398e-06 -0.32746 0.0687504 0.175873 0.72385 -0.188215 0.060853 0.775934 -0.876435 1.00975 -0.131915 0.432986 1.04389 0.0983127 -0.233912 -0.0341043 -0.140138 0.00510855 0.000764371 -0.104847 0.00123519 0.0575627 -0.407534 0.049422 -0.12065 -0.150257 0.240905 0.162827 -0.31635 -0.46964 0.459245 -0.110664 -1.74231 0.801165 -0.768567 -0.216183 -0.413921 0.204342 0.0335076 -0.0664167 0.00632259 -0.0149228 0.0308682 -0.00534645 0.193764 0.00153776 -0.000359175 -0.00515202 4.8417e-06 -0.489723 0.155028 -0.165058 -0.00772192 0.229977 -0.222674 -0.0317206 0.765362 0.0254152 0.00377875 -0.035237 0.140008 -0.660133 0.0505116 -0.257331 0.0266062 0.0319499 0.00205473 -0.000187242 -0.00188539 -0.327549 -0.320362 -0.272046 -0.323751 -0.127625 0.00716378 0.756794 0.682605 -1.04288 -0.0166468 0.0550321 0.300944 0.383453 -0.0823944 -0.130969 0.159822 0.189419 -0.249476 -0.0179944 -0.0129243 -0.0301823 -0.0487274 -0.0601336 -0.0286802 -0.067941 -0.110709 0.351747 -0.553879 0.11255 -0.00600296 0.0335625 -0.0453125 0.0784073 -0.0323212 -0.047013 -0.0581869 -0.142408 0.117528 0.29805 -0.232171 0.0440775 0.058629 0.117024 -0.572047 0.222268 -0.167203 0.0787306 0.192083 -0.400889 -0.120697 -0.0384903 0.329311 -0.157917 0.182332 0.212427 -0.0260258 0.0544551 0.033727 0.0672193 0.0511332 0.348532 0.427188 0.0652012 -0.112147 -0.0862911 0.0278642 0.0296898 -0.0737363 0.0361085 -0.379282 -0.586505 -0.950826 7.76608 5.14005 1.39132
 -2.10781e-07 0.173387 -0.0377362 -9.4202e-07 -0.0954393 0.0764052 -0.0913992 3.88891 -54.5307 -0.0432365 -0.0073638 0.189396 4.24576e-06 -0.0837174 -1.50949e-05 2.47785e-06 -0.0728174 0.00322038 1.62143e-07 -0.0764965 0.0331488 9.65091e-07 -0.106073 0.0223711 0.0104988 0.380722 -0.0973381 0.0251233 0.252904 -0.2855 0.256987 -0.0539654 0.188516 0.219609 0.120947 -0.211894 0.00460605 -0.0420115 0.00120207 0.0212886 -0.033919 1.78863e-05 -0.00877123 -0.0994949 0.011922 -0.0339575 -0.0451412 0.0724544 0.0523406 -0.118907 -0.207741 0.195947 0.0270732 -0.612108 0.142864 -0.107061 -0.0640994 -0.141731 0.0458124 0.0377276 -0.0228684 0.00259303 -0.0892022 0.0760418 -0.00216266 0.00193348 0.00103878 -0.000248917 -0.00209053 1.61368e-06 -0.152371 0.0482691 -0.0509514 -0.00237171 0.0706096 -0.0860071 -0.0116503 0.277837 0.00377775 0.000666627 -0.00703618 0.0590813 -0.0276858 0.00214248 -0.0615709 0.00634795 0.0154265 0.00124666 0.000548128 -0.00180918 -0.102802 -0.114748 -0.0602321 -0.0482418 -0.00638833 0.0106577 0.503839 -0.131963 -0.335292 0.015718 0.0459275 0.334695 0.123973 -0.0391658 -0.237823 -0.0694042 0.131631 -0.0687601 0.0174857 -0.0133864 -0.0250963 -0.0330905 -0.0406302 -0.0158777 -0.0316438 -0.0941866 0.2081 -0.168983 0.0148255 -0.020662 0.0585885 -0.0291102 0.0338178 -0.0181678 0.0064834 -0.00747281 -0.098805 0.0161096 0.0276824 -0.0540209 0.0279159 0.0393367 0.0367975 -0.124716 0.0291253 -0.0106158 0.00762736 -0.0410084 -0.115817 0.0466357 0.0899267 0.0965811 -0.0140936 0.0364386 0.010234 -0.0592021 -0.0699399 0.139695 -0.0342815 0.112365 0.181917 0.0490855 -0.0661479 -0.0434172 -0.0281302 0.00680571 0.0128217 -0.0240117 0.0113193 -0.125511 -0.148657 -0.279598 2.59271 1.68479 0.461013
 1.99646e-06 -2.78594 0.608855 2.08986e-05 2.0418 -1.63634 0.889399 -54.5307 991.428 0.91941 0.147617 -3.76211 -7.99353e-05 1.58577 1.40991e-07 -4.54283e-05 1.36968 -0.0607957 -1.21605e-06 1.4324 -0.620917 -1.74852e-05 1.96158 -0.413859 -0.20355 -6.71804 1.71812 -0.388985 -4.42095 4.99066 -4.62061 1.02922 -3.61521 -3.96891 -2.05405 3.61494 -0.0729744 0.837822 -0.0253654 -0.435607 0.67597 -0.000449391 0.163193 1.95265 -0.235622 0.666152 0.868216 -1.39478 -0.992508 2.13254 3.73417 -3.51901 -0.418801 10.9682 -2.60416 1.97031 1.15974 2.54221 -0.808092 -0.692662 0.421398 -0.0475698 1.57218 -1.35581 0.0393905 -0.0692903 -0.0240814 0.00601647 0.0391325 -3.10776e-05 2.88493 -0.914872 0.974625 0.0456584 -1.35252 1.55841 0.21101 -5.03082 -0.0711924 -0.0153262 0.153846 -1.19542 0.579819 -0.0440784 1.12661 -0.116158 -0.284288 -0.0221882 -0.00982531 0.03227 1.8343 2.05324 1.07303 0.871088 0.140996 -0.174741 -9.03783 2.30541 5.99302 -0.134811 -0.712684 -6.0298 -2.22857 0.700247 4.25001 1.23788 -2.35859 1.24155 -0.33135 0.229975 0.453817 0.595482 0.730297 0.284579 0.558228 1.67197 -3.7371 3.03451 -0.265938 0.361424 -1.05803 0.518999 -0.615849 0.324236 -0.121207 0.127414 1.76308 -0.279847 -0.520438 0.972078 -0.504938 -0.708474 -0.664706 2.23872 -0.530925 0.195719 -0.134447 0.734449 2.08652 -0.827894 -1.61718 -1.74925 0.244144 -0.653772 -0.18753 1.05971 1.25595 -2.51696 0.615455 -2.01544 -3.26819 -0.887848 1.19625 0.781816 0.507824 -0.12625 -0.233835 0.431341 -0.202385 2.25023 2.64382 5.01409 -45.9354 -31.014 -8.30653
 -7.74698e-05 15.2925 -3.22486 4.56418e-05 9.84957 -7.94225 -0.111952 -0.0432365 0.91941 898.007 -6.99497 146.588 0.00011348 -2.3512 0.00160819 5.27118e-05 -1.86816 0.084632 2.64134e-05 -2.88174 1.25387 2.3979e-05 -2.94039 0.623288 5.78885 6.26527 -1.68739 1.5309 5.24166 -5.9208 6.68552 0.45833 -2.27967 5.56682 3.26034 -5.7099 2.26207 -0.380138 -0.006119 4.57471 -1.40283 -0.0325144 2.75402 0.932037 -0.186084 -0.0696861 0.000652225 0.00335633 1.44465 0.742488 -5.45018 3.74203 0.0885679 -2.76568 2.5529 -2.72363 3.40854 2.15679 1.1599 -2.80665 0.68274 -0.0543447 -2.81702 4.48015 -0.00829799 -4.86064 -0.110405 0.0326281 -0.04245 1.81573e-05 -2.86284 0.904763 -0.356061 -0.011177 0.372888 -1.14732 -0.0928595 2.5901 -0.370886 -0.208754 1.73133 -1.61443 -5.46221 0.438721 0.229035 -0.0269667 0.72128 0.000340297 -0.0119155 0.0116345 -0.474968 -8.93486 1.27225 7.02859 6.96878 8.65807 -7.90537 -4.79467 3.42149 11.1738 3.63793 -9.46839 2.9058 -1.61855 -3.27519 3.14343 8.73726 13.4207 -16.8369 1.96598 2.01294 0.821453 -0.331964 -0.74917 -0.960526 2.66518 -5.19475 0.397338 3.28827 -3.44732 0.929739 0.0624403 -1.72977 0.0692463 -0.385184 1.1515 -5.16625 9.34729 -10.3092 6.97415 -1.97169 -0.8186 1.47533 -5.39937 0.499907 -3.31401 -1.18612 1.2774 -0.193778 -0.397618 -0.951637 -1.01554 -1.26016 1.27102 0.0692808 -2.62301 0.308748 1.00924 -1.21901 0.242858 -1.87327 1.3231 2.02152 -1.32348 -2.67959 -0.896819 -0.834018 0.125678 0.0134811 -0.957837 -1.51395 2.15209 42.8071 -20.8003 1.81126
 -4.47993e-06 1.12884 -0.238183 4.01947e-06 0.74994 -0.604794 -0.0202431 -0.0073638 0.147617 -6.99497 2.315 -33.5907 8.03249e-06 -0.163886 7.52759e-05 4.17858e-06 -0.136192 0.00608221 2.15177e-06 -0.223066 0.0969283 2.00737e-06 -0.227199 0.0480366 0.214955 0.777651 -0.201394 0.144468 0.558351 -0.63033 0.418493 -0.0117868 0.0151064 0.144458 0.394386 -0.651792 0.142841 -0.0388308 -3.85013e-05 0.106291 -0.0525535 -0.000986568 0.0165418 0.0839451 -0.0124657 -0.023568 -0.0234053 0.0379502 -0.0752503 0.0371096 0.0127435 -0.0202267 0.100037 -0.323564 -0.0503099 0.0911181 0.149532 -0.0377036 0.172255 -0.179581 0.0128752 -0.00118947 -0.0603281 0.103666 0.000556252 -0.14496 -0.00368839 0.00114158 -0.00219541 1.5679e-06 -0.203596 0.064367 -0.0419672 -0.00168718 0.0517918 -0.0176388 -0.000688014 0.023888 -0.0167595 -0.00889288 0.072821 -0.132627 0.288314 -0.0216894 0.0378119 -0.00420718 0.0343784 0.00285817 0.000988972 -0.0038788 -0.0531897 -0.518731 0.281847 0.774012 0.616251 0.676842 -0.408566 -0.202161 -0.155336 0.381825 0.110867 -0.156581 0.386145 0.0198599 -0.478679 -0.262107 0.139924 0.422209 -0.22173 -0.0217654 -0.0419162 -0.0225371 -0.048029 -0.0582239 -0.0779535 0.0590572 -0.162147 -0.0447076 0.110058 -0.106613 -0.00971332 -0.0324865 -0.0632557 -0.00821681 0.0510349 -0.0220193 -0.149553 0.307886 -0.297536 0.0269098 -0.00939761 -0.045913 0.0373369 -0.243636 0.0273221 -0.0622389 -0.0305813 -0.0299281 -0.0833404 0.0350561 0.00563425 -0.0679969 -0.0650747 -0.00605129 0.0249974 -0.0774311 0.0142095 0.000903847 -0.0969995 0.0089777 0.0607416 0.00560189 -0.0197724 -0.0310655 -0.0417837 -0.0254027 -0.0251368 -0.0024714 0.00306062 -0.100887 -0.189125 -0.250401 3.33643 -0.490201 0.276579
 0.00010295 -26.2573 5.54033 -9.04945e-05 -17.3819 14.0178 0.529426 0.189396 -3.76211 146.588 -33.5907 782.892 -0.00019318 3.95004 -0.00209223 -9.98313e-05 3.29834 -0.147603 -4.91158e-05 5.36629 -2.33209 -4.58463e-05 5.42758 -1.14775 -5.09404 -17.9193 4.64309 -3.32761 -12.8798 14.5404 -9.94212 0.348302 -0.618817 -3.51549 -9.03819 14.9517 -3.35473 1.03193 -0.00466882 -2.54509 1.32948 0.0226355 -0.398908 -1.7754 0.267282 0.617841 0.620763 -1.00671 1.72042 -0.912084 -0.0432235 0.300876 -2.20464 7.50693 1.05389 -1.98093 -3.56606 0.786427 -3.96834 4.19364 -0.315481 0.0288317 1.53997 -2.52048 -0.0138164 3.53629 0.0696956 -0.0219792 0.0569762 -3.85121e-05 4.93472 -1.56113 1.04719 0.0425605 -1.29719 0.348564 0.0102909 -0.425416 0.382969 0.20444 -1.67477 3.19312 -6.445 0.483663 -0.876032 0.0974761 -0.783005 -0.0653101 -0.0222537 0.0882854 1.24555 12.11 -6.6092 -17.9136 -14.0483 -15.5287 9.51544 4.85391 3.57561 -9.80467 -2.78224 4.00477 -8.94893 -0.39027 11.0927 5.90366 -3.50656 -10.158 5.68469 0.428714 0.894182 0.485873 1.11614 1.37033 1.82396 -1.44851 3.91051 1.00835 -2.63278 2.56826 0.19497 0.747679 1.51483 0.183641 -1.15141 0.469722 3.6107 -7.38357 7.17933 -0.85423 0.284787 1.08104 -0.90567 5.76921 -0.644748 1.54102 0.746722 0.649015 1.92556 -0.786368 -0.101623 1.58793 1.5356 0.101231 -0.571687 1.86476 -0.332506 -0.0557686 2.26593 -0.211561 -1.32623 -0.171562 0.388032 0.759009 1.05044 0.616384 0.607716 0.0521162 -0.0711715 2.34042 4.36727 5.63987 -77.8274 11.9894 -6.38527
 3.01457e-10 -8.59528e-05 1.88982e-05 6.4984e-10 0.000123401 -9.92412e-05 1.39362e-05 4.24576e-06 -7.99353e-05 0.00011348 8.03249e-06 -0.00019318 1000 8.00691e-05 -5.99285e-06 -9.90643e-10 4.80554e-05 -1.78972e-06 2.62279e-10 3.61354e-05 -1.55632e-05 -9.61251e-11 4.74025e-05 -9.78012e-06 -0.000274101 -0.000566396 0.000149691 -2.82127e-05 -0.000176481 0.000199157 -7.6087e-05 3.08171e-05 -0.000111892 -0.000135766 6.38386e-05 -9.42339e-05 0.00010942 3.12553e-05 -9.97403e-07 -0.000376128 0.000145872 3.88662e-06 -3.83357e-05 0.000169895 -1.96987e-05 2.60634e-05 3.58355e-05 -5.79046e-05 8.24646e-05 8.11478e-06 -0.000190228 0.000136433 3.11799e-05 5.47383e-05 -1.01693e-05 6.87985e-06 0.000126222 -2.88271e-05 -3.99803e-05 5.54498e-05 -2.85146e-06 3.30604e-07 -4.04047e-05 -4.5998e-06 1.42353e-06 -5.52662e-05 -1.29583e-06 3.83598e-07 -6.39203e-07 -7.12035e-10 7.66786e-05 -2.39763e-05 1.51258e-05 6.68006e-07 -1.92188e-05 3.3036e-05 4.62529e-06 -0.000116814 1.22745e-07 1.11788e-06 -1.02997e-05 -4.35542e-05 0.000267828 -2.03131e-05 1.05273e-05 -9.86492e-07 1.12656e-05 -8.81943e-07 -1.36894e-07 1.02764e-06 -5.78154e-05 -2.73984e-05 6.00657e-05 0.000105364 4.86971e-05 2.14561e-05 -1.79971e-05 -9.65221e-07 -0.000102159 2.4329e-06 7.49788e-06 0.000256547 0.000136544 -0.000146338 -8.95567e-05 4.55648e-05 3.00097e-05 6.24912e-05 4.0803e-05 -7.46538e-06 -0.000101135 -1.40663e-05 5.63757e-05 2.12862e-05 -5.21994e-05 -3.02664e-05 -6.7617e-05 4.86941e-05 3.16835e-05 1.61411e-05 -1.01845e-05 -1.54858e-05 -3.09554e-05 5.8099e-06 -1.39446e-05 -2.53436e-05 -2.97858e-05 -2.41173e-05 -3.07557e-05 -3.58299e-05 -8.90923e-06 8.55727e-06 1.89753e-05 3.29774e-05 2.5629e-05 2.1458e-05 8.46671e-06 -8.09339e-06 -4.80875e-05 -5.39343e-05 -2.27083e-05 7.78653e-06 2.63688e-05 -7.14366e-06 -4.2587e-05 -4.31219e-06 -1.07283e-05 -1.55079e-06 -9.79525e-06 -1.06146e-05 3.58932e-06 2.46054e-05 3.24585e-05 -1.99061e-05 -6.09476e-06 -1.32713e-05 -9.02744e-06 -1.69421e-06 5.57957e-06 3.40245e-05 6.43925e-05 8.63173e-05 -0.000786332 -0.000328751 -0.000117994
 -1.41891e-05 2.51721 -0.547641 -1.06502e-05 -2.01249 1.61702 -0.282091 -0.0837174 1.58577 -2.3512 -0.163886 3.95004 8.00691e-05 998.07 -2.51288 1.69602e-05 -1.07426 0.0406575 -9.70164e-06 -0.68184 0.292842 -4.04152e-06 -0.905348 0.185377 8.03697 13.7319 -3.65655 0.76249 4.45717 -5.0312 2.67529 -0.643041 2.25203 4.51855 -0.547626 0.566287 -3.25545 -0.805972 0.0294813 7.4914 -3.27981 -0.0824123 1.109 -4.75802 0.553328 -0.620036 -0.872974 1.40859 -1.77489 0.83765 3.92167 -3.17486 -1.23765 -0.61974 1.01056 -1.1391 -3.61263 1.38327 0.794747 -1.53028 0.0544175 -0.00520473 0.852782 0.202583 -0.029899 1.06215 0.0142427 -0.00419804 0.0202334 1.39134e-05 -1.61532 0.502989 -0.274225 -0.0114496 0.333809 -0.763529 -0.102244 2.59364 0.00119796 -0.0222943 0.210838 1.21643 -8.38919 0.646579 -0.186895 0.0165548 -0.305036 0.0188732 0.00356757 -0.0226328 1.74865 1.82741 -1.02128 -2.29168 -1.07187 -0.437994 0.899631 0.307786 1.96655 -0.190321 -0.207457 -4.96036 -3.76628 2.52358 3.26021 -0.734679 -0.707099 -1.59085 -0.292675 0.464016 1.90686 0.242488 -1.37913 -1.09146 1.58423 1.06403 1.85383 -0.921458 -0.664205 -0.199254 0.228563 0.294576 0.65784 0.0152888 0.453094 0.639136 0.740015 0.584412 0.680791 0.721441 0.188912 -0.29257 -0.632206 -0.887647 -0.566063 -0.49507 -0.338267 -0.0287537 0.592448 0.637127 0.190009 -0.0102606 -0.238709 0.237574 0.77729 0.00151831 0.0765492 -0.227779 0.0901637 0.0887538 -0.17949 -0.9405 -1.29934 -0.016226 -0.0354228 0.120735 0.0508477 0.168992 -0.178562 -0.601741 -1.24402 -1.58628 14.1725 5.42163 2.06654
 1.88589e-07 -0.0233788 0.0049692 2.35518e-08 -0.0067258 0.00543589 -6.33859e-06 -1.50949e-05 1.40991e-07 0.00160819 7.52759e-05 -0.00209223 -5.99285e-06 -2.51288 0.823401 2.25544e-07 -0.00610356 0.000318787 2.41957e-08 -0.00274749 0.00121349 5.27729e-08 -0.00404764 0.000884719 -0.0312494 -0.0552996 0.0146586 -0.00558314 -0.0233633 0.0263717 -0.0120112 -0.000143279 0.0014892 -0.0171125 -0.00464921 0.00879713 0.000775415 -0.00186454 0.000166562 -0.0362301 0.0078231 0.00038293 -0.0111834 0.00496773 -0.000295864 -5.22095e-05 -0.000758073 0.00119087 0.00281133 -0.00400807 -0.0149843 0.0125149 0.00170113 0.000412274 -0.00503817 0.00592943 0.00610346 -0.00534936 -0.00519661 0.00874932 -0.000510016 4.64348e-05 -0.00113422 -0.000936941 5.28887e-05 -0.00125841 4.67248e-05 -1.37177e-05 -3.87612e-05 6.93992e-08 -0.0045765 0.00153507 -0.000403305 -1.82737e-05 0.000453474 0.00120524 0.000105821 -0.00303762 -0.000284142 -0.000194146 0.00147706 -0.0041744 0.0283746 -0.00217848 -0.000200486 3.0286e-05 0.000158288 -7.44356e-05 -1.31095e-05 8.82994e-05 -0.00599234 -0.00388474 0.00152285 0.00460143 0.00247243 0.0014092 -0.0016279 -0.00115897 -0.00613305 -0.0012295 0.000826187 0.0164507 0.0119586 -0.00801732 -0.0104811 0.00193099 0.00194572 0.00492898 0.00117387 -0.00193507 -0.00622354 -0.000504346 0.00505623 0.00400015 -0.00526709 -0.00366179 -0.00609099 0.00305899 0.00203404 0.000421395 -0.000757986 -0.00102344 -0.00191385 -0.000132437 -0.00157548 -0.00204874 -0.0021638 -0.00219742 -0.00155867 -0.00260226 -0.000513124 0.0011183 0.00238397 0.00323428 0.00207356 0.00161872 0.000960993 -0.00018157 -0.002148 -0.00204071 3.34591e-06 0.000596065 0.00114718 -0.000798195 -0.00236611 0.000201236 -0.000218042 0.001238 -0.000131914 -6.66412e-05 0.000755245 0.00324719 0.00408834 0.000198932 0.000162598 -0.000198014 2.87228e-05 -0.000652996 0.000619373 0.00203377 0.00470623 0.00502473 -0.0651932 0.00714097 -0.00568823
 -2.51629e-10 -5.06119e-05 1.09611e-05 1.36498e-10 3.10199e-05 -2.4917e-05 7.60233e-06 2.47785e-06 -4.54283e-05 5.27118e-05 4.17858e-06 -9.98313e-05 -9.90643e-10 1.69602e-05 2.25544e-07 1000 2.30681e-05 -3.35927e-06 -3.49787e-10 2.45417e-05 -1.05515e-05 -5.46916e-10 2.8483e-05 -5.84399e-06 2.4789e-05 1.16179e-05 -3.47726e-06 -7.87013e-06 -5.0408e-05 5.68496e-05 2.67484e-05 1.39245e-05 -5.59249e-05 6.44769e-05 1.13897e-05 -2.35606e-05 -2.14696e-05 6.13957e-06 -8.48729e-08 -0.000124921 3.28167e-05 9.72116e-07 -3.01965e-05 1.11428e-05 -4.85391e-07 7.54602e-06 1.1979e-05 -1.93566e-05 7.21663e-05 -6.65926e-06 -0.000197484 0.000147326 -2.08647e-05 7.97783e-05 2.83953e-05 -4.14828e-05 7.65956e-06 2.83458e-05 -3.88145e-05 2.61694e-05 6.89423e-06 -5.87292e-07 -1.00602e-05 1.62286e-05 -1.20883e-08 -1.92751e-05 -2.27334e-06 6.35121e-07 4.79727e-07 -4.55525e-10 3.42609e-05 -1.07244e-05 9.78773e-06 4.82229e-07 -1.38574e-05 7.81053e-06 1.61187e-06 -4.13648e-05 1.19816e-07 1.14332e-06 -1.04358e-05 -3.10402e-06 -0.00028585 2.31685e-05 1.79923e-05 -1.85609e-06 1.1146e-06 -1.00735e-06 -2.52109e-07 1.27007e-06 -2.09518e-05 3.07863e-05 5.1679e-05 5.80313e-05 3.07327e-05 2.6056e-05 4.5285e-05 2.14129e-06 -0.000173769 -2.17181e-05 -2.72612e-07 0.000256886 -8.0747e-06 0.000119736 -6.01919e-05 6.22584e-08 6.39438e-05 -2.95759e-05 3.34988e-05 -1.95243e-05 -3.644e-05 -2.625e-05 -1.69555e-05 8.81447e-06 1.17742e-05 4.9231e-05 -2.01199e-05 -4.91834e-06 -4.18927e-05 1.99213e-06 1.14603e-05 1.05065e-05 -6.27831e-06 4.26633e-07 -1.78479e-05 -9.18702e-06 -1.53712e-05 -2.69612e-05 -2.90374e-05 -1.39262e-05 -8.56704e-06 -2.30665e-06 -3.5069e-06 9.13274e-06 6.07245e-06 -9.54976e-06 -1.13284e-05 -1.17964e-05 -1.64522e-05 -3.4786e-05 -4.29467e-05 -1.89182e-06 5.03304e-06 -6.03792e-06 4.66178e-06 8.68821e-06 -1.10441e-05 2.45569e-05 8.00345e-07 -2.29007e-05 -1.63864e-05 -2.06565e-05 -9.83074e-06 -1.84098e-05 -4.52105e-06 -1.04052e-05 -9.28941e-06 6.92291e-06 1.81004e-06 2.4556e-05 4.43838e-05 5.73028e-05 -0.000503822 -0.000330865 -8.99495e-05
 -6.08555e-06 2.25184 -0.487094 -5.51117e-06 -0.861781 0.690491 -0.243584 -0.0728174 1.36968 -1.86816 -0.136192 3.29834 4.80554e-05 -1.07426 -0.00610356 2.30681e-05 996.935 -46.6504 -2.05414e-07 -0.688999 0.296308 3.83123e-06 -0.817012 0.16795 3.54095 3.84296 -1.04939 0.416692 2.6513 -2.9938 1.4841 -0.39314 1.39409 2.35941 0.0553528 -0.255956 -1.11505 -0.455103 0.0166877 3.78611 -1.58081 -0.0377069 1.67438 -2.60685 0.279222 -0.377035 -0.557978 0.89894 -1.42856 1.74837 3.64831 -3.30519 -0.47376 -1.10685 0.565497 -0.559081 -1.90749 0.722283 1.16431 -1.64297 -0.20118 0.0207224 0.146009 0.0944111 -0.0140277 0.521325 0.0328042 -0.0089487 -0.000811522 1.285e-05 -1.16636 0.364481 -0.287042 -0.0133029 0.387211 -0.559922 -0.0811317 2.06953 -0.0436382 -0.0404319 0.365606 0.518821 0.573536 -0.056275 -0.384944 0.0378656 -0.118263 0.0293941 0.00605171 -0.0357484 1.55247 0.795329 -1.31715 -2.15115 -1.09748 -0.705092 -0.545271 0.701937 3.77443 0.517705 -0.0265463 -7.13772 -2.4812 -0.122341 4.01767 1.2536 -3.30155 -3.05971 2.59347 -0.14059 1.20403 0.613508 0.198344 -0.339681 -0.546951 0.67762 0.676209 0.151795 0.574313 0.421023 0.0248773 -0.0165455 0.305689 0.175541 0.73788 0.53664 0.643801 0.656467 0.928245 0.515677 0.421637 0.237831 -0.212349 -1.32902 -0.323136 0.00625525 0.171028 0.151798 0.27617 0.340473 0.580418 0.229685 0.248202 -0.278112 0.00570543 0.0922223 0.352464 -0.560589 -0.788436 0.351595 0.267924 -0.233013 -0.626705 -0.501743 -0.227708 0.0239656 0.0647461 0.0135958 -0.156695 -0.635253 -1.11058 -1.49616 13.7459 7.52712 2.27545
 4.50517e-07 -0.119839 0.0258416 2.66755e-07 0.0294323 -0.0235282 0.0107853 0.00322038 -0.0607957 0.084632 0.00608221 -0.147603 -1.78972e-06 0.0406575 0.000318787 -3.35927e-06 -46.6504 3.06065 3.75274e-08 0.0276762 -0.0118709 -1.0514e-07 0.0327005 -0.0066773 -0.1707 -0.189992 0.0517734 -0.022584 -0.132163 0.149237 -0.0726858 0.0170879 -0.0599759 -0.113327 -0.00712587 0.0195686 0.0490907 0.0193173 -0.000663015 -0.184406 0.072981 0.00184641 -0.0833825 0.11643 -0.0122322 0.0160508 0.0234766 -0.0378357 0.0656279 -0.0838527 -0.175432 0.158926 0.0209518 0.0523991 -0.0270645 0.0268153 0.0868075 -0.0346536 -0.0572501 0.0806545 0.00920395 -0.000952181 -0.00577417 -0.00465237 0.000633448 -0.0231845 -0.00132353 0.000356828 6.51393e-05 -4.83575e-07 0.0483398 -0.0150316 0.0125074 0.000578374 -0.0169202 0.0258026 0.00366413 -0.0938245 0.00141985 0.00155659 -0.014387 -0.0260136 -0.0281169 0.00274318 0.017551 -0.00172198 0.0049673 -0.0014078 -0.000288448 0.00171074 -0.0737236 -0.0395907 0.0608943 0.104375 0.0544406 0.0350089 0.0259716 -0.0335699 -0.17812 -0.03009 -0.000870992 0.340285 0.11812 0.00539557 -0.191014 -0.0597978 0.157038 0.145791 -0.123308 0.00666228 -0.0574453 -0.0290476 -0.00908598 0.0164141 0.0261091 -0.0322733 -0.0321606 -0.00723346 -0.027344 -0.0200248 -0.00104498 0.000790863 -0.0143085 -0.0083875 -0.0350598 -0.0254333 -0.0304074 -0.0315199 -0.0435713 -0.024701 -0.0199718 -0.0112038 0.0103245 0.0634616 0.0155725 -0.000327753 -0.0082429 -0.00738687 -0.013346 -0.0163485 -0.0272351 -0.0104861 -0.0114381 0.0131238 -0.000298309 -0.00432276 -0.0168206 0.0270007 0.0374466 -0.016634 -0.0126489 0.0112477 0.0296045 0.0239053 0.0107966 -0.0010171 -0.00295417 -0.000687338 0.00744801 0.0303337 0.0536451 0.0712489 -0.674396 -0.332861 -0.1073
 -9.3785e-10 2.48733e-05 -5.28133e-06 2.48238e-11 4.06702e-05 -3.28056e-05 -1.14519e-06 1.62143e-07 -1.21605e-06 2.64134e-05 2.15177e-06 -4.91158e-05 2.62279e-10 -9.70164e-06 2.41957e-08 -3.49787e-10 -2.05414e-07 3.75274e-08 1000 -5.07642e-07 8.66397e-07 -5.06294e-10 7.4151e-06 -1.60567e-06 6.6018e-05 -4.0359e-06 -3.67544e-07 8.83196e-06 5.62436e-05 -6.35291e-05 7.59816e-05 7.36788e-06 -3.42111e-05 0.000147263 -4.03359e-05 5.46325e-05 -3.93102e-05 -3.70754e-06 3.71582e-07 -5.0366e-05 1.87452e-06 2.33367e-07 -7.87738e-06 -3.95292e-05 5.18522e-06 -2.26582e-06 -1.91912e-06 3.02411e-06 3.9488e-05 1.39515e-05 -8.5081e-05 5.72476e-05 -3.56295e-05 1.44995e-05 7.08753e-05 -8.47355e-05 -3.29725e-05 2.34538e-05 -7.6552e-06 -3.71234e-06 4.25944e-08 1.71982e-07 -2.06589e-05 9.40164e-06 -1.62465e-07 -3.53453e-06 -1.75718e-06 4.90138e-07 3.71649e-07 -1.49465e-10 -8.26219e-07 2.08136e-07 2.14269e-07 5.34547e-08 -1.70109e-06 3.93374e-06 5.60886e-07 -1.25557e-05 3.00609e-07 2.87158e-07 -2.2142e-06 4.1473e-06 -0.000338562 2.67849e-05 8.21765e-06 -8.69544e-07 8.3814e-07 -7.14453e-07 -2.66834e-07 9.89276e-07 3.34814e-06 -4.91866e-05 -5.06185e-05 -6.32078e-05 -1.75673e-05 1.62098e-05 0.00011515 0.000370783 -0.000205003 -3.42736e-05 -2.21673e-05 -7.56441e-05 -7.121e-05 0.000120547 2.39578e-05 1.64352e-06 6.73391e-05 -1.8596e-06 -3.31994e-05 7.02312e-06 3.14336e-05 -1.23853e-05 -1.31737e-05 -9.05772e-06 -1.42349e-06 1.09847e-05 1.34013e-05 -1.33798e-05 1.67198e-06 1.08017e-06 1.09689e-05 1.21663e-05 3.5531e-06 5.45795e-06 -1.20866e-05 -5.38373e-06 -1.21237e-06 -3.34609e-06 3.79021e-06 -8.02326e-06 9.83012e-06 5.35952e-07 -4.29242e-06 -6.93385e-06 -2.00979e-06 -1.08699e-05 -5.04436e-07 1.13465e-05 -1.25266e-06 -4.95854e-05 -4.82492e-05 2.3525e-05 1.53994e-05 -7.86228e-06 1.02721e-05 1.87263e-05 -6.44693e-06 3.31527e-05 -9.65663e-06 -5.83887e-07 -6.17259e-06 -2.07316e-05 -2.12318e-05 -2.48516e-05 -7.57215e-06 -6.25149e-06 -4.61951e-06 2.94888e-06 -5.14664e-07 2.7602e-06 1.08787e-05 2.60014e-06 -5.53532e-05 -3.78728e-05 -1.00683e-05
 -1.87968e-05 1.53023 -0.336644 -1.41983e-05 -3.74911 3.01825 -0.303804 -0.0764965 1.4324 -2.88174 -0.223066 5.36629 3.61354e-05 -0.68184 -0.00274749 2.45417e-05 -0.688999 0.0276762 -5.07642e-07 836.876 -364.187 1.60266e-05 -1.87424 0.396562 -0.901309 4.80079 -1.20741 -0.238106 -0.331605 0.374624 -0.418412 -0.779136 3.02924 -0.219136 2.41575 -3.90478 0.519907 -0.308156 0.0034956 2.07035 -0.641535 -0.0136121 0.187912 -0.290212 0.023814 -0.284366 -0.351709 0.567603 -0.700551 -0.762544 2.31296 -1.42351 0.94883 -3.22608 -1.25687 1.80427 -0.0739448 -1.7672 0.84929 0.111301 -0.189119 0.0201275 -0.355378 -0.962273 0.029378 0.0194048 -0.0220674 0.00674908 -0.00880058 1.26307e-05 -1.28975 0.412187 -0.537129 -0.0280669 0.81455 -0.770262 -0.103965 2.48864 -0.118136 -0.0486122 0.411791 -1.46829 3.38372 -0.251706 -0.485398 0.0512723 0.118573 0.0416857 -0.0021714 -0.0398872 -0.55308 4.08113 1.26735 -0.222453 -1.46847 -0.749472 -33.4375 15.6366 1.52123 2.83114 1.0869 4.05798 -6.61704 1.11427 2.39946 -1.02671 0.168592 -1.22944 -0.150565 -0.0975894 1.309 0.256803 0.198647 0.659211 1.02833 0.153283 -0.221802 -0.543304 0.959026 -0.292629 -0.102543 -0.00614164 0.755936 1.49155 -0.402754 0.0264021 0.359509 0.163016 0.84386 -0.886026 0.129507 0.0946361 0.411135 -0.403893 0.186843 0.66181 0.726751 0.440891 0.24147 1.19617 0.949868 -0.345835 -0.266822 -0.890074 -0.0606358 0.129319 0.033141 1.68244 -0.286432 0.491881 1.082 0.495874 0.192653 -0.962937 -0.430946 -0.0174813 0.169631 -0.358085 0.0799395 -0.865382 -0.922237 -1.79011 18.9346 10.0138 3.09268
 8.31576e-06 -0.680997 0.149686 6.14614e-06 1.62672 -1.3096 0.131687 0.0331488 -0.620917 1.25387 0.0969283 -2.33209 -1.55632e-05 0.292842 0.00121349 -1.05515e-05 0.296308 -0.0118709 8.66397e-07 -364.187 160.054 -7.01194e-06 0.815501 -0.172543 0.393422 -2.09944 0.528021 0.102757 0.140401 -0.15862 0.18121 0.338705 -1.31684 0.0953832 -1.05804 1.71026 -0.227335 0.132064 -0.0014143 -0.901878 0.278209 0.00594236 -0.0818874 0.122219 -0.00982182 0.122595 0.151736 -0.244866 0.305204 0.333301 -1.00981 0.621361 -0.414541 1.40887 0.54958 -0.788761 0.0316173 0.771366 -0.371324 -0.0478495 0.0821511 -0.00874905 0.156145 0.420087 -0.012862 -0.00689327 0.00978371 -0.00298853 0.003765 -5.44793e-06 0.560247 -0.179033 0.23334 0.0121853 -0.353754 0.335571 0.0453009 -1.08443 0.0503386 0.0209851 -0.177739 0.64391 -1.47709 0.109861 0.211176 -0.0223083 -0.05097 -0.0181989 0.000951372 0.0174103 0.241734 -1.7778 -0.555942 0.0919844 0.639744 0.334142 14.6017 -6.83414 -0.661036 -1.23603 -0.476916 -1.77049 2.8888 -0.487211 -1.04723 0.448159 -0.0740958 0.536459 0.0663546 0.04273 -0.57177 -0.11205 -0.0866397 -0.287664 -0.448614 -0.0665805 0.0968348 0.237146 -0.418742 0.127857 0.0449235 0.00265047 -0.329757 -0.6511 0.175962 -0.0113167 -0.156696 -0.0715113 -0.367895 0.386646 -0.0565908 -0.0413455 -0.179422 0.176373 -0.0814874 -0.289051 -0.317433 -0.192672 -0.105609 -0.522206 -0.4143 0.1511 0.116634 0.388288 0.0263253 -0.0565651 -0.0146442 -0.734127 0.124853 -0.214816 -0.472299 -0.216395 -0.0844715 0.42021 0.18791 0.00765547 -0.0740197 0.156308 -0.0349255 0.377859 0.403496 0.781629 -8.28716 -4.34345 -1.34891
 -6.16178e-10 2.21518e-05 -4.64589e-06 1.93042e-10 6.37145e-05 -5.13605e-05 2.06398e-06 9.65091e-07 -1.74852e-05 2.3979e-05 2.00737e-06 -4.58463e-05 -9.61251e-11 -4.04152e-06 5.27729e-08 -5.46916e-10 3.83123e-06 -1.0514e-07 -5.06294e-10 1.60266e-05 -7.01194e-06 1000 2.01273e-05 -4.44909e-06 0.000109901 -0.000134776 3.20249e-05 1.5602e-05 7.05085e-05 -7.96772e-05 9.9744e-05 1.30658e-05 -5.59738e-05 0.000169044 2.97725e-05 -6.09352e-05 -4.92222e-05 -3.50223e-06 5.74819e-07 -0.000100649 1.26753e-05 6.2619e-07 -2.0369e-06 -4.75376e-05 5.80414e-06 -7.87569e-07 -1.61893e-06 2.41165e-06 2.47503e-05 6.6959e-05 -5.46657e-05 1.58148e-05 -5.68645e-05 2.34211e-05 0.000123 -0.000147048 -3.87127e-05 4.50895e-05 -1.86328e-05 -4.01025e-06 6.31613e-07 1.10396e-07 -1.84896e-05 9.81404e-06 1.14298e-08 -1.08744e-05 -2.05894e-06 5.91364e-07 5.21881e-07 -2.62887e-10 1.35353e-05 -4.48368e-06 3.90456e-06 2.39107e-07 -6.48117e-06 4.43296e-06 9.12405e-07 -2.0879e-05 1.00259e-06 7.20057e-07 -5.95012e-06 1.09075e-05 -0.000317941 2.53022e-05 5.37769e-06 -5.99024e-07 1.90644e-07 -7.57692e-07 -2.67823e-07 1.03383e-06 1.0785e-05 1.83818e-05 1.34283e-06 -1.00549e-05 1.22409e-06 1.24551e-05 9.8815e-05 8.38084e-05 -0.000120795 -4.39053e-05 -2.0619e-05 -2.76341e-05 -8.97101e-07 9.94141e-05 7.69184e-05 -3.0059e-05 3.02227e-05 -4.64728e-05 0.00012293 -4.32663e-05 -1.23215e-06 2.00909e-06 -6.57951e-07 -5.21583e-06 6.3282e-06 3.96381e-05 1.57281e-05 3.1416e-06 -2.12217e-05 2.80508e-05 1.54031e-06 8.63782e-06 1.9813e-06 1.30568e-05 5.1245e-06 5.56947e-06 3.17304e-06 -1.18377e-05 8.68576e-06 -7.7842e-06 1.67622e-06 -8.61155e-06 -1.69912e-05 -5.39434e-06 6.83184e-06 -5.38843e-06 1.12195e-05 8.06389e-06 -2.401e-05 -0.000104882 -6.93856e-05 3.65808e-05 1.80139e-05 3.73703e-06 4.72306e-06 1.0184e-05 -1.07381e-05 -2.76107e-06 5.7676e-06 -1.8303e-05 -1.84682e-05 -3.15029e-05 -3.92928e-05 -2.58594e-05 -1.09066e-05 -1.13105e-05 -1.0458e-05 7.80099e-06 -1.3494e-06 1.15499e-05 1.44271e-05 1.95724e-05 -0.000242918 -0.000148169 -4.20366e-05
 7.74203e-06 0.1564 -0.0449078 -1.60557e-05 -3.98287 3.2069 -0.32746 -0.106073 1.96158 -2.94039 -0.227199 5.42758 4.74025e-05 -0.905348 -0.00404764 2.8483e-05 -0.817012 0.0327005 7.4151e-06 -1.87424 0.815501 2.01273e-05 955.053 -202.726 -0.791226 12.582 -3.18715 -0.0298546 0.492476 -0.55269 -3.95557 -1.19098 4.85402 -3.19392 0.746526 -0.971967 0.585073 -0.371066 -0.00126218 3.92866 -1.17652 -0.0307228 -1.53226 0.451112 -0.0302528 -0.300719 -0.36789 0.598877 -0.822966 -2.31484 1.66334 -0.380502 1.66132 -4.61472 -2.78345 3.74158 0.319485 -2.76427 0.726008 0.83122 -0.137801 0.0116234 0.34494 -0.32704 -0.018047 1.13034 0.0388517 -0.0111494 -0.0168996 1.7067e-05 -1.42829 0.45944 -0.463786 -0.024229 0.68667 -0.744987 -0.10784 2.57584 -0.105099 -0.0548443 0.46963 -0.557298 2.12498 -0.169728 -0.353518 0.038325 0.0225621 0.0371964 0.00242745 -0.0399797 -0.836529 0.0984046 -0.821463 -1.45915 -1.05683 -0.625052 -9.19947 3.68663 2.4725 2.19459 0.955923 1.28658 -7.13418 -0.54828 4.51351 -0.0303531 -2.244 -6.92932 1.77093 0.785444 -0.730383 -0.517587 -0.274075 0.351267 -0.300943 -1.0193 -0.964503 0.549696 1.3858 -0.743474 -0.0864661 -0.0769956 0.27099 -0.175602 0.174997 0.0630335 0.118604 0.45187 0.252744 0.13956 0.282205 0.639869 1.03093 0.583066 0.206007 0.226543 0.103087 0.128198 0.342217 2.44814 1.82707 -0.459787 -0.386277 -0.137837 0.363937 0.316708 0.40466 0.981386 0.129321 0.572147 2.23772 1.53584 0.687222 -0.495233 -0.02776 0.2953 0.418956 -0.505985 0.102298 -0.960696 -1.16365 -1.98673 21.1027 10.9644 3.42362
