 1000 0.00262984 -0.000552254 -9.98163e-10 -0.000133972 0.000108749 -1.86544e-06 -7.96752e-08 -4.40579e-07 -7.89691e-05 -4.5438e-06 0.000104439 2.52402e-10 -1.30241e-05 1.89726e-07 -3.09999e-10 -4.4606e-06 3.72846e-07 -9.52198e-10 -1.67078e-05 7.38762e-06 -6.46388e-10 9.48256e-06 -1.89754e-06 1.64464e-05 -0.000314645 7.94654e-05 -5.54994e-05 -0.000211147 0.000238575 -6.72849e-06 -5.80126e-07 1.76304e-06 9.03589e-05 -9.46372e-05 0.000147931 -7.32193e-05 -4.88079e-06 9.05006e-07 -0.000128457 1.41994e-05 1.22244e-06 -1.34422e-05 -8.07309e-05 1.1e-05 -3.97401e-06 -1.01858e-05 1.56455e-05 7.28169e-05 -5.69325e-05 -0.00026949 0.000217621 -6.75402e-05 8.12568e-05 0.000107029 -0.000133701 -4.85317e-05 1.32947e-05 -5.1352e-05 5.17452e-05 -3.93991e-06 3.43037e-07 2.11019e-05 5.54347e-06 -3.28382e-07 6.57283e-06 -4.34628e-06 1.22848e-06 6.8367e-07 -1.69919e-10 -1.85322e-06 8.60331e-07 3.95808e-06 1.35649e-07 -5.23014e-06 9.07952e-06 7.6163e-07 -1.93636e-05 2.95682e-06 1.93072e-06 -1.59819e-05 -8.87433e-06 -0.000340707 2.6233e-05 7.42944e-06 -8.72684e-07 -8.99677e-06 -1.62607e-06 -7.14278e-07 2.3592e-06 6.68574e-06 -7.9967e-05 -0.00014784 -0.000228936 -0.00010874 -3.56573e-06 0.000154218 0.000437331 -0.00023729 -0.000125912 -8.36751e-05 6.40714e-05 -5.57294e-05 -4.75234e-07 8.70613e-05 0.000118644 5.77884e-05 -6.17256e-05 -0.000157247 0.000233098 -0.000133264 2.92287e-05 -1.94867e-05 -1.4312e-05 1.29912e-05 4.04686e-05 1.72114e-05 -1.92885e-05 4.97839e-05 -4.33943e-05 1.2823e-05 -5.04067e-06 -5.72418e-06 1.13334e-05 8.22915e-06 -9.17589e-06 -1.75788e-05 0.000155817 -0.000114963 8.01837e-05 -1.62335e-06 1.64516e-05 2.9139e-05 6.58318e-06 2.99217e-05 -2.72646e-05 2.78404e-05 1.41329e-05 2.64347e-05 -2.72301e-05 -8.01679e-05 4.60639e-05 1.83156e-05 3.70896e-08 5.78254e-06 -3.19117e-05 3.83229e-05 3.47494e-05 -1.44337e-06 3.22532e-05 1.19849e-05 -4.40533e-05 -9.37089e-06 -2.7882e-05 1.79683e-06 2.48823e-06 4.45396e-06 5.11758e-07 -5.27895e-08 1.93315e-05 3.61645e-05 3.52956e-05 -0.000624953 7.63241e-05 -5.375e-05
 0.00262984 490.618 -101.891 0.000149905 28.0498 -22.7665 0.443046 0.160776 -2.59125 15.7901 1.14744 -26.6927 -8.38456e-05 2.42734 -0.0236109 -4.30888e-05 2.0595 -0.111119 2.85099e-05 1.29171 -0.576067 2.50718e-05 -0.0095351 -0.0113016 16.7971 35.8141 -9.37178 6.15134 23.7598 -26.868 13.697 2.14748 -9.3705 9.13435 14.7449 -24.7774 7.97401 1.07618 -0.137119 18.8436 -2.21081 -0.179006 9.71235 7.3915 -1.20178 1.32926 2.66243 -4.13462 1.84448 8.16804 14.188 -13.396 2.03904 -3.55919 1.24398 -1.1278 6.62888 2.94127 7.88795 -10.8239 0.62567 -0.0526683 -1.82736 2.20327 0.00183393 -2.47932 0.367742 -0.101751 -0.104717 -1.58374e-05 0.912501 -0.339314 0.246633 0.0175452 -0.374213 -0.824968 -0.0237297 0.884179 -0.0561691 -0.123266 0.993718 -1.41816 2.97901 -0.214186 1.73108 -0.179708 0.457076 0.127046 0.0307196 -0.159109 1.47824 -3.94875 8.99855 18.0161 10.683 1.45354 -31.1023 18.2248 -8.5097 17.3384 11.335 -0.888076 -1.35435 -1.9954 -4.79071 3.31144 3.54992 1.6485 -8.82228 3.43901 -1.1707 0.500509 -1.46288 -0.961635 -0.833365 -1.04653 -0.00892942 2.00959 0.447586 -0.900318 0.0719373 0.0600753 -0.142208 -1.12426 0.301617 -0.250181 -1.18706 3.04772 -6.02422 2.66463 -0.611763 -0.435489 -0.981082 -3.75473 -1.31198 -2.15728 -1.43392 -1.68006 0.136927 -0.0366712 -0.994171 -1.79586 -2.01952 -0.483846 -0.331725 -2.14356 0.134806 -1.73505 -3.35706 -0.574267 -0.024345 -2.00625 -0.361552 -1.08719 -1.02803 -0.955563 -1.00211 0.455436 -0.214016 -2.19993 -5.05217 -5.19761 90.9223 -37.6322 4.64444
 -0.000552254 -101.891 22.294 -3.15263e-05 -5.88665 4.77786 -0.0969292 -0.0349109 0.56548 -3.31227 -0.240846 5.60285 1.83779e-05 -0.526426 0.00499422 9.33879e-06 -0.444555 0.0238947 -6.02123e-06 -0.285246 0.127053 -5.23502e-06 -0.0102852 0.00500683 -3.51914 -7.50605 1.96415 -1.29303 -4.98038 5.63191 -2.86595 -0.454043 1.97897 -1.91417 -3.09233 5.19625 -1.67587 -0.235635 0.0292081 -3.94846 0.453476 0.0375816 -2.0399 -1.56309 0.253745 -0.283614 -0.564472 0.876688 -0.38866 -1.70975 -2.96989 2.80416 -0.428734 0.745026 -0.261204 0.237028 -1.38837 -0.616418 -1.65252 2.26772 -0.131446 0.0110667 0.384199 -0.461273 -0.000447968 0.521702 -0.0768398 0.021259 0.0220078 3.53761e-06 -0.21247 0.0780707 -0.0570104 -0.00392907 0.085489 0.170951 0.0046352 -0.17729 0.0106234 0.0254583 -0.205213 0.299438 -0.623244 0.0447941 -0.363563 0.0377403 -0.0967765 -0.0266093 -0.006428 0.0333185 -0.309545 0.826824 -1.88227 -3.77228 -2.23902 -0.300352 6.51475 -3.82173 1.78366 -3.63032 -2.37222 0.186021 0.283971 0.417603 1.00271 -0.694512 -0.744112 -0.344957 1.84914 -0.721869 0.245692 -0.105174 0.306682 0.201687 0.174361 0.219044 0.00149857 -0.420678 -0.0941658 0.188714 -0.0150679 -0.0126154 0.0299398 0.235094 -0.0631604 0.0525136 0.248847 -0.639801 1.26286 -0.558774 0.12809 0.09109 0.205409 0.786524 0.274699 0.451661 0.299798 0.351463 -0.0291566 0.00738688 0.20886 0.376208 0.423122 0.101067 0.0693566 0.449097 -0.0286485 0.363504 0.70279 0.11996 0.00491297 0.420448 0.0753917 0.227717 0.215073 0.200124 0.209847 -0.0953702 0.044807 0.460876 1.05913 1.08858 -19.0677 7.91308 -0.971499
 -9.98163e-10 0.000149905 -3.15263e-05 1000 -0.000977187 0.000795678 -4.39934e-06 -1.07565e-06 2.37753e-05 4.90604e-05 4.2276e-06 -9.54215e-05 7.12972e-10 -1.20339e-05 2.36216e-08 1.75447e-10 -6.69015e-06 3.1871e-07 3.64962e-11 -1.70681e-05 7.38001e-06 2.26725e-10 -1.87767e-05 3.96602e-06 5.51109e-05 3.38871e-05 -9.34878e-06 -4.65739e-06 -1.15332e-05 1.2834e-05 0.00015934 1.35088e-05 -6.59289e-05 0.000201708 -2.18337e-05 2.08726e-05 2.65442e-05 -5.10941e-06 1.42854e-07 1.02098e-05 -4.2505e-07 3.34511e-07 7.8629e-05 -4.10418e-06 -5.39494e-07 -3.48727e-07 7.19394e-07 -1.21794e-06 1.38292e-05 2.04806e-05 -3.94241e-05 2.17528e-05 -2.84388e-05 -2.59317e-05 0.000102926 -0.000118206 3.54176e-05 -2.05846e-05 4.34519e-05 -3.76232e-05 1.14085e-07 -1.6788e-07 3.11467e-05 -5.31705e-05 4.10138e-06 -9.54945e-05 -5.52563e-06 1.48209e-06 7.44628e-07 2.62715e-10 -3.20243e-05 1.03229e-05 -6.79445e-06 -2.9547e-07 8.56757e-06 -1.51183e-05 -1.49107e-06 3.59901e-05 1.4331e-06 1.28229e-07 -1.383e-06 -1.41768e-05 -0.000152135 1.15361e-05 2.36408e-05 -2.4352e-06 -9.79627e-08 -4.46993e-07 -2.65495e-07 7.17877e-07 -3.38864e-05 -5.85432e-05 -2.65392e-05 -3.16976e-05 -1.23412e-05 2.66821e-06 6.42957e-05 -1.18687e-05 -4.65317e-05 2.08869e-05 6.0857e-06 -2.30221e-05 7.80719e-07 5.13797e-05 -2.75557e-05 0.000106495 -4.106e-05 -3.03809e-06 -1.45311e-05 -5.8309e-06 4.26584e-06 1.88557e-08 1.27443e-05 -3.29243e-06 2.62415e-05 -2.93179e-05 -7.44016e-06 4.85821e-06 3.73147e-05 -3.37026e-05 -2.17054e-05 4.14037e-05 4.24178e-05 3.97113e-05 -8.21719e-05 -0.000204507 -7.63471e-05 0.000134003 -2.90961e-05 0.000136265 -7.7743e-06 7.75924e-06 3.37862e-05 2.59276e-05 1.58917e-05 3.26315e-06 3.19256e-05 -1.99787e-06 5.68971e-05 -5.34052e-05 -0.000114845 -3.56223e-07 -5.99968e-05 7.00556e-05 6.91127e-05 4.57409e-06 -3.45758e-06 -5.2581e-06 -1.95756e-05 6.9389e-05 4.98276e-05 -0.000105521 5.28796e-05 -2.71062e-05 -1.17413e-06 9.05769e-07 6.27717e-08 -5.55904e-06 3.5512e-06 -1.62865e-05 -4.9782e-05 -6.51819e-05 0.00052622 -7.28285e-05 4.39415e-05
 -0.000133972 28.0498 -5.88665 -0.000977187 407.243 -329.083 -0.375603 -0.114772 2.43229 10.1332 0.758195 -17.5757 0.00012935 -2.17818 -0.00633296 3.724e-05 -1.05339 0.0384114 3.9678e-05 -3.91778 1.69677 6.47724e-05 -4.13528 0.880154 10.6749 21.6074 -5.66422 4.04072 14.944 -16.9039 14.8903 0.146515 -1.7 8.59433 9.23896 -15.7271 4.20027 -1.23217 0.00509341 9.38892 -2.59768 -0.0785757 6.31264 2.31855 -0.463066 -0.359081 -0.0460203 0.0863223 -1.21909 2.56158 -1.35113 0.141061 2.16353 -3.33779 0.53898 -0.318785 5.3716 1.72502 5.58981 -7.49354 0.33747 -0.0260036 -1.83378 -1.5507 0.254509 -8.4742 -0.687893 0.194037 0.0838415 5.12468e-05 -5.29166 1.70412 -0.858023 -0.0364851 1.10774 -1.66976 -0.116595 3.07041 -0.0519782 -0.0649659 0.534407 -3.50455 -0.623134 0.0673251 2.13546 -0.220379 0.433274 0.0595387 0.013539 -0.0737023 0.780733 -1.43271 1.63604 2.61348 1.17263 1.93348 1.98148 -1.80782 -0.784207 4.68512 1.1272 -1.30292 -0.719485 0.741615 -1.83024 3.09812 -0.411743 -0.732533 -0.894304 1.11729 0.0794043 -0.532893 -0.918452 -1.68112 0.246656 0.207396 -0.212192 0.299973 2.36624 -1.29038 -1.67244 -0.440784 -0.380422 2.79913 2.71298 -1.85609 -1.54912 3.87842 -7.65796 3.2556 0.367232 0.095682 -0.500958 -0.965248 -0.624283 0.0142307 -0.0925145 -1.3309 0.654142 0.841156 0.342596 -0.715494 -1.48798 0.0925137 0.0651003 -0.284858 0.745909 -0.790299 -3.10501 -0.0352419 1.56919 -1.85523 0.384857 -0.715561 -0.468918 -0.415576 -0.410637 0.160525 -0.0921009 -1.82389 -4.05692 -4.38104 73.4467 -28.4922 3.97958
 0.000108749 -22.7665 4.77786 0.000795678 -329.083 268.391 0.303159 0.0926126 -1.96416 -8.22505 -0.615502 14.268 -0.00010473 1.76224 0.00515338 -3.01288e-05 0.850601 -0.0309722 -3.22157e-05 3.17516 -1.37514 -5.2558e-05 3.35184 -0.713397 -8.66152 -17.5345 4.59653 -3.2812 -12.1273 13.7178 -12.0821 -0.120473 1.38558 -6.97439 -7.49792 12.7634 -3.40886 0.996977 -0.0040036 -7.61694 2.10523 0.0637651 -5.12288 -1.88502 0.376229 0.289687 0.0353609 -0.0669308 0.990206 -2.07839 1.09666 -0.114775 -1.75616 2.70887 -0.437416 0.258706 -4.35796 -1.39958 -4.53587 6.0805 -0.274068 0.0211219 1.48822 1.25905 -0.206582 6.87804 0.558429 -0.157517 -0.0681555 -4.1513e-05 4.28645 -1.38035 0.694258 0.0295147 -0.896329 1.354 0.0944671 -2.48809 0.0417945 0.0526095 -0.432771 2.84494 0.504785 -0.0545729 -1.73329 0.178873 -0.351715 -0.0483118 -0.0109835 0.0598022 -0.633096 1.1625 -1.32715 -2.12018 -0.951383 -1.56864 -1.60793 1.46713 0.636778 -3.80331 -0.914739 1.05764 0.583699 -0.602095 1.48536 -2.51441 0.334258 0.594336 0.726004 -0.906455 -0.0646527 0.432294 0.74517 1.36416 -0.200211 -0.167902 0.172162 -0.243414 -1.92017 1.04722 1.35735 0.357517 0.308609 -2.27155 -2.20082 1.50721 1.25745 -3.14789 6.21415 -2.64232 -0.297923 -0.0776675 0.406342 0.783167 0.506524 -0.0116811 0.0748035 1.07986 -0.531119 -0.682502 -0.277419 0.580703 1.2078 -0.0755109 -0.0531721 0.231114 -0.605329 0.641479 2.51936 0.0282013 -1.27353 1.50584 -0.312776 0.58067 0.380388 0.337221 0.333207 -0.130201 0.0746917 1.48011 3.29272 3.55523 -59.6121 23.1356 -3.22875
 -1.86544e-06 0.443046 -0.0969292 -4.39934e-06 -0.375603 0.303159 999.847 -0.0906473 0.89022 -0.141837 -0.0221371 0.574463 1.3902e-05 -0.284062 1.99647e-06 7.74913e-06 -0.245075 0.0108595 -1.06299e-06 -0.309884 0.134056 2.1454e-06 -0.333312 0.070723 0.185573 0.711109 -0.184875 0.055495 0.757465 -0.857263 0.997343 -0.128565 0.42771 1.04445 0.0875611 -0.216979 -0.0298159 -0.137991 0.00500033 0.0327313 -0.111124 0.00104385 0.0684298 -0.403555 0.0487577 -0.126034 -0.154954 0.240951 0.163349 -0.313619 -0.459109 0.446622 -0.110612 -1.72214 0.797076 -0.767953 -0.20869 -0.406706 0.203124 0.0269128 -0.0681877 0.00634781 -0.0248744 0.0386848 -0.00589652 0.203583 0.000611557 -0.000108765 -0.0047862 4.66515e-06 -0.491934 0.158522 -0.168417 -0.00777055 0.232973 -0.226383 -0.0325714 0.775597 0.0245272 0.00307591 -0.0284855 0.131175 -0.669156 0.0496559 -0.256162 0.0257637 0.0351664 0.0020835 -0.000178061 -0.00192371 -0.3241 -0.346486 -0.256305 -0.315659 -0.120855 0.0233925 0.710371 0.700509 -1.0757 0.0496243 0.0933986 0.290079 0.389061 -0.0976231 -0.136452 0.149634 0.193466 -0.251935 -0.0149258 -0.0162642 -0.0316979 -0.0504892 -0.0625724 -0.0302429 -0.0703835 -0.114728 0.348814 -0.550554 0.110391 -0.0109588 0.033476 -0.0472981 0.0759115 -0.0400882 -0.0493031 -0.0584162 -0.14234 0.105826 0.303508 -0.234261 0.0438882 0.0600096 0.116993 -0.57671 0.222654 -0.170133 0.0811345 0.192637 -0.395061 -0.117085 -0.0380475 0.326984 -0.156495 0.178339 0.211364 -0.026981 0.0554459 0.0344774 0.0736012 0.0484373 0.35344 0.42893 0.0624335 -0.111815 -0.0862616 0.0287433 0.0302712 -0.0763877 0.0340316 -0.382244 -0.584683 -0.959881 7.81219 5.17447 1.40053
 -7.96752e-08 0.160776 -0.0349109 -1.07565e-06 -0.114772 0.0926126 -0.0906473 3.79747 -53.7078 -0.0509768 -0.00769253 0.196978 4.14339e-06 -0.082495 -1.35649e-05 2.4632e-06 -0.0718435 0.00318019 1.85552e-07 -0.0769301 0.0332704 9.74266e-07 -0.105428 0.0224643 0.0138707 0.368897 -0.0942641 0.0234196 0.24357 -0.275502 0.249345 -0.0510874 0.180716 0.217282 0.114221 -0.201732 0.00503217 -0.0404724 0.00115236 0.0299196 -0.0351097 -3.30781e-05 -0.0053423 -0.0969497 0.0115647 -0.0347803 -0.0456663 0.0710634 0.052055 -0.11486 -0.199566 0.186914 0.0252833 -0.592198 0.141528 -0.10833 -0.0616638 -0.136503 0.044065 0.0349094 -0.0227701 0.00253081 -0.0904801 0.0764157 -0.00223485 0.00621387 0.000632142 -0.000137728 -0.00187967 1.51351e-06 -0.149365 0.0481616 -0.0507391 -0.00233034 0.0698613 -0.0843349 -0.0115869 0.272803 0.00299955 0.000230862 -0.00325864 0.0549548 -0.0329191 0.00244625 -0.0601032 0.00602956 0.0162209 0.00120898 0.000515499 -0.0017384 -0.099814 -0.127892 -0.0558769 -0.0410462 -0.00152336 0.0166837 0.478201 -0.119807 -0.340997 0.0474459 0.0625809 0.319593 0.118373 -0.0411853 -0.23103 -0.0693747 0.127952 -0.0685643 0.0172488 -0.0141271 -0.0249661 -0.0326604 -0.0402158 -0.0159512 -0.0317404 -0.0941436 0.201957 -0.164619 0.013968 -0.0226224 0.0571749 -0.0287358 0.0321302 -0.0206705 0.00542254 -0.00748831 -0.0961793 0.0121019 0.0287606 -0.0547213 0.0268731 0.038495 0.0362632 -0.123023 0.0281851 -0.011116 0.00794676 -0.0389896 -0.112468 0.0443587 0.0859236 0.093773 -0.0132178 0.0348722 0.00986638 -0.0582812 -0.0684307 0.136487 -0.0325123 0.108856 0.179162 0.0489202 -0.0648241 -0.0425551 -0.0276541 0.00661227 0.0123875 -0.0243517 0.0104304 -0.123638 -0.144805 -0.276414 2.54868 1.65863 0.453634
 -4.40579e-07 -2.59125 0.56548 2.37753e-05 2.43229 -1.96416 0.89022 -53.7078 991.56 1.0795 0.156131 -3.96401 -7.9308e-05 1.58905 -3.7328e-05 -4.59833e-05 1.37372 -0.0610381 -1.70544e-06 1.46433 -0.6335 -1.79613e-05 1.9827 -0.422635 -0.268621 -6.60505 1.68836 -0.362744 -4.31737 4.88327 -4.5489 0.991222 -3.52684 -3.98689 -1.96196 3.48245 -0.0821443 0.821503 -0.0248051 -0.602891 0.708455 0.000487602 0.101364 1.93453 -0.232484 0.693043 0.892383 -1.39003 -1.00215 2.0903 3.64207 -3.4077 -0.393331 10.7715 -2.62014 2.02424 1.13304 2.48573 -0.788202 -0.652029 0.425732 -0.0471054 1.61956 -1.38428 0.0413744 -0.148934 -0.0163711 0.00385616 0.0358107 -2.96354e-05 2.87498 -0.928012 0.986578 0.0455968 -1.36009 1.55188 0.213175 -5.01765 -0.0578798 -0.00742938 0.0850627 -1.1341 0.687829 -0.0504233 1.11661 -0.112021 -0.30377 -0.0218371 -0.0093831 0.0314719 1.80813 2.33121 1.00731 0.746638 0.0508732 -0.292446 -8.70775 2.12388 6.19097 -0.729303 -1.03679 -5.84517 -2.15981 0.748718 4.19142 1.25667 -2.32732 1.25761 -0.331901 0.247449 0.458905 0.59741 0.734406 0.290652 0.568897 1.69698 -3.68186 3.00196 -0.25364 0.402976 -1.0482 0.520307 -0.594221 0.37524 -0.103219 0.130038 1.74259 -0.210236 -0.547942 1.00026 -0.49323 -0.703534 -0.664592 2.24235 -0.52152 0.208173 -0.141859 0.709441 2.05785 -0.798577 -1.56863 -1.72446 0.232332 -0.634673 -0.183133 1.0596 1.24818 -2.49636 0.592895 -1.98173 -3.26736 -0.897917 1.1909 0.778528 0.507306 -0.124171 -0.22903 0.443952 -0.189296 2.25023 2.61341 5.03218 -45.8304 -31.0051 -8.29782
 -7.89691e-05 15.7901 -3.31227 4.90604e-05 10.1332 -8.22505 -0.141837 -0.0509768 1.0795 896.277 -7.02277 147.254 0.000115366 -2.42958 0.00179525 5.78527e-05 -1.98191 0.0899345 2.72549e-05 -2.94929 1.2806 2.50414e-05 -3.05513 0.654288 5.69713 6.32815 -1.69875 1.55876 5.33063 -6.03294 6.9151 0.402118 -2.10349 5.57629 3.31506 -5.82757 2.5493 -0.432913 -0.00512477 4.34166 -1.32555 -0.0306267 2.70209 1.09591 -0.205534 -0.0767798 -0.00850358 0.0172418 1.51026 0.795812 -5.29418 3.59417 0.190319 -2.77827 2.43743 -2.58891 3.41733 2.20307 1.17837 -2.78961 0.692477 -0.0533855 -2.87283 4.50237 -0.00241879 -4.89974 -0.0884298 0.0254151 -0.0381684 1.9336e-05 -3.0432 0.979835 -0.389781 -0.0122055 0.404662 -1.08121 -0.0876955 2.43529 -0.427541 -0.236619 1.90719 -1.42198 -5.23198 0.40848 0.242851 -0.0276052 0.703962 0.00108173 -0.0115741 0.0105433 -0.486796 -7.88057 0.219208 5.78982 6.56197 8.10494 -7.99382 -4.41245 2.79379 12.9681 4.2855 -9.72071 2.96109 -1.61374 -3.29341 3.10735 8.72711 13.5482 -16.8079 1.86234 2.06053 0.84686 -0.32488 -0.73944 -0.971347 2.64655 -5.19868 0.407104 3.31428 -3.45187 0.926415 0.0643639 -1.74432 0.0644192 -0.380018 1.18975 -5.18268 9.37529 -10.3777 7.01041 -1.97673 -0.815244 1.48209 -5.38745 0.494959 -3.28949 -1.17647 1.28453 -0.167785 -0.347093 -0.899866 -1.04719 -1.28108 1.2752 0.0770212 -2.61675 0.319451 1.00897 -1.20151 0.254806 -1.87775 1.32175 2.04027 -1.3169 -2.6768 -0.892747 -0.830436 0.124517 0.0142162 -0.969023 -1.56449 2.16158 43.9349 -21.9579 1.78536
 -4.5438e-06 1.14744 -0.240846 4.2276e-06 0.758195 -0.615502 -0.0221371 -0.00769253 0.156131 -7.02277 2.31837 -33.6611 8.14327e-06 -0.16837 8.7191e-05 4.4075e-06 -0.140829 0.00630201 2.12028e-06 -0.225499 0.0977868 2.02371e-06 -0.231082 0.049365 0.211948 0.774612 -0.200285 0.144438 0.559658 -0.633031 0.433142 -0.0149966 0.0270867 0.147183 0.394661 -0.655826 0.154284 -0.042428 8.05478e-05 0.0954473 -0.0497177 -0.000901809 0.0127103 0.0878137 -0.0128818 -0.0252782 -0.0246211 0.0386906 -0.0743687 0.0362652 0.014446 -0.0209659 0.102245 -0.321267 -0.0513161 0.0915264 0.149882 -0.0354184 0.172329 -0.177966 0.0125812 -0.00111821 -0.0651667 0.103796 0.000710831 -0.145422 -0.00230293 0.000714775 -0.00201587 1.62129e-06 -0.21375 0.0688383 -0.0444278 -0.00175959 0.05422 -0.0150523 -0.00040134 0.0168936 -0.0171764 -0.00915785 0.0729202 -0.126985 0.289211 -0.0211885 0.0386483 -0.00417593 0.0331069 0.00278371 0.000921426 -0.00373585 -0.0518939 -0.512618 0.214713 0.739943 0.615324 0.653488 -0.419748 -0.184408 -0.162072 0.396529 0.106417 -0.155555 0.385485 0.0240123 -0.473418 -0.260979 0.137087 0.424138 -0.218943 -0.0208603 -0.0390912 -0.0201076 -0.0462203 -0.0563675 -0.0778574 0.0590989 -0.1597 -0.0437133 0.111676 -0.105234 -0.00824192 -0.0305699 -0.0617587 -0.00790602 0.0519661 -0.019112 -0.147637 0.309465 -0.296981 0.0294825 -0.00753349 -0.0436943 0.0399674 -0.241228 0.0293577 -0.0595263 -0.0277232 -0.0268549 -0.0794735 0.0372 0.00517551 -0.0669408 -0.0630398 -0.00387661 0.0273016 -0.0751968 0.0167047 0.00388161 -0.094535 0.0114615 0.0629311 0.0081895 -0.016548 -0.0285643 -0.0393373 -0.0231004 -0.0229354 -0.00342801 0.00297469 -0.101967 -0.19092 -0.252961 3.39152 -0.52671 0.277766
 0.000104439 -26.6927 5.60285 -9.54215e-05 -17.5757 14.268 0.574463 0.196978 -3.96401 147.254 -33.6611 784.349 -0.000195819 4.05729 -0.00238518 -0.000105309 3.40818 -0.152817 -4.84773e-05 5.42449 -2.35259 -4.63052e-05 5.52226 -1.1799 -5.02184 -17.8494 4.61751 -3.32583 -12.9106 14.6033 -10.2845 0.423621 -0.903796 -3.57826 -9.04392 15.0432 -3.6264 1.11576 -0.00743 -2.28976 1.26206 0.0206422 -0.309577 -1.868 0.277276 0.66077 0.650355 -1.02242 1.70046 -0.893113 -0.086313 0.321372 -2.26003 7.45247 1.08037 -1.99408 -3.57467 0.732257 -3.96996 4.15562 -0.309104 0.0271734 1.65316 -2.52359 -0.0176131 3.54874 0.0380374 -0.0123175 0.0522193 -3.97351e-05 5.17478 -1.66753 1.10617 0.0442749 -1.35522 0.286229 0.0033829 -0.258808 0.392563 0.210606 -1.67766 3.06337 -6.46687 0.472673 -0.895694 0.0967782 -0.75374 -0.0636198 -0.0207114 0.0850313 1.21529 11.9606 -5.04732 -17.1292 -14.0203 -14.9831 9.7788 4.43171 3.7464 -10.1649 -2.67627 3.9857 -8.93515 -0.486325 10.9701 5.87756 -3.44092 -10.205 5.61842 0.411768 0.827439 0.429316 1.07419 1.32708 1.82158 -1.44891 3.85379 0.985106 -2.67011 2.53605 0.161127 0.703294 1.48067 0.176496 -1.17275 0.401647 3.56668 -7.41945 7.16756 -0.914464 0.241998 1.02979 -0.966091 5.71242 -0.691306 1.47759 0.680631 0.578105 1.83564 -0.837198 -0.0930918 1.56425 1.48922 0.0510361 -0.624735 1.81286 -0.390134 -0.124005 2.20831 -0.268972 -1.37613 -0.230932 0.313318 0.701143 0.993873 0.563249 0.556891 0.0740583 -0.069146 2.36494 4.4091 5.69671 -79.1112 12.8663 -6.40979
 2.52402e-10 -8.38456e-05 1.83779e-05 7.12972e-10 0.00012935 -0.00010473 1.3902e-05 4.14339e-06 -7.9308e-05 0.000115366 8.14327e-06 -0.000195819 1000 8.07652e-05 -6.06803e-06 -1.00584e-09 4.80903e-05 -1.78827e-06 2.49748e-10 3.68453e-05 -1.58373e-05 -8.09545e-11 4.73086e-05 -9.86223e-06 -0.000277503 -0.000569226 0.000150234 -2.84618e-05 -0.000176302 0.000199342 -7.79465e-05 2.98985e-05 -0.000109823 -0.00013881 5.96613e-05 -8.77691e-05 0.000110095 3.0864e-05 -9.79859e-07 -0.000373529 0.00014576 3.80126e-06 -4.47452e-05 0.000172419 -1.99095e-05 2.71687e-05 3.70425e-05 -5.80132e-05 8.88148e-05 -1.775e-06 -0.000200799 0.000147074 3.20822e-05 5.00684e-05 -1.04513e-05 7.76728e-06 0.000124508 -2.89564e-05 -3.96293e-05 5.43839e-05 -2.92223e-06 3.2613e-07 -3.79988e-05 -7.62189e-07 1.42409e-06 -5.86165e-05 -1.18792e-06 3.36059e-07 -5.9856e-07 -6.91848e-10 7.64232e-05 -2.43208e-05 1.51954e-05 6.58127e-07 -1.90877e-05 3.41887e-05 4.78364e-06 -0.000119167 1.66545e-07 1.14337e-06 -1.02833e-05 -4.37251e-05 0.000248815 -1.82636e-05 9.96817e-06 -8.98038e-07 1.15467e-05 -9.35113e-07 -1.67559e-07 1.11231e-06 -5.02703e-05 -5.05131e-05 3.85993e-05 8.62713e-05 3.98752e-05 1.35693e-05 -1.51125e-05 -2.76492e-06 -9.46033e-05 5.56488e-06 8.48335e-06 0.000259329 0.000144923 -0.000132582 -8.64567e-05 4.21382e-05 3.53526e-05 6.20455e-05 5.27614e-05 -1.0381e-05 -0.00010064 -1.05371e-05 5.75921e-05 2.99668e-05 -5.23352e-05 -2.84534e-05 -7.72321e-05 4.25804e-05 3.36318e-05 2.14573e-05 -4.8552e-06 -9.20951e-06 -2.8918e-05 3.91419e-06 -1.32219e-05 -2.38996e-05 -3.11752e-05 -3.52449e-05 -2.81302e-05 -3.39616e-05 -1.18024e-05 6.22801e-06 1.67022e-05 2.96069e-05 2.22486e-05 1.87403e-05 1.13987e-05 -3.50324e-06 -4.57342e-05 -4.94932e-05 -2.40731e-05 6.67905e-06 2.42101e-05 -6.05923e-06 -4.17933e-05 -4.21834e-06 -9.34346e-06 5.82103e-07 -8.27819e-06 -8.89315e-06 2.48682e-06 2.41807e-05 3.37461e-05 -1.95577e-05 -5.93691e-06 -1.07416e-05 -4.86993e-06 -2.25084e-06 4.796e-06 3.37114e-05 6.43536e-05 8.58703e-05 -0.000779758 -0.000322613 -0.000116636
 -1.30241e-05 2.42734 -0.526426 -1.20339e-05 -2.17818 1.76224 -0.284062 -0.082495 1.58905 -2.42958 -0.16837 4.05729 8.07652e-05 998.034 -2.5743 1.71075e-05 -1.08096 0.0409607 -9.65343e-06 -0.692617 0.29689 -4.70077e-06 -0.907422 0.18778 8.15929 13.7874 -3.66678 0.767515 4.47652 -5.06282 2.71903 -0.62806 2.22431 4.63256 -0.509295 0.501075 -3.29926 -0.797021 0.0291674 7.50089 -3.30127 -0.0811967 1.17092 -4.80479 0.558587 -0.650529 -0.905032 1.41562 -1.8623 1.01424 4.04948 -3.31136 -1.27678 -0.55305 1.06937 -1.21514 -3.59283 1.47278 0.82203 -1.58808 0.050648 -0.00462148 0.826244 0.209231 -0.030614 1.06607 0.0128543 -0.00360594 0.0190811 1.35589e-05 -1.61829 0.513187 -0.27997 -0.0115019 0.33774 -0.804566 -0.107538 2.68569 0.00572197 -0.0211591 0.195685 1.23654 -8.52694 0.638876 -0.181737 0.0155126 -0.305406 0.0193129 0.00352493 -0.0230343 1.80997 1.82254 -0.793176 -2.13992 -0.9779 -0.293518 0.893591 0.287982 2.0536 -0.188988 -0.18875 -4.86048 -3.83245 2.38144 3.29364 -0.765777 -0.745495 -1.64935 -0.291038 0.488294 1.92996 0.251847 -1.40248 -1.15466 1.56926 1.10218 1.91467 -0.911987 -0.673331 -0.190862 0.20517 0.269613 0.656587 0.0283446 0.466558 0.657282 0.755248 0.570126 0.698839 0.728061 0.191536 -0.296112 -0.645637 -0.902219 -0.584407 -0.509063 -0.360915 -0.0565141 0.556595 0.595902 0.153627 -0.0219426 -0.238618 0.211419 0.744318 -0.0282578 0.0458644 -0.259462 0.060177 0.0613351 -0.205133 -0.971328 -1.34491 -0.0464213 -0.0586868 0.101929 0.0323969 0.190847 -0.178055 -0.604034 -1.24277 -1.59482 14.2859 5.31907 2.06627
 1.89726e-07 -0.0236109 0.00499422 2.36216e-08 -0.00633296 0.00515338 1.99647e-06 -1.35649e-05 -3.7328e-05 0.00179525 8.7191e-05 -0.00238518 -6.06803e-06 -2.5743 0.823796 2.27961e-07 -0.00610603 0.000320297 2.23435e-08 -0.00273043 0.00120421 5.62098e-08 -0.00405146 0.000895302 -0.0321615 -0.0563793 0.0149261 -0.00569812 -0.0237709 0.0268838 -0.0123877 -0.000147706 0.00154407 -0.0177776 -0.00481082 0.00914632 0.00107263 -0.0018169 0.000164475 -0.0365998 0.00804358 0.000382165 -0.011439 0.00539211 -0.000345558 -2.68756e-05 -0.000718227 0.00109525 0.00305058 -0.00469281 -0.0157789 0.0132586 0.00188777 0.00024928 -0.0052974 0.00624777 0.00627754 -0.0057697 -0.00537297 0.00901942 -0.000493393 4.32625e-05 -0.00110161 -0.000934485 5.35587e-05 -0.00129294 6.42692e-05 -1.8426e-05 -4.1273e-05 6.96721e-08 -0.00449218 0.00153473 -0.000404507 -1.8062e-05 0.000451327 0.00132883 0.000120969 -0.00336941 -0.000297602 -0.000203855 0.00150977 -0.00416928 0.0293798 -0.00219339 -0.000198226 2.96301e-05 0.00017826 -7.69284e-05 -1.30361e-05 9.07438e-05 -0.00630441 -0.00393407 0.000962919 0.00420643 0.00227869 0.00111086 -0.00165842 -0.00113427 -0.00646627 -0.00144068 0.000681216 0.016466 0.0123976 -0.00772053 -0.010793 0.00206925 0.00210397 0.00520218 0.00119473 -0.00204437 -0.00642214 -0.000559939 0.00521153 0.00426582 -0.00532394 -0.00385366 -0.00639604 0.00308326 0.00209569 0.000404866 -0.000696327 -0.000966246 -0.00195627 -0.00018728 -0.00165674 -0.00214688 -0.00225892 -0.00219449 -0.00164348 -0.0026751 -0.000532183 0.00114836 0.00246302 0.00334236 0.00216599 0.00169874 0.00105321 -9.26678e-05 -0.00207242 -0.00194776 0.0001188 0.000641218 0.00116627 -0.000728545 -0.00230853 0.000302491 -0.000121067 0.00135873 -3.28164e-05 1.91972e-05 0.000849621 0.00340893 0.00431746 0.000296777 0.000243223 -0.000143804 8.76021e-05 -0.000738272 0.000626878 0.00208821 0.00480537 0.00517137 -0.0667013 0.00704347 -0.00585132
 -3.09999e-10 -4.30888e-05 9.33879e-06 1.75447e-10 3.724e-05 -3.01288e-05 7.74913e-06 2.4632e-06 -4.59833e-05 5.78527e-05 4.4075e-06 -0.000105309 -1.00584e-09 1.71075e-05 2.27961e-07 1000 2.36447e-05 -3.42956e-06 -3.49349e-10 2.4631e-05 -1.05725e-05 -5.65998e-10 2.91586e-05 -6.05736e-06 2.08912e-05 5.27383e-06 -1.77967e-06 -8.59297e-06 -5.27623e-05 5.96246e-05 2.59894e-05 1.35529e-05 -5.5152e-05 6.19346e-05 1.0417e-05 -2.18803e-05 -2.23921e-05 6.40509e-06 -8.76328e-08 -0.00012688 3.34903e-05 9.7805e-07 -3.40858e-05 1.21066e-05 -5.24863e-07 7.91859e-06 1.22723e-05 -1.92078e-05 7.31469e-05 -8.98167e-06 -0.000198184 0.00014796 -1.79579e-05 7.11579e-05 2.40449e-05 -3.53497e-05 7.61025e-06 2.74914e-05 -3.80536e-05 2.55613e-05 6.78334e-06 -5.5257e-07 -1.06476e-05 1.75811e-05 2.25928e-08 -2.14581e-05 -2.34986e-06 6.41308e-07 4.51153e-07 -4.47424e-10 3.48662e-05 -1.11098e-05 1.00476e-05 4.82793e-07 -1.39696e-05 8.57364e-06 1.71765e-06 -4.34055e-05 4.68002e-07 1.37724e-06 -1.20057e-05 -3.99704e-06 -0.000299495 2.35619e-05 1.82528e-05 -1.82561e-06 1.11038e-06 -9.70228e-07 -2.136e-07 1.194e-06 -2.11603e-05 1.88534e-06 5.27867e-05 7.39316e-05 4.10241e-05 3.39565e-05 4.53224e-05 -5.43702e-06 -0.000165592 -3.82285e-05 -8.15085e-06 0.000248284 -1.50813e-05 0.000136516 -5.48671e-05 5.04753e-06 6.98093e-05 -2.61193e-05 3.4591e-05 -1.55021e-05 -3.92357e-05 -2.54223e-05 -1.47333e-05 1.15191e-05 1.30605e-05 4.69858e-05 -2.47592e-05 -1.13715e-05 -4.08117e-05 9.99814e-07 9.59976e-06 9.31524e-06 -8.51416e-06 -1.40236e-06 -1.61771e-05 -7.25229e-06 -1.75032e-05 -2.59886e-05 -3.0121e-05 -9.58223e-06 -1.23264e-05 -1.81606e-06 -1.86961e-06 9.6815e-06 5.35707e-06 -9.40378e-06 -1.06345e-05 -1.34582e-05 -1.3744e-05 -3.31562e-05 -4.34722e-05 -1.83591e-06 5.59467e-06 -6.04534e-06 3.43976e-06 5.98501e-06 -1.67733e-05 2.11172e-05 -5.01305e-07 -2.067e-05 -1.29084e-05 -1.66933e-05 -9.98376e-06 -1.92938e-05 -4.29367e-06 -8.52539e-06 -5.00503e-06 6.97553e-06 1.84485e-06 2.47976e-05 4.59126e-05 5.87564e-05 -0.00050796 -0.000332758 -9.06182e-05
 -4.4606e-06 2.0595 -0.444555 -6.69015e-06 -1.05339 0.850601 -0.245075 -0.0718435 1.37372 -1.98191 -0.140829 3.40818 4.80903e-05 -1.08096 -0.00610603 2.36447e-05 996.922 -46.7247 -1.74418e-07 -0.681965 0.292708 3.99243e-06 -0.826538 0.171897 3.60203 3.93254 -1.07132 0.418485 2.64195 -2.98905 1.49384 -0.379892 1.3626 2.41673 0.064943 -0.275738 -1.09023 -0.447858 0.0161315 3.81743 -1.58581 -0.0373911 1.69962 -2.57593 0.275402 -0.388817 -0.565929 0.883647 -1.41675 1.78914 3.56515 -3.23386 -0.489398 -1.05454 0.60277 -0.609471 -1.87861 0.777421 1.16427 -1.64927 -0.201877 0.0203467 0.121698 0.118166 -0.0150272 0.526245 0.0330523 -0.00877729 -0.000969386 1.25603e-05 -1.16933 0.372182 -0.29089 -0.0132381 0.38825 -0.582542 -0.0844806 2.1203 -0.0542 -0.0458252 0.398149 0.539619 0.676362 -0.0624559 -0.377829 0.0360816 -0.112894 0.0286052 0.00550588 -0.0344045 1.56072 1.25773 -1.28058 -2.45167 -1.28037 -0.807397 -0.464725 0.739011 3.69661 0.843415 0.127681 -7.00787 -2.49381 -0.182468 3.9649 1.25634 -3.32781 -3.12108 2.60719 -0.127185 1.18159 0.60543 0.202152 -0.321584 -0.548873 0.686791 0.673383 0.148999 0.574174 0.431845 0.0369732 -0.0138525 0.309384 0.175882 0.74831 0.546111 0.648163 0.635161 0.940952 0.510854 0.418538 0.24012 -0.213103 -1.32607 -0.335889 -0.00583345 0.154468 0.140263 0.262314 0.315946 0.545649 0.215137 0.242295 -0.291715 -0.00869463 0.0755142 0.32697 -0.57591 -0.804794 0.327297 0.23066 -0.262653 -0.654231 -0.517703 -0.241556 0.0114163 0.0528018 0.0237035 -0.15168 -0.636875 -1.10236 -1.50676 13.7968 7.48102 2.2758
 3.72846e-07 -0.111119 0.0238947 3.1871e-07 0.0384114 -0.0309722 0.0108595 0.00318019 -0.0610381 0.0899345 0.00630201 -0.152817 -1.78827e-06 0.0409607 0.000320297 -3.42956e-06 -46.7247 3.06775 3.28776e-08 0.0274727 -0.0117607 -1.17124e-07 0.0332859 -0.00687923 -0.173888 -0.194579 0.0529025 -0.0227315 -0.13197 0.149309 -0.0733319 0.016494 -0.05852 -0.11625 -0.0076391 0.0206556 0.0480019 0.019009 -0.000638046 -0.186096 0.0733176 0.00183325 -0.0846586 0.115217 -0.0120806 0.0165694 0.0238486 -0.0372453 0.0652072 -0.0859622 -0.171797 0.155812 0.02173 0.0500112 -0.0288792 0.029251 0.0856188 -0.0373642 -0.0573533 0.0810614 0.0092606 -0.000937553 -0.0046344 -0.0057612 0.000679505 -0.0234281 -0.00134186 0.000352487 6.73924e-05 -4.73746e-07 0.0485884 -0.0153912 0.0126794 0.000575802 -0.0169728 0.0268868 0.00382495 -0.0963468 0.00191595 0.00180369 -0.0159488 -0.0268492 -0.0330765 0.00304013 0.0172527 -0.00164319 0.00473482 -0.00137263 -0.000262857 0.00164956 -0.0742376 -0.061225 0.0589624 0.11827 0.0630543 0.0398025 0.0222606 -0.0353513 -0.174693 -0.045458 -0.00815377 0.334643 0.118902 0.00827024 -0.188786 -0.0600172 0.158533 0.148935 -0.124138 0.00604595 -0.0564654 -0.0287121 -0.0092823 0.0155796 0.0262511 -0.0327491 -0.032066 -0.00710866 -0.0273802 -0.0205598 -0.001611 0.000673448 -0.0145 -0.00841471 -0.0356094 -0.0259158 -0.0306535 -0.0305575 -0.0442259 -0.0245065 -0.019848 -0.011324 0.0103792 0.0634349 0.0162111 0.000260019 -0.00746158 -0.00684387 -0.0127025 -0.015201 -0.0256114 -0.00979887 -0.011166 0.0137996 0.000393422 -0.00352361 -0.0156263 0.027781 0.0382975 -0.0154974 -0.0108905 0.012684 0.0309688 0.0247072 0.0114818 -0.000413822 -0.00238175 -0.00117214 0.00722205 0.0304674 0.0533604 0.0718842 -0.678051 -0.33138 -0.107523
 -9.52198e-10 2.85099e-05 -6.02123e-06 3.64962e-11 3.9678e-05 -3.22157e-05 -1.06299e-06 1.85552e-07 -1.70544e-06 2.72549e-05 2.12028e-06 -4.84773e-05 2.49748e-10 -9.65343e-06 2.23435e-08 -3.49349e-10 -1.74418e-07 3.28776e-08 1000 -1.66724e-06 1.39056e-06 -5.03606e-10 6.99661e-06 -1.5323e-06 6.8379e-05 -3.77756e-06 -4.58731e-07 8.27964e-06 5.34336e-05 -6.04757e-05 7.28423e-05 6.91549e-06 -3.26215e-05 0.000147156 -4.17496e-05 5.73204e-05 -3.89421e-05 -3.47163e-06 3.58594e-07 -4.94648e-05 1.89329e-06 2.24191e-07 -8.17729e-06 -3.85585e-05 5.07659e-06 -2.3968e-06 -2.09049e-06 3.20271e-06 3.74842e-05 1.47542e-05 -7.9592e-05 5.27916e-05 -3.49562e-05 1.87513e-05 6.77427e-05 -8.13789e-05 -3.16895e-05 2.49017e-05 -8.06897e-06 -4.04336e-06 -9.10735e-09 1.88523e-07 -2.29391e-05 8.34286e-06 -1.36105e-07 -3.10516e-06 -1.66213e-06 4.50443e-07 3.4615e-07 -1.38216e-10 -7.59015e-07 1.90807e-07 9.64952e-08 4.4841e-08 -1.51229e-06 3.66991e-06 5.50385e-07 -1.21602e-05 5.59754e-07 4.47227e-07 -3.43326e-06 4.26138e-06 -0.000329848 2.53653e-05 8.04766e-06 -8.31902e-07 9.52471e-07 -7.02975e-07 -2.4252e-07 9.53303e-07 4.54222e-06 -4.41543e-05 -5.09522e-05 -6.99293e-05 -2.07606e-05 1.53605e-05 9.67593e-05 0.000376811 -0.000190777 -4.43765e-05 -2.71586e-05 -6.93444e-05 -7.1804e-05 0.000119634 2.4642e-05 2.14223e-06 6.3061e-05 -1.80452e-06 -2.61764e-05 6.38348e-06 3.21362e-05 -1.00646e-05 -1.20527e-05 -8.55141e-06 -9.89666e-06 6.12613e-06 1.11209e-05 -9.74824e-06 4.04827e-06 2.12034e-06 1.11634e-05 1.22458e-05 3.51538e-06 2.96885e-06 -1.29964e-05 -5.78102e-06 -9.0483e-07 -3.65309e-06 3.5241e-06 -3.09523e-06 1.13515e-05 3.0889e-06 9.98014e-08 -4.21499e-06 1.21903e-06 -9.54194e-06 4.45354e-06 1.54986e-05 5.83583e-07 -4.92354e-05 -5.101e-05 2.28802e-05 1.39227e-05 -1.06029e-05 5.67103e-06 1.36679e-05 -1.02232e-05 3.1404e-05 -1.00058e-05 -4.14486e-08 -5.39666e-06 -2.09182e-05 -2.16091e-05 -2.06803e-05 -5.95366e-06 -5.15507e-06 -3.59963e-06 2.93758e-06 -5.7154e-07 2.6506e-06 1.0798e-05 2.52444e-06 -5.30953e-05 -3.57638e-05 -9.59503e-06
 -1.67078e-05 1.29171 -0.285246 -1.70681e-05 -3.91778 3.17516 -0.309884 -0.0769301 1.46433 -2.94929 -0.225499 5.42449 3.68453e-05 -0.692617 -0.00273043 2.4631e-05 -0.681965 0.0274727 -1.66724e-06 837.426 -363.713 1.4838e-05 -1.86085 0.397861 -0.841224 4.7924 -1.20507 -0.242679 -0.306851 0.347365 -0.378357 -0.755255 2.97491 -0.168807 2.36102 -3.83966 0.483353 -0.302944 0.00360209 2.10155 -0.65617 -0.0135142 0.183269 -0.31914 0.0277456 -0.297989 -0.361475 0.565531 -0.663178 -0.769463 2.15746 -1.30509 0.923585 -3.14025 -1.21222 1.73694 -0.0856538 -1.71578 0.819758 0.102415 -0.187877 0.0197122 -0.403782 -0.921444 0.0272596 0.0388567 -0.0226105 0.00667694 -0.00853657 1.21617e-05 -1.30093 0.423109 -0.544782 -0.0279314 0.816492 -0.787391 -0.106646 2.52113 -0.112965 -0.0488259 0.401024 -1.54722 3.28674 -0.237135 -0.471817 0.0485339 0.12553 0.0406102 -0.00274436 -0.0382268 -0.535936 3.39026 1.61529 0.495585 -1.15102 -0.505642 -33.3945 15.3358 1.27728 2.96068 1.15746 3.96823 -6.58865 1.08508 2.37718 -1.03546 0.153624 -1.24216 -0.150168 -0.104491 1.2911 0.23948 0.183454 0.640605 1.0031 0.157359 -0.216414 -0.562397 0.940267 -0.290989 -0.103206 -0.018047 0.733543 1.45827 -0.401392 0.0208093 0.355186 0.142506 0.852856 -0.892386 0.124329 0.092812 0.405773 -0.405117 0.177414 0.651193 0.716445 0.44224 0.249061 1.17692 0.91512 -0.361764 -0.260441 -0.895487 -0.0753671 0.118037 0.00833538 1.66699 -0.302716 0.480917 1.05917 0.474623 0.174403 -0.9643 -0.433297 -0.026073 0.160525 -0.364945 0.0732617 -0.865755 -0.90875 -1.79916 19.003 9.87504 3.08402
 7.38762e-06 -0.576067 0.127053 7.38001e-06 1.69677 -1.37514 0.134056 0.0332704 -0.6335 1.2806 0.0977868 -2.35259 -1.58373e-05 0.29689 0.00120421 -1.05725e-05 0.292708 -0.0117607 1.39056e-06 -363.713 159.536 -6.48328e-06 0.808053 -0.172762 0.366457 -2.09174 0.525985 0.104498 0.129277 -0.146351 0.16335 0.327637 -1.29051 0.0732569 -1.03219 1.67869 -0.210994 0.129548 -0.00145806 -0.913665 0.284018 0.00588825 -0.0796988 0.134563 -0.0115126 0.128232 0.155654 -0.243507 0.288381 0.335673 -0.940085 0.56855 -0.402745 1.36876 0.529069 -0.757901 0.0366373 0.747447 -0.357757 -0.0438633 0.08146 -0.00855298 0.176932 0.401512 -0.0119169 -0.0153108 0.00999008 -0.00294717 0.00364455 -5.23288e-06 0.56395 -0.183402 0.236177 0.0121019 -0.35388 0.342346 0.0463754 -1.09637 0.0480038 0.0210326 -0.172724 0.676926 -1.43201 0.103302 0.204858 -0.021075 -0.053889 -0.017695 0.00119905 0.0166532 0.233768 -1.47357 -0.70597 -0.220831 0.500241 0.227512 14.5545 -6.68973 -0.553589 -1.28979 -0.506598 -1.72797 2.87076 -0.473561 -1.03548 0.451077 -0.0674553 0.54092 0.0660443 0.0456325 -0.562876 -0.104309 -0.0798673 -0.279011 -0.436765 -0.0682436 0.0942813 0.24498 -0.409777 0.126878 0.0451117 0.00782026 -0.319371 -0.635346 0.175004 -0.00887427 -0.154521 -0.0624687 -0.371098 0.388635 -0.0542414 -0.0404863 -0.176754 0.176554 -0.0772369 -0.283874 -0.312342 -0.192904 -0.108732 -0.512824 -0.398371 0.157733 0.11361 0.389866 0.0326696 -0.051558 -0.00383128 -0.725983 0.131688 -0.209641 -0.461451 -0.206733 -0.0763751 0.419962 0.18855 0.0113637 -0.0699274 0.158996 -0.0319462 0.377293 0.396855 0.784061 -8.30099 -4.27471 -1.34254
 -6.46388e-10 2.50718e-05 -5.23502e-06 2.26725e-10 6.47724e-05 -5.2558e-05 2.1454e-06 9.74266e-07 -1.79613e-05 2.50414e-05 2.02371e-06 -4.63052e-05 -8.09545e-11 -4.70077e-06 5.62098e-08 -5.65998e-10 3.99243e-06 -1.17124e-07 -5.03606e-10 1.4838e-05 -6.48328e-06 1000 1.97645e-05 -4.37104e-06 0.000106192 -0.000127328 3.01781e-05 1.46273e-05 6.63375e-05 -7.51167e-05 9.55077e-05 1.22281e-05 -5.31732e-05 0.000169909 2.52184e-05 -5.37936e-05 -5.07344e-05 -3.33864e-06 5.57439e-07 -9.51518e-05 1.1064e-05 5.63487e-07 -3.25583e-06 -4.80951e-05 5.90451e-06 -1.02357e-06 -1.87967e-06 2.76539e-06 2.31834e-05 6.57523e-05 -5.09202e-05 1.38283e-05 -5.71134e-05 2.72746e-05 0.000120997 -0.00014494 -3.88634e-05 4.63219e-05 -1.71497e-05 -6.13303e-06 6.87767e-07 1.05365e-07 -1.75511e-05 9.93075e-06 -1.09539e-08 -9.77037e-06 -2.00567e-06 5.61484e-07 4.98743e-07 -2.50849e-10 1.33901e-05 -4.50394e-06 4.00338e-06 2.34753e-07 -6.46134e-06 4.017e-06 8.80247e-07 -1.98162e-05 1.43133e-06 9.07486e-07 -7.29589e-06 1.11128e-05 -0.000330153 2.55391e-05 5.92346e-06 -6.40281e-07 -1.16207e-07 -7.276e-07 -2.56895e-07 9.92509e-07 1.12762e-05 2.0486e-05 9.51389e-06 1.01581e-06 7.23011e-06 1.79137e-05 8.81604e-05 9.11e-05 -0.000111005 -5.07343e-05 -2.34525e-05 -2.15052e-05 -3.76937e-06 9.59241e-05 7.82044e-05 -2.93322e-05 2.74069e-05 -4.76743e-05 0.000113852 -3.52999e-05 3.63173e-07 7.31055e-06 3.16769e-06 -1.34188e-07 1.87107e-06 3.97308e-05 5.18403e-06 -1.97153e-06 -2.59568e-05 2.51981e-05 1.72338e-07 4.66617e-06 -1.66641e-06 6.53318e-06 2.85737e-06 5.38341e-06 7.13293e-07 -1.01791e-05 9.69558e-06 -1.04018e-05 3.7291e-06 -6.85728e-06 -1.38571e-05 -2.97167e-06 7.94448e-06 -6.32993e-06 1.26375e-05 8.56174e-06 -2.2163e-05 -0.000103403 -7.24002e-05 3.33511e-05 1.52078e-05 1.82174e-06 2.54342e-06 8.87301e-06 -1.04506e-05 -3.07247e-06 5.48803e-06 -1.73081e-05 -1.69969e-05 -3.03194e-05 -3.88531e-05 -2.53891e-05 -1.06921e-05 -1.07022e-05 -1.03148e-05 8.3616e-06 -1.3855e-06 1.14958e-05 1.41704e-05 1.97166e-05 -0.000239862 -0.000149413 -4.18956e-05
 9.48256e-06 -0.0095351 -0.0102852 -1.87767e-05 -4.13528 3.35184 -0.333312 -0.105428 1.9827 -3.05513 -0.231082 5.52226 4.73086e-05 -0.907422 -0.00405146 2.91586e-05 -0.826538 0.0332859 6.99661e-06 -1.86085 0.808053 1.97645e-05 954.182 -204.673 -0.737713 12.4421 -3.14887 -0.0246969 0.534013 -0.600748 -3.80312 -1.14672 4.73506 -3.08915 0.792751 -1.06186 0.612178 -0.372178 -0.00103558 3.88284 -1.16356 -0.0298647 -1.4854 0.455558 -0.0322385 -0.311729 -0.375652 0.592481 -0.786525 -2.25915 1.57457 -0.347522 1.62826 -4.52063 -2.69609 3.61963 0.31182 -2.70757 0.704852 0.79295 -0.140664 0.011739 0.285611 -0.298036 -0.019848 1.13844 0.0369115 -0.0103562 -0.0158805 1.66516e-05 -1.44232 0.471942 -0.472076 -0.0241558 0.69107 -0.754938 -0.109946 2.59261 -0.112139 -0.0594048 0.492338 -0.567443 2.19305 -0.170207 -0.346636 0.0366418 0.0321884 0.0363928 0.00184257 -0.0385817 -0.812707 0.321771 -0.79817 -1.62194 -1.17868 -0.704779 -9.11503 3.61335 2.26167 2.50567 1.09785 1.33112 -7.06937 -0.64079 4.49649 -0.0545412 -2.2304 -6.93339 1.75466 0.774842 -0.73656 -0.531083 -0.294108 0.339803 -0.292842 -1.00728 -0.969084 0.52223 1.37029 -0.730932 -0.0916795 -0.0883179 0.262719 -0.201764 0.169459 0.0651547 0.121288 0.431963 0.276541 0.132218 0.281023 0.641285 1.0306 0.590358 0.214996 0.235165 0.119681 0.14874 0.350128 2.40992 1.77725 -0.461104 -0.359672 -0.133054 0.364067 0.315324 0.39145 0.985032 0.130666 0.575215 2.21847 1.528 0.684763 -0.480486 -0.0189897 0.298329 0.420486 -0.520212 0.0945447 -0.965305 -1.15506 -2.0096 21.2135 10.9425 3.43329
