 1000 0.00268596 -0.000569299 -9.30407e-10 -0.000135717 0.000108966 -2.50401e-06 -2.86939e-07 3.39471e-06 -7.55424e-05 -4.36961e-06 0.000100286 3.23477e-10 -1.46446e-05 1.90054e-07 -2.44119e-10 -6.89921e-06 4.91269e-07 -9.24359e-10 -1.93564e-05 8.57206e-06 -5.99332e-10 7.18865e-06 -1.37616e-06 1.58048e-05 -0.000307164 7.78689e-05 -5.4204e-05 -0.000206962 0.00023345 -2.66677e-06 -1.31261e-06 4.20631e-06 8.85367e-05 -9.00644e-05 0.000139419 -7.36226e-05 -6.60589e-06 9.93594e-07 -0.000130865 1.33457e-05 1.27129e-06 -1.97243e-05 -8.21525e-05 1.13138e-05 -4.27979e-06 -1.05688e-05 1.70778e-05 7.37244e-05 -5.8184e-05 -0.000282715 0.000229616 -6.7375e-05 7.64453e-05 0.000108881 -0.000135977 -5.27582e-05 1.18865e-05 -5.44098e-05 5.79012e-05 -3.59754e-06 3.19967e-07 2.2183e-05 3.72614e-06 -2.44815e-07 5.64672e-06 -4.66582e-06 1.37574e-06 8.08839e-07 -1.11255e-10 -5.09927e-06 1.87652e-06 3.22938e-06 1.00541e-07 -4.20352e-06 9.8093e-06 7.70438e-07 -2.00602e-05 1.89574e-06 1.3245e-06 -1.17304e-05 -9.12104e-06 -0.000345772 2.79529e-05 7.20016e-06 -8.84769e-07 -9.52525e-06 -1.75428e-06 -7.72871e-07 2.54741e-06 3.89418e-06 -0.000107871 -0.000155636 -0.000206616 -9.70753e-05 -2.78268e-06 0.000167684 0.000427855 -0.000242888 -9.89127e-05 -7.20155e-05 5.87533e-05 -5.35607e-05 9.69718e-07 9.12609e-05 0.00011412 5.61526e-05 -6.56162e-05 -0.000152217 0.000220361 -0.000138947 2.17049e-05 -2.4101e-05 -1.43248e-05 1.15299e-05 3.64327e-05 1.40372e-05 -2.20493e-05 5.09825e-05 -4.21354e-05 1.30701e-05 -6.33516e-06 -6.96715e-06 1.25362e-05 8.98023e-06 -8.41025e-06 -1.59601e-05 0.000159898 -0.000118456 8.34264e-05 -4.30528e-06 1.64785e-05 2.77176e-05 7.15679e-06 2.90965e-05 -2.67976e-05 2.71048e-05 1.51738e-05 2.94011e-05 -2.42859e-05 -7.63863e-05 4.95425e-05 2.01065e-05 1.57308e-06 4.37477e-06 -3.15241e-05 3.75109e-05 3.4289e-05 -2.14676e-06 3.11112e-05 1.07531e-05 -4.52081e-05 -1.09907e-05 -2.81595e-05 1.34436e-06 1.99882e-06 3.9681e-06 1.07047e-07 1.24085e-07 1.86135e-05 3.4672e-05 3.29082e-05 -0.000608456 8.24123e-05 -5.13627e-05
 0.00268596 483.161 -101.278 0.000131351 27.5743 -22.1371 0.50074 0.183213 -2.93907 14.9428 1.115 -25.9119 -9.08943e-05 2.59653 -0.0232729 -5.49137e-05 2.40105 -0.126784 2.35269e-05 1.71737 -0.763474 2.057e-05 0.28901 -0.0739381 16.8348 35.7625 -9.40087 6.06612 23.563 -26.5996 13.0054 2.28125 -9.64609 8.96342 14.5477 -24.2605 7.78328 1.28941 -0.146941 19.4554 -2.22547 -0.188467 10.0823 7.52246 -1.23055 1.30493 2.68311 -4.3807 2.04752 8.24372 14.6866 -13.9602 1.96552 -3.56784 1.28693 -1.1723 6.74887 2.72585 7.86888 -11.0484 0.657138 -0.0587697 -1.68042 2.22175 -0.00543775 -2.38936 0.385021 -0.110474 -0.137339 -2.5446e-05 1.42476 -0.493531 0.318241 0.0217641 -0.482231 -0.886735 -0.0307207 1.07158 -0.0038684 -0.101533 0.862355 -1.40471 3.2248 -0.244849 1.69909 -0.184784 0.526309 0.132034 0.0348028 -0.168248 1.42883 -3.52798 11.025 18.3746 10.6685 2.30366 -31.1817 17.7543 -8.22977 17.9471 12.0456 -1.18854 -1.51089 -2.14357 -4.90549 3.22245 3.46848 1.54025 -8.87797 3.36835 -1.21341 0.338616 -1.55088 -1.02935 -0.930194 -1.15652 -0.0426388 1.9652 0.337186 -0.942281 -0.0403926 -0.0416866 -0.258482 -1.24832 0.189626 -0.353887 -1.25983 2.942 -5.98797 2.55873 -0.692808 -0.547385 -1.10404 -3.82965 -1.41663 -2.24599 -1.51663 -1.74599 0.0477736 -0.0822901 -0.985192 -1.79891 -2.08317 -0.548781 -0.394509 -2.19474 0.0618675 -1.79975 -3.39643 -0.653775 -0.0849692 -2.0453 -0.430283 -1.15759 -1.09208 -1.02353 -1.06578 0.454231 -0.125024 -2.13431 -4.93069 -5.04484 88.3857 -36.7855 4.49354
 -0.000569299 -101.278 22.3662 -2.7887e-05 -5.84105 4.68928 -0.109806 -0.0399572 0.643304 -3.1642 -0.236231 5.48996 2.00104e-05 -0.566336 0.00496577 1.19118e-05 -0.520449 0.0274072 -5.01312e-06 -0.377366 0.167648 -4.33151e-06 -0.0728781 0.0181179 -3.56 -7.56539 1.98868 -1.28687 -4.98543 5.62792 -2.74693 -0.486424 2.05485 -1.89593 -3.07956 5.13553 -1.65153 -0.282711 0.0315504 -4.11466 0.460923 0.039932 -2.13704 -1.60528 0.262187 -0.28068 -0.573707 0.93678 -0.435217 -1.74172 -3.10295 2.94954 -0.417291 0.753762 -0.272716 0.248649 -1.42667 -0.576641 -1.66392 2.33638 -0.139372 0.0124661 0.356791 -0.469589 0.00109018 0.507556 -0.0812281 0.0233041 0.0291155 5.61053e-06 -0.321893 0.110934 -0.0723202 -0.00484919 0.108788 0.185636 0.0061704 -0.21871 -0.000311392 0.0211304 -0.179439 0.299299 -0.680985 0.0516888 -0.360271 0.0391789 -0.112311 -0.0279122 -0.00735092 0.0355614 -0.301973 0.74598 -2.32801 -3.88401 -2.25696 -0.482742 6.5925 -3.75817 1.74124 -3.79297 -2.5445 0.251228 0.319695 0.452826 1.03637 -0.682228 -0.733867 -0.325296 1.87826 -0.71372 0.257033 -0.0719067 0.328159 0.217888 0.19648 0.244348 0.00865466 -0.415236 -0.0716877 0.199352 0.00853408 0.00876499 0.0548067 0.26352 -0.0400639 0.0749243 0.26657 -0.623443 1.26702 -0.54162 0.146413 0.115585 0.233326 0.809709 0.299387 0.47461 0.320084 0.368697 -0.0105789 0.0170929 0.208908 0.380363 0.440549 0.115723 0.0832752 0.464109 -0.0135181 0.380607 0.717676 0.137883 0.0177804 0.432635 0.090592 0.244725 0.230608 0.216367 0.22527 -0.0960072 0.0264189 0.451302 1.04337 1.06644 -18.7109 7.8103 -0.948531
 -9.30407e-10 0.000131351 -2.7887e-05 1000 -0.000878498 0.000707778 -3.62458e-06 -8.71836e-07 1.93614e-05 4.24466e-05 3.82263e-06 -8.57793e-05 5.84754e-10 -9.63176e-06 2.48822e-08 1.01671e-10 -4.65012e-06 2.30858e-07 7.68827e-12 -1.23484e-05 5.34897e-06 1.8435e-10 -1.43834e-05 2.97195e-06 5.013e-05 2.81081e-05 -7.84977e-06 -6.12525e-06 -1.90654e-05 2.13189e-05 0.000149378 1.4757e-05 -6.87723e-05 0.00019689 -2.57465e-05 2.72191e-05 2.09666e-05 -3.90497e-06 1.31236e-07 3.94655e-06 9.82376e-07 3.82229e-07 7.545e-05 -6.38485e-06 -1.98618e-07 1.34012e-07 1.24642e-06 -2.17483e-06 1.47414e-05 2.07461e-05 -4.22178e-05 2.36041e-05 -3.40419e-05 -2.61806e-05 0.000112927 -0.000130215 3.19149e-05 -2.27063e-05 4.14303e-05 -3.4831e-05 -1.26723e-06 -3.90456e-08 3.41462e-05 -5.54447e-05 3.85663e-06 -8.452e-05 -5.6368e-06 1.57604e-06 8.32031e-07 2.21203e-10 -2.62044e-05 8.19405e-06 -5.51706e-06 -2.46537e-07 7.02826e-06 -1.37583e-05 -1.35382e-06 3.33994e-05 1.65207e-06 2.44068e-07 -2.43849e-06 -1.23409e-05 -0.00014304 1.13997e-05 2.13053e-05 -2.29852e-06 -3.66537e-07 -5.28797e-07 -3.10726e-07 8.46029e-07 -3.24196e-05 -6.91726e-05 -2.72036e-05 -2.69312e-05 -8.80995e-06 4.61172e-06 7.44745e-05 -6.71261e-06 -3.96742e-05 1.61115e-05 4.19179e-06 -2.37309e-05 6.68992e-06 5.45553e-05 -2.26165e-05 0.000101592 -4.24148e-05 -5.7055e-06 -1.16965e-05 -4.55813e-06 8.19703e-06 1.61668e-06 1.4031e-05 -2.0329e-06 3.28739e-05 -2.04055e-05 -3.51681e-06 -3.34589e-07 2.86389e-05 -3.19633e-05 -2.032e-05 4.18101e-05 4.12078e-05 3.68324e-05 -8.2422e-05 -0.000201736 -7.01652e-05 0.000135708 -2.58757e-05 0.000138605 -1.26389e-05 4.42541e-06 3.17596e-05 2.43377e-05 1.25017e-05 -1.24697e-06 2.77726e-05 -9.35336e-06 5.50076e-05 -5.98842e-05 -0.00012185 3.3967e-06 -5.70153e-05 7.14742e-05 6.90453e-05 3.63054e-06 -3.43389e-06 -5.91108e-06 -2.17114e-05 6.60475e-05 4.79712e-05 -0.00010633 5.36323e-05 -2.82417e-05 -2.61897e-06 -9.64404e-07 -1.20196e-06 -5.10763e-06 1.95601e-06 -1.486e-05 -4.73731e-05 -6.31141e-05 0.00046759 -4.84956e-05 4.09519e-05
 -0.000135717 27.5743 -5.84105 -0.000878498 406.482 -324.883 -0.252692 -0.0805667 1.7527 9.65584 0.744522 -17.2405 0.000117245 -1.89072 -0.00700261 2.73051e-05 -0.723936 0.0230297 4.11137e-05 -3.61795 1.57173 6.39429e-05 -3.86611 0.807938 10.9465 21.9048 -5.76983 4.11506 15.0029 -16.9417 14.4424 0.34487 -2.40823 8.64766 9.29281 -15.7041 3.88237 -1.08619 -0.000908506 10.1204 -2.72953 -0.0863425 6.75043 2.38181 -0.483471 -0.257235 0.0829777 -0.120135 -1.31771 2.67524 -1.41877 0.129969 2.00859 -3.34092 0.703406 -0.505583 5.74698 1.61637 5.64798 -7.77198 0.340781 -0.0279521 -1.77959 -1.58937 0.250133 -8.53143 -0.783772 0.230271 0.0988117 4.89961e-05 -4.72736 1.47667 -0.724516 -0.0315586 0.958046 -1.68114 -0.114019 3.07969 0.00238908 -0.0420413 0.367944 -3.47912 -0.893472 0.092165 2.12118 -0.22926 0.493907 0.0615027 0.015276 -0.0774307 0.820745 -1.47988 2.06217 2.80227 1.35232 2.22571 1.64119 -1.74513 -0.70445 4.35707 0.98911 -1.21469 -0.832729 0.708463 -1.86113 3.13741 -0.402641 -0.761314 -0.857484 1.14247 0.0529415 -0.569731 -0.970655 -1.74329 0.272107 0.246389 -0.180136 0.325833 2.31089 -1.32042 -1.6469 -0.413514 -0.321163 2.84316 2.66415 -1.89787 -1.56869 3.82001 -7.65341 3.32393 0.359816 0.0646471 -0.542553 -0.982858 -0.645143 -0.0199848 -0.12645 -1.34041 0.637125 0.831248 0.348732 -0.676584 -1.479 0.0870425 0.0560505 -0.293743 0.727499 -0.790027 -3.12544 -0.0530982 1.56389 -1.84803 0.351986 -0.733128 -0.483642 -0.425269 -0.416379 0.159019 -0.0552983 -1.79605 -3.96356 -4.30572 71.5017 -26.8381 3.98341
 0.000108966 -22.1371 4.68928 0.000707778 -324.883 262.108 0.201204 0.0641304 -1.39719 -7.75244 -0.597833 13.8438 -9.38677e-05 1.51228 0.00563444 -2.18275e-05 0.576845 -0.0182864 -3.3019e-05 2.89994 -1.2598 -5.13212e-05 3.09935 -0.647692 -8.78517 -17.5825 4.63128 -3.30515 -12.0427 13.5989 -11.5911 -0.278402 1.93894 -6.94127 -7.45956 12.606 -3.11682 0.86884 0.000863688 -8.12104 2.18799 0.0693049 -5.41853 -1.91556 0.388549 0.20484 -0.0685194 0.0995958 1.05861 -2.14696 1.13907 -0.104684 -1.61275 2.68187 -0.564638 0.405833 -4.61169 -1.29714 -4.53315 6.23774 -0.273773 0.0224598 1.42856 1.27634 -0.200819 6.8491 0.629329 -0.184893 -0.0794597 -3.92493e-05 3.78682 -1.18282 0.579568 0.0252375 -0.766407 1.34839 0.0913722 -2.4684 -0.00230121 0.0336447 -0.294468 2.79368 0.716259 -0.0739126 -1.703 0.184061 -0.39656 -0.0493619 -0.0122578 0.062143 -0.658296 1.18774 -1.65465 -2.24866 -1.08525 -1.78607 -1.31733 1.40084 0.565822 -3.49865 -0.793927 0.975322 0.668219 -0.568954 1.49398 -2.51857 0.323318 0.610972 0.688556 -0.916796 -0.0427165 0.457155 0.778949 1.3992 -0.218463 -0.197363 0.144563 -0.261511 -1.85483 1.05992 1.32207 0.331731 0.257701 -2.28216 -2.13766 1.52433 1.25947 -3.06676 6.14285 -2.66839 -0.288727 -0.051919 0.435301 0.788764 0.517751 0.0158892 0.101215 1.07573 -0.511675 -0.667116 -0.279301 0.543145 1.18746 -0.0703112 -0.0453309 0.235728 -0.583971 0.634303 2.50833 0.0422235 -1.25541 1.48368 -0.283011 0.588447 0.388056 0.341334 0.334192 -0.127577 0.0443572 1.44164 3.18197 3.45605 -57.4029 21.5578 -3.19657
 -2.50401e-06 0.50074 -0.109806 -3.62458e-06 -0.252692 0.201204 999.85 -0.0917349 0.886571 -0.0907147 -0.0187185 0.492717 1.38459e-05 -0.280569 -1.08761e-05 7.48143e-06 -0.242567 0.0107508 -1.16002e-06 -0.298774 0.12968 2.13635e-06 -0.3222 0.0671388 0.170992 0.733984 -0.191234 0.0649024 0.787799 -0.890007 1.01763 -0.133563 0.434523 1.04316 0.105516 -0.245436 -0.0386927 -0.141655 0.00520341 -0.0196601 -0.101333 0.00135764 0.0501425 -0.411567 0.0501133 -0.116667 -0.146819 0.240242 0.163301 -0.317026 -0.478082 0.467385 -0.110866 -1.7543 0.802602 -0.76889 -0.215149 -0.417228 0.20612 0.0357226 -0.0649733 0.00627781 -0.0105111 0.0257762 -0.00495212 0.185513 0.00226401 -0.000557729 -0.00545803 4.95312e-06 -0.487896 0.152807 -0.162214 -0.00765902 0.227056 -0.218368 -0.0309104 0.753417 0.0251184 0.00390855 -0.0372021 0.148028 -0.653329 0.0511268 -0.25741 0.0270969 0.0299622 0.00204433 -0.000189039 -0.00187314 -0.328423 -0.297948 -0.287506 -0.331337 -0.133903 -0.00746719 0.786418 0.668588 -1.02445 -0.0429349 0.038354 0.305723 0.380928 -0.0732989 -0.128028 0.167987 0.188745 -0.248923 -0.0201765 -0.0109318 -0.0288897 -0.0455975 -0.0584212 -0.029906 -0.0679334 -0.10743 0.353695 -0.5527 0.112945 -0.00267812 0.0331055 -0.0449237 0.0790466 -0.0272493 -0.0457063 -0.0574359 -0.142191 0.125719 0.293967 -0.230422 0.0439352 0.0572278 0.116321 -0.568654 0.221157 -0.164963 0.0763537 0.191188 -0.404212 -0.1236 -0.0392003 0.330093 -0.159071 0.184774 0.212483 -0.0258952 0.0534609 0.0337013 0.0618657 0.0529352 0.343919 0.425007 0.0665064 -0.112549 -0.0866644 0.0264028 0.0280265 -0.0718161 0.0200036 -0.376507 -0.586146 -0.941666 7.72033 5.10598 1.3823
 -2.86939e-07 0.183213 -0.0399572 -8.71836e-07 -0.0805667 0.0641304 -0.0917349 3.94884 -55.0636 -0.0373606 -0.00703659 0.181615 4.2872e-06 -0.0845723 -1.59282e-05 2.48147e-06 -0.0735621 0.00325612 1.62934e-07 -0.0758776 0.0329244 1.00477e-06 -0.106102 0.0222145 0.00924559 0.3896 -0.0998421 0.026498 0.259458 -0.292958 0.26264 -0.0557848 0.193317 0.221565 0.125565 -0.219092 0.0035341 -0.0431247 0.00124476 0.0160364 -0.0334815 4.75479e-05 -0.0109505 -0.102039 0.0122827 -0.0332908 -0.0447238 0.0732807 0.0528505 -0.12118 -0.213944 0.202012 0.0280182 -0.62514 0.143909 -0.106575 -0.0627968 -0.144689 0.0476502 0.0384702 -0.0228627 0.00262879 -0.0891819 0.0757348 -0.00209864 -0.00169771 0.00135157 -0.00033505 -0.00226055 1.67449e-06 -0.154418 0.0483998 -0.0509158 -0.00239077 0.0708405 -0.0863851 -0.0115935 0.279201 0.0039226 0.000823344 -0.00856591 0.0631532 -0.0240656 0.00191633 -0.0624363 0.00655257 0.0149849 0.00127485 0.00056936 -0.00185902 -0.104316 -0.102624 -0.0658108 -0.0556689 -0.0112111 0.00447893 0.52098 -0.140253 -0.332614 0.00184613 0.0383972 0.344521 0.128008 -0.0385762 -0.24306 -0.0687174 0.135356 -0.0694569 0.0173647 -0.0130057 -0.0246979 -0.0321588 -0.040373 -0.0165206 -0.0323326 -0.0942524 0.212385 -0.170796 0.0151988 -0.0190999 0.0593763 -0.0296275 0.0345719 -0.0164732 0.007114 -0.0073701 -0.100482 0.0188468 0.0269361 -0.0533804 0.0285188 0.0397525 0.0368411 -0.125996 0.0294572 -0.0104511 0.00718641 -0.042415 -0.118006 0.0479154 0.0923633 0.0983067 -0.0148573 0.0373613 0.0101545 -0.0600536 -0.0710421 0.142022 -0.0358435 0.114691 0.183394 0.0488679 -0.0673202 -0.0441335 -0.0287004 0.00649475 0.0124937 -0.0237058 0.00632304 -0.126569 -0.150861 -0.28083 2.61861 1.69978 0.465275
 3.39471e-06 -2.93907 0.643304 1.93614e-05 1.7527 -1.39719 0.886571 -55.0636 991.349 0.802758 0.140176 -3.58255 -7.98716e-05 1.5849 2.06169e-05 -4.50415e-05 1.36926 -0.0608243 -1.21775e-06 1.40615 -0.610348 -1.80386e-05 1.94111 -0.406555 -0.17877 -6.81115 1.746 -0.410461 -4.49558 5.07593 -4.67855 1.05241 -3.66663 -3.96548 -2.11711 3.70979 -0.0525697 0.850246 -0.025917 -0.335417 0.661365 -0.000985993 0.201925 1.98028 -0.239973 0.646669 0.851508 -1.39638 -0.992284 2.15296 3.80834 -3.59299 -0.431193 11.0953 -2.59698 1.94191 1.12464 2.57042 -0.833381 -0.698965 0.417441 -0.047785 1.5567 -1.33667 0.0378289 -0.00362459 -0.0299099 0.00765703 0.0418349 -3.18778e-05 2.89317 -0.907769 0.963918 0.0455567 -1.34312 1.54987 0.207882 -5.00498 -0.0730682 -0.018013 0.180592 -1.25955 0.507401 -0.0395486 1.13139 -0.118744 -0.273268 -0.0224776 -0.0101066 0.0328457 1.8434 1.81295 1.16467 0.999697 0.227847 -0.0593848 -9.25591 2.42747 5.88646 0.119988 -0.56623 -6.14724 -2.27916 0.682486 4.30182 1.21344 -2.40215 1.24152 -0.326156 0.22075 0.441974 0.572759 0.718314 0.292988 0.56486 1.65694 -3.77743 3.03706 -0.270601 0.330062 -1.06192 0.523075 -0.623493 0.29071 -0.131565 0.124121 1.77565 -0.326415 -0.502124 0.950909 -0.511035 -0.709306 -0.659426 2.23971 -0.531941 0.190693 -0.125591 0.752018 2.10495 -0.842976 -1.64512 -1.76325 0.255094 -0.664225 -0.184694 1.06431 1.26308 -2.53448 0.637128 -2.03774 -3.26329 -0.875744 1.20522 0.786699 0.512809 -0.119821 -0.226046 0.42186 -0.111986 2.24751 2.65788 4.98796 -45.9558 -30.9863 -8.30303
 -7.55424e-05 14.9428 -3.1642 4.24466e-05 9.65584 -7.75244 -0.0907147 -0.0373606 0.802758 899.194 -6.98633 146.23 0.000110597 -2.28863 0.00147126 5.04468e-05 -1.77805 0.0805528 2.64557e-05 -2.82666 1.23163 2.37645e-05 -2.85068 0.599873 5.84792 6.21154 -1.67988 1.50884 5.16906 -5.8401 6.53548 0.492967 -2.38586 5.56076 3.2113 -5.61782 2.0451 -0.331284 -0.00720638 4.72032 -1.44682 -0.0338945 2.79316 0.824433 -0.173698 -0.064497 0.00929918 -0.0105296 1.38365 0.705233 -5.55549 3.83476 0.0152208 -2.7548 2.62816 -2.81654 3.31186 2.13415 1.11973 -2.7892 0.676495 -0.0549513 -2.77087 4.44638 -0.0115239 -4.83497 -0.12665 0.03808 -0.0457757 1.83253e-05 -2.73158 0.853508 -0.333414 -0.0105129 0.352331 -1.20589 -0.0977193 2.73418 -0.318648 -0.185669 1.57526 -1.82294 -5.62082 0.461499 0.21458 -0.0259187 0.731348 -0.000302309 -0.0121162 0.012485 -0.465465 -9.66064 2.18194 7.88759 7.25502 9.11701 -7.81739 -5.04668 3.80365 9.84583 3.07067 -9.28866 2.90343 -1.61779 -3.31461 3.15728 8.77288 13.3556 -16.9113 2.09571 1.97507 0.731152 -0.400803 -0.73172 -0.932623 2.68496 -5.19365 0.396772 3.24696 -3.43352 0.916869 0.0607589 -1.72085 0.0762061 -0.389141 1.12726 -5.14578 9.28889 -10.2397 6.93708 -1.96398 -0.818205 1.47363 -5.4021 0.503883 -3.33032 -1.19157 1.27326 -0.20993 -0.428359 -0.980716 -0.99281 -1.24589 1.26866 0.0638419 -2.62825 0.301724 1.01007 -1.22806 0.236563 -1.87089 1.32661 2.0123 -1.32918 -2.68264 -0.899068 -0.8373 0.126545 0.00749899 -0.948947 -1.47921 2.15602 42.0039 -20.0145 1.82504
 -4.36961e-06 1.115 -0.236231 3.82263e-06 0.744522 -0.597833 -0.0187185 -0.00703659 0.140176 -6.98633 2.31457 -33.5566 7.89345e-06 -0.160166 6.59839e-05 4.13602e-06 -0.132427 0.00591264 2.19643e-06 -0.220533 0.0959588 2.03067e-06 -0.224003 0.0470138 0.217304 0.779976 -0.202585 0.144673 0.55713 -0.629092 0.408236 -0.00921597 0.0057055 0.142674 0.393792 -0.64913 0.136432 -0.0359369 -0.000146333 0.113099 -0.0537857 -0.0010515 0.0203997 0.0833651 -0.0124899 -0.0221443 -0.0219995 0.0364401 -0.0761294 0.0357313 0.0104149 -0.0181101 0.098118 -0.324314 -0.049412 0.0906478 0.14115 -0.0383266 0.17035 -0.178852 0.0131325 -0.00124409 -0.0560127 0.103192 0.000461413 -0.144359 -0.00451452 0.00141056 -0.00236266 1.59673e-06 -0.196308 0.0613673 -0.0403186 -0.00163543 0.0500785 -0.0215096 -0.00108197 0.0336886 -0.0154676 -0.00828513 0.0693413 -0.139047 0.289656 -0.0222147 0.0370787 -0.00420785 0.0348854 0.00289742 0.00102913 -0.00395889 -0.0533885 -0.509002 0.328837 0.783435 0.610121 0.690534 -0.397667 -0.211053 -0.145068 0.348494 0.097516 -0.154005 0.390139 0.0185389 -0.484698 -0.263067 0.144323 0.423006 -0.224903 -0.021471 -0.041393 -0.0230136 -0.0499037 -0.0593846 -0.0778803 0.0600949 -0.162846 -0.0442743 0.108624 -0.106676 -0.010399 -0.03322 -0.0638178 -0.00760403 0.0511173 -0.023084 -0.149912 0.30658 -0.296945 0.0253041 -0.0099984 -0.0469144 0.0359548 -0.244867 0.0264332 -0.0636744 -0.032032 -0.0315624 -0.0855187 0.0340581 0.00618331 -0.0681903 -0.0660168 -0.00698487 0.0238096 -0.0785843 0.0130897 -0.000863604 -0.0982141 0.00781467 0.0596489 0.00409351 -0.0215291 -0.0322715 -0.042949 -0.0265603 -0.0262897 -0.00190249 0.0016371 -0.100031 -0.188134 -0.248651 3.29827 -0.469602 0.275192
 0.000100286 -25.9119 5.48996 -8.57793e-05 -17.2405 13.8438 0.492717 0.181615 -3.58255 146.23 -33.5566 781.566 -0.000189664 3.85823 -0.00186446 -9.87016e-05 3.20671 -0.143476 -5.0184e-05 5.3016 -2.30713 -4.63679e-05 5.34549 -1.1221 -5.14551 -17.9575 4.66662 -3.33042 -12.8404 14.499 -9.69422 0.287642 -0.395223 -3.47146 -9.01733 14.8788 -3.19914 0.963587 -0.00216996 -2.7024 1.35775 0.0241353 -0.488172 -1.75909 0.267429 0.581984 0.586444 -0.971362 1.73952 -0.878331 0.0135641 0.2492 -2.15551 7.51947 1.03053 -1.96627 -3.36528 0.800851 -3.91999 4.17243 -0.320908 0.030077 1.43782 -2.50693 -0.011484 3.5183 0.0882346 -0.0279808 0.0613107 -3.90952e-05 4.7586 -1.4886 1.00681 0.0412986 -1.25515 0.440301 0.0196629 -0.656966 0.352281 0.19 -1.59081 3.33868 -6.46993 0.494954 -0.857933 0.0973691 -0.793499 -0.0661385 -0.0231516 0.0900264 1.24914 11.8782 -7.69571 -18.1116 -13.899 -15.8362 9.25084 5.06194 3.32497 -9.00107 -2.46662 3.93833 -9.03436 -0.360012 11.2242 5.92114 -3.60626 -10.1676 5.75631 0.416299 0.882576 0.499415 1.16036 1.39476 1.81969 -1.47214 3.92349 0.997301 -2.59733 2.56726 0.210646 0.76374 1.526 0.168912 -1.15276 0.494154 3.61536 -7.34704 7.1582 -0.81602 0.297835 1.10284 -0.873756 5.79322 -0.624377 1.57311 0.779289 0.685782 1.97428 -0.762263 -0.113395 1.59026 1.55536 0.122289 -0.544287 1.88977 -0.306753 -0.0157092 2.29216 -0.184931 -1.30067 -0.137389 0.427892 0.786026 1.07628 0.642196 0.633478 0.0391328 -0.0381037 2.31902 4.34065 5.59611 -76.8752 11.4811 -6.35005
 3.23477e-10 -9.08943e-05 2.00104e-05 5.84754e-10 0.000117245 -9.38677e-05 1.38459e-05 4.2872e-06 -7.98716e-05 0.000110597 7.89345e-06 -0.000189664 1000 7.94224e-05 -5.95178e-06 -9.94783e-10 4.80448e-05 -1.78915e-06 2.50669e-10 3.62263e-05 -1.56241e-05 -1.08737e-10 4.74055e-05 -9.70517e-06 -0.000273565 -0.000569557 0.000150921 -2.8706e-05 -0.00017797 0.000200883 -7.54584e-05 3.14013e-05 -0.000113187 -0.000132259 6.46555e-05 -9.5521e-05 0.00010977 3.16683e-05 -1.01642e-06 -0.000378205 0.000146244 3.95417e-06 -4.00647e-05 0.000172038 -1.99574e-05 2.53764e-05 3.51673e-05 -5.80151e-05 8.05711e-05 1.42025e-05 -0.000186807 0.000131751 3.15673e-05 5.09457e-05 -9.06253e-06 5.92878e-06 0.00012743 -2.48304e-05 -3.82743e-05 5.16144e-05 -2.53585e-06 3.09221e-07 -4.18005e-05 -1.53763e-06 1.36645e-06 -5.74051e-05 -1.27519e-06 3.84835e-07 -6.8673e-07 -7.32052e-10 7.68834e-05 -2.37707e-05 1.48319e-05 6.61786e-07 -1.89854e-05 3.16945e-05 4.47012e-06 -0.000114294 4.31447e-07 1.21621e-06 -1.13997e-05 -4.3896e-05 0.000249423 -1.92657e-05 1.13709e-05 -1.0935e-06 1.15686e-05 -9.25281e-07 -1.68317e-07 1.10302e-06 -5.12467e-05 -4.40625e-05 5.20883e-05 9.11423e-05 4.27221e-05 2.00533e-05 -1.86029e-05 -3.11505e-06 -9.81546e-05 8.4767e-07 7.04509e-06 0.000263565 0.00013529 -0.000146106 -8.62428e-05 4.02292e-05 2.96595e-05 6.07782e-05 4.76608e-05 -1.04578e-05 -9.59042e-05 -1.20733e-05 5.50851e-05 2.13156e-05 -4.9058e-05 -3.09449e-05 -6.20734e-05 4.75672e-05 3.17171e-05 2.02342e-05 -5.95912e-06 -1.29656e-05 -2.8147e-05 4.8225e-06 -1.58553e-05 -2.52487e-05 -3.09109e-05 -2.71109e-05 -2.58622e-05 -3.48766e-05 -8.11178e-06 9.5653e-06 1.88621e-05 3.34149e-05 2.47878e-05 1.81315e-05 8.76441e-06 -1.00647e-05 -4.41427e-05 -5.48019e-05 -2.45291e-05 8.8253e-06 2.81296e-05 -6.08564e-06 -4.13238e-05 -3.88613e-06 -1.05204e-05 -7.03736e-08 -1.04256e-05 -9.56497e-06 2.93944e-06 2.4953e-05 3.39012e-05 -1.91535e-05 -5.73336e-06 -1.24182e-05 -8.27942e-06 -1.47509e-06 2.78918e-06 3.39338e-05 6.52182e-05 8.64042e-05 -0.000781798 -0.000332842 -0.000118
 -1.46446e-05 2.59653 -0.566336 -9.63176e-06 -1.89072 1.51228 -0.280569 -0.0845723 1.5849 -2.28863 -0.160166 3.85823 7.94224e-05 998.092 -2.47483 1.69709e-05 -1.07261 0.0406636 -9.62777e-06 -0.677323 0.2913 -3.88694e-06 -0.904982 0.183909 7.96712 13.7011 -3.65809 0.762619 4.45013 -5.02434 2.65936 -0.651211 2.26407 4.45996 -0.557588 0.583308 -3.23457 -0.815223 0.0299619 7.47519 -3.26499 -0.0832872 1.06984 -4.74402 0.552738 -0.600764 -0.853435 1.40591 -1.71653 0.744788 3.84543 -3.09094 -1.21793 -0.657215 0.980666 -1.10176 -3.62717 1.33428 0.775804 -1.49723 0.0567179 -0.00556696 0.866243 0.199713 -0.0293906 1.05535 0.013597 -0.00415833 0.0213703 1.4229e-05 -1.61339 0.496885 -0.269796 -0.0113914 0.330528 -0.726517 -0.097737 2.51057 -0.00614514 -0.0246689 0.236129 1.21356 -8.27666 0.651517 -0.19047 0.0172766 -0.304622 0.0185881 0.00361554 -0.0223939 1.71705 1.77827 -1.16354 -2.31962 -1.09507 -0.513219 0.901462 0.315882 1.88646 -0.116761 -0.178907 -5.06706 -3.73197 2.64297 3.25019 -0.731098 -0.683847 -1.54867 -0.283057 0.44979 1.87481 0.232722 -1.35486 -1.02537 1.60149 1.03538 1.80668 -0.925973 -0.655129 -0.20218 0.235892 0.306168 0.653451 0.00740933 0.446141 0.628637 0.729265 0.58999 0.666619 0.714404 0.182053 -0.295919 -0.62934 -0.884113 -0.558507 -0.493148 -0.328767 -0.0144643 0.611197 0.658337 0.208098 -0.00417867 -0.240114 0.250476 0.79219 0.0140108 0.0905366 -0.211976 0.104836 0.0992393 -0.172889 -0.930325 -1.27841 -0.00209459 -0.0261372 0.127322 0.0572394 0.158023 -0.0965273 -0.599279 -1.24304 -1.57644 14.0691 5.49335 2.06426
 1.90054e-07 -0.0232729 0.00496577 2.48822e-08 -0.00700261 0.00563444 -1.08761e-05 -1.59282e-05 2.06169e-05 0.00147126 6.59839e-05 -0.00186446 -5.95178e-06 -2.47483 0.82316 2.23146e-07 -0.00608436 0.000317368 2.04851e-08 -0.00275522 0.00121816 5.27705e-08 -0.00404782 0.000877953 -0.0307097 -0.0546409 0.0145228 -0.00551485 -0.0231191 0.0261017 -0.0118062 -0.000149985 0.00149459 -0.0167419 -0.00459302 0.00866439 0.000602546 -0.00188863 0.00016777 -0.035981 0.00768103 0.000384261 -0.0110425 0.00473621 -0.00026893 -6.41707e-05 -0.000773883 0.00124 0.00266291 -0.00364481 -0.0145094 0.0120588 0.00160213 0.000487747 -0.00490868 0.00578085 0.00599623 -0.00511263 -0.00508084 0.00859967 -0.000520113 4.84339e-05 -0.00114336 -0.000935983 5.19905e-05 -0.00121828 3.73137e-05 -1.10709e-05 -3.65104e-05 7.15802e-08 -0.00463768 0.00153839 -0.000404091 -1.85129e-05 0.000457302 0.00110515 9.39237e-05 -0.00277297 -0.000267587 -0.000184103 0.00142869 -0.00417742 0.0276687 -0.0021694 -0.000200601 3.06065e-05 0.000142972 -7.27616e-05 -1.3182e-05 8.66851e-05 -0.00582516 -0.00375992 0.00186546 0.0047013 0.0025132 0.0015554 -0.00162509 -0.00117659 -0.00587432 -0.00123242 0.000856351 0.0165676 0.0117081 -0.00829462 -0.0103235 0.00189479 0.00184548 0.00473791 0.00112297 -0.00187396 -0.00604714 -0.000455626 0.00492104 0.00374408 -0.00525727 -0.00352837 -0.00587816 0.00303217 0.00198021 0.000421099 -0.000771169 -0.0010468 -0.00187428 -0.000104054 -0.00153388 -0.00199297 -0.00210633 -0.00218629 -0.00150415 -0.00254886 -0.00048779 0.00111504 0.00235054 0.003182 0.00202713 0.00158755 0.000916641 -0.000228557 -0.00218415 -0.00208421 -5.35096e-05 0.000569917 0.00113756 -0.000830911 -0.00238395 0.000156806 -0.000262483 0.00117497 -0.00018188 -9.9779e-05 0.000726104 0.003175 0.00396985 0.000151882 0.000126822 -0.000217759 5.47734e-06 -0.000609354 0.000331328 0.00199614 0.00463761 0.00491937 -0.0641474 0.00720144 -0.00557593
 -2.44119e-10 -5.49137e-05 1.19118e-05 1.01671e-10 2.73051e-05 -2.18275e-05 7.48143e-06 2.48147e-06 -4.50415e-05 5.04468e-05 4.13602e-06 -9.87016e-05 -9.94783e-10 1.69709e-05 2.23146e-07 1000 2.27125e-05 -3.32177e-06 -3.65234e-10 2.51155e-05 -1.08159e-05 -5.3834e-10 2.80779e-05 -5.71156e-06 2.50256e-05 8.94464e-06 -2.81157e-06 -7.83257e-06 -5.02885e-05 5.67309e-05 2.80856e-05 1.43822e-05 -5.73152e-05 6.5845e-05 1.30278e-05 -2.62838e-05 -1.97288e-05 5.9502e-06 -8.71229e-08 -0.000125877 3.32054e-05 9.92235e-07 -3.25786e-05 1.36715e-05 -7.4999e-07 7.53584e-06 1.19877e-05 -1.97967e-05 7.32844e-05 -5.02964e-06 -0.000200722 0.000149232 -2.00803e-05 7.60795e-05 2.86507e-05 -4.15788e-05 7.89843e-06 2.9631e-05 -3.80441e-05 2.4692e-05 7.22197e-06 -6.2642e-07 -1.11839e-05 1.94811e-05 -9.79175e-08 -2.03229e-05 -2.21702e-06 6.30085e-07 4.39742e-07 -4.57707e-10 3.41818e-05 -1.05779e-05 9.69365e-06 4.86782e-07 -1.38518e-05 8.0812e-06 1.61506e-06 -4.188e-05 -4.75025e-07 9.31472e-07 -8.84232e-06 -2.24412e-06 -0.000295225 2.43881e-05 1.83634e-05 -1.9272e-06 1.31612e-06 -1.07181e-06 -2.96076e-07 1.37912e-06 -1.81286e-05 3.56989e-05 3.77327e-05 3.40333e-05 1.84057e-05 1.71599e-05 5.44089e-05 1.12295e-05 -0.000174845 -1.42499e-05 2.61031e-06 0.000252577 -1.65742e-05 0.000130498 -6.19253e-05 1.20335e-06 6.82463e-05 -2.92106e-05 4.09283e-05 -1.3096e-05 -4.23352e-05 -2.55433e-05 -1.06241e-05 1.23069e-05 8.60821e-06 4.98053e-05 -1.96631e-05 4.34936e-07 -3.38516e-05 4.52141e-06 1.25129e-05 9.81466e-06 -6.23505e-06 -3.75457e-06 -1.41102e-05 -8.22711e-06 -1.48879e-05 -2.4161e-05 -3.05037e-05 -5.01024e-06 -9.40971e-06 -3.43078e-07 -1.73112e-06 1.17634e-05 5.64624e-06 -1.00007e-05 -1.06871e-05 -1.38486e-05 -1.46537e-05 -3.38872e-05 -4.41142e-05 -3.61546e-06 6.09884e-06 -7.50565e-06 3.17835e-06 5.26771e-06 -1.65657e-05 2.04488e-05 -1.97829e-06 -2.4368e-05 -1.65577e-05 -2.11918e-05 -1.1672e-05 -2.04754e-05 -5.67263e-06 -1.10037e-05 -9.29493e-06 6.91238e-06 9.51581e-07 2.43811e-05 4.53498e-05 5.71365e-05 -0.000501047 -0.000327983 -8.9302e-05
 -6.89921e-06 2.40105 -0.520449 -4.65012e-06 -0.723936 0.576845 -0.242567 -0.0735621 1.36926 -1.77805 -0.132427 3.20671 4.80448e-05 -1.07261 -0.00608436 2.27125e-05 996.937 -46.6645 -2.33323e-07 -0.696735 0.300042 3.52656e-06 -0.808933 0.164893 3.51398 3.79846 -1.04073 0.416368 2.65991 -3.00414 1.4872 -0.402874 1.41843 2.3326 0.0520587 -0.249062 -1.15392 -0.459208 0.0171793 3.76088 -1.57973 -0.0379693 1.65301 -2.64676 0.284696 -0.370287 -0.554932 0.912887 -1.43972 1.73765 3.71805 -3.3622 -0.468161 -1.13961 0.54461 -0.531172 -1.94303 0.692115 1.16005 -1.63828 -0.20067 0.0209671 0.162477 0.0793182 -0.0133572 0.51699 0.0319278 -0.00883033 -0.000612302 1.3045e-05 -1.16423 0.359789 -0.283913 -0.0133427 0.386308 -0.540412 -0.0785214 2.02919 -0.036633 -0.0374417 0.349231 0.488398 0.513613 -0.0526017 -0.389616 0.039064 -0.122848 0.0299044 0.00645046 -0.0366653 1.5499 0.37917 -1.25011 -1.81474 -0.905243 -0.568794 -0.609952 0.664038 3.81369 0.371435 -0.0955494 -7.29077 -2.46197 -0.106981 4.05677 1.25445 -3.2908 -3.00541 2.59146 -0.160661 1.20854 0.62897 0.201267 -0.360099 -0.550438 0.66696 0.675682 0.151319 0.568123 0.408929 0.0108114 -0.0235791 0.297151 0.171472 0.728365 0.527002 0.637695 0.667102 0.91535 0.51387 0.417514 0.229397 -0.219116 -1.33872 -0.321837 0.00473881 0.174371 0.152624 0.278834 0.350323 0.596113 0.234608 0.246703 -0.275157 0.00873713 0.0964466 0.36213 -0.557849 -0.783187 0.360999 0.283434 -0.222153 -0.617206 -0.497266 -0.223897 0.0269877 0.0678311 0.00975991 -0.087111 -0.633508 -1.11578 -1.48633 13.6976 7.55313 2.27312
 4.91269e-07 -0.126784 0.0274072 2.30858e-07 0.0230297 -0.0182864 0.0107508 0.00325612 -0.0608243 0.0805528 0.00591264 -0.143476 -1.78915e-06 0.0406636 0.000317368 -3.32177e-06 -46.6645 3.06199 3.92191e-08 0.0279864 -0.0120203 -8.74926e-08 0.0322667 -0.00653114 -0.169468 -0.187919 0.0513793 -0.0225538 -0.132578 0.149737 -0.0728049 0.0175477 -0.0611741 -0.112077 -0.00693837 0.0191743 0.0509174 0.0195158 -0.000685961 -0.183339 0.0729646 0.00186042 -0.0824442 0.118304 -0.0124859 0.0157822 0.0233731 -0.0384664 0.0661527 -0.0833427 -0.178769 0.161658 0.0206934 0.0539468 -0.0260916 0.025514 0.0884768 -0.0332101 -0.0570572 0.0804765 0.00917707 -0.000962975 -0.00655204 -0.0039515 0.000603188 -0.0229999 -0.00128014 0.000349409 6.09985e-05 -4.90242e-07 0.0482297 -0.0148297 0.0123838 0.00058073 -0.0168989 0.0249062 0.0035438 -0.091953 0.00109391 0.0014228 -0.013608 -0.0247119 -0.025266 0.00257089 0.017771 -0.00177727 0.00517416 -0.00143231 -0.000307506 0.00175468 -0.0736269 -0.0201921 0.0580247 0.0888759 0.0454755 0.0286829 0.0289763 -0.0318221 -0.180061 -0.0231913 0.00242195 0.347661 0.117237 0.00465563 -0.192947 -0.0598641 0.156573 0.143252 -0.123269 0.00760496 -0.0576789 -0.0297954 -0.00923716 0.0173834 0.026273 -0.0317901 -0.0321578 -0.0072206 -0.0270629 -0.0194706 -0.000388067 0.00111509 -0.0139161 -0.00820374 -0.0346253 -0.0249932 -0.0301391 -0.0320353 -0.0429917 -0.0246284 -0.0197916 -0.0108145 0.0106439 0.0639281 0.0155066 -0.000269047 -0.00841261 -0.00743679 -0.0134844 -0.0168291 -0.0280004 -0.0107352 -0.0113806 0.0129785 -0.000450397 -0.00453594 -0.0172939 0.0268688 0.0371953 -0.0170939 -0.0133962 0.0107265 0.0291537 0.0236926 0.0106083 -0.00117068 -0.00311246 -0.000502879 0.0041413 0.0302534 0.0538913 0.0707889 -0.672164 -0.334072 -0.107194
 -9.24359e-10 2.35269e-05 -5.01312e-06 7.68827e-12 4.11137e-05 -3.3019e-05 -1.16002e-06 1.62934e-07 -1.21775e-06 2.64557e-05 2.19643e-06 -5.0184e-05 2.50669e-10 -9.62777e-06 2.04851e-08 -3.65234e-10 -2.33323e-07 3.92191e-08 1000 -8.93768e-08 6.61006e-07 -5.01152e-10 7.48895e-06 -1.61021e-06 6.88048e-05 -3.89613e-06 -4.63042e-07 8.7982e-06 5.63024e-05 -6.36086e-05 7.60966e-05 7.62515e-06 -3.49502e-05 0.000147669 -4.0664e-05 5.49362e-05 -3.91485e-05 -3.85919e-06 3.83526e-07 -5.26252e-05 2.38988e-06 2.55253e-07 -1.2053e-05 -3.79167e-05 5.07658e-06 -2.15388e-06 -1.82691e-06 2.9353e-06 3.94315e-05 1.69942e-05 -8.49831e-05 5.60443e-05 -3.54681e-05 1.80785e-05 6.96741e-05 -8.38838e-05 -3.38418e-05 2.28674e-05 -9.35146e-06 -1.45241e-06 2.93328e-07 1.57391e-07 -2.3098e-05 1.04729e-05 -1.8434e-07 -4.07577e-06 -1.82989e-06 5.17558e-07 3.65064e-07 -1.45753e-10 -6.3221e-07 1.44985e-07 2.36604e-07 5.53383e-08 -1.77057e-06 4.49583e-06 6.11308e-07 -1.3891e-05 1.99733e-07 2.0442e-07 -1.59058e-06 3.39054e-06 -0.000345025 2.78464e-05 9.67138e-06 -1.04285e-06 8.93824e-07 -7.28864e-07 -2.63145e-07 1.00035e-06 -4.08228e-06 -5.51465e-05 -5.05124e-05 -5.82006e-05 -1.51726e-05 1.74097e-05 0.000125456 0.000373059 -0.000204616 -2.81539e-05 -1.92564e-05 -7.71567e-05 -6.97816e-05 0.000120833 3.31136e-05 4.8725e-06 7.01002e-05 -4.29221e-06 -3.22961e-05 7.1227e-06 2.79204e-05 -1.24567e-05 -1.50463e-05 -1.31397e-05 -6.5504e-06 9.26965e-06 9.06184e-06 -9.23767e-06 3.31266e-06 -1.42831e-06 9.74626e-06 1.1325e-05 1.34556e-06 3.1173e-06 -1.34484e-05 -8.87223e-06 -5.03441e-06 -3.82297e-06 6.37464e-06 -8.66974e-06 1.10777e-05 1.89345e-06 -7.12461e-07 -3.38217e-06 3.11285e-07 -1.01042e-05 -5.67398e-07 1.47874e-05 -1.91669e-06 -5.14956e-05 -5.09947e-05 2.32118e-05 1.55875e-05 -7.98085e-06 9.23404e-06 1.78742e-05 -6.64525e-06 3.32727e-05 -1.05156e-05 -7.91584e-07 -8.93169e-06 -2.43768e-05 -2.57449e-05 -2.26798e-05 -7.05692e-06 -6.09805e-06 -4.48925e-06 2.8948e-06 1.20042e-07 2.78424e-06 1.12886e-05 2.7827e-06 -5.58306e-05 -3.78202e-05 -1.01075e-05
 -1.93564e-05 1.71737 -0.377366 -1.23484e-05 -3.61795 2.89994 -0.298774 -0.0758776 1.40615 -2.82666 -0.220533 5.3016 3.62263e-05 -0.677323 -0.00275522 2.51155e-05 -0.696735 0.0279864 -8.93768e-08 836.499 -364.508 1.56255e-05 -1.88352 0.395559 -0.92163 4.82364 -1.2159 -0.231012 -0.334442 0.377916 -0.435376 -0.792353 3.05615 -0.242003 2.45424 -3.95583 0.540842 -0.316004 0.00361176 2.05877 -0.637842 -0.0138138 0.195098 -0.281951 0.0225107 -0.275222 -0.346135 0.570278 -0.722867 -0.749871 2.42304 -1.50712 0.959804 -3.27756 -1.2778 1.84135 -0.0392869 -1.79351 0.876057 0.103143 -0.190223 0.0204419 -0.33024 -0.991226 0.0310793 -0.00252516 -0.0205683 0.00646119 -0.00898334 1.31185e-05 -1.28418 0.406087 -0.530694 -0.0280904 0.811195 -0.748581 -0.100866 2.43755 -0.12971 -0.0503412 0.437454 -1.39107 3.4461 -0.262377 -0.493325 0.0530165 0.11402 0.0423858 -0.00175975 -0.0410087 -0.555393 4.58226 0.952209 -0.733424 -1.69596 -0.954841 -33.4696 15.8523 1.67889 2.82006 1.07574 4.14199 -6.71049 1.12521 2.42576 -1.0288 0.186793 -1.20709 -0.143263 -0.103241 1.32797 0.287998 0.224021 0.66697 1.04117 0.154187 -0.220792 -0.523662 0.967535 -0.29034 -0.104833 0.00209864 0.76989 1.51572 -0.401676 0.0325097 0.364753 0.180682 0.835305 -0.878375 0.133773 0.095407 0.412796 -0.406131 0.191469 0.666557 0.731692 0.440086 0.237263 1.20773 0.970359 -0.335332 -0.270091 -0.886142 -0.0520234 0.135967 0.0483817 1.69172 -0.276247 0.499075 1.09535 0.508349 0.204379 -0.961515 -0.42797 -0.0102252 0.1783 -0.352767 0.0435593 -0.864077 -0.928577 -1.77812 18.8638 10.1019 3.0953
 8.57206e-06 -0.763474 0.167648 5.34897e-06 1.57173 -1.2598 0.12968 0.0329244 -0.610348 1.23163 0.0959588 -2.30713 -1.56241e-05 0.2913 0.00121816 -1.08159e-05 0.300042 -0.0120203 6.61006e-07 -364.508 160.406 -6.84666e-06 0.820645 -0.172339 0.402831 -2.11219 0.532428 0.0998255 0.141873 -0.160319 0.188901 0.344933 -1.3304 0.105512 -1.07622 1.73476 -0.236782 0.135656 -0.00146638 -0.898062 0.276978 0.00603845 -0.0851578 0.118773 -0.00926462 0.118802 0.149528 -0.246346 0.315331 0.3282 -1.05926 0.658732 -0.419879 1.43321 0.559441 -0.805995 0.0165414 0.783892 -0.383497 -0.0443624 0.0827357 -0.00889671 0.145357 0.433276 -0.0136207 0.0026487 0.00915248 -0.0028704 0.0038485 -5.66668e-06 0.558588 -0.176625 0.230865 0.012212 -0.352779 0.32657 0.0440108 -1.06363 0.0554408 0.0217688 -0.18914 0.611093 -1.50629 0.114668 0.214914 -0.0230982 -0.0490575 -0.0185289 0.000772749 0.0179234 0.24308 -1.99907 -0.419304 0.315356 0.739988 0.424152 14.6351 -6.93754 -0.730749 -1.23293 -0.47274 -1.80955 2.93351 -0.492642 -1.0601 0.449684 -0.0821358 0.527421 0.0632573 0.0452678 -0.580801 -0.125814 -0.0978327 -0.291427 -0.454808 -0.0670555 0.0965333 0.228891 -0.422997 0.127034 0.04599 -0.000939977 -0.336285 -0.662514 0.175738 -0.0139911 -0.159188 -0.0793046 -0.364644 0.383834 -0.0585193 -0.0417258 -0.180373 0.17759 -0.0836066 -0.291501 -0.320002 -0.192563 -0.103894 -0.527934 -0.423793 0.146718 0.118229 0.3871 0.0226116 -0.0595332 -0.02131 -0.73914 0.120577 -0.218232 -0.478744 -0.222121 -0.0896955 0.420161 0.186871 0.00450835 -0.0778935 0.154188 -0.0190566 0.377783 0.406787 0.777415 -8.26709 -4.3876 -1.35181
 -5.99332e-10 2.057e-05 -4.33151e-06 1.8435e-10 6.39429e-05 -5.13212e-05 2.13635e-06 1.00477e-06 -1.80386e-05 2.37645e-05 2.03067e-06 -4.63679e-05 -1.08737e-10 -3.88694e-06 5.27705e-08 -5.3834e-10 3.52656e-06 -8.74926e-08 -5.01152e-10 1.56255e-05 -6.84666e-06 1000 1.99447e-05 -4.41605e-06 0.0001151 -0.000128431 3.03725e-05 1.635e-05 7.30018e-05 -8.25086e-05 0.000103039 1.3518e-05 -5.74786e-05 0.00017582 3.34909e-05 -6.73794e-05 -4.94187e-05 -3.97611e-06 5.92936e-07 -9.90205e-05 1.18702e-05 6.06064e-07 -1.94735e-06 -4.83022e-05 5.88683e-06 -8.25773e-07 -1.64281e-06 2.49432e-06 2.4788e-05 7.11392e-05 -5.56133e-05 1.47141e-05 -5.69568e-05 3.11977e-05 0.000119939 -0.0001446 -4.13756e-05 4.88054e-05 -1.75362e-05 -7.55785e-06 2.78792e-07 1.42493e-07 -1.89261e-05 6.57174e-06 3.25501e-08 -8.03381e-06 -2.05336e-06 6.01959e-07 5.33477e-07 -2.56558e-10 1.33767e-05 -4.39257e-06 3.94527e-06 2.45829e-07 -6.6362e-06 4.58561e-06 9.11971e-07 -2.11738e-05 3.79008e-07 4.93955e-07 -4.20745e-06 1.19386e-05 -0.000287379 2.33427e-05 6.67696e-06 -7.52591e-07 -1.34526e-07 -8.24034e-07 -3.14185e-07 1.1474e-06 1.30141e-05 3.15285e-05 -6.69802e-07 -1.44038e-05 -2.33049e-06 7.96868e-06 9.30822e-05 8.97803e-05 -0.000117051 -3.48297e-05 -1.64901e-05 -1.88042e-05 1.98116e-06 0.000101963 7.7234e-05 -3.14886e-05 3.04698e-05 -4.45705e-05 0.00012011 -3.79963e-05 5.99424e-06 1.61419e-06 2.32818e-06 -6.87982e-08 8.714e-06 4.43216e-05 1.43257e-05 -5.65529e-07 -2.31636e-05 2.36786e-05 -3.85777e-06 1.01974e-06 -3.37863e-06 6.45221e-06 4.95715e-06 4.72944e-06 5.49039e-06 -9.33871e-06 8.14733e-06 -1.03495e-05 -2.54222e-07 -8.81693e-06 -1.53666e-05 -3.16462e-06 6.45768e-06 -6.30271e-06 1.1688e-05 1.05692e-05 -2.24479e-05 -0.000104503 -7.41131e-05 3.50033e-05 1.55269e-05 -1.45636e-06 4.67966e-08 9.29773e-06 -9.8995e-06 -3.23511e-06 6.49828e-06 -1.9812e-05 -1.99232e-05 -3.25155e-05 -4.19543e-05 -2.62004e-05 -1.16898e-05 -1.19684e-05 -1.0964e-05 8.06932e-06 -8.21524e-07 1.19743e-05 1.50167e-05 2.08591e-05 -0.000253975 -0.000151067 -4.34836e-05
 7.18865e-06 0.28901 -0.0728781 -1.43834e-05 -3.86611 3.09935 -0.3222 -0.106102 1.94111 -2.85068 -0.224003 5.34549 4.74055e-05 -0.904982 -0.00404782 2.80779e-05 -0.808933 0.0322667 7.48895e-06 -1.88352 0.820645 1.99447e-05 955.669 -201.35 -0.799893 12.6816 -3.22066 -0.0295536 0.478495 -0.537011 -4.03818 -1.21849 4.92678 -3.23688 0.719812 -0.921902 0.54412 -0.369852 -0.00132746 3.96295 -1.19025 -0.0314916 -1.55438 0.423776 -0.026093 -0.29346 -0.364096 0.605277 -0.850524 -2.3398 1.73242 -0.412339 1.67129 -4.66109 -2.82548 3.80859 0.302997 -2.77989 0.739173 0.847266 -0.135031 0.0114652 0.382949 -0.34104 -0.0168987 1.11975 0.0407782 -0.0118303 -0.0177546 1.72825e-05 -1.41669 0.45103 -0.456625 -0.0242112 0.681655 -0.73581 -0.105973 2.55704 -0.103673 -0.0525519 0.462314 -0.556237 2.10614 -0.171766 -0.358774 0.0395271 0.014231 0.0379561 0.00288116 -0.0412036 -0.837262 -0.102739 -0.781527 -1.26619 -0.932066 -0.53136 -9.25757 3.73465 2.61365 2.03914 0.885102 1.24214 -7.23753 -0.515412 4.55113 -0.0120795 -2.25029 -6.92189 1.79819 0.780378 -0.722927 -0.476564 -0.226916 0.349791 -0.324414 -1.02555 -0.954397 0.568843 1.38562 -0.750631 -0.0813007 -0.0712695 0.270572 -0.162703 0.176734 0.0626613 0.115763 0.465898 0.232541 0.143557 0.27868 0.632001 1.02076 0.56794 0.189337 0.208161 0.0843636 0.109351 0.331139 2.46405 1.84951 -0.462828 -0.409124 -0.146981 0.354798 0.309455 0.405368 0.969044 0.121143 0.563189 2.23997 1.52886 0.678507 -0.511216 -0.0399518 0.285183 0.407897 -0.493383 0.0540358 -0.954439 -1.16654 -1.96186 20.9652 10.9372 3.40567
