 1000 0.00407924 -0.000360617 2.84392e-09 -0.000393751 0.000115855 -5.84856e-06 -6.47421e-06 5.16741e-05 -0.000163776 -1.89945e-05 0.000273191 1.23149e-09 -1.49853e-05 1.31115e-07 8.55696e-10 -1.91899e-05 4.08836e-07 -2.4778e-10 -4.64148e-05 6.75651e-06 -2.42397e-11 -1.54906e-05 1.07198e-06 -0.000129641 -0.000495063 9.69631e-05 -6.30188e-05 -0.000410401 0.000285947 -3.9202e-05 -7.01531e-05 0.000182118 -1.99021e-05 -0.000198599 0.000236829 -5.71222e-05 -7.34577e-07 8.22377e-07 -0.00025531 4.89754e-05 2.49864e-06 -6.55053e-05 -4.04974e-05 6.56934e-06 -9.75279e-06 -2.95798e-05 1.89254e-05 4.07101e-05 -8.22022e-05 -0.00024023 0.000220969 -3.31408e-05 4.14472e-05 5.22453e-05 -7.79137e-05 1.88956e-06 -1.83243e-05 -6.56468e-05 7.51003e-05 -5.10531e-06 2.28604e-07 2.13003e-05 1.40433e-05 -1.60493e-06 3.46571e-05 -1.32242e-06 2.98809e-07 3.64787e-07 9.33534e-10 -3.43954e-05 2.83524e-06 -6.08171e-06 -1.07156e-06 1.07595e-05 -1.15763e-05 -4.56524e-06 6.35933e-05 2.46748e-06 4.00325e-06 -2.02021e-05 -7.94314e-06 -0.000118514 5.5952e-06 -7.77732e-06 4.97279e-07 -2.07935e-05 -1.38853e-06 -5.28339e-07 1.93138e-06 -1.25062e-05 5.5889e-05 -7.68719e-05 -0.000241085 -0.000153566 5.55968e-06 5.42622e-05 0.00034967 -0.000116968 -0.000268427 -0.000132177 3.99775e-05 -2.04113e-05 2.56284e-05 4.96831e-05 6.49494e-05 1.67794e-05 -4.99487e-05 -7.93899e-05 0.000173938 -0.000132702 2.48162e-05 -3.45268e-06 -3.15385e-06 7.42358e-06 2.66291e-05 4.16941e-06 -1.50858e-05 4.17693e-05 -3.78982e-05 6.70054e-06 -1.20965e-05 -8.69539e-06 2.12169e-06 5.53142e-06 -5.09056e-06 -1.78697e-05 0.000144677 -7.8461e-05 5.5253e-05 -2.44998e-06 1.15069e-05 2.11529e-05 2.16322e-05 2.64718e-05 -9.10401e-06 4.13024e-05 2.51311e-05 2.71857e-05 -1.36954e-05 -3.74873e-05 4.11893e-05 1.91435e-05 -6.59219e-06 7.11532e-06 -8.25771e-06 3.4306e-05 4.64395e-05 2.37536e-05 3.33123e-05 1.52767e-05 -2.70281e-05 3.6464e-06 -1.22983e-05 8.6142e-06 8.85942e-06 1.12099e-05 -3.77683e-06 1.78284e-06 1.66193e-05 5.58003e-05 3.21717e-05 -0.000765583 0.000185941 -9.67538e-05
 0.00407924 562.978 -48.3158 -0.000320331 41.0411 -12.0729 0.629478 0.926817 -7.45734 16.6254 2.10738 -30.3627 -0.000166629 1.80147 -0.0105644 -0.000152241 2.54287 -0.0450537 -3.68163e-05 3.09539 -0.454336 -6.54633e-05 2.44451 -0.159244 23.2986 43.0963 -8.65497 5.19194 33.4114 -23.2847 8.82015 8.73555 -22.9631 14.046 19.6382 -24.1657 2.74621 0.266079 -0.0742805 24.6941 -5.13523 -0.243856 10.4661 0.290155 -0.324045 1.43256 3.28168 -2.10519 0.0423147 9.14995 13.6483 -14.0134 -0.572962 -1.7738 3.60579 -5.06037 -1.00224 5.38842 7.38248 -10.0055 0.306414 -0.00675855 -2.42361 0.736898 0.191008 -5.41666 -0.0234047 0.00581052 -0.0215829 -0.000153055 4.53547 -0.360044 1.07044 0.178872 -1.89444 1.45066 0.533259 -7.39799 0.092278 -0.0854146 0.436727 1.59621 -11.8891 0.514105 2.05631 -0.154034 0.73102 0.102923 0.0229873 -0.126898 3.79181 -4.04559 5.36243 15.2507 9.71179 -0.807128 -24.7388 17.4911 -11.3117 21.2841 10.7199 -1.17857 -2.00199 -2.84326 -2.41041 6.28871 5.19582 0.91584 -9.64955 5.31241 -0.911398 1.134 -1.9111 -1.11879 0.573415 1.28285 0.790813 1.83648 0.780857 -0.256544 0.83437 0.719797 0.467442 0.125119 1.31538 0.0813155 -0.605539 3.33474 -6.80651 3.98579 -0.460128 -0.434342 -1.21788 -3.76781 -1.60003 -3.09771 -2.67529 -2.45968 -0.0881667 -0.648162 -2.2931 -1.80383 -1.67002 -0.651961 -1.115 -2.85867 -0.343925 -2.43184 -4.43462 -1.05566 -0.813595 -3.3407 -2.26486 -1.88695 -1.69393 -1.37842 -1.48232 1.06684 -0.385642 -1.243 -4.07786 -3.05722 58.8395 -16.7488 7.04208
 -0.000360617 -48.3158 5.08238 2.78811e-05 -3.57968 1.05302 -0.056669 -0.0828581 0.667036 -1.44781 -0.183867 2.64911 1.54437e-05 -0.167672 0.000925993 1.37587e-05 -0.231957 0.00406655 3.21562e-06 -0.28107 0.0412082 5.74686e-06 -0.220938 0.0143634 -2.03377 -3.75971 0.755074 -0.455739 -2.91426 2.03099 -0.769777 -0.762702 2.0049 -1.22657 -1.71351 2.1086 -0.251158 -0.0322564 0.00688303 -2.15847 0.439917 0.0213536 -0.922463 -0.0430593 0.0304544 -0.129817 -0.29575 0.189655 -0.00738115 -0.797714 -1.18915 1.2212 0.0481367 0.153578 -0.31607 0.443716 0.0817015 -0.470097 -0.64487 0.873935 -0.0266576 0.000584981 0.211478 -0.0644061 -0.0166675 0.472725 0.00213307 -0.00052822 0.00202815 1.38179e-05 -0.410344 0.0324686 -0.0967683 -0.0161341 0.171068 -0.125768 -0.0465626 0.645977 -0.00890059 0.00681985 -0.0349505 -0.132803 1.04234 -0.0450858 -0.17967 0.0134643 -0.0657251 -0.00896737 -0.00200061 0.011054 -0.331026 0.353832 -0.466832 -1.32984 -0.848897 0.0743305 2.15826 -1.52883 0.98694 -1.85378 -0.932973 0.10274 0.174845 0.247529 0.209461 -0.549069 -0.453524 -0.0796605 0.841647 -0.464295 0.0801129 -0.0989462 0.166744 0.0975255 -0.0503544 -0.112415 -0.0691708 -0.15975 -0.0683067 0.0222494 -0.0731358 -0.0629613 -0.0409141 -0.0110529 -0.114884 -0.00719481 0.0528711 -0.291593 0.593905 -0.347913 0.0400866 0.0378774 0.106225 0.328565 0.139367 0.27012 0.232964 0.21416 0.00743513 0.0565833 0.200379 0.157223 0.145547 0.0568812 0.0972501 0.249393 0.029979 0.211925 0.386635 0.0919906 0.0708851 0.291525 0.197738 0.164636 0.147684 0.120179 0.129229 -0.0931014 0.0336526 0.108325 0.35538 0.266429 -5.12752 1.45924 -0.613721
 2.84392e-09 -0.000320331 2.78811e-05 1000 0.00267005 -0.000789207 -4.73734e-06 -5.91173e-06 4.82234e-05 -0.000115155 -1.36483e-05 0.000197634 2.67894e-10 -3.32849e-06 9.88329e-08 7.17249e-10 -1.30982e-05 2.99863e-07 -1.32013e-10 -2.92928e-06 4.7699e-07 -1.22494e-10 -1.77215e-07 4.15011e-08 -0.000142722 -0.000343341 6.8276e-05 -5.43171e-05 -0.0003241 0.000225851 -4.80261e-06 -5.0986e-05 0.000130677 2.80519e-05 -0.000208343 0.000245511 3.65699e-06 8.79579e-06 6.15498e-08 -0.000211681 5.90749e-05 2.27798e-06 -3.52797e-05 3.37737e-06 1.36795e-06 1.02512e-06 -1.20005e-05 7.64161e-06 2.60251e-05 -4.06803e-05 -2.70986e-05 3.4147e-05 -2.92537e-05 -7.0905e-06 5.63124e-05 -7.99093e-05 9.87836e-06 -5.33264e-05 -3.55562e-05 6.11466e-05 2.83449e-06 -3.99892e-07 3.8179e-05 -3.39658e-06 -1.44365e-06 4.64009e-05 5.63362e-06 -1.31488e-06 -1.2236e-06 4.54607e-10 -1.55601e-05 1.35466e-06 -5.54025e-06 -9.34927e-07 9.69793e-06 -1.59621e-05 -6.11959e-06 8.48425e-05 -4.81839e-07 4.59051e-07 -2.64575e-06 8.40942e-06 -7.70023e-05 3.3468e-06 2.85193e-06 -1.77533e-07 -1.42016e-05 -1.0655e-06 -3.87227e-07 1.46375e-06 -5.2567e-05 4.09903e-06 -3.61218e-05 -9.57251e-05 -5.79996e-05 -4.37435e-05 2.80314e-05 1.1854e-05 -2.56959e-05 -8.85317e-05 -2.7449e-05 1.64035e-05 -9.67742e-06 4.18315e-05 1.35305e-06 6.16696e-05 -4.21317e-05 8.44066e-06 -7.82498e-06 -2.42518e-05 8.58289e-06 1.31777e-05 3.15096e-05 9.10054e-06 2.67796e-05 -3.38059e-05 -4.42849e-06 1.41547e-06 -1.55551e-06 -7.21767e-06 1.5076e-05 5.73688e-05 4.44995e-05 -2.69378e-05 -0.000133137 -0.000203397 -5.82012e-05 0.000156361 -9.78809e-06 0.000156394 -3.1371e-05 1.42452e-05 3.87575e-05 3.49985e-05 3.16046e-05 3.95367e-06 4.21774e-05 1.38136e-05 4.51677e-05 -5.47715e-05 -9.52851e-05 5.23782e-06 -3.49508e-05 6.5016e-05 6.13854e-05 8.76514e-06 -9.58593e-06 2.19433e-05 3.18654e-05 7.88351e-05 2.7772e-05 -8.19943e-05 4.86146e-05 -4.03002e-06 1.09823e-05 1.11028e-05 1.20955e-05 -1.15038e-05 4.98733e-06 7.26682e-06 2.10974e-05 -1.64952e-05 -0.000374536 0.000138755 -4.11462e-05
 -0.000393751 41.0411 -3.57968 0.00267005 611.92 -179.012 0.415824 0.586577 -4.6692 14.2712 1.84176 -26.5127 -6.62801e-06 0.0777087 -0.00826919 -7.95358e-05 1.2335 -0.0266891 -1.59601e-07 0.476809 -0.0763923 -1.81328e-07 0.10887 -0.013178 18.2892 33.3875 -6.71027 4.52977 26.6482 -18.5753 10.0598 7.53774 -19.9567 13.515 16.4548 -20.3525 -1.06197 -1.02463 0.00903551 16.0049 -4.77948 -0.154381 8.01545 -2.8078 0.0850978 0.21896 0.967263 -0.628611 -2.05964 6.1672 1.9715 -3.4896 0.492526 -2.10198 2.14125 -2.9323 -1.78593 4.43218 6.24245 -8.36625 0.179208 0.00312682 -2.7928 -4.18801 0.560458 -12.6361 -0.839458 0.185607 0.177045 -4.25364e-05 1.28193 -0.120216 0.512825 0.0897669 -0.925712 1.44126 0.553131 -7.68007 0.120653 0.00175531 0.00899755 0.831609 -10.6461 0.466273 2.63708 -0.195309 0.745139 0.0685428 0.0185852 -0.0878027 3.05466 -1.93268 1.77778 4.84914 3.72418 4.44245 3.00016 -2.48432 -1.51669 10.7007 3.64007 -3.1946 -0.191162 0.546198 -1.76004 4.42134 0.109745 -0.612303 -1.17357 2.59557 0.00319588 -0.690253 -1.80979 -2.16774 1.2971 1.82375 0.217339 0.344717 2.58293 -0.916075 -1.9725 -0.236898 0.325346 4.65457 3.72703 -2.00597 -1.57996 3.29859 -7.95763 3.7869 0.551581 -0.478889 -1.4534 -2.29299 -1.2926 -1.31102 -1.3022 -2.40881 0.290884 0.285935 -0.729665 -1.38017 -1.94086 -0.154042 -0.628372 -1.05933 0.0151713 -2.0714 -4.68479 -0.863991 0.749642 -3.5154 -1.52852 -1.79352 -1.40106 -1.13333 -1.18975 0.769802 -0.302556 -1.19176 -3.8458 -2.85818 57.1136 -17.733 6.62586
 0.000115855 -12.0729 1.05302 -0.000789207 -179.012 53.6546 -0.124035 -0.174598 1.39033 -4.19536 -0.541889 7.80064 2.71236e-06 -0.0317548 0.00243634 2.38577e-05 -0.372434 0.00798 4.23756e-08 -0.147709 0.0235339 5.64108e-08 -0.0379056 0.00423751 -5.38076 -9.82216 1.97407 -1.33575 -7.83905 5.46426 -2.95918 -2.21795 5.87215 -3.97636 -4.84063 5.98728 0.303133 0.294416 -0.00234406 -4.71129 1.39994 0.0454739 -2.36565 0.810405 -0.0231286 -0.0683597 -0.292571 0.190006 0.605834 -1.81419 -0.580236 1.02676 -0.147045 0.617628 -0.630999 0.864244 0.520244 -1.30359 -1.83712 2.46198 -0.0527035 -0.000919963 0.821455 1.23189 -0.164854 3.71681 0.247674 -0.0547595 -0.0522344 1.29304e-05 -0.390153 0.0363059 -0.154128 -0.0269139 0.277869 -0.423324 -0.162741 2.25961 -0.036407 -0.00116666 0.000596372 -0.237689 3.13442 -0.137296 -0.775864 0.0574662 -0.220566 -0.020157 -0.00546477 0.0258202 -0.89855 0.569035 -0.522877 -1.42618 -1.09576 -1.3073 -0.881886 0.730277 0.446513 -3.14821 -1.07007 0.939857 0.0564774 -0.160843 0.517462 -1.30075 -0.0324982 0.179916 0.345176 -0.763227 -0.00112069 0.203013 0.532212 0.637479 -0.381696 -0.536459 -0.0640335 -0.101194 -0.759562 0.269243 0.579884 0.0693907 -0.0959031 -1.36881 -1.09577 0.590475 0.464832 -0.970561 2.34041 -1.11417 -0.162083 0.140916 0.427489 0.674508 0.380157 0.38568 0.382889 0.708326 -0.0856881 -0.083871 0.215128 0.406092 0.570986 0.045209 0.184771 0.311707 -0.00424361 0.609307 1.37784 0.254033 -0.220452 1.03424 0.449692 0.527579 0.412108 0.33338 0.349969 -0.226465 0.0889983 0.350511 1.13111 0.840691 -16.7976 5.215 -1.94877
 -5.84856e-06 0.629478 -0.056669 -4.73734e-06 0.415824 -0.124035 999.957 -0.0793848 0.434443 0.184459 0.0170635 -0.229684 1.01352e-05 -0.108109 -0.000212998 7.33225e-06 -0.124975 0.001361 1.48797e-06 -0.198967 0.0278578 3.4889e-06 -0.158496 0.00928943 0.117649 0.326155 -0.0659891 0.0224006 0.533525 -0.372833 0.689687 -0.133796 0.307558 0.52948 0.105737 -0.1581 -0.0590116 -0.0491633 0.00154106 -0.474405 0.0784204 0.00353332 -0.0536951 -0.161836 0.0181282 -0.0655377 -0.12345 0.0770308 0.0676556 -0.129019 -0.134384 0.148712 -4.14867e-05 -0.811062 0.259884 -0.310455 -0.0980757 -0.170746 0.161107 -0.0773167 0.0405142 -0.0031829 0.120376 0.000381641 -0.00444384 0.121023 0.00254901 -0.000543683 -0.00102602 7.94782e-06 -0.248122 0.0164798 -0.0667151 -0.0106299 0.121075 -0.0692666 -0.0240504 0.345737 0.000938774 -0.00544628 0.026724 0.0384067 -0.303329 0.0146455 -0.0826149 0.00545033 0.0185659 0.00148206 0.000111304 -0.00160642 -0.0927362 0.0793978 -0.0786372 -0.288082 -0.193918 -0.0430231 0.171742 0.815203 -0.730749 0.0606892 0.0533571 0.0114653 0.296583 -0.136851 0.0534326 0.126074 0.140163 -0.112827 -0.022575 0.0133562 0.0172164 -0.00404054 0.00313801 0.00786379 -0.0151301 -0.0095857 0.109026 -0.195787 0.0638551 0.0331144 -0.0402405 0.00647914 -0.00668793 0.00378412 -0.00574991 -0.0316085 0.00773581 0.0521067 0.218662 -0.119115 0.0246364 -0.00778795 -0.0109759 -0.483672 0.196436 -0.246292 0.0687718 0.153258 -0.308794 -0.0607725 -0.11075 0.19241 -0.132432 0.106657 0.0938621 0.0483395 0.126296 -0.180322 0.146505 -0.142879 0.134174 0.260426 0.0793781 -0.073763 -0.0712696 -0.00844483 -0.0103028 -0.0337532 0.00844361 -0.106203 -0.405089 -0.450656 4.221 -0.0189546 0.675358
 -6.47421e-06 0.926817 -0.0828581 -5.91173e-06 0.586577 -0.174598 -0.0793848 15.4943 -119.24 0.243468 0.0185782 -0.247892 1.28492e-05 -0.134377 -0.000272399 9.4584e-06 -0.151953 0.00165768 3.06267e-06 -0.197727 0.0276532 5.74504e-06 -0.210854 0.0125943 -0.010307 0.956971 -0.185097 0.0501605 0.779735 -0.544264 0.707463 -0.235678 0.569384 0.347065 0.492906 -0.606468 -0.037709 -0.0672298 0.00139067 -0.498232 0.0789669 0.00310345 -0.189647 -0.128366 0.015723 -0.0762379 -0.158574 0.0985217 0.0922112 -0.17025 -0.292969 0.290804 0.13251 -1.09537 0.00371438 0.0783967 -0.114268 -0.251203 0.159382 -0.0366944 0.0201067 -0.00193095 0.13949 0.122025 -0.000897817 -0.0334881 0.00748281 -0.00159053 -0.00254363 1.07752e-05 -0.322499 0.0216657 -0.0832433 -0.013241 0.15114 -0.0989695 -0.0336027 0.475915 -0.0118947 -0.0124285 0.060904 0.0370939 0.244116 -0.00845964 -0.0674334 0.00415804 0.00777859 0.00319912 0.00177756 -0.00501275 -0.118265 -0.0317524 -0.0820792 -0.149977 -0.0549977 0.013769 0.998693 -0.0194992 -0.894461 0.211943 0.162873 0.733103 0.300852 -0.237029 -0.549598 -0.232366 0.374842 -0.0885703 0.0573214 -0.0172364 -0.0403008 -0.0617319 -0.0653019 -0.0153217 -0.063864 -0.174663 0.441881 -0.243383 0.0245988 -0.0219793 0.0917082 -0.0233039 0.0118783 0.00401667 0.0391194 -0.0283619 -0.173433 -0.00755716 0.0860426 -0.151614 0.132628 0.0714723 0.0435685 -0.326521 0.0411839 -0.122921 -0.00347299 -0.121301 -0.318044 0.159277 0.171278 0.213679 -0.0370581 0.095491 -0.0434025 -0.154994 -0.0878235 0.0477874 -0.00742867 0.196471 0.424189 0.00107512 -0.194452 -0.0946296 -0.054405 -0.0186145 -0.0197662 -0.0499897 0.0104439 -0.141424 -0.535872 -0.419578 5.54697 0.229976 0.929479
 5.16741e-05 -7.45734 0.667036 4.82234e-05 -4.6692 1.39033 0.434443 -119.24 980.311 -1.96857 -0.144292 1.91696 -0.00010742 1.1255 0.00220329 -7.86133e-05 1.2714 -0.013958 -2.48939e-05 1.65278 -0.231262 -4.73707e-05 1.7495 -0.10455 0.111945 -7.74972 1.49868 -0.391008 -6.30134 4.39851 -5.8053 1.97302 -4.77279 -2.8227 -3.97338 4.89036 0.317191 0.583738 -0.0127255 4.1113 -0.6355 -0.0258147 1.58491 1.10723 -0.135835 0.648307 1.33595 -0.830787 -0.777353 1.40111 2.39857 -2.38253 -1.06341 8.94545 -0.0243431 -0.648959 0.925628 2.05807 -1.29556 0.290673 -0.164183 0.0157938 -1.14464 -0.998995 0.00789415 0.259634 -0.0632914 0.0134659 0.021365 -9.03952e-05 2.69868 -0.181654 0.702243 0.112058 -1.27711 0.815274 0.2763 -3.91315 0.0967982 0.100791 -0.49384 -0.346239 -2.01148 0.0699935 0.556113 -0.0343878 -0.0486973 -0.0260668 -0.0144975 0.0408581 0.968682 0.250887 0.668934 1.23215 0.464225 -0.108866 -8.15304 0.146053 7.28787 -1.6641 -1.29283 -5.99924 -2.45905 1.9344 4.48376 1.8982 -3.05694 0.725822 -0.472167 0.141243 0.328828 0.503611 0.530698 0.123161 0.521881 1.42642 -3.60739 1.98571 -0.20088 0.178246 -0.749148 0.189886 -0.0972545 -0.0324963 -0.318533 0.230371 1.4138 0.0631166 -0.710218 1.23997 -1.08485 -0.585736 -0.358255 2.66498 -0.340339 1.00226 0.0261948 0.989005 2.60006 -1.30152 -1.40353 -1.75095 0.301065 -0.781748 0.351897 1.26225 0.714339 -0.391806 0.0556251 -1.60571 -3.46644 -0.0136788 1.5844 0.771116 0.442611 0.149807 0.159239 0.409581 -0.0856797 1.15431 4.37478 3.42702 -45.2599 -1.90412 -7.58803
 -0.000163776 16.6254 -1.44781 -0.000115155 14.2712 -4.19536 0.184459 0.243468 -1.96857 907.122 -11.0306 152.078 3.90996e-05 -0.504477 -0.0018179 1.78984e-05 -0.38312 0.00338473 2.25788e-06 -0.370826 0.0514024 -5.5811e-07 -0.582045 0.0355529 6.04863 7.56793 -1.54977 1.22592 6.5248 -4.5474 2.28722 3.25302 -8.51357 5.877 3.60859 -4.64103 -0.639132 -0.0246571 -0.00453153 4.74856 -1.62411 -0.043324 2.20597 -1.47053 0.105138 0.261381 0.503439 -0.324349 1.02205 3.52807 -3.83597 1.99517 -0.441007 -3.1792 2.75559 -3.70291 -0.477134 3.99852 0.185267 -2.08082 0.142991 0.018955 -4.41923 3.9309 0.198294 -7.21341 -0.176366 0.0388957 -0.00427277 -3.16562e-05 0.586486 -0.053172 0.241799 0.0536239 -0.562592 1.49817 0.474783 -6.49322 -0.292553 -0.371144 1.86221 1.24343 -8.86124 0.389271 0.48349 -0.0359889 0.99635 0.00186626 -0.0106709 0.00884289 0.200685 -3.35363 -1.88155 0.342681 5.7978 6.90586 -11.3651 -0.832265 -1.20795 24.1593 9.20483 -12.3513 2.97439 -1.68029 -2.72157 4.03033 8.22038 13.4932 -16.6462 1.66496 2.28067 1.04918 -0.549239 -1.01016 -0.575189 2.80937 -4.9504 0.359445 3.17162 -3.45129 1.29786 0.0274244 -1.58076 0.168734 -0.511749 1.37768 -5.14744 9.65252 -11.0301 7.80539 -2.38828 -0.806896 0.874707 -4.73851 -0.0197359 -3.16161 -1.81249 0.919899 -0.1927 -0.456966 -0.770194 -1.39045 -1.32461 1.03396 -0.545143 -2.75819 -0.116635 0.60341 -1.38472 -0.153211 -2.52517 0.637662 1.49678 -1.83676 -2.96465 -1.19639 -1.15149 0.345255 -0.0599921 -0.370175 -0.578206 6.08929 24.414 -18.1507 1.22758
 -1.89945e-05 2.10738 -0.183867 -1.36483e-05 1.84176 -0.541889 0.0170635 0.0185782 -0.144292 -11.0306 4.45216 -51.1994 5.44869e-06 -0.0667333 -0.000271954 2.81865e-06 -0.0547852 0.00039023 9.3593e-07 -0.0720388 0.00983963 7.52132e-07 -0.101316 0.0059909 0.600386 1.51499 -0.300745 0.206323 1.24589 -0.868492 0.252743 0.324414 -0.847527 0.396961 0.833787 -1.01394 -0.0658427 -0.0238249 -0.000329103 0.389004 -0.16113 -0.00386583 0.0964833 -0.14306 0.0115131 -0.00162764 0.0308235 -0.0202014 -0.155943 0.233355 0.162627 -0.201428 0.0163933 -0.337141 0.0224424 -0.00737279 -0.124414 0.084133 0.230122 -0.268115 0.026433 -0.00161708 -0.0571451 0.125316 0.0120069 -0.385099 -0.0110922 0.00251022 -0.000471571 -2.7175e-06 0.052226 -0.00514956 0.0112365 0.00346002 -0.0337922 0.157848 0.0469265 -0.659956 -0.00938891 -0.0163165 0.0811867 0.0302761 0.0524372 -0.00195685 0.0813949 -0.00663313 0.0773449 0.0036777 0.00131322 -0.0050287 0.029302 -0.690038 -0.0452623 0.833409 1.21444 1.09265 -1.1954 -0.105473 -0.51046 1.64516 0.66633 -0.504641 0.629249 -0.0128329 -0.759677 -0.344971 0.269336 0.866058 -0.461026 0.0241482 -0.0386825 -0.0197176 -0.102526 -0.119043 -0.0870178 0.191836 -0.257761 -0.0852383 0.2017 -0.149876 0.00876092 -0.0246329 -0.102386 0.0234707 0.106542 -0.000415198 -0.252255 0.583361 -0.580369 0.147028 -0.02765 -0.0910012 0.0340712 -0.43233 0.022534 -0.162787 -0.10923 -0.072732 -0.146973 0.0346952 -0.0709242 -0.117802 -0.0988962 0.00650373 -0.00232375 -0.161677 0.00604394 -0.0450305 -0.188084 -0.0187762 0.0331732 -0.0489705 -0.0820617 -0.0893802 -0.106663 -0.0707547 -0.0758167 0.0162898 -0.00673767 -0.0813714 -0.280448 -0.186274 3.63278 -0.677676 0.48665
 0.000273191 -30.3627 2.64911 0.000197634 -26.5127 7.80064 -0.229684 -0.247892 1.91696 152.078 -51.1994 740.325 -8.21722e-05 1.00448 0.00389463 -4.28875e-05 0.842831 -0.00635833 -1.34821e-05 1.10971 -0.152032 -1.0749e-05 1.50834 -0.0893276 -8.67071 -21.7313 4.31494 -2.9597 -17.8591 12.4494 -3.71315 -4.63859 12.124 -5.77895 -11.9221 14.5042 0.982849 0.412331 0.00196058 -5.62326 2.37711 0.0555458 -1.36515 2.19282 -0.181273 0.0652125 -0.384155 0.252473 2.24334 -3.41801 -2.21694 2.81686 -0.176611 4.89025 -0.377742 0.181649 1.78379 -1.27933 -3.27879 3.8581 -0.376049 0.0224696 0.920252 -1.84629 -0.176772 5.66914 0.151879 -0.0344244 0.00887975 3.68967e-05 -0.686053 0.0694145 -0.134663 -0.0454541 0.438886 -2.33577 -0.689805 9.69989 0.125364 0.229559 -1.14256 -0.42253 -0.573548 0.0203427 -1.16249 0.0945782 -1.06291 -0.0524925 -0.0185522 0.0715831 -0.41835 9.95849 0.613903 -12.0118 -17.2978 -15.5759 17.2294 1.5368 7.39303 -24.2605 -9.6714 7.48016 -9.04655 0.215542 10.9058 4.85428 -3.99827 -12.6315 6.90515 -0.379646 0.511211 0.261462 1.47966 1.72741 1.25377 -2.79604 3.7816 1.21038 -2.93829 2.20646 -0.147662 0.353429 1.49387 -0.341286 -1.51037 -0.0164734 3.70041 -8.51515 8.49703 -2.24408 0.438717 1.31483 -0.503287 6.26197 -0.323611 2.38221 1.59497 1.02526 2.10663 -0.487207 1.02354 1.70443 1.43661 -0.110088 0.0435428 2.3587 -0.0839189 0.63152 2.71147 0.271307 -0.429364 0.687723 1.14554 1.31061 1.57695 1.03362 1.10543 -0.23869 0.0971286 1.16852 4.01274 2.53592 -52.3288 10.0368 -6.9688
 1.23149e-09 -0.000166629 1.54437e-05 2.67894e-10 -6.62801e-06 2.71236e-06 1.01352e-05 1.28492e-05 -0.00010742 3.90996e-05 5.44869e-06 -8.21722e-05 1000 5.22526e-05 -5.75425e-06 -2.50184e-09 4.99547e-05 -2.43242e-07 -2.98038e-10 4.95284e-05 -6.74457e-06 -1.02757e-09 5.54611e-05 -3.04094e-06 -0.000187084 -0.000583497 0.000116562 -1.36e-05 -0.000236984 0.000165657 -0.000137004 7.82068e-05 -0.000193579 -7.40588e-05 4.57665e-05 -4.95516e-05 9.7962e-05 1.87957e-05 -4.94683e-07 -0.00022906 8.85948e-05 3.52205e-06 4.31782e-05 0.00010809 -1.19162e-05 2.8926e-05 5.15067e-05 -3.21453e-05 4.42152e-05 6.23316e-05 -9.69406e-05 5.86649e-05 -1.08262e-05 5.55308e-05 5.3356e-05 -8.09703e-05 6.86639e-05 -1.99352e-06 -5.00149e-05 4.92076e-05 -2.23885e-05 1.39688e-06 -1.30855e-05 -1.61465e-05 2.03769e-06 -4.7431e-05 -1.56635e-07 3.87421e-08 -5.02826e-07 -2.65602e-09 8.44376e-05 -5.18709e-06 1.77562e-05 2.58479e-06 -2.92462e-05 1.82442e-05 6.5117e-06 -9.73509e-05 3.90854e-06 2.75533e-06 -1.4803e-05 -4.37059e-05 0.000278676 -1.25988e-05 -1.92499e-05 1.47589e-06 -3.14386e-06 -6.3855e-07 7.03617e-08 5.72939e-07 -4.06546e-05 -0.000111636 5.90108e-06 0.000107331 6.49669e-05 1.92723e-05 -5.17741e-05 2.97741e-05 -0.000123641 5.35834e-05 3.15263e-05 0.00031291 0.00011223 -0.000236149 -8.34837e-05 8.81591e-05 0.000108275 6.37476e-05 4.57924e-05 3.86691e-06 -9.96195e-05 -3.10427e-06 6.33526e-05 -2.96845e-06 -5.17871e-05 -3.56488e-05 -5.75871e-05 5.36416e-05 2.80872e-05 1.92764e-05 6.09042e-06 -1.45883e-05 -2.72809e-05 3.9146e-06 -1.49614e-05 -2.46792e-05 -3.82545e-05 -4.20054e-05 -2.39876e-05 -4.21779e-05 -8.2691e-06 1.01525e-05 2.10168e-05 2.74388e-05 1.59301e-05 2.28553e-05 1.81938e-05 -1.97414e-06 -4.59177e-05 -6.24595e-05 -2.5981e-05 1.06121e-05 2.1971e-05 -2.45187e-05 -3.88709e-05 -6.01555e-06 -1.87189e-05 2.97715e-06 -2.52937e-05 -1.74191e-05 2.15837e-05 4.38896e-05 2.58344e-05 -2.5922e-05 -1.16158e-05 -1.42028e-05 -1.09782e-05 -1.21882e-06 3.34894e-06 2.37731e-05 7.82342e-05 8.10931e-05 -0.0011336 0.000346234 -0.000131776
 -1.49853e-05 1.80147 -0.167672 -3.32849e-06 0.0777087 -0.0317548 -0.108109 -0.134377 1.1255 -0.504477 -0.0667333 1.00448 5.22526e-05 999.399 -0.458832 2.51696e-05 -0.554963 0.0028316 7.71459e-07 -0.497728 0.0674012 7.48255e-06 -0.56489 0.0304015 2.82724 6.82856 -1.3765 0.147082 2.68717 -1.87907 1.8046 -0.866081 2.12769 1.39932 -0.179478 0.123961 -1.41066 -0.228747 0.00721108 2.31474 -1.01096 -0.0385362 -0.318878 -1.57525 0.168546 -0.345389 -0.611802 0.38219 -0.535416 -0.29833 1.12632 -0.816607 -0.0623883 -0.451001 -0.285829 0.445539 -0.891876 0.34083 0.59379 -0.73303 0.208765 -0.0120752 0.0446333 0.252499 -0.0198822 0.423655 -0.00450594 0.000981375 0.00804552 2.71774e-05 -0.895571 0.0540753 -0.180624 -0.0252918 0.287768 -0.230758 -0.0790561 1.17986 -0.0297477 -0.0220665 0.122201 0.678071 -4.47835 0.202894 0.207772 -0.0161872 -0.000526361 0.00735738 -0.000591209 -0.00682487 0.806364 1.47519 0.00461722 -1.23343 -0.692037 -0.117579 0.770032 -0.189086 1.34345 -0.596453 -0.327497 -3.14998 -1.53342 2.30267 1.55475 -0.890757 -1.25093 -0.900541 -0.0836109 0.0605355 0.979959 0.0222084 -0.746343 -0.191706 0.849021 0.467977 0.835448 -0.540823 -0.325226 -0.103534 0.00744153 0.176686 0.340506 0.0392185 0.235318 0.348189 0.439618 0.383914 0.327978 0.395778 0.0950156 -0.163383 -0.341525 -0.404933 -0.175482 -0.272527 -0.278902 -0.0817018 0.331168 0.475864 0.162527 -0.0615591 -0.121961 0.231569 0.346469 -0.0379122 0.126265 -0.13329 0.199414 0.12104 -0.293267 -0.700747 -0.582605 0.0990658 0.0380691 0.0777831 0.0517296 0.0939799 -0.0692492 -0.231446 -0.760212 -0.810951 11.1214 -3.5147 1.27505
 1.31115e-07 -0.0105644 0.000925993 9.88329e-08 -0.00826919 0.00243634 -0.000212998 -0.000272399 0.00220329 -0.0018179 -0.000271954 0.00389463 -5.75425e-06 -0.458832 0.814598 2.37281e-07 -0.0040548 6.05328e-05 3.05989e-08 -0.00289098 0.00041681 7.71044e-08 -0.00353269 0.000222092 -0.00745775 -0.0146185 0.0029364 -0.00160834 -0.00958517 0.0066833 -0.00290421 -0.00155015 0.00415021 -0.004028 -0.00373244 0.00467646 -0.00233063 -0.00147731 8.50582e-05 -0.0108116 0.00109829 0.000115914 -0.00382006 -0.00165917 0.000288476 -0.000848569 -0.00221685 0.00140525 -6.08934e-05 -0.000827519 -0.00242858 0.00224576 -0.000211107 -9.08226e-05 -0.00106397 0.00154005 -0.000189837 -0.00129458 -0.00172015 0.00236772 -0.000179664 7.3521e-06 0.000665112 -0.000191699 -2.4986e-05 0.000744054 3.12261e-05 -6.92466e-06 -5.84046e-06 1.46165e-07 -0.00443998 0.000334494 -0.000582241 -8.90096e-05 0.000960209 -0.000237915 -0.00013891 0.00189591 -0.000177329 -0.000251296 0.00122832 -0.00101895 0.0106245 -0.000453198 -0.000457932 3.46879e-05 -0.000217442 -1.09703e-05 6.7558e-07 1.03837e-05 -0.00139157 0.000591614 -0.000320938 -0.000836463 -0.000300417 9.9244e-05 0.000174437 -0.000182906 -0.00112134 -0.00117717 0.000467749 0.00404213 0.00183261 -0.0025892 -0.0020829 0.000430673 0.00098132 0.000871018 0.000218035 -0.000474793 -0.00114164 0.000155813 0.00130711 0.000519807 -0.00133396 -0.00106559 -0.00102042 0.000871206 0.000387742 -0.000112127 -0.000218052 -0.000364722 -0.000471794 -0.000172719 -0.000446477 -0.000454502 -0.000420898 -0.000466576 -2.44808e-05 -0.000687783 -4.64263e-05 0.00031448 0.000598355 0.000716409 0.000312319 0.000480467 0.000399424 3.13376e-05 -0.000491853 -0.000392276 0.000265406 0.000341867 0.000240884 -0.00018013 -0.000260674 0.000260929 2.64435e-05 0.000364003 9.83852e-05 9.48353e-05 0.000433555 0.000993111 0.000937855 0.000118043 0.000125495 5.38749e-05 9.62979e-05 -0.00025319 0.000123368 0.000294778 0.000916972 0.000721164 -0.0147852 0.00558981 -0.00156215
 8.55696e-10 -0.000152241 1.37587e-05 7.17249e-10 -7.95358e-05 2.38577e-05 7.33225e-06 9.4584e-06 -7.86133e-05 1.78984e-05 2.81865e-06 -4.28875e-05 -2.50184e-09 2.51696e-05 2.37281e-07 1000 3.45882e-05 -5.62415e-06 -7.8125e-10 4.09818e-05 -5.60724e-06 -1.35664e-09 4.146e-05 -2.3149e-06 -1.79336e-05 -7.48883e-05 1.49448e-05 -1.33274e-05 -0.000154605 0.000107961 -6.47897e-05 4.0687e-05 -0.000101432 1.71151e-05 -9.75903e-06 1.05086e-05 -8.27226e-06 9.59778e-06 -1.41703e-07 -9.04638e-05 2.61099e-05 1.2151e-06 -2.04872e-05 2.59837e-05 -1.81834e-06 1.32015e-05 2.67274e-05 -1.64269e-05 3.86297e-05 1.88337e-05 -0.000121528 9.23727e-05 -2.79135e-05 7.10281e-05 4.64235e-05 -7.2255e-05 2.89551e-05 1.71403e-05 -5.07785e-05 4.21687e-05 -8.09987e-06 5.20567e-07 -6.97472e-06 -5.77164e-07 6.53992e-07 -1.87181e-05 -2.42248e-06 5.19698e-07 4.4611e-07 -2.01829e-09 5.82767e-05 -3.68921e-06 1.34478e-05 2.18243e-06 -2.44364e-05 4.74815e-06 2.52133e-06 -3.9802e-05 3.85999e-06 4.90906e-06 -2.53589e-05 2.34286e-05 -0.0002501 1.13001e-05 -1.10783e-06 1.36948e-07 -7.92872e-06 -8.71439e-07 -1.26361e-08 8.91375e-07 -2.96306e-05 -0.000112557 2.74168e-05 0.000142245 0.000113162 7.51802e-05 2.05362e-05 -1.85945e-05 -0.000183083 -7.16639e-06 1.8266e-05 0.000472594 -0.000100709 -3.52773e-05 -0.000129353 6.03154e-05 0.000168698 -3.28219e-05 5.99478e-05 -2.51259e-05 -6.3985e-05 -2.73638e-05 -3.50371e-06 2.2637e-05 -2.12007e-05 4.10997e-05 -2.67503e-05 9.20363e-06 -3.80152e-05 -6.59838e-06 5.80403e-06 -4.41792e-10 -1.16443e-05 -1.04791e-05 -2.59197e-05 -1.89513e-05 -2.76326e-05 -4.04466e-05 -3.89544e-05 -1.36975e-05 -2.48828e-05 -2.1603e-06 3.60557e-06 7.75077e-06 9.25018e-06 -1.81197e-05 -7.21078e-06 -1.39011e-05 -1.59112e-05 -4.0842e-05 -4.49467e-05 -1.02549e-05 6.2654e-06 -1.14939e-05 -8.1115e-06 -3.98987e-06 -1.56202e-05 5.27785e-05 -1.80094e-06 -2.13446e-05 7.47665e-06 -3.05248e-06 -2.18404e-06 -9.43177e-06 -3.54155e-06 -7.94372e-06 -7.99373e-06 7.56631e-06 2.35238e-06 2.0616e-05 7.27936e-05 6.1428e-05 -0.000911551 0.000169384 -0.000121953
 -1.91899e-05 2.54287 -0.231957 -1.30982e-05 1.2335 -0.372434 -0.124975 -0.151953 1.2714 -0.38312 -0.0547852 0.842831 4.99547e-05 -0.554963 -0.0040548 3.45882e-05 999.171 -13.4936 5.59803e-06 -0.623941 0.0852351 1.28359e-05 -0.650409 0.0360621 2.35204 3.25541 -0.677787 0.179625 2.79501 -1.95409 2.1504 -0.746586 1.80187 1.75143 0.446186 -0.638939 -0.863307 -0.225421 0.00714683 1.07485 -0.584314 -0.0222891 0.542677 -1.49124 0.138858 -0.316009 -0.599737 0.372109 -0.540696 0.635808 1.44472 -1.36993 0.0124595 -0.683 -0.124008 0.231843 -0.923288 0.567218 1.05304 -1.30438 0.0409577 0.000366899 -0.21488 0.324633 -0.00934321 0.12026 0.0181442 -0.00371312 0.00019036 3.13574e-05 -0.96622 0.0601956 -0.220532 -0.0331523 0.373399 -0.166791 -0.0653124 1.00569 -0.0715264 -0.0684159 0.357251 0.197266 -0.668801 0.0335745 0.0924022 -0.00850369 0.0412258 0.0160926 0.000657471 -0.0168887 1.24082 2.34674 -0.179065 -2.19214 -1.57238 -0.798251 0.277899 0.695497 2.57634 -0.166045 -0.360224 -6.84827 -0.288576 2.2978 3.2539 -0.170592 -3.65239 -1.71297 1.71163 -0.0193203 1.06426 0.446405 0.0419549 -0.305181 0.00375309 0.562299 0.469767 -0.00767977 0.366699 0.467528 0.0798472 0.130712 0.215465 0.254933 0.646071 0.495257 0.550846 0.515892 0.64115 0.334049 0.38427 0.0826236 -0.357342 -0.693834 -0.222333 0.011896 -0.0375388 -0.00349125 0.129463 0.287527 0.363975 0.210113 0.0639154 -0.24905 0.0338188 0.141725 0.155495 -0.836785 -0.533369 0.175726 -0.329129 -0.665421 -0.745625 -0.428456 -0.212287 -0.0856486 -0.0527844 0.0824334 -0.106575 -0.29292 -1.01272 -0.882806 13.2126 -2.85951 1.70797
 4.08836e-07 -0.0450537 0.00406655 2.99863e-07 -0.0266891 0.00798 0.001361 0.00165768 -0.013958 0.00338473 0.00039023 -0.00635833 -2.43242e-07 0.0028316 6.05328e-05 -5.62415e-06 -13.4936 1.01372 -4.61131e-08 0.00498622 -0.000657287 -1.04387e-07 0.0051698 -0.000261884 -0.0371531 -0.0527545 0.0109294 -0.00446049 -0.0459166 0.0320869 -0.0311193 0.00801564 -0.0189007 -0.0270931 -0.0101972 0.0137891 0.00951333 0.00187327 -3.05186e-05 -0.0217895 0.00801795 0.000377635 -0.0118518 0.0170361 -0.00141549 0.00288192 0.00519055 -0.00317555 0.00720757 -0.0102285 -0.0217814 0.0208709 -0.000476236 0.00938176 0.000582285 -0.00156926 0.0115566 -0.00885756 -0.0160812 0.0201047 -0.000535414 -1.07295e-05 0.00379896 -0.00432021 7.59536e-05 -0.000332299 -0.000126747 2.37224e-05 1.16951e-05 -2.46586e-07 0.00827577 -0.000459196 0.00218816 0.000332661 -0.00379277 0.00190131 0.000652863 -0.0103966 0.000524282 0.000486609 -0.00266831 -0.00304795 0.0133848 -0.000637556 -0.00159638 0.000142304 -0.0010427 -0.000233027 -9.90446e-06 0.00024494 -0.0180111 -0.0321288 0.00093804 0.0297113 0.0227144 0.011892 -0.00348695 -0.0103396 -0.035674 -0.00109242 0.00495638 0.0979196 0.00425498 -0.0328572 -0.046432 0.00193222 0.0517328 0.0244156 -0.0244329 7.42504e-05 -0.0151975 -0.00621713 -0.00020979 0.00460777 -0.00026524 -0.00851213 -0.00670037 0.000266745 -0.005181 -0.00677883 -0.00121306 -0.00195101 -0.00311362 -0.0037451 -0.00932648 -0.00704568 -0.00773836 -0.00737713 -0.00871943 -0.00496313 -0.00536634 -0.00102775 0.00529766 0.0101717 0.00331366 6.79943e-05 0.000662452 3.11198e-05 -0.0019562 -0.00396554 -0.00470701 -0.00266876 -0.00075711 0.00361826 -0.000372906 -0.00180186 -0.00204785 0.012037 0.00787495 -0.00227476 0.00478689 0.00970864 0.0108805 0.00629481 0.00318496 0.00136809 0.000916277 -0.00130404 0.00155302 0.00421106 0.0144898 0.0123773 -0.190827 0.0427136 -0.0244623
 -2.4778e-10 -3.68163e-05 3.21562e-06 -1.32013e-10 -1.59601e-07 4.23756e-08 1.48797e-06 3.06267e-06 -2.48939e-05 2.25788e-06 9.3593e-07 -1.34821e-05 -2.98038e-10 7.71459e-07 3.05989e-08 -7.8125e-10 5.59803e-06 -4.61131e-08 1000 1.81355e-05 -4.18772e-06 -9.44244e-10 1.78495e-05 -1.11997e-06 8.81026e-05 -4.34548e-05 6.58954e-06 1.85353e-06 2.98152e-05 -2.08775e-05 4.3162e-05 1.74066e-05 -4.74535e-05 0.000123599 -7.27166e-05 7.86559e-05 -4.77329e-05 1.20899e-06 2.30154e-07 -2.19909e-05 -4.6874e-06 9.92364e-09 1.69573e-05 -4.64571e-05 4.82363e-06 -5.98889e-07 9.88651e-07 -5.12081e-07 1.53381e-05 3.34407e-05 -4.98289e-05 2.9729e-05 -3.733e-05 1.97959e-05 7.30723e-05 -0.000106377 -1.0164e-05 4.41214e-05 -1.8273e-06 -1.88458e-05 -5.00128e-06 4.4991e-07 -1.62786e-05 1.28038e-05 -2.96291e-07 1.01279e-06 -1.49302e-06 3.23416e-07 4.65182e-07 -7.02183e-10 1.53831e-05 -1.12405e-06 4.22179e-06 8.88889e-07 -9.99415e-06 9.47501e-07 6.05546e-07 -8.11846e-06 3.75179e-06 3.36933e-06 -1.67685e-05 3.67875e-05 -0.000323981 1.44366e-05 7.60185e-07 -7.84781e-08 -6.89873e-06 -6.36445e-07 -7.08915e-08 7.13159e-07 2.1234e-05 -3.5276e-05 -1.71668e-05 -1.80021e-05 2.83705e-05 5.68598e-05 0.000182718 0.000240147 -0.000159133 -9.76009e-05 -3.89701e-05 -4.2809e-05 -3.3188e-05 7.59807e-05 1.7693e-05 -9.75228e-06 4.43782e-05 4.31771e-06 1.02018e-05 -7.16206e-06 2.76882e-05 -1.29383e-05 -7.76388e-06 -1.68904e-05 -1.31008e-05 1.048e-05 1.45854e-05 7.45377e-08 1.11055e-06 6.55488e-06 1.21678e-05 8.22283e-06 -6.59326e-06 -1.10173e-05 -2.22238e-07 8.39253e-08 1.21758e-06 -1.14247e-05 6.06002e-06 -1.2222e-06 5.47555e-06 -1.68901e-06 -8.47288e-06 -4.43105e-06 -6.38249e-06 -1.99018e-05 -1.09754e-05 -4.433e-07 -1.06794e-05 -5.11499e-05 -4.19649e-05 2.46902e-05 1.48562e-05 -3.45661e-06 3.28422e-06 8.25627e-06 -1.36427e-05 1.19108e-05 -8.18522e-06 -9.7316e-06 -2.01213e-05 -3.2081e-05 -2.92377e-05 -9.70304e-06 -4.19329e-06 -5.41647e-06 -6.8191e-06 1.20925e-05 -2.12671e-06 6.88721e-06 2.20785e-05 1.1845e-05 -0.000333444 0.000112213 -3.73427e-05
 -4.64148e-05 3.09539 -0.28107 -2.92928e-06 0.476809 -0.147709 -0.198967 -0.197727 1.65278 -0.370826 -0.0720388 1.10971 4.95284e-05 -0.497728 -0.00289098 4.09818e-05 -0.623941 0.00498622 1.81355e-05 977.045 -139.189 3.07173e-05 -1.37242 0.0830354 -1.43037 4.65591 -0.875888 -0.0929612 0.475194 -0.334046 0.917472 -1.2922 3.28263 -0.407925 3.06834 -3.61922 0.351604 -0.191241 -0.000183298 -1.23256 0.299392 0.00622596 -1.25011 0.358835 -0.023497 -0.269783 -0.484964 0.300366 -0.179749 -1.11032 1.27576 -0.686149 1.06926 -2.00508 -1.93639 2.9396 -0.280162 -1.48367 0.615066 0.0935716 0.0614202 -0.00404699 0.194816 -0.957501 0.0264275 -0.126915 0.00754747 -0.00161409 -0.0062894 3.92262e-05 -1.19549 0.0819059 -0.448328 -0.0758281 0.84746 -0.240177 -0.0847148 1.2164 -0.178046 -0.115182 0.585546 -1.26967 3.17546 -0.120828 0.0266036 -0.00230999 0.243174 0.0347828 -0.00389114 -0.0311645 -0.289227 3.92039 1.45886 -0.573938 -3.51351 -2.94707 -27.19 13.9014 0.325475 1.86619 0.487898 1.58574 -5.19216 2.14259 1.93373 -0.388605 0.695576 -1.1428 -0.857273 0.518637 1.44913 0.339927 0.382414 0.814194 0.977011 0.272479 -0.0905512 -0.291085 0.912062 -0.0978765 -0.128383 0.219164 0.861684 1.74054 -0.367279 0.0723216 0.552926 0.500012 0.67501 -0.548525 0.322473 0.133313 0.327626 -0.320244 0.24797 0.667696 0.827261 0.531947 0.388581 1.2001 0.724743 -0.378796 -0.308556 -0.718315 -0.102472 0.225508 0.299593 1.03653 -0.217661 0.603645 0.778673 -0.0623552 -0.020678 -0.877156 -0.314861 -0.0638751 0.0944469 -0.464973 0.0462934 -0.466779 -1.52597 -1.12535 21.4402 -5.34671 2.67211
 6.75651e-06 -0.454336 0.0412082 4.7699e-07 -0.0763923 0.0235339 0.0278578 0.0276532 -0.231262 0.0514024 0.00983963 -0.152032 -6.74457e-06 0.0674012 0.00041681 -5.60724e-06 0.0852351 -0.000657287 -4.18772e-06 -139.189 20.8523 -4.41665e-06 0.194554 -0.0117681 0.202494 -0.672346 0.126539 0.0123658 -0.0730835 0.0513432 -0.130883 0.182382 -0.463253 0.0568603 -0.443668 0.523453 -0.0505227 0.0251551 0.000113079 0.173748 -0.0430685 -0.000861723 0.176955 -0.054639 0.00377992 0.0369533 0.0665565 -0.0411671 0.0257814 0.158733 -0.183154 0.0987178 -0.152743 0.287652 0.27704 -0.42063 0.0399572 0.212068 -0.088768 -0.0125049 -0.00879083 0.000576555 -0.0272897 0.137933 -0.00385739 0.0197199 -0.000986094 0.000210977 0.000814028 -5.4761e-06 0.167933 -0.01149 0.0630957 0.0106608 -0.119205 0.0338854 0.011987 -0.172159 0.0242801 0.0159405 -0.0810717 0.184683 -0.451089 0.0171385 -0.0039696 0.000340944 -0.034431 -0.00498887 0.000559743 0.00446825 0.0410402 -0.55771 -0.211673 0.0752386 0.50258 0.433705 3.90676 -2.00299 -0.0434157 -0.268715 -0.0728163 -0.226533 0.74478 -0.307782 -0.277398 0.0553575 -0.100405 0.163521 0.123105 -0.0745724 -0.208045 -0.0487142 -0.054652 -0.11662 -0.140269 -0.039405 0.0128328 0.0417668 -0.130932 0.0138677 0.0183033 -0.0315858 -0.123649 -0.249667 0.0524564 -0.010367 -0.0792696 -0.0718544 -0.0965184 0.0783342 -0.0463022 -0.0191143 -0.0469345 0.0460361 -0.0355263 -0.0956108 -0.118559 -0.0763824 -0.0559019 -0.17194 -0.103528 0.0543569 0.0441436 0.102843 0.0146102 -0.0323119 -0.0429288 -0.148555 0.0313288 -0.0865006 -0.111619 0.00904596 0.00307856 0.125723 0.0451056 0.00914119 -0.013539 0.0665523 -0.00660383 0.0669693 0.218877 0.161341 -3.07694 0.768715 -0.383279
 -2.42397e-11 -6.54633e-05 5.74686e-06 -1.22494e-10 -1.81328e-07 5.64108e-08 3.4889e-06 5.74504e-06 -4.73707e-05 -5.5811e-07 7.52132e-07 -1.0749e-05 -1.02757e-09 7.48255e-06 7.71044e-08 -1.35664e-09 1.28359e-05 -1.04387e-07 -9.44244e-10 3.07173e-05 -4.41665e-06 1000 3.40321e-05 -4.43791e-06 0.000145643 -0.000259196 4.69385e-05 1.35063e-06 1.11989e-05 -7.98421e-06 9.9592e-05 4.38324e-05 -0.000117593 0.000203489 -3.26394e-06 -8.70733e-06 -6.27183e-05 2.27633e-06 4.31164e-07 -5.83404e-05 1.46039e-06 3.49583e-07 6.86937e-05 -7.88483e-05 6.93088e-06 1.00596e-06 2.98291e-06 -1.68543e-06 5.33892e-06 9.403e-05 -2.14346e-05 -1.24812e-05 -6.5818e-05 4.101e-05 0.000143392 -0.000209025 -1.41285e-05 9.36643e-05 -3.17423e-06 -4.09521e-05 -8.78732e-06 8.83085e-07 -4.28795e-05 1.89751e-05 6.28541e-07 -2.55039e-05 -2.16918e-06 4.79088e-07 6.97737e-07 -1.25261e-09 3.11697e-05 -2.36286e-06 7.81842e-06 1.47142e-06 -1.61752e-05 -1.70614e-06 5.05638e-07 -6.62474e-06 6.04501e-06 4.96432e-06 -2.49305e-05 4.50464e-05 -0.000344369 1.56007e-05 -3.64463e-06 2.11557e-07 -8.41069e-06 -8.00873e-07 -9.30753e-08 9.01146e-07 4.84655e-05 -1.26556e-05 2.61698e-05 6.7997e-05 6.826e-05 6.26832e-05 7.34235e-05 6.05498e-05 -0.000117399 -9.11193e-05 -2.91721e-05 7.55974e-05 2.51937e-05 -8.96359e-06 5.53339e-05 -4.71423e-06 7.92675e-05 1.63632e-05 0.000114148 -3.46527e-05 3.05837e-06 7.09006e-06 1.28133e-06 -1.32259e-06 2.16926e-05 7.21612e-05 1.72422e-05 -7.21564e-06 -3.46012e-05 3.40462e-05 1.45833e-05 1.59288e-05 5.73703e-06 1.3262e-05 1.6358e-05 1.42429e-05 4.08624e-06 -2.06016e-05 8.40173e-06 -1.56427e-05 -1.3735e-05 -2.55115e-05 -3.61811e-05 -1.38141e-05 3.60863e-06 -8.56031e-06 -1.61878e-07 -4.64313e-06 -3.8382e-05 -0.000122311 -7.25511e-05 3.61196e-05 1.52576e-05 -1.08874e-05 -1.22638e-05 -7.76767e-06 -2.63848e-05 -1.42688e-05 -5.77888e-06 -3.57496e-05 -5.26182e-05 -5.75183e-05 -6.1621e-05 -2.39394e-05 -1.79905e-05 -1.7952e-05 -1.90245e-05 2.51279e-05 -4.52732e-06 1.3699e-05 4.57615e-05 2.70159e-05 -0.000619395 0.000139491 -7.94553e-05
 -1.54906e-05 2.44451 -0.220938 -1.77215e-07 0.10887 -0.0379056 -0.158496 -0.210854 1.7495 -0.582045 -0.101316 1.50834 5.54611e-05 -0.56489 -0.00353269 4.146e-05 -0.650409 0.0051698 1.78495e-05 -1.37242 0.194554 3.40321e-05 995.009 -61.0611 -1.26685 10.4175 -1.98356 0.0688596 1.52509 -1.06377 -1.62799 -1.68929 4.43396 -2.70086 1.43517 -1.53977 0.33833 -0.226288 -0.0024721 0.396107 -0.145834 -0.0093314 -2.59627 0.931503 -0.0491192 -0.251255 -0.466148 0.287836 -0.296792 -1.79803 0.83424 -0.106123 1.40871 -2.50303 -2.90207 4.36415 -0.165647 -2.24595 0.253081 0.819923 0.172378 -0.0154391 0.786063 -0.326996 -0.0237646 0.801765 0.0258697 -0.00564094 -0.00943549 4.0581e-05 -1.15744 0.0816533 -0.320633 -0.0543482 0.602629 -0.160289 -0.073929 1.05611 -0.173733 -0.124432 0.634073 -0.542897 1.44624 -0.0597694 0.110725 -0.00737926 0.187062 0.0287179 -0.000887062 -0.0280679 -0.625433 1.48446 -0.502691 -2.65589 -2.41734 -1.56452 -4.84417 2.69627 1.63733 1.75296 0.530437 -1.72781 -4.61151 2.402 3.22947 -0.755366 -3.06942 -5.2801 1.73998 0.443882 -0.477639 -0.367547 -0.15644 0.255084 -0.454185 -1.23346 -0.555014 0.64976 1.06863 -0.38485 -0.402222 -0.221632 -0.0378437 -0.0411047 0.12589 0.056194 0.233868 0.561321 0.0997832 0.36715 0.519777 0.709266 0.967112 0.470171 0.053182 0.23403 0.261262 0.278253 0.572871 2.05534 1.34066 -0.389546 -0.31288 0.0834303 0.304377 0.42199 0.536391 0.449168 0.209132 0.735212 1.79156 0.878267 0.50345 -0.319608 0.109078 0.251748 0.340532 -0.620818 0.0641634 -0.45397 -1.51691 -1.05306 20.4755 -4.53395 2.63578
