 1000 0.0041715 -0.000386062 2.85528e-09 -0.000388856 0.00011765 -6.1881e-06 -6.8081e-06 5.44506e-05 -0.000159693 -1.80562e-05 0.000268317 1.33119e-09 -1.63118e-05 1.30095e-07 9.61424e-10 -2.15911e-05 4.56985e-07 -2.16983e-10 -5.02003e-05 7.63146e-06 6.75633e-12 -1.72016e-05 1.20059e-06 -0.000130356 -0.000498038 0.000100895 -6.37362e-05 -0.000409576 0.000294004 -3.83443e-05 -6.74782e-05 0.000176093 -1.68999e-05 -0.000194457 0.000236036 -5.94109e-05 -2.62492e-06 9.49917e-07 -0.000263295 4.88127e-05 2.73715e-06 -7.02872e-05 -4.61053e-05 7.52569e-06 -1.06936e-05 -3.2072e-05 2.20968e-05 4.15732e-05 -7.90683e-05 -0.000254973 0.000237904 -3.44232e-05 3.5218e-05 5.81674e-05 -8.72169e-05 1.9313e-07 -1.79212e-05 -6.99549e-05 8.3584e-05 -7.71149e-06 4.49405e-07 1.82155e-05 1.15562e-05 -1.35398e-06 3.11996e-05 -1.47307e-06 3.49798e-07 4.74726e-07 9.98719e-10 -3.73183e-05 3.1069e-06 -6.5209e-06 -1.12371e-06 1.17447e-05 -9.71091e-06 -3.79917e-06 5.52546e-05 2.38311e-06 3.52762e-06 -1.94276e-05 -7.07801e-06 -0.000159111 8.01054e-06 -7.90316e-06 5.36712e-07 -2.09249e-05 -1.54186e-06 -6.11366e-07 2.16944e-06 -1.02973e-05 4.17741e-05 -0.000103639 -0.000273669 -0.000162305 -2.26028e-06 6.85304e-05 0.00035789 -0.000128928 -0.000257843 -0.000134343 4.4108e-05 -2.17091e-05 3.13992e-05 5.89163e-05 7.4526e-05 1.43375e-05 -5.39535e-05 -8.26211e-05 0.00017264 -0.000135101 1.86365e-05 -6.61386e-06 -4.65168e-06 1.29138e-05 2.08122e-05 8.66213e-06 -1.66511e-05 4.05941e-05 -3.1555e-05 7.34441e-06 -1.08886e-05 -8.27004e-06 3.17916e-06 7.20873e-06 -5.1822e-06 -1.78066e-05 0.00014447 -7.93941e-05 5.20351e-05 -3.08932e-06 1.14938e-05 2.22799e-05 2.40645e-05 3.39702e-05 -2.85262e-06 4.51436e-05 3.16561e-05 2.83571e-05 -1.59116e-05 -4.47792e-05 4.48297e-05 2.49064e-05 -2.80933e-06 1.00573e-05 -6.05301e-06 3.77493e-05 5.01675e-05 2.47415e-05 3.69395e-05 1.4947e-05 -2.61667e-05 5.89291e-06 -1.15323e-05 1.02009e-05 1.06389e-05 1.29172e-05 -5.19954e-06 1.22625e-06 1.60388e-05 5.31805e-05 3.46494e-05 -0.000745581 0.000193389 -9.22783e-05
 0.0041715 553.034 -49.7586 -0.000325875 40.5429 -12.2635 0.648586 0.960391 -7.73881 16.0828 2.01218 -29.9593 -0.000172854 1.90642 -0.0104477 -0.000158071 2.7501 -0.0494093 -4.08322e-05 3.3339 -0.510159 -6.82788e-05 2.56892 -0.170042 23.3103 43.2335 -8.98212 5.1924 33.0178 -23.7066 8.71827 8.47788 -22.4113 13.8319 19.2883 -24.1905 2.98015 0.415932 -0.0837869 25.1755 -5.05821 -0.262518 11.0016 0.769132 -0.403548 1.51246 3.60064 -2.4862 0.297189 9.047 14.1221 -14.7948 -0.577413 -1.52506 3.47615 -4.95909 -0.666344 5.0568 7.4523 -10.4884 0.388815 -0.0146078 -2.28127 0.916615 0.166747 -5.21409 -0.0187212 0.00523093 -0.0342111 -0.00015983 4.80104 -0.386654 1.09958 0.180275 -1.97669 1.36146 0.476988 -6.91915 0.098678 -0.0878882 0.488226 1.32464 -11.0865 0.525578 2.03743 -0.161872 0.729169 0.107668 0.0267452 -0.135483 3.79676 -3.97901 6.46059 16.2275 9.66383 -0.393675 -25.3916 17.3953 -11.1571 22.4384 11.6555 -1.49286 -2.16818 -3.08195 -2.58847 6.20049 5.13068 0.868212 -9.747 5.28522 -0.949098 0.956852 -1.99044 -1.21138 0.41613 1.15303 0.774775 1.82267 0.728625 -0.331412 0.706817 0.594633 0.311574 -0.0828483 1.2241 -0.0484695 -0.696966 3.3255 -6.76601 3.92222 -0.524599 -0.532592 -1.33202 -3.86387 -1.74121 -3.17655 -2.71398 -2.47634 -0.11544 -0.633864 -2.23822 -1.78637 -1.72672 -0.681568 -1.1113 -2.87384 -0.384205 -2.43924 -4.45497 -1.11091 -0.835028 -3.34349 -2.28636 -1.91739 -1.72632 -1.41869 -1.51445 1.01451 -0.280453 -1.21435 -3.95799 -3.28999 57.6674 -16.7841 6.83816
 -0.000386062 -49.7586 5.41911 2.97318e-05 -3.70583 1.12095 -0.0609933 -0.0897455 0.723488 -1.46781 -0.183975 2.73919 1.66808e-05 -0.184581 0.000959434 1.49079e-05 -0.261428 0.00465738 3.73827e-06 -0.315728 0.0482701 6.27227e-06 -0.242345 0.0160145 -2.13236 -3.95258 0.821199 -0.477316 -3.0181 2.16699 -0.797363 -0.775741 2.05066 -1.2658 -1.76373 2.21204 -0.284164 -0.0472081 0.00808247 -2.30592 0.454248 0.0240858 -1.01522 -0.088136 0.0391445 -0.142825 -0.338518 0.233686 -0.0308163 -0.826561 -1.28938 1.35108 0.0507723 0.138245 -0.319376 0.455769 0.0552154 -0.462298 -0.682092 0.959954 -0.0354635 0.00132989 0.208615 -0.0839171 -0.0152487 0.476882 0.00180527 -0.000501728 0.00329164 1.50657e-05 -0.453376 0.0364146 -0.103767 -0.0169794 0.186364 -0.123636 -0.0436485 0.633166 -0.00985419 0.00744755 -0.0414475 -0.114972 1.01862 -0.0483043 -0.186559 0.0148274 -0.0686766 -0.00983111 -0.00243982 0.0123686 -0.347354 0.364769 -0.589424 -1.48313 -0.885031 0.0401322 2.32133 -1.5935 1.02017 -2.04809 -1.06296 0.136346 0.198371 0.281197 0.235822 -0.567336 -0.469315 -0.0791368 0.890914 -0.484079 0.0873774 -0.087495 0.181996 0.110669 -0.038385 -0.105936 -0.0710275 -0.166172 -0.0668068 0.0301556 -0.0649784 -0.0545397 -0.028629 0.00742408 -0.112057 0.00431125 0.0637532 -0.304717 0.618668 -0.358793 0.0478912 0.0486597 0.12174 0.35309 0.158948 0.290268 0.247675 0.225953 0.0102808 0.0579884 0.204973 0.163163 0.157698 0.062297 0.101562 0.262721 0.0350791 0.222755 0.407032 0.101439 0.0762395 0.305747 0.209169 0.175301 0.157717 0.129613 0.138355 -0.0927728 0.0256465 0.110904 0.361481 0.300474 -5.26645 1.53247 -0.624538
 2.85528e-09 -0.000325875 2.97318e-05 1000 0.00280824 -0.000853244 -5.28847e-06 -6.60827e-06 5.39797e-05 -0.000115156 -1.34729e-05 0.000201634 3.64149e-10 -4.61889e-06 1.01653e-07 8.01022e-10 -1.54555e-05 3.45623e-07 -1.44261e-10 -4.8694e-06 7.87709e-07 -1.20601e-10 -1.22059e-06 1.0733e-07 -0.000148211 -0.000352612 7.25644e-05 -5.56775e-05 -0.000325077 0.000233384 -4.63189e-06 -5.10497e-05 0.000131442 2.82843e-05 -0.000205083 0.000246065 1.98867e-06 8.11244e-06 1.06341e-07 -0.000219429 5.98144e-05 2.4733e-06 -4.30947e-05 9.93542e-08 1.98081e-06 -2.8122e-07 -1.42024e-05 9.74363e-06 2.89771e-05 -4.35601e-05 -3.50463e-05 4.28487e-05 -2.96175e-05 -1.48429e-05 6.04854e-05 -8.6427e-05 8.04507e-06 -5.15565e-05 -3.85811e-05 6.7201e-05 1.07554e-06 -2.53743e-07 3.35827e-05 -2.50509e-06 -1.46583e-06 4.95917e-05 6.40853e-06 -1.57217e-06 -1.45741e-06 5.37904e-10 -1.81366e-05 1.57942e-06 -6.24315e-06 -1.02021e-06 1.10171e-05 -1.50741e-05 -5.54666e-06 8.04505e-05 -7.9369e-07 3.55634e-07 -2.30515e-06 9.75676e-06 -8.25718e-05 3.93428e-06 2.54358e-06 -1.57799e-07 -1.42628e-05 -1.13444e-06 -4.54943e-07 1.60156e-06 -4.90629e-05 -1.27763e-05 -5.02204e-05 -0.000108896 -6.13456e-05 -4.50395e-05 3.2094e-05 3.30649e-05 -2.47624e-05 -9.66629e-05 -3.35997e-05 1.41186e-05 -1.658e-05 4.89921e-05 5.856e-06 6.8606e-05 -4.19286e-05 1.25525e-05 1.82349e-07 -3.27893e-05 7.7308e-06 1.31553e-05 3.48021e-05 8.03041e-06 2.05608e-05 -3.88853e-05 -2.25377e-06 -2.92287e-06 -2.92043e-06 2.28008e-06 1.90706e-05 5.82456e-05 4.10699e-05 -2.959e-05 -0.000129607 -0.000197701 -5.20912e-05 0.000156352 -5.36045e-06 0.000157762 -3.17855e-05 1.48918e-05 3.93511e-05 3.66553e-05 3.17047e-05 3.34435e-06 4.08123e-05 1.39498e-05 4.30489e-05 -6.01572e-05 -9.94967e-05 5.08606e-06 -3.14111e-05 6.69752e-05 6.22504e-05 1.18847e-05 -7.9522e-06 2.14676e-05 2.85618e-05 7.79799e-05 3.14625e-05 -7.9864e-05 5.14629e-05 -4.94298e-06 1.1101e-05 1.17697e-05 1.22483e-05 -1.08497e-05 3.40229e-06 7.20886e-06 2.0711e-05 -1.06036e-05 -0.000374717 0.000145308 -4.00683e-05
 -0.000388856 40.5429 -3.70583 0.00280824 599.72 -180.407 0.461137 0.650642 -5.19885 13.8098 1.75932 -26.1706 -1.7501e-05 0.221605 -0.00822465 -8.75342e-05 1.45494 -0.0305171 -1.3608e-06 0.647556 -0.10488 -8.53358e-07 0.220322 -0.020154 18.3452 33.595 -6.98481 4.59536 26.4117 -18.9676 10.0217 7.38583 -19.6697 13.4167 16.2646 -20.5066 -0.880835 -0.94553 0.00546003 16.388 -4.75562 -0.166905 8.52034 -2.34784 0.0193147 0.330872 1.23358 -0.857785 -2.04211 6.13771 1.92153 -3.5845 0.430636 -1.85061 2.08875 -2.91231 -1.50175 4.1718 6.28274 -8.75572 0.243556 -0.00303143 -2.66038 -4.04452 0.524245 -12.456 -0.916127 0.214398 0.202747 -5.0774e-05 1.54495 -0.14144 0.568458 0.0963066 -1.0324 1.35535 0.499934 -7.25934 0.154125 0.0157884 -0.0672527 0.492952 -10.5598 0.506605 2.63818 -0.207256 0.738631 0.0706504 0.0208245 -0.0921937 3.08808 -2.15191 2.18297 5.32845 3.7781 4.40801 2.67606 -2.65428 -1.37811 10.621 3.82773 -3.22645 -0.318538 0.411298 -1.8533 4.42992 0.131626 -0.615579 -1.15059 2.58042 -0.0363379 -0.765297 -1.87104 -2.25019 1.24369 1.81766 0.249681 0.377992 2.52929 -1.02001 -1.95515 -0.225969 0.347693 4.59487 3.63258 -2.0822 -1.63715 3.2848 -7.91928 3.8699 0.530759 -0.513174 -1.50289 -2.30245 -1.33923 -1.31213 -1.29459 -2.36806 0.31389 0.328673 -0.680388 -1.31111 -1.93168 -0.127244 -0.592189 -1.03522 0.0257609 -2.04143 -4.64271 -0.859922 0.763593 -3.45604 -1.49987 -1.77395 -1.38173 -1.12398 -1.17189 0.722891 -0.218843 -1.1693 -3.75276 -3.09009 56.1177 -17.643 6.46803
 0.00011765 -12.2635 1.12095 -0.000853244 -180.407 55.5711 -0.141146 -0.198794 1.58888 -4.17454 -0.532266 7.91767 6.02818e-06 -0.0757129 0.00249156 2.69157e-05 -0.449534 0.00936338 4.04864e-07 -0.203129 0.0328061 2.53053e-07 -0.0723123 0.00645154 -5.54985 -10.1627 2.11295 -1.39309 -7.98921 5.73747 -3.0313 -2.23473 5.9514 -4.05905 -4.92001 6.20322 0.257144 0.278915 -0.00132326 -4.96038 1.43242 0.0505506 -2.585 0.694638 -0.00389026 -0.103772 -0.381018 0.264853 0.617697 -1.85657 -0.581519 1.08449 -0.132561 0.559086 -0.632974 0.882678 0.449193 -1.26167 -1.9012 2.64938 -0.0736546 0.000916454 0.804638 1.22332 -0.158562 3.76743 0.277849 -0.0650217 -0.0615049 1.57636e-05 -0.480086 0.043725 -0.175079 -0.0296059 0.317666 -0.409289 -0.151249 2.19624 -0.0474841 -0.00534703 0.0234445 -0.142394 3.19671 -0.15338 -0.798138 0.0627056 -0.224838 -0.0213645 -0.00629655 0.0278785 -0.934067 0.651381 -0.660049 -1.61149 -1.14319 -1.33385 -0.808858 0.802347 0.417238 -3.21329 -1.15698 0.976071 0.09658 -0.124601 0.560321 -1.34011 -0.040018 0.186 0.347993 -0.780236 0.0108139 0.231452 0.565795 0.680447 -0.376331 -0.549775 -0.0756204 -0.11412 -0.764828 0.308287 0.591049 0.0680654 -0.10535 -1.38944 -1.0982 0.630216 0.49527 -0.993837 2.39501 -1.17077 -0.160368 0.155267 0.454544 0.696443 0.405011 0.39692 0.391415 0.716037 -0.0950649 -0.0991633 0.206314 0.396686 0.584356 0.0383798 0.17905 0.313226 -0.00757601 0.61747 1.40408 0.259986 -0.230905 1.04553 0.453737 0.536579 0.417915 0.339981 0.354464 -0.218676 0.0661939 0.353629 1.13496 0.934598 -16.9713 5.33526 -1.95614
 -6.1881e-06 0.648586 -0.0609933 -5.28847e-06 0.461137 -0.141146 999.957 -0.080297 0.440627 0.185726 0.0164447 -0.228108 1.00764e-05 -0.108915 -0.000207339 7.10379e-06 -0.126551 0.00146077 1.30839e-06 -0.198985 0.0291697 3.32836e-06 -0.157915 0.00945588 0.114077 0.345612 -0.0719884 0.0291544 0.562058 -0.404525 0.686577 -0.115332 0.260582 0.542258 0.116939 -0.175865 -0.0626195 -0.0533549 0.00178654 -0.486836 0.0772936 0.0039051 -0.0597956 -0.17672 0.0204289 -0.0653885 -0.1277 0.0861797 0.0699017 -0.137086 -0.152981 0.171497 -0.00258768 -0.829359 0.269347 -0.324783 -0.106812 -0.184059 0.161224 -0.0719847 0.0434368 -0.00349892 0.115911 -0.00284071 -0.00401728 0.118418 0.00273639 -0.000619545 -0.00122714 7.93029e-06 -0.250175 0.0170432 -0.0662977 -0.0102646 0.121336 -0.0708742 -0.0232052 0.349091 0.0032989 -0.00236406 0.0122995 0.0452528 -0.350457 0.018044 -0.0811435 0.00571077 0.0190513 0.00140042 6.67017e-05 -0.00147952 -0.0984485 0.086577 -0.107573 -0.326908 -0.197076 -0.0455551 0.227018 0.814889 -0.692757 -0.0637773 -0.00262908 0.0266337 0.291213 -0.122061 0.0717314 0.1441 0.13902 -0.115662 -0.0262692 0.0167159 0.0189043 -0.0028347 0.00518002 0.00969277 -0.0117135 -0.00511153 0.112095 -0.203698 0.0662966 0.0359031 -0.0378929 0.00991803 -0.00133135 0.0084865 -0.00297318 -0.0323117 0.0107649 0.0588948 0.222325 -0.121376 0.0251978 -0.00910548 -0.0101063 -0.483645 0.203501 -0.244781 0.0707574 0.158216 -0.317786 -0.0635347 -0.111293 0.199358 -0.130124 0.11217 0.0990626 0.0538755 0.12822 -0.178953 0.146191 -0.141196 0.137286 0.269124 0.0866779 -0.0728081 -0.070244 -0.00666867 -0.0080733 -0.0328193 0.00660379 -0.105748 -0.400787 -0.457251 4.22201 -0.0539165 0.670113
 -6.8081e-06 0.960391 -0.0897455 -6.60827e-06 0.650642 -0.198794 -0.080297 15.4774 -119.163 0.24486 0.0174239 -0.238745 1.28001e-05 -0.135999 -0.000265414 9.13738e-06 -0.153422 0.00176728 2.88458e-06 -0.195813 0.028672 5.60995e-06 -0.211554 0.0129268 -0.0182872 0.999044 -0.199485 0.0578451 0.811131 -0.583177 0.697386 -0.219098 0.528807 0.347071 0.514116 -0.643619 -0.0413095 -0.0722765 0.00163795 -0.516248 0.0786277 0.00350955 -0.202024 -0.144769 0.0183062 -0.0764482 -0.16515 0.111053 0.0923462 -0.187858 -0.316522 0.324476 0.137033 -1.11023 -0.00943907 0.102887 -0.128024 -0.274355 0.167422 -0.0315958 0.0264232 -0.00248015 0.146687 0.12184 -0.000956742 -0.0375071 0.00802888 -0.00180489 -0.00304483 1.08356e-05 -0.327091 0.0225355 -0.083321 -0.0128838 0.152612 -0.106448 -0.0341282 0.504836 -0.00826569 -0.00757251 0.0397557 0.0532005 0.221364 -0.00837975 -0.0641319 0.00418975 0.00686359 0.00328017 0.0018795 -0.00519773 -0.123121 -0.0220985 -0.0903402 -0.154878 -0.0471621 0.0126475 1.06046 -0.0618542 -0.844505 0.0451655 0.0951969 0.799674 0.322476 -0.244061 -0.57089 -0.236527 0.390211 -0.088634 0.0605274 -0.0149584 -0.0407382 -0.0641504 -0.0673025 -0.0167369 -0.0633237 -0.168717 0.455044 -0.254317 0.0274702 -0.0150941 0.0934833 -0.0226605 0.0182447 0.0121707 0.0436298 -0.0354103 -0.17763 9.62271e-05 0.08851 -0.151406 0.138344 0.0723758 0.0425607 -0.32921 0.0441128 -0.122033 -0.00395703 -0.126113 -0.323684 0.172877 0.186951 0.221134 -0.0370707 0.0988902 -0.0410628 -0.154875 -0.0888253 0.051739 -0.00845143 0.205182 0.430773 0.0011147 -0.196773 -0.0950551 -0.0539676 -0.0171048 -0.0172373 -0.0473044 0.00794053 -0.142099 -0.535054 -0.452901 5.59988 0.182492 0.930549
 5.44506e-05 -7.73881 0.723488 5.39797e-05 -5.19885 1.58888 0.440627 -119.163 980.179 -1.98294 -0.135206 1.84363 -0.000107012 1.13886 0.00214765 -7.59409e-05 1.28386 -0.0148753 -2.34156e-05 1.63706 -0.239815 -4.62792e-05 1.75474 -0.10727 0.177027 -8.09747 1.61656 -0.454804 -6.56261 4.71839 -5.7263 1.83731 -4.44097 -2.8251 -4.14959 5.19635 0.347271 0.62662 -0.0148461 4.26141 -0.632377 -0.0291844 1.68843 1.24485 -0.157591 0.649963 1.39145 -0.93641 -0.779307 1.54631 2.59334 -2.66024 -1.09902 9.0725 0.0826649 -0.848941 1.03922 2.24783 -1.36168 0.248604 -0.215721 0.0202758 -1.20337 -0.997025 0.00828312 0.29394 -0.0681925 0.0153469 0.0256066 -9.08889e-05 2.73728 -0.188935 0.703024 0.109072 -1.2899 0.876155 0.280473 -4.14881 0.066685 0.0606209 -0.318045 -0.481574 -1.82638 0.0694672 0.529515 -0.0346961 -0.0406966 -0.0267409 -0.0153336 0.0423849 1.00861 0.169552 0.737157 1.27487 0.401757 -0.0969003 -8.66158 0.488513 6.88013 -0.28657 -0.731496 -6.54836 -2.63761 1.99194 4.65925 1.93264 -3.18426 0.726435 -0.498868 0.122205 0.332117 0.523129 0.546946 0.134458 0.517217 1.37815 -3.71716 2.07569 -0.224814 0.121653 -0.764321 0.184404 -0.149719 -0.0997495 -0.355941 0.287689 1.44838 0.000323168 -0.731055 1.23856 -1.13242 -0.593739 -0.350557 2.68797 -0.364831 0.995217 0.0299122 1.02851 2.64723 -1.4135 -1.53241 -1.81306 0.301006 -0.810228 0.332685 1.26162 0.722596 -0.42457 0.0637704 -1.67798 -3.52228 -0.0142946 1.60389 0.774735 0.438988 0.13725 0.138373 0.387856 -0.0651671 1.16044 4.37038 3.70046 -45.7168 -1.51635 -7.60078
 -0.000159693 16.0828 -1.46781 -0.000115156 13.8098 -4.17454 0.185726 0.24486 -1.98294 909.093 -10.6077 150.879 3.77302e-05 -0.502239 -0.00174117 1.77023e-05 -0.384058 0.0037327 2.19548e-06 -0.412528 0.0602494 -1.00893e-06 -0.602211 0.0377371 6.19604 7.4192 -1.57727 1.19013 6.33504 -4.54883 2.21034 3.14166 -8.26419 5.81107 3.4888 -4.58409 -0.687185 -0.0202518 -0.0042429 4.72546 -1.61719 -0.0453685 2.30243 -1.47178 0.104594 0.274978 0.535337 -0.371274 1.08548 3.11678 -4.09799 2.34758 -0.485467 -2.72085 2.60272 -3.56213 -0.50421 3.65897 0.366455 -2.24576 0.239801 0.0083568 -3.96744 4.04257 0.158155 -6.72429 -0.191355 0.0448731 -0.00576253 -3.13853e-05 0.582501 -0.0535575 0.242746 0.0523861 -0.568834 1.31187 0.397996 -5.67657 -0.285509 -0.344195 1.87708 1.0465 -9.10157 0.436167 0.501548 -0.0396822 0.969249 0.000219978 -0.0110114 0.0108464 0.227879 -4.39658 -1.4712 1.62312 5.65565 6.69676 -11.1172 -1.08016 0.112341 21.537 8.66246 -12.0779 2.91485 -1.7194 -2.72837 4.16422 8.36277 13.5093 -16.917 1.98417 2.22676 0.960987 -0.557861 -0.971416 -0.547318 2.88256 -4.95974 0.372173 3.21444 -3.4344 1.26386 0.067813 -1.55921 0.167346 -0.440077 1.19657 -5.12805 9.71986 -10.9351 7.83662 -2.35192 -0.800609 0.907109 -4.69824 0.00462847 -3.13709 -1.77293 0.955574 -0.200167 -0.485263 -0.873208 -1.29588 -1.26807 1.09642 -0.487076 -2.73228 -0.0788539 0.632136 -1.34953 -0.121955 -2.49938 0.68984 1.58029 -1.80402 -2.93031 -1.16803 -1.10913 0.326841 -0.0424322 -0.357137 -0.54531 5.13389 23.879 -18.203 1.13032
 -1.80562e-05 2.01218 -0.183975 -1.34729e-05 1.75932 -0.532266 0.0164447 0.0174239 -0.135206 -10.6077 4.21679 -49.4584 5.15104e-06 -0.0648408 -0.000253813 2.73153e-06 -0.0538713 0.000427989 1.00411e-06 -0.0770458 0.0110823 6.86725e-07 -0.102749 0.00623454 0.571633 1.4666 -0.300994 0.199093 1.18993 -0.854572 0.22618 0.306654 -0.804431 0.365575 0.796058 -0.985522 -0.0706845 -0.0211481 -0.000320097 0.364547 -0.153013 -0.00384406 0.0935523 -0.136691 0.0111768 0.000638762 0.0302952 -0.0213817 -0.145111 0.212009 0.158905 -0.198436 0.0231629 -0.310307 0.00166518 0.0216575 -0.121078 0.0616104 0.228768 -0.269497 0.0319735 -0.00216835 -0.037161 0.139731 0.00927282 -0.34402 -0.013593 0.00324591 -0.000208996 -2.71496e-06 0.0516581 -0.00512599 0.010985 0.00326832 -0.0329167 0.135979 0.0388483 -0.571797 -0.0140404 -0.0192406 0.10397 0.0150651 0.0707138 -0.00294909 0.0796472 -0.00685371 0.077469 0.00372811 0.00141945 -0.00518714 0.0233104 -0.74533 0.0639633 0.994615 1.16252 1.05235 -1.15128 -0.141473 -0.45833 1.57776 0.682272 -0.495392 0.616813 -0.0274989 -0.761651 -0.341729 0.268172 0.843666 -0.458646 0.0226301 -0.044591 -0.0276605 -0.105379 -0.120133 -0.0896466 0.185775 -0.258093 -0.0848896 0.194766 -0.152 0.00377303 -0.0289947 -0.104564 0.0170148 0.101395 -0.0108107 -0.249944 0.563875 -0.560785 0.135409 -0.0297996 -0.092897 0.0284096 -0.423812 0.017366 -0.161095 -0.108817 -0.0750135 -0.149285 0.0331059 -0.0615404 -0.115391 -0.100008 0.00367697 -0.00347808 -0.1591 0.0028207 -0.0467493 -0.184849 -0.0208849 0.0302258 -0.0493664 -0.0813525 -0.0893081 -0.106338 -0.0715464 -0.0757747 0.0159221 -0.0046017 -0.0781005 -0.268361 -0.206618 3.49064 -0.660657 0.465743
 0.000268317 -29.9593 2.73919 0.000201634 -26.1706 7.91767 -0.228108 -0.238745 1.84363 150.879 -49.4584 739.281 -8.03681e-05 1.00893 0.00375505 -4.29088e-05 0.857371 -0.00716471 -1.49528e-05 1.22258 -0.176286 -1.00666e-05 1.5792 -0.0959496 -8.53613 -21.7346 4.46181 -2.95208 -17.623 12.6564 -3.44173 -4.52981 11.8889 -5.50596 -11.7598 14.5652 1.08882 0.387608 0.00174749 -5.44284 2.3353 0.0570337 -1.36722 2.17303 -0.182916 0.0320603 -0.387729 0.274438 2.15598 -3.21003 -2.23421 2.86262 -0.28297 4.6464 -0.0784528 -0.246598 1.79547 -0.981571 -3.37231 4.00977 -0.47283 0.031594 0.643715 -2.12627 -0.141151 5.23524 0.19402 -0.0463844 0.00547511 3.81253e-05 -0.700598 0.0712797 -0.135754 -0.0442622 0.440381 -2.08256 -0.590858 8.6954 0.200395 0.282116 -1.52477 -0.209722 -0.871033 0.03531 -1.17582 0.101029 -1.10115 -0.0549602 -0.0207385 0.0762811 -0.342709 11.1089 -0.992509 -14.7942 -17.0966 -15.4919 17.1433 2.13027 6.85422 -24.0764 -10.2454 7.59404 -9.16144 0.441375 11.3001 4.96744 -4.11545 -12.7211 7.106 -0.375289 0.617617 0.390043 1.5716 1.80074 1.33522 -2.79959 3.91347 1.24575 -2.93426 2.31228 -0.0773319 0.429705 1.57624 -0.255974 -1.48543 0.140765 3.78985 -8.51174 8.48982 -2.14668 0.485239 1.38721 -0.436402 6.34474 -0.257594 2.43693 1.64197 1.09334 2.21204 -0.478774 0.921718 1.72479 1.50075 -0.0722808 0.0616654 2.39949 -0.0391184 0.678256 2.7541 0.311604 -0.399846 0.716334 1.17229 1.35326 1.62484 1.07998 1.14156 -0.240955 0.0685253 1.15895 3.96766 2.94165 -51.9644 10.1199 -6.89074
 1.33119e-09 -0.000172854 1.66808e-05 3.64149e-10 -1.7501e-05 6.02818e-06 1.00764e-05 1.28001e-05 -0.000107012 3.77302e-05 5.15104e-06 -8.03681e-05 1000 5.18762e-05 -5.52936e-06 -2.4197e-09 5.01573e-05 -2.80706e-07 -2.48433e-10 4.88634e-05 -6.97847e-06 -9.91007e-10 5.52162e-05 -3.1065e-06 -0.000184576 -0.000581389 0.000120039 -1.50809e-05 -0.000237123 0.000170718 -0.000132778 7.40352e-05 -0.000183717 -7.57368e-05 4.70326e-05 -5.18436e-05 9.94049e-05 2.03059e-05 -5.99323e-07 -0.000235506 9.079e-05 3.72166e-06 4.73425e-05 0.000112326 -1.27947e-05 2.83618e-05 5.22586e-05 -3.53042e-05 3.99683e-05 7.19032e-05 -8.605e-05 4.68905e-05 -9.52028e-06 4.63826e-05 5.23728e-05 -8.00614e-05 7.07504e-05 1.94685e-06 -4.52459e-05 4.42812e-05 -2.22103e-05 1.46966e-06 -1.17627e-05 -1.54241e-05 1.8548e-06 -4.52411e-05 -2.35473e-07 6.40058e-08 -5.65057e-07 -2.62215e-09 8.4478e-05 -5.33335e-06 1.73161e-05 2.45128e-06 -2.87774e-05 1.63061e-05 5.61117e-06 -8.83793e-05 3.22874e-06 2.08086e-06 -1.24167e-05 -4.2747e-05 0.000295818 -1.4482e-05 -2.01999e-05 1.62671e-06 -3.18154e-06 -6.17551e-07 6.12046e-08 5.61253e-07 -3.68488e-05 -0.000113911 1.34525e-05 0.000114444 6.7183e-05 2.29985e-05 -6.20598e-05 1.84357e-05 -0.00011306 7.4244e-05 4.19734e-05 0.000322267 8.96542e-05 -0.000248219 -8.94008e-05 7.70607e-05 9.99954e-05 6.13312e-05 4.60709e-05 4.08677e-06 -9.96592e-05 -6.3737e-06 5.40641e-05 -1.09096e-05 -5.76498e-05 -3.02011e-05 -4.54069e-05 5.73565e-05 3.69695e-05 2.41356e-05 4.76939e-06 -1.50821e-05 -2.60163e-05 6.20186e-06 -1.00073e-05 -2.37001e-05 -3.44272e-05 -3.29616e-05 -2.6907e-05 -3.44309e-05 -1.06165e-05 9.40132e-06 1.89327e-05 2.44054e-05 1.3985e-05 2.15473e-05 1.92242e-05 -2.38094e-06 -4.81733e-05 -6.13261e-05 -2.68077e-05 1.28508e-05 2.47354e-05 -2.30522e-05 -3.87419e-05 -8.41321e-06 -1.91262e-05 1.4564e-06 -2.78842e-05 -1.8984e-05 1.96524e-05 4.16232e-05 2.35829e-05 -2.681e-05 -1.25305e-05 -1.42442e-05 -1.15976e-05 -8.89378e-07 2.1505e-06 2.32521e-05 7.59073e-05 7.98911e-05 -0.00110976 0.000343311 -0.000128172
 -1.63118e-05 1.90642 -0.184581 -4.61889e-06 0.221605 -0.0757129 -0.108915 -0.135999 1.13886 -0.502239 -0.0648408 1.00893 5.18762e-05 999.399 -0.460518 2.48625e-05 -0.564572 0.00329164 5.27867e-07 -0.500869 0.0711497 7.48882e-06 -0.573168 0.0316448 2.80632 6.91451 -1.43992 0.171005 2.73727 -1.97135 1.76963 -0.82167 2.02223 1.39262 -0.185205 0.132565 -1.42322 -0.252446 0.00869483 2.40063 -1.04187 -0.0407968 -0.361435 -1.6347 0.180546 -0.338872 -0.62794 0.424503 -0.488337 -0.4207 1.00203 -0.685839 -0.0615015 -0.440089 -0.290875 0.459374 -0.935281 0.298411 0.562233 -0.713178 0.216518 -0.0134855 0.0396627 0.260635 -0.0181955 0.391172 -0.00195605 0.000408666 0.00853777 2.73693e-05 -0.90938 0.0564456 -0.178014 -0.0242567 0.286292 -0.204467 -0.0677042 1.06683 -0.0276961 -0.018773 0.115235 0.63808 -4.54606 0.223358 0.208758 -0.0171755 -0.0015655 0.00692041 -0.000537665 -0.00643915 0.780432 1.51629 -0.125347 -1.42404 -0.807691 -0.231114 0.830054 -0.125089 1.30455 -0.803374 -0.443886 -3.27863 -1.46589 2.43783 1.57503 -0.802378 -1.14897 -0.838193 -0.0817 0.0537254 0.960201 0.023805 -0.700013 -0.122416 0.865048 0.466035 0.789748 -0.553642 -0.327761 -0.097601 0.0489493 0.21219 0.342285 0.0300506 0.234803 0.336399 0.430866 0.384466 0.32126 0.384831 0.0842821 -0.171357 -0.343244 -0.395893 -0.172731 -0.271238 -0.266592 -0.0543156 0.36822 0.504938 0.182431 -0.0547541 -0.124236 0.249423 0.368398 -0.0190292 0.139835 -0.112563 0.217585 0.13107 -0.29141 -0.686675 -0.557193 0.118162 0.0529656 0.0893062 0.0635559 0.0805902 -0.0474261 -0.228337 -0.744774 -0.814912 10.9963 -3.52815 1.25117
 1.30095e-07 -0.0104477 0.000959434 1.01653e-07 -0.00822465 0.00249156 -0.000207339 -0.000265414 0.00214765 -0.00174117 -0.000253813 0.00375505 -5.52936e-06 -0.460518 0.8146 2.26686e-07 -0.00403515 6.2559e-05 2.91463e-08 -0.00287278 0.000432968 7.51333e-08 -0.0035285 0.000226358 -0.00741996 -0.0147184 0.00305683 -0.00158729 -0.00954187 0.00685405 -0.00286885 -0.00153363 0.00412907 -0.0039701 -0.00366566 0.00468254 -0.00237998 -0.00151309 8.94972e-05 -0.0110599 0.00111917 0.000124494 -0.00387378 -0.00172202 0.000305678 -0.000797568 -0.00220505 0.00150762 -2.07218e-05 -0.000636454 -0.00222401 0.00206882 -0.000233595 -0.000146458 -0.0010294 0.00151673 -0.000197536 -0.00119258 -0.00168691 0.0024151 -0.000199084 9.68142e-06 0.000630843 -0.000241246 -2.09854e-05 0.000715041 1.84896e-05 -4.37071e-06 -3.25367e-06 1.44344e-07 -0.00447523 0.000344277 -0.000564831 -8.42461e-05 0.000940398 -0.000223322 -0.000131275 0.00187297 -0.000173283 -0.000229953 0.00122116 -0.00100116 0.0102491 -0.000478556 -0.000454682 3.64858e-05 -0.000215658 -1.09911e-05 3.53864e-07 1.07299e-05 -0.00136979 0.000526578 -0.000292374 -0.000714252 -0.000266513 6.8405e-05 0.000116014 -0.000211559 -0.00115072 -0.000858644 0.000626631 0.00418737 0.0017564 -0.00273222 -0.00205821 0.000363958 0.000887914 0.000808323 0.000213243 -0.000461043 -0.00111283 0.000167718 0.00126169 0.000454354 -0.00132378 -0.00104482 -0.000979784 0.000873324 0.000388766 -0.000104632 -0.000245833 -0.000384339 -0.000454709 -0.00013874 -0.000439887 -0.000432529 -0.000406587 -0.000474373 -2.27007e-05 -0.00066901 -3.14714e-05 0.000327971 0.000608025 0.00071785 0.000327129 0.000488209 0.000388067 2.4959e-06 -0.000528711 -0.000424035 0.000242356 0.000340287 0.000250445 -0.000196162 -0.000284933 0.00024012 1.0997e-05 0.000341286 7.72284e-05 8.5258e-05 0.000437542 0.000982131 0.000911801 9.82002e-05 0.000110712 4.46562e-05 8.55058e-05 -0.000228902 8.6669e-05 0.000289771 0.00089506 0.00076925 -0.0145735 0.00559516 -0.0015246
 9.61424e-10 -0.000158071 1.49079e-05 8.01022e-10 -8.75342e-05 2.69157e-05 7.10379e-06 9.13738e-06 -7.59409e-05 1.77023e-05 2.73153e-06 -4.29088e-05 -2.4197e-09 2.48625e-05 2.26686e-07 1000 3.42244e-05 -5.36384e-06 -7.03873e-10 3.99905e-05 -5.72733e-06 -1.26837e-09 4.02487e-05 -2.29476e-06 -1.86619e-05 -6.74274e-05 1.39762e-05 -1.33785e-05 -0.000150335 0.000108138 -6.01652e-05 3.7611e-05 -9.40961e-05 1.61773e-05 -6.50962e-06 6.81087e-06 -5.70158e-06 9.64141e-06 -1.62598e-07 -9.21683e-05 2.69769e-05 1.28843e-06 -1.85467e-05 2.82943e-05 -2.16242e-06 1.28649e-05 2.68985e-05 -1.793e-05 3.55488e-05 2.69652e-05 -0.000115062 8.60274e-05 -2.71653e-05 5.97743e-05 4.89347e-05 -7.61684e-05 3.11536e-05 1.8065e-05 -5.15231e-05 4.42539e-05 -8.53575e-06 5.7906e-07 -5.72627e-06 9.22585e-07 5.75611e-07 -1.83579e-05 -2.41625e-06 5.47174e-07 4.95488e-07 -1.92988e-09 5.71494e-05 -3.7147e-06 1.28985e-05 2.03047e-06 -2.35623e-05 3.51284e-06 2.06012e-06 -3.47406e-05 2.98786e-06 3.71238e-06 -2.10838e-05 1.77187e-05 -0.000234138 1.15667e-05 1.36636e-07 4.86836e-08 -7.99893e-06 -8.82398e-07 -3.81597e-08 9.28213e-07 -4.11773e-05 -8.50093e-05 4.48977e-05 0.000145142 0.000101064 6.66684e-05 1.24851e-05 -3.33773e-05 -0.000187417 2.34708e-05 3.0907e-05 0.000476518 -0.000112259 -4.11255e-05 -0.000133181 5.86645e-05 0.000155825 -3.00217e-05 6.80224e-05 -3.42039e-05 -6.5086e-05 -2.92121e-05 -7.16466e-06 1.92875e-05 -1.59088e-05 3.88531e-05 -2.92346e-05 2.64106e-06 -4.62438e-05 -8.56234e-06 8.29072e-06 1.63278e-06 -1.02226e-05 -8.0845e-06 -2.95627e-05 -2.03601e-05 -2.96988e-05 -4.05584e-05 -3.83875e-05 -1.52348e-05 -2.25231e-05 -2.57554e-06 4.62559e-06 9.81227e-06 1.42402e-05 -1.16497e-05 -7.70974e-06 -1.52883e-05 -1.6253e-05 -4.19179e-05 -4.28364e-05 -8.13223e-06 9.299e-06 -8.52505e-06 -4.4341e-06 -2.39918e-06 -1.46502e-05 5.0547e-05 -2.41461e-06 -2.2629e-05 5.42392e-06 -3.32845e-06 -1.29626e-06 -9.04841e-06 -3.2946e-06 -7.78698e-06 -8.15137e-06 6.65036e-06 2.3661e-06 1.9838e-05 6.9583e-05 6.16602e-05 -0.000880277 0.000170097 -0.000116699
 -2.15911e-05 2.7501 -0.261428 -1.54555e-05 1.45494 -0.449534 -0.126551 -0.153422 1.28386 -0.384058 -0.0538713 0.857371 5.01573e-05 -0.564572 -0.00403515 3.42244e-05 999.137 -14.0612 5.02386e-06 -0.635018 0.090872 1.23643e-05 -0.660706 0.0374572 2.36101 3.26022 -0.702101 0.198861 2.85013 -2.05233 2.11701 -0.705677 1.70333 1.74952 0.439703 -0.644236 -0.898561 -0.246987 0.00859666 1.1038 -0.608993 -0.0233025 0.528365 -1.5768 0.151948 -0.315505 -0.626892 0.421222 -0.533126 0.554898 1.46107 -1.39261 0.0124968 -0.672017 -0.140575 0.259977 -0.980598 0.50967 1.04232 -1.3298 0.0479928 -0.000336393 -0.228926 0.3119 -0.00837389 0.0985873 0.0188003 -0.00409205 7.01566e-05 3.14176e-05 -0.985463 0.0630742 -0.220033 -0.0321084 0.374987 -0.140093 -0.0549229 0.900579 -0.0645335 -0.0565304 0.324948 0.227951 -0.943034 0.0485002 0.0953998 -0.00916743 0.0424295 0.0165046 0.001208 -0.0178605 1.25282 2.24447 -0.425409 -2.40961 -1.59114 -0.839848 0.327174 0.77896 2.66699 -0.6091 -0.561648 -7.12494 -0.257362 2.41948 3.37166 -0.125824 -3.56341 -1.65662 1.71176 -0.0197084 1.10966 0.480505 0.0517995 -0.317294 0.018265 0.5734 0.495951 0.0052853 0.367487 0.466937 0.0776064 0.136047 0.218176 0.256824 0.650469 0.493237 0.564644 0.542085 0.650174 0.344584 0.389796 0.0792381 -0.3611 -0.694714 -0.212124 0.0276188 -0.0151647 0.0185044 0.162108 0.322828 0.409456 0.236485 0.0841014 -0.227837 0.058963 0.172176 0.190288 -0.804597 -0.509612 0.214345 -0.275992 -0.625401 -0.716862 -0.411531 -0.191135 -0.0638627 -0.0291059 0.0675804 -0.0763145 -0.290762 -0.996439 -0.910598 13.1884 -2.9869 1.68366
 4.56985e-07 -0.0494093 0.00465738 3.45623e-07 -0.0305171 0.00936338 0.00146077 0.00176728 -0.0148753 0.0037327 0.000427989 -0.00716471 -2.80706e-07 0.00329164 6.2559e-05 -5.36384e-06 -14.0612 1.03014 -3.9057e-08 0.00539571 -0.000747442 -1.01868e-07 0.0055971 -0.000291853 -0.0386492 -0.0547367 0.0117318 -0.00482534 -0.0482672 0.0347425 -0.0318683 0.00789436 -0.0185877 -0.0280351 -0.010318 0.0142739 0.0104485 0.0022741 -5.12166e-05 -0.0229925 0.00868844 0.000410727 -0.012102 0.0189582 -0.00164716 0.00309926 0.00584845 -0.00388854 0.00740894 -0.00935415 -0.0228202 0.0219974 -0.000515504 0.00955086 0.000915581 -0.00211294 0.0128329 -0.00827697 -0.0165394 0.0213122 -0.000673504 2.48181e-07 0.00409101 -0.00435927 7.30001e-05 -0.000142711 -0.000140193 2.80763e-05 1.61334e-05 -2.64559e-07 0.00903873 -0.000522019 0.00232533 0.00034225 -0.00404456 0.00165366 0.000555184 -0.0095086 0.000468722 0.000391504 -0.00240668 -0.00367109 0.0176045 -0.000882991 -0.00169369 0.000158259 -0.00109162 -0.000248494 -1.86174e-05 0.000269341 -0.0188958 -0.0321936 0.00462918 0.0343972 0.0238965 0.012869 -0.00438489 -0.0119421 -0.0385039 0.00537661 0.0081133 0.105944 0.00396768 -0.0359566 -0.050002 0.00138253 0.0525128 0.0245699 -0.0254162 9.7152e-05 -0.0164659 -0.00695972 -0.00036717 0.00497692 -0.000464064 -0.00899141 -0.00735866 7.86696e-05 -0.00539893 -0.00702993 -0.00121669 -0.00209447 -0.0032624 -0.00389611 -0.00975439 -0.00728793 -0.00824973 -0.00806216 -0.00921834 -0.00530704 -0.00566355 -0.001019 0.00556585 0.0105896 0.00330262 -0.000164604 0.000354189 -0.000292753 -0.00251148 -0.00465157 -0.00558541 -0.00317396 -0.00108676 0.00344785 -0.00076519 -0.00233268 -0.0026493 0.0120385 0.00782822 -0.00294156 0.00419509 0.00950035 0.010883 0.0062912 0.00299517 0.00109766 0.000597958 -0.00112466 0.00115582 0.00434407 0.0148193 0.0133369 -0.19791 0.0462235 -0.0250616
 -2.16983e-10 -4.08322e-05 3.73827e-06 -1.44261e-10 -1.3608e-06 4.04864e-07 1.30839e-06 2.88458e-06 -2.34156e-05 2.19548e-06 1.00411e-06 -1.49528e-05 -2.48433e-10 5.27867e-07 2.91463e-08 -7.03873e-10 5.02386e-06 -3.9057e-08 1000 1.82405e-05 -4.30891e-06 -9.0133e-10 1.70948e-05 -1.09957e-06 8.32509e-05 -3.72356e-05 5.65058e-06 2.29533e-06 3.22377e-05 -2.32431e-05 4.23867e-05 1.71933e-05 -4.70906e-05 0.000122447 -6.92503e-05 7.58722e-05 -4.67981e-05 5.32271e-07 2.73012e-07 -2.47788e-05 -4.14028e-06 6.11307e-08 1.47656e-05 -4.60541e-05 4.93791e-06 -4.62756e-07 8.07003e-07 -4.53841e-07 1.64938e-05 3.56737e-05 -5.2557e-05 3.14485e-05 -3.75454e-05 1.7781e-05 7.41793e-05 -0.000109373 -9.66508e-06 4.17258e-05 -4.00243e-06 -1.66953e-05 -6.25829e-06 5.53092e-07 -1.62998e-05 1.4768e-05 -3.11144e-07 5.90925e-08 -1.3556e-06 3.08146e-07 4.67226e-07 -6.63944e-10 1.4666e-05 -1.09969e-06 4.15249e-06 8.5459e-07 -9.93237e-06 1.89538e-06 7.59576e-07 -1.07152e-05 3.40041e-06 2.64227e-06 -1.42992e-05 3.21344e-05 -0.000330949 1.60704e-05 1.90317e-06 -1.66927e-07 -7.44592e-06 -6.91111e-07 -9.56136e-08 7.93351e-07 1.59127e-05 -4.3255e-05 -2.00579e-05 -2.18318e-05 2.10837e-05 5.02165e-05 0.000196283 0.00023914 -0.000164066 -6.96482e-05 -2.95342e-05 -5.00059e-05 -3.52542e-05 8.16451e-05 1.98449e-05 -9.15242e-06 4.11303e-05 3.09091e-06 1.17854e-05 -6.20482e-06 1.52987e-05 -1.61563e-05 -1.6004e-05 -1.80905e-05 -1.04316e-05 5.71321e-06 1.80896e-05 4.15218e-06 3.89895e-06 8.10229e-06 1.52804e-05 8.85548e-06 -6.57889e-06 -1.49659e-05 -4.01963e-06 -1.80303e-06 -3.93969e-06 -9.34539e-06 2.51655e-06 -4.7248e-06 3.38904e-06 -4.1997e-06 -8.26652e-06 -2.97213e-06 -2.63335e-07 -1.36547e-05 -1.16014e-05 2.75167e-06 -9.1847e-06 -5.50857e-05 -4.53775e-05 2.55471e-05 1.64002e-05 -2.04663e-06 4.46738e-06 8.71935e-06 -1.19246e-05 1.48147e-05 -5.30011e-06 -6.90263e-06 -1.7957e-05 -3.08911e-05 -2.98742e-05 -1.02697e-05 -4.53037e-06 -5.68703e-06 -6.80399e-06 9.84393e-06 -1.16153e-06 6.47916e-06 2.03295e-05 1.24203e-05 -0.000319904 0.000118292 -3.42066e-05
 -5.02003e-05 3.3339 -0.315728 -4.8694e-06 0.647556 -0.203129 -0.198985 -0.195813 1.63706 -0.412528 -0.0770458 1.22258 4.88634e-05 -0.500869 -0.00287278 3.99905e-05 -0.635018 0.00539571 1.82405e-05 975.065 -145.276 3.03825e-05 -1.41082 0.0872385 -1.46874 4.79077 -0.930804 -0.0807829 0.480023 -0.347306 0.845542 -1.27485 3.25564 -0.451476 3.1238 -3.74972 0.379987 -0.201133 -0.000195963 -1.18166 0.2832 0.00630962 -1.2348 0.334488 -0.021137 -0.269498 -0.502465 0.337096 -0.204394 -1.19314 1.40734 -0.768812 1.09968 -1.99452 -1.99818 3.07574 -0.313513 -1.57307 0.670239 0.103793 0.0795403 -0.00583966 0.230176 -0.980432 0.0268283 -0.117426 0.0034429 -0.00075403 -0.0066252 3.83771e-05 -1.20126 0.0843711 -0.451832 -0.075018 0.868896 -0.240201 -0.0810004 1.21492 -0.183059 -0.10719 0.594905 -1.21919 2.98336 -0.124594 0.028621 -0.00256721 0.252251 0.0359431 -0.00320297 -0.0330321 -0.315694 4.61001 1.14429 -1.52453 -3.6635 -2.78835 -27.6766 14.4202 0.708725 1.6675 0.394582 1.69986 -5.39189 2.17346 2.02781 -0.368897 0.738997 -1.12977 -0.90058 0.53319 1.48281 0.359366 0.396751 0.823832 1.00871 0.268992 -0.107378 -0.290579 0.919747 -0.115994 -0.128501 0.246403 0.902687 1.78467 -0.385449 0.0522671 0.553086 0.507202 0.668975 -0.5609 0.3209 0.121009 0.317187 -0.332731 0.242462 0.678344 0.833085 0.519365 0.37372 1.22833 0.779943 -0.360294 -0.325419 -0.725143 -0.090141 0.237697 0.323824 1.07359 -0.198439 0.619618 0.821545 -0.0230976 0.00354791 -0.893389 -0.322916 -0.0600565 0.104747 -0.437337 0.0348258 -0.466061 -1.51107 -1.21426 21.4997 -5.54445 2.64943
 7.63146e-06 -0.510159 0.0482701 7.87709e-07 -0.10488 0.0328061 0.0291697 0.028672 -0.239815 0.0602494 0.0110823 -0.176286 -6.97847e-06 0.0711497 0.000432968 -5.72733e-06 0.090872 -0.000747442 -4.30891e-06 -145.276 22.6788 -4.56943e-06 0.209294 -0.0129388 0.217655 -0.72296 0.140522 0.011188 -0.0768011 0.0555384 -0.126115 0.188333 -0.480904 0.066134 -0.47197 0.56667 -0.0571047 0.0278191 0.0001213 0.174187 -0.0426413 -0.000913133 0.182789 -0.0534676 0.00360685 0.0387098 0.0722796 -0.0484389 0.0306064 0.178433 -0.211275 0.115649 -0.164344 0.29914 0.299004 -0.460302 0.0467428 0.23522 -0.101063 -0.0146154 -0.0119202 0.000872686 -0.0339154 0.14759 -0.00408322 0.0190375 -0.000415427 9.04195e-05 0.000895563 -5.60596e-06 0.176673 -0.012394 0.0665849 0.0110428 -0.127965 0.0355182 0.0120045 -0.180087 0.0261617 0.0155301 -0.0862344 0.185614 -0.443323 0.0184868 -0.0044407 0.000394952 -0.0373731 -0.00539056 0.000481995 0.00495236 0.0469315 -0.686716 -0.174678 0.221228 0.548386 0.429105 4.15804 -2.17236 -0.102667 -0.251584 -0.0622287 -0.253927 0.808715 -0.326417 -0.304105 0.0549838 -0.11144 0.169055 0.135223 -0.0801199 -0.222548 -0.0538228 -0.0592883 -0.123372 -0.151373 -0.0406282 0.0159636 0.0436028 -0.138036 0.0172502 0.0191835 -0.0370787 -0.135404 -0.267628 0.0576018 -0.00781107 -0.082891 -0.0761875 -0.100018 0.0837963 -0.0481597 -0.0181277 -0.0474991 0.050016 -0.0363023 -0.101557 -0.124832 -0.0779656 -0.056202 -0.184003 -0.116529 0.0540738 0.0487036 0.108577 0.0134419 -0.0356019 -0.0485069 -0.160874 0.0298834 -0.0928303 -0.123122 0.00358274 -0.000407327 0.133902 0.0483837 0.00900025 -0.0156866 0.0654577 -0.00519783 0.0699127 0.226619 0.182068 -3.22596 0.833255 -0.397345
 6.75633e-12 -6.82788e-05 6.27227e-06 -1.20601e-10 -8.53358e-07 2.53053e-07 3.32836e-06 5.60995e-06 -4.62792e-05 -1.00893e-06 6.86725e-07 -1.00666e-05 -9.91007e-10 7.48882e-06 7.51333e-08 -1.26837e-09 1.23643e-05 -1.01868e-07 -9.0133e-10 3.03825e-05 -4.56943e-06 1000 3.38583e-05 -4.45924e-06 0.000148355 -0.00025399 4.73979e-05 2.87828e-06 2.09398e-05 -1.52169e-05 0.000102848 4.61394e-05 -0.000124317 0.000204751 6.9129e-06 -2.14482e-05 -6.268e-05 1.30002e-06 4.91735e-07 -6.47006e-05 2.49976e-06 4.41837e-07 6.61414e-05 -7.94896e-05 7.18157e-06 1.00111e-06 2.63688e-06 -1.62506e-06 6.60902e-06 9.96468e-05 -2.51979e-05 -1.26509e-05 -6.64761e-05 3.60131e-05 0.000146145 -0.00021569 -1.39765e-05 9.3849e-05 -7.6856e-06 -3.92529e-05 -9.88344e-06 9.91927e-07 -4.38836e-05 1.81852e-05 6.03886e-07 -2.62556e-05 -2.06513e-06 4.8322e-07 7.40272e-07 -1.20567e-09 3.06361e-05 -2.39056e-06 7.59806e-06 1.40736e-06 -1.60183e-05 -4.53494e-07 8.09137e-07 -1.12828e-05 5.68327e-06 4.08833e-06 -2.2356e-05 3.86087e-05 -0.000331868 1.63679e-05 -4.06739e-06 2.65789e-07 -8.60272e-06 -8.38204e-07 -1.29032e-07 9.75134e-07 4.72874e-05 -8.84097e-07 3.12037e-05 6.33152e-05 5.60841e-05 5.38402e-05 7.33529e-05 6.41156e-05 -0.000123136 -6.62602e-05 -2.12714e-05 7.20099e-05 2.3415e-05 -1.29074e-05 5.67021e-05 -8.93385e-06 7.37688e-05 1.00959e-05 0.000117407 -3.93472e-05 3.19334e-06 3.37417e-06 -6.02606e-07 -2.17661e-06 2.47671e-05 7.28323e-05 1.63164e-05 -1.58402e-06 -2.58461e-05 3.35746e-05 1.53328e-05 1.35516e-05 5.44241e-06 1.12428e-05 1.23646e-05 1.13869e-05 2.94526e-06 -2.11781e-05 9.81512e-06 -1.73449e-05 -1.67575e-05 -2.72647e-05 -3.74602e-05 -1.38616e-05 3.39111e-06 -8.07014e-06 -1.47033e-06 -6.6011e-06 -4.07957e-05 -0.000123104 -7.45712e-05 3.80117e-05 2.03315e-05 -8.42336e-06 -8.30827e-06 -4.66563e-06 -2.59148e-05 -1.25751e-05 -4.86318e-06 -3.70998e-05 -5.22111e-05 -5.59619e-05 -6.00999e-05 -2.32926e-05 -1.81957e-05 -1.82765e-05 -1.93376e-05 2.29916e-05 -3.13299e-06 1.36338e-05 4.52274e-05 3.09602e-05 -0.000619567 0.000145871 -7.8436e-05
 -1.72016e-05 2.56892 -0.242345 -1.22059e-06 0.220322 -0.0723123 -0.157915 -0.211554 1.75474 -0.602211 -0.102749 1.5792 5.52162e-05 -0.573168 -0.0035285 4.02487e-05 -0.660706 0.0055971 1.70948e-05 -1.41082 0.209294 3.38583e-05 994.82 -62.3248 -1.31142 10.7386 -2.11281 0.0765765 1.51318 -1.08712 -1.77538 -1.73987 4.59465 -2.79258 1.36008 -1.46873 0.338515 -0.233532 -0.00262037 0.544795 -0.188054 -0.0110925 -2.62886 0.914624 -0.0464038 -0.251125 -0.477308 0.319582 -0.302075 -1.97516 0.850788 -0.0407341 1.44726 -2.47048 -3.00624 4.58173 -0.196628 -2.32057 0.316138 0.858522 0.196764 -0.0181141 0.847529 -0.331985 -0.0231234 0.841753 0.0263162 -0.0060757 -0.0108367 4.02057e-05 -1.16652 0.0844339 -0.320327 -0.052999 0.608214 -0.168685 -0.0729593 1.0895 -0.1724 -0.110265 0.614165 -0.479354 1.1845 -0.0535372 0.11835 -0.00844418 0.192074 0.0293666 -0.00023977 -0.0293778 -0.648452 1.43165 -0.775924 -2.93673 -2.36022 -1.50251 -4.82861 2.88303 1.94863 1.2142 0.312739 -1.87699 -4.7073 2.6091 3.30692 -0.703207 -3.07198 -5.28817 1.79209 0.462966 -0.441908 -0.306261 -0.0931511 0.271145 -0.467731 -1.23005 -0.527182 0.694536 1.0946 -0.388228 -0.373191 -0.178723 -0.00147333 -0.00206423 0.152314 0.0467007 0.247285 0.591171 0.0917672 0.383379 0.527655 0.706632 0.962282 0.456033 0.0233158 0.215839 0.237373 0.262172 0.585721 2.13142 1.42502 -0.387761 -0.353357 0.0772764 0.314302 0.430965 0.552708 0.460382 0.211817 0.736831 1.83118 0.901497 0.507377 -0.338687 0.0992463 0.253544 0.347403 -0.580248 0.0472008 -0.453578 -1.50448 -1.14866 20.5335 -4.70301 2.61726
