 1000 0.0051373 -0.000217135 7.72468e-09 -0.000419972 5.95625e-05 -3.51152e-09 -6.33337e-06 3.24466e-05 -8.94107e-05 -4.94525e-05 0.000235723 1.70488e-09 -1.17842e-05 1.02852e-07 1.77973e-09 -1.8484e-05 2.03207e-07 2.80311e-10 -3.71039e-05 2.40133e-06 7.95292e-10 -1.80159e-05 5.20116e-07 -0.000279133 -0.000620869 9.23148e-05 -5.54428e-05 -0.000510155 0.000227937 -0.000113374 -0.000129256 0.000178163 -0.000191606 -0.000295232 0.000201861 -4.45515e-05 4.10938e-06 7.18544e-07 -0.000424585 9.12128e-05 3.55075e-06 -0.000154101 1.0093e-05 2.48416e-06 -1.00107e-05 -2.04902e-05 6.67708e-06 2.1698e-05 -0.000200396 -0.000255636 0.000200448 -1.69644e-06 3.35346e-05 -3.62869e-05 5.08295e-05 -0.000131684 -9.00259e-05 -0.000112649 0.000117592 -4.48331e-07 2.12574e-08 5.21564e-05 1.60113e-06 -1.85831e-06 5.76785e-05 9.04045e-07 -3.00519e-07 -5.22178e-08 1.9334e-09 -3.55557e-05 1.32607e-06 -8.57166e-06 -7.9134e-06 2.61484e-05 -4.02164e-05 -9.04016e-06 0.000108771 3.73331e-06 4.18278e-06 -1.60847e-05 -6.4709e-05 0.000248246 -5.93674e-06 -8.87519e-06 6.30964e-07 -5.29677e-06 -1.44262e-06 -4.93681e-07 1.94779e-06 -4.13018e-05 6.64687e-05 -5.29407e-05 -0.000221751 -0.000125934 1.27519e-05 -0.00015533 0.000481564 -0.000138576 -0.000373383 -0.000194447 0.000110003 -6.97927e-06 1.65156e-05 -1.68793e-05 -8.91162e-06 1.09777e-05 3.21849e-06 -8.96786e-05 0.00017125 -0.000149795 7.26607e-06 2.93499e-06 -3.46698e-06 -1.17306e-05 -1.62498e-05 -9.82576e-06 -1.30273e-05 6.41216e-05 -5.23643e-05 -1.36635e-05 -2.52706e-05 -2.01962e-05 -1.22509e-05 2.98082e-06 -1.69329e-05 -2.1951e-05 0.000163023 -6.75082e-05 3.97914e-05 -3.74708e-06 1.48978e-05 3.01192e-05 6.10463e-06 3.89824e-05 1.62405e-05 7.42229e-05 4.59979e-05 2.9818e-05 1.54942e-05 2.56611e-06 2.97559e-05 8.44999e-06 2.57524e-06 3.50094e-05 1.16778e-05 5.11253e-05 7.08292e-05 3.28533e-05 4.02777e-05 3.84565e-05 9.35317e-06 3.33474e-05 8.34885e-06 2.02898e-05 2.18676e-05 2.18146e-05 -2.0466e-05 2.80804e-06 7.89539e-06 1.61518e-05 -2.43556e-05 -0.000355602 0.000177514 -2.94732e-05
 0.0051373 591.945 -23.5171 -0.000601332 31.8493 -4.51806 0.000371395 0.86324 -4.46717 6.42946 4.08351 -19.475 -0.000149587 1.00782 -0.00646556 -0.000160855 1.63841 -0.0143631 -6.11973e-05 2.09233 -0.137266 -9.83799e-05 1.72406 -0.0466209 26.5681 44.1276 -6.65646 3.63797 34.34 -15.345 12.0544 10.1184 -14.0713 20.6754 21.9787 -15.2961 2.50272 -0.236957 -0.0546554 31.249 -6.76763 -0.26146 13.794 -2.24865 -0.113688 0.953606 1.57236 -0.51547 0.780413 14.1444 14.156 -12.0105 -1.50578 -0.463882 5.90912 -8.59376 9.59031 8.68809 8.90591 -9.90636 -0.049559 0.00915981 -4.34908 1.241 0.104046 -4.68384 -0.179687 0.0617154 0.00608863 -0.000174516 2.90662 -0.106312 0.789116 0.666724 -2.20836 2.87658 0.66168 -7.92273 -0.0733604 -0.0482253 0.195153 5.89457 -28.5326 0.748021 1.36776 -0.110585 0.189462 0.0947741 0.0171023 -0.112575 4.89783 -4.14247 3.40692 13.5757 6.95728 -3.16986 -4.25485 2.07399 -5.40481 22.5944 12.6855 -3.89127 -1.67238 -1.67884 2.1179 7.66816 4.213 -1.47927 -9.18981 5.42361 0.539644 0.404593 -1.70505 -0.481207 1.84865 2.57022 1.2409 1.69855 -1.47515 1.68464 2.03368 2.00187 1.34333 0.863625 1.17765 1.16641 0.795878 -2.36607 -2.51827 2.07491 -0.144892 -0.729219 -2.09982 -2.87869 -1.82936 -3.63046 -4.16848 -3.1073 -0.736353 -1.44423 -2.16585 -1.65297 -1.24332 -1.28235 -2.93457 -2.95614 -1.65114 -3.51469 -4.03342 -1.73703 -2.42607 -4.16858 -4.05546 -2.96299 -2.28785 -1.95438 -1.80462 2.01446 -0.297846 -0.358782 -0.828785 1.41519 21.8874 -13.2481 1.42258
 -0.000217135 -23.5171 1.80262 2.46923e-05 -1.30516 0.185145 -1.59559e-05 -0.0370725 0.191957 -0.264718 -0.167115 0.797015 6.99656e-06 -0.0480888 0.000265392 7.06743e-06 -0.0742431 0.000618596 2.48694e-06 -0.0913481 0.00597401 4.01487e-06 -0.0749337 0.00201274 -1.08936 -1.80793 0.272726 -0.151555 -1.40688 0.628674 -0.494707 -0.41521 0.577417 -0.84812 -0.901014 0.627082 -0.115699 0.00170494 0.00247814 -1.28394 0.269219 0.0107604 -0.574028 0.0742718 0.00609474 -0.0446248 -0.0719807 0.0234642 -0.0378728 -0.578594 -0.579487 0.491673 0.0599901 0.0179751 -0.243102 0.353621 -0.393794 -0.356083 -0.364937 0.405993 0.0020499 -0.000376533 0.178465 -0.050954 -0.00427612 0.192461 0.0070988 -0.00243808 -0.000149792 7.66564e-06 -0.128917 0.00464237 -0.0345293 -0.0287325 0.09521 -0.117627 -0.0271513 0.325084 0.0019358 0.00129098 -0.00537167 -0.232587 1.17552 -0.0308316 -0.056075 0.00453388 -0.00786529 -0.00386956 -0.000696089 0.00459416 -0.200754 0.17262 -0.14013 -0.557395 -0.285079 0.13608 0.174532 -0.0885058 0.221858 -0.92141 -0.518922 0.158964 0.0688726 0.068302 -0.087275 -0.314581 -0.173075 0.0603102 0.37678 -0.22309 -0.0212507 -0.0166264 0.0697633 0.0195568 -0.0760752 -0.10568 -0.0507121 -0.0691534 0.0600283 -0.0689963 -0.0836763 -0.0821803 -0.055193 -0.0354475 -0.0483664 -0.047857 -0.0324827 0.0960216 0.103468 -0.0852833 0.00595521 0.0298064 0.0858663 0.117758 0.0745786 0.14844 0.170251 0.126856 0.0298265 0.0590345 0.0887551 0.0675621 0.0508217 0.0524951 0.120004 0.12108 0.0675012 0.143605 0.165115 0.0709928 0.0991347 0.170678 0.16609 0.121328 0.0935988 0.079918 0.0737904 -0.0825289 0.0121988 0.0146241 0.0337106 -0.0580639 -0.894458 0.541481 -0.0581206
 7.72468e-09 -0.000601332 2.46923e-05 1000 0.00515457 -0.00074136 -4.17148e-09 -8.56464e-06 4.44229e-05 -0.000103971 -6.36719e-05 0.000303465 -1.10551e-09 9.92656e-06 1.5761e-07 9.06924e-10 -4.09343e-06 2.27719e-07 5.68207e-10 -4.50189e-06 4.14235e-07 4.92757e-10 3.09141e-06 1.06855e-08 -0.000375295 -0.000793727 0.000118588 -7.39065e-05 -0.000691577 0.000309188 -0.000155514 -0.000188899 0.000259883 -0.000246005 -0.000516298 0.000349731 5.82788e-05 3.36526e-05 -1.60913e-07 -0.000485094 0.00014763 4.43985e-06 -0.00015216 0.000122802 -4.76131e-06 1.95658e-05 9.84758e-06 -2.64872e-06 5.46672e-05 -0.00016318 -6.32885e-05 8.11441e-05 -2.21546e-05 6.06672e-05 -3.23998e-05 4.31441e-05 -0.00017181 -0.000151542 -0.000120919 0.000150082 1.13293e-05 -1.11928e-06 8.81771e-05 1.42019e-05 -7.06576e-06 0.000213193 1.18319e-05 -4.15556e-06 -1.75641e-06 1.01003e-10 2.00963e-06 3.84929e-07 -4.37184e-06 -5.13945e-06 1.6793e-05 -4.29771e-05 -1.1572e-05 0.000137157 3.22353e-06 8.35847e-07 -3.65633e-06 -8.37803e-05 0.000286532 -7.38637e-06 -1.03325e-05 7.75341e-07 -1.16281e-05 -2.16183e-06 -5.43887e-07 2.7223e-06 -0.000104259 5.38423e-05 -2.95613e-05 -0.000201895 -0.000184407 -0.000167033 0.000141274 3.23029e-05 -8.3359e-05 -0.000126703 -2.18377e-05 2.85742e-05 -1.08398e-05 4.1863e-05 -4.77844e-05 7.7422e-05 -4.51658e-05 3.21477e-05 9.79184e-06 -7.65827e-05 -1.05369e-06 1.93476e-05 6.45709e-05 2.55814e-06 4.74867e-06 -6.10275e-05 -3.29624e-06 -3.72039e-05 -1.44053e-05 4.25763e-05 -1.79131e-05 4.69175e-05 -3.2168e-05 -0.000110142 -0.000191448 -0.000263791 -7.46519e-05 0.000271912 4.74819e-05 8.82767e-05 -1.99844e-05 1.66209e-05 8.96362e-05 7.7877e-06 5.42948e-05 -7.58483e-06 0.00011015 3.30959e-05 5.66694e-05 -5.64593e-05 -5.81575e-05 -1.81837e-05 -2.96377e-05 0.000100854 0.000109793 2.94586e-05 1.42843e-05 7.81964e-05 7.76565e-05 0.000104874 6.69282e-05 -5.93868e-05 8.75914e-05 2.17983e-05 3.10093e-05 2.9978e-05 2.93786e-05 -3.32853e-05 6.00136e-06 1.41316e-05 4.10174e-06 -6.47541e-05 -0.000498014 0.000140463 -5.93956e-05
 -0.000419972 31.8493 -1.30516 0.00515457 711.657 -100.079 0.000196945 0.436651 -2.23355 5.55152 3.77191 -17.9803 4.7949e-05 -0.454127 -0.00525651 -6.02269e-05 0.315081 -0.00825834 -4.09872e-05 0.49528 -0.0356376 -3.64278e-05 0.0165872 -0.00375266 21.7824 35.0221 -5.29317 2.9246 28.2229 -12.6129 12.403 8.67452 -12.135 19.0814 18.8373 -13.1648 -2.9091 -1.59468 0.0113904 22.2981 -6.81966 -0.183737 10.4642 -7.002 0.29234 -0.666568 -0.464903 0.127879 -2.23293 9.0367 2.87768 -4.15961 -0.317649 -0.896309 3.86136 -5.58273 8.64594 7.46408 8.18962 -8.89026 -0.073833 0.0106226 -3.95605 -2.3638 0.458574 -12.0985 -0.69309 0.239448 0.0904814 -1.69106e-05 0.0568337 -0.0192098 0.234422 0.276093 -0.90598 2.17734 0.569011 -6.79656 -0.0919712 0.0185091 -0.0528877 5.6409 -24.5471 0.64814 1.88766 -0.152572 0.401973 0.0691528 0.0171457 -0.0868274 4.30138 -2.41536 -0.024876 5.05966 7.68032 9.04899 -1.48536 -0.448972 -0.0629786 7.16554 1.49898 -2.4658 -0.0946101 1.34595 0.23099 4.7248 0.10469 -2.15918 0.238706 2.82352 -0.0599128 -0.582382 -1.7477 -1.50527 2.71694 2.72466 0.308518 0.806017 1.83493 -1.05983 0.0608041 1.54985 2.72743 5.69295 3.5839 -0.992513 -0.872396 -0.276062 -5.11161 3.22451 0.706343 -0.756972 -2.15559 -2.75422 -1.40403 -2.45595 -2.26832 -3.1967 -0.256102 0.0467132 -0.55498 -1.42384 -1.66811 -0.765977 -1.69381 -1.15743 -1.22505 -3.33594 -4.58651 -1.13007 -0.549095 -4.03859 -3.45241 -2.87888 -1.98322 -1.66197 -1.48949 1.59171 -0.249585 -0.474249 -1.03924 1.08174 23.006 -13.87 1.51234
 5.95625e-05 -4.51806 0.185145 -0.00074136 -100.079 15.0951 -2.88699e-05 -0.0639978 0.327617 -0.787887 -0.534951 2.55006 -6.03344e-06 0.0583199 0.0007461 9.04361e-06 -0.0519896 0.00120235 5.75522e-06 -0.0743576 0.00531054 5.07529e-06 -0.00532711 0.000603484 -3.09049 -4.96825 0.750893 -0.41777 -4.00352 1.78919 -1.75986 -1.23095 1.722 -2.70734 -2.67219 1.86753 0.399404 0.219745 -0.0014106 -3.16637 0.960655 0.0261058 -1.49315 0.974877 -0.0399972 0.0899524 0.058907 -0.0159723 0.314722 -1.28171 -0.408631 0.590287 0.0427229 0.126188 -0.548686 0.79336 -1.22707 -1.05879 -1.16177 1.26116 0.0104579 -0.00150503 0.561215 0.335001 -0.0650252 1.71577 0.0985651 -0.0340515 -0.0129001 2.88874e-06 -0.0171858 0.00299108 -0.0356392 -0.0406734 0.133557 -0.308856 -0.080741 0.964416 0.0119077 -0.0032924 0.0100634 -0.789642 3.48677 -0.0920816 -0.267694 0.0216366 -0.0569408 -0.00979918 -0.00242899 0.0123031 -0.61007 0.34477 0.00213065 -0.718478 -1.08764 -1.2819 0.209815 0.0638157 0.00906473 -1.01643 -0.211791 0.349892 0.0137201 -0.191123 -0.033118 -0.670621 -0.0151963 0.305903 -0.0338236 -0.400157 0.00838212 0.0825379 0.247634 0.213307 -0.385538 -0.386553 -0.0437016 -0.113975 -0.260105 0.149912 -0.00895433 -0.220079 -0.386846 -0.807024 -0.507891 0.141031 0.123832 0.0387004 0.724707 -0.457376 -0.100063 0.107365 0.305569 0.390507 0.198955 0.34822 0.321478 0.453127 0.0361396 -0.00645257 0.0789561 0.202016 0.236611 0.108535 0.240102 0.164244 0.173866 0.472982 0.650365 0.160186 0.0778389 0.572842 0.489616 0.408257 0.281221 0.235676 0.211212 -0.22579 0.0353961 0.0672044 0.147268 -0.153424 -3.26131 1.96639 -0.214355
 -3.51152e-09 0.000371395 -1.59559e-05 -4.17148e-09 0.000196945 -2.88699e-05 1000 -6.20079e-05 0.000197256 0.000166178 9.79122e-05 -0.000465443 4.70422e-09 -3.55533e-05 -9.65644e-08 3.10119e-09 -4.05987e-05 4.39346e-08 7.2787e-10 -1.61065e-06 -8.51907e-09 9.50544e-10 -3.00304e-05 6.40271e-07 0.000264143 0.000323439 -5.07349e-05 1.35367e-05 0.000273169 -0.000122908 0.000249868 5.80479e-05 -8.74927e-05 0.000486918 -0.000151619 7.93261e-05 -0.000125534 -1.26711e-05 2.84549e-07 -0.000218384 1.80927e-05 8.37629e-07 4.73467e-05 -0.000177001 1.13358e-05 -3.086e-05 -4.39469e-05 1.30386e-05 3.05276e-05 7.54088e-05 -0.000146974 5.9547e-05 -2.35888e-05 -0.00052528 0.000228087 -0.000296977 -0.000212817 5.24179e-05 7.42868e-05 -6.27954e-05 5.00316e-05 -4.00259e-06 -7.87506e-05 1.85747e-05 4.12812e-07 -2.53754e-05 -2.47139e-06 8.71929e-07 3.90973e-07 4.66473e-09 -8.09221e-05 1.77631e-06 -1.40673e-05 -1.1053e-05 3.73881e-05 -8.63698e-05 -1.35706e-05 0.000169777 -2.11657e-05 -1.01838e-05 3.91144e-05 8.06343e-05 -0.000165869 6.33706e-06 -3.60868e-05 3.3143e-06 3.03316e-05 2.439e-06 -1.2257e-07 -2.33213e-06 4.15959e-06 0.000159712 -1.04448e-05 -0.000161579 8.4048e-06 0.000123468 0.000868048 -0.00102964 0.000385406 3.56475e-05 3.06186e-06 -7.67955e-05 -0.000262313 0.00033979 -0.000176703 0.000306727 -1.05788e-05 -0.000114074 1.19963e-05 2.76297e-05 -1.60591e-07 -2.27915e-05 -1.68105e-05 1.29675e-07 -1.38905e-05 1.48637e-05 0.000259566 -0.000408776 9.07003e-05 6.00343e-05 1.92179e-05 -5.90185e-05 1.46974e-05 4.24229e-05 -4.26012e-05 -3.22104e-05 -4.51665e-05 0.000222652 9.30315e-05 3.8317e-05 -0.000114611 -1.2813e-05 -1.91002e-05 -3.33108e-05 -4.93031e-05 7.38133e-05 -5.28081e-05 -1.28553e-05 -7.91868e-05 -0.000246293 -9.62434e-05 5.00534e-05 -0.00020388 0.000159044 0.000102843 3.83171e-05 4.40982e-05 0.000121634 -0.000180731 3.25648e-05 -0.00025819 1.04071e-05 0.000266021 -9.70183e-05 -3.807e-05 -2.96073e-05 -2.10489e-05 9.59069e-08 -5.33835e-07 -3.09185e-05 -7.3761e-05 -4.46303e-05 0.00166083 -0.000969308 0.00011271
 -6.33337e-06 0.86324 -0.0370725 -8.56464e-06 0.436651 -0.0639978 -6.20079e-05 36.0693 -183.379 0.332791 0.190322 -0.904643 1.11567e-05 -0.0839885 -0.000199731 6.65799e-06 -0.0864701 0.000162358 2.96807e-06 0.0288696 -0.00189445 3.46382e-06 -0.0829904 0.00197077 0.479412 1.36207 -0.203609 0.0518531 0.792635 -0.355833 0.36227 0.0122295 -0.0297159 0.838561 0.358008 -0.271351 -0.293582 -0.0352456 5.12267e-05 -0.404966 0.0121362 0.000292626 0.0574106 -0.398778 0.024237 -0.0639331 -0.109852 0.0318083 0.141482 0.173218 -0.5947 0.278994 0.12449 -1.33761 0.184846 -0.179823 -0.482273 0.0938409 7.10176e-05 -0.0195566 0.066342 -0.00367366 -0.548856 0.311572 0.001549 -0.36497 -0.0101602 0.00353197 0.000726695 1.17531e-05 -0.198505 0.00462473 -0.0328106 -0.0251448 0.0856376 -0.27157 -0.0431596 0.530115 -0.0678651 -0.035777 0.136753 0.208318 -0.226455 0.0110562 0.0636795 -0.00454241 0.0779415 0.00544612 0.00236405 -0.00785596 0.0265708 0.244244 -0.106374 -0.404147 0.188208 0.558597 3.50357 -3.61855 0.463103 0.551738 0.274273 0.821656 -0.876157 0.422504 -0.884716 0.482479 0.306602 -0.233926 0.0979308 0.0393037 -0.0650464 -0.106489 -0.0898964 -0.00554564 -0.0612691 -0.167644 1.0204 -0.788483 0.0679654 0.00476269 0.316661 -0.0790215 0.0617081 0.0793381 0.0117893 -0.0493362 -0.28706 0.234584 0.01467 0.18939 -0.203591 0.0233752 -0.0960809 0.0812544 -0.193202 0.227769 -0.199794 -0.435833 -0.337301 -0.0865966 0.173274 0.195965 -0.165186 0.115795 -0.170053 -0.22773 -0.195426 0.412704 -0.505097 0.425302 -0.0213704 -0.29698 -0.0519888 -0.323036 -0.148967 -0.0958556 -0.0599668 -0.0111281 -0.00282152 -0.0320371 0.00320488 0.0489627 4.13771 -2.35024 0.294142
 3.24466e-05 -4.46717 0.191957 4.44229e-05 -2.23355 0.327617 0.000197256 -183.379 961.737 -1.73364 -0.990338 4.7072 -5.9035e-05 0.444999 0.00103954 -3.50092e-05 0.457188 -0.000874743 -1.53357e-05 -0.15015 0.0098533 -1.79497e-05 0.43363 -0.010299 -2.48422 -7.07868 1.05817 -0.26352 -4.10429 1.84261 -1.88229 -0.0495443 0.13554 -4.36229 -1.84369 1.39936 1.5508 0.197126 -0.000668579 2.15197 -0.0617536 -0.00181662 -0.273502 2.11113 -0.129092 0.343623 0.586391 -0.170084 -0.748256 -0.896643 3.10024 -1.45601 -0.64628 6.98373 -0.956846 0.926787 2.53524 -0.483938 0.00534275 0.0951327 -0.347037 0.0192233 2.85091 -1.62826 -0.00744786 1.88619 0.0527314 -0.0183328 -0.0037605 -6.25031e-05 1.05404 -0.0246688 0.176331 0.135487 -0.461139 1.43024 0.226928 -2.78738 0.358794 0.187504 -0.716958 -1.11165 1.13672 -0.0565327 -0.331218 0.0236162 -0.415538 -0.0284543 -0.012338 0.0410315 -0.136533 -1.29158 0.555227 2.12312 -0.979399 -2.94002 -18.2749 18.8791 -2.4191 -2.87338 -1.39842 -4.29405 4.57174 -2.20616 4.62079 -2.51586 -1.59744 1.22131 -0.512025 -0.204575 0.339235 0.555656 0.468007 0.0285116 0.322284 0.876817 -5.32656 4.11501 -0.356011 -0.0244345 -1.65062 0.414018 -0.321048 -0.413467 -0.0607244 0.258346 1.49764 -1.22646 -0.0782773 -0.988114 1.06288 -0.122652 0.500412 -0.424553 1.00825 -1.19027 1.042 2.27498 1.7616 0.452539 -0.9056 -1.02431 0.863053 -0.606164 0.885831 1.1871 1.01839 -2.15593 2.63571 -2.22147 0.11242 1.54866 0.267243 1.68526 0.776659 0.49948 0.312047 0.0592455 0.0145975 0.167884 -0.0141443 -0.25038 -21.6022 12.2674 -1.5361
 -8.94107e-05 6.42946 -0.264718 -0.000103971 5.55152 -0.787887 0.000166178 0.332791 -1.73364 925.142 -40.3393 185.449 -4.72468e-06 0.0355863 -0.000752826 -1.85459e-05 0.222774 -0.00157406 -4.8197e-06 0.141363 -0.00872019 1.77037e-05 -0.343923 0.00901294 5.36327 4.87959 -0.768027 0.535247 3.26132 -1.45823 3.93935 0.824415 -1.25717 6.1844 0.600173 -0.645327 1.11013 0.499329 -0.0239747 5.4 -0.883696 -0.0476285 3.69606 0.309459 -0.0879716 0.589679 0.764053 -0.240576 2.19274 2.85258 -3.80664 1.25366 -0.556741 -2.84066 3.86838 -5.41568 2.33835 4.48846 -0.382006 -1.66642 0.708319 -0.0523659 -1.46989 2.80424 0.0818391 -5.50105 -0.339465 0.116704 -5.31607e-05 -4.99345e-05 0.736217 -0.0264884 0.289648 0.228295 -0.755923 0.900819 0.257562 -2.99468 -0.370164 -0.289639 1.1135 1.62127 -12.2239 0.342234 0.341189 -0.0284331 0.694064 -0.00539914 -0.0141714 0.0196639 0.692247 -0.293243 -2.08584 -3.20071 5.06633 4.23638 -6.50702 -0.6549 3.58592 7.83677 2.1667 -7.0899 1.50841 -1.26134 0.223693 4.55743 9.40515 10.1288 -15.3017 1.59675 2.60258 1.45173 0.192554 -0.142583 0.113897 2.50745 -3.557 0.652279 1.87774 -2.42506 1.31362 0.777251 -0.685729 0.323048 -0.656126 0.951578 -3.3479 6.0689 -6.79021 5.20383 -1.43817 -0.778116 0.608621 -4.07253 0.211474 -3.05536 -1.27536 1.13482 0.0690974 -0.151823 0.356064 -1.20744 -0.801003 0.648422 -0.513577 -2.3567 0.0849638 0.240929 -1.04131 -0.186275 -2.07289 0.457768 0.261281 -1.38876 -2.8916 -1.07655 -0.799364 0.476281 -0.045851 0.293414 0.366913 9.48669 7.28649 -8.74363 -0.264579
 -4.94525e-05 4.08351 -0.167115 -6.36719e-05 3.77191 -0.534951 9.79122e-05 0.190322 -0.990338 -40.3393 22.4702 -101.784 -3.77463e-06 0.0290584 -0.000452732 -1.03505e-05 0.128127 -0.00113245 -7.86956e-07 0.126163 -0.00823134 9.29232e-06 -0.205049 0.00487381 2.63092 4.8402 -0.726201 0.517339 3.70087 -1.65405 1.06501 1.01557 -1.4066 2.06199 2.6063 -1.7979 0.657733 0.191039 -0.0126097 2.89215 -0.533133 -0.0241848 1.52419 0.288527 -0.05153 0.216032 0.3788 -0.119429 -0.264585 1.10208 0.784315 -0.74991 -0.285197 -0.431876 0.682407 -0.969547 0.981632 0.752626 0.957965 -0.989054 -0.0648231 0.00558455 -0.607259 -0.048166 0.0438986 -1.37236 -0.0905021 0.0313692 -0.00293572 -2.78392e-05 0.44674 -0.0150149 0.132926 0.124682 -0.413848 0.49634 0.10066 -1.22109 0.00695482 0.00397106 -0.0157912 0.168065 -2.20862 0.0576501 0.226913 -0.018659 0.190158 0.0100541 0.0043236 -0.0144621 0.464336 -1.39565 -0.598405 1.80985 4.67804 3.20367 -2.65743 -1.80667 0.605945 0.449858 -0.0476063 0.0895575 1.25217 -0.337623 -1.82109 -0.0310004 1.51426 0.966132 -0.566965 0.274323 -0.115247 -0.0802493 -0.229937 -0.185387 0.258231 0.495452 -0.372484 0.0173061 0.401231 -0.178073 0.250848 0.118777 0.102161 0.294239 0.569739 0.00056646 -0.0987335 0.35465 -0.767668 0.209206 -0.0389149 -0.165437 -0.256176 -0.639083 0.0108292 -0.338644 -0.463427 -0.386774 -0.315552 -0.0608345 -0.385871 -0.170632 -0.108953 -0.0789278 -0.244898 -0.362002 -0.126303 -0.327523 -0.468414 -0.121673 -0.0236444 -0.416113 -0.546697 -0.351457 -0.265876 -0.223341 -0.215339 0.170191 -0.0282074 -0.0925405 -0.158428 -0.128615 3.35112 -1.0998 0.367241
 0.000235723 -19.475 0.797015 0.000303465 -17.9803 2.55006 -0.000465443 -0.904643 4.7072 185.449 -101.784 485.704 1.71635e-05 -0.131404 0.00215853 4.87151e-05 -0.600478 0.00535183 3.77675e-06 -0.592861 0.0386996 -4.40222e-05 0.982712 -0.0233676 -12.5573 -23.0447 3.45794 -2.46565 -17.6108 7.87093 -5.11702 -4.82391 6.68334 -9.86629 -12.379 8.54229 -3.12407 -0.890969 0.059617 -13.8098 2.56507 0.115419 -7.26865 -1.33535 0.242738 -1.01787 -1.79294 0.56524 1.25279 -5.27396 -3.66006 3.53688 1.38964 2.09562 -3.29456 4.6796 -4.69639 -3.6293 -4.54064 4.71496 0.300861 -0.0260008 2.92264 0.204913 -0.210858 6.61888 0.429612 -0.148906 0.0143636 0.000132363 -2.12263 0.0713948 -0.629646 -0.592646 1.96704 -2.41162 -0.486632 5.90319 -0.0400003 -0.022843 0.0901571 -0.804617 10.6666 -0.278596 -1.08363 0.0891002 -0.906852 -0.0476531 -0.0203606 0.068413 -2.21239 6.65085 2.85866 -8.58067 -22.2373 -15.2736 12.6971 8.58686 -2.89113 -2.33502 0.23606 -0.333763 -5.96409 1.61788 8.64505 0.0947618 -7.29737 -4.70446 2.86822 -1.3227 0.519122 0.364715 1.09335 0.885627 -1.22917 -2.38362 1.81185 -0.0880309 -1.9247 0.873711 -1.20813 -0.572438 -0.478183 -1.40222 -2.69774 -0.0139409 0.508154 -1.75146 3.72211 -1.05117 0.201228 0.794246 1.21087 3.0796 -0.0539927 1.64193 2.21647 1.82548 1.49821 0.291244 1.82865 0.82304 0.525913 0.369005 1.16963 1.74566 0.59998 1.55249 2.23703 0.580637 0.134409 1.97203 2.59605 1.68555 1.29483 1.07315 1.03228 -0.81391 0.134474 0.435373 0.743623 0.492538 -15.998 5.32285 -1.74108
 1.70488e-09 -0.000149587 6.99656e-06 -1.10551e-09 4.7949e-05 -6.03344e-06 4.70422e-09 1.11567e-05 -5.9035e-05 -4.72468e-06 -3.77463e-06 1.71635e-05 1000 2.63955e-05 -6.12614e-06 -2.27179e-09 3.02341e-05 2.88749e-07 -1.77741e-10 2.08016e-05 -9.75886e-07 -8.34994e-10 2.79521e-05 -2.89115e-07 -0.000225953 -0.000608324 9.1741e-05 -1.40209e-05 -0.000234805 0.000105803 -4.1578e-05 4.09981e-05 -5.34992e-05 -9.364e-05 5.60864e-05 -3.21796e-05 0.000101084 1.01223e-05 1.75759e-07 -0.000177404 6.97797e-05 3.38123e-06 2.56502e-05 0.000102953 -6.58816e-06 2.46383e-05 3.04671e-05 -8.73469e-06 6.15371e-05 7.63106e-06 -0.000119465 6.37926e-05 -1.46564e-06 4.27645e-05 4.36418e-05 -6.66189e-05 0.000149481 -4.15033e-05 -2.4924e-05 2.82053e-05 -1.75723e-05 1.30769e-06 -2.40618e-05 -6.02312e-06 2.66564e-06 -8.11999e-05 -1.18832e-06 4.01991e-07 -2.79237e-07 -2.37025e-09 4.39445e-05 -4.47698e-07 8.71396e-06 5.29142e-06 -1.80866e-05 3.29468e-05 7.69474e-06 -9.67323e-05 2.97197e-06 2.38738e-06 -9.81457e-06 -4.26599e-05 7.61603e-05 -3.67585e-06 -1.76581e-05 1.48588e-06 1.79665e-06 -1.11397e-06 5.46412e-08 1.06645e-06 -9.38006e-05 -0.000183279 -3.41528e-05 8.64254e-05 3.96429e-05 1.23452e-06 -5.95762e-05 1.02375e-05 -0.0001583 2.1353e-05 2.68959e-05 0.000395712 -3.01654e-05 -0.000326124 2.93434e-05 0.000148081 0.000166654 5.80469e-06 4.17066e-05 -1.97578e-05 -6.90393e-05 4.21693e-05 6.28877e-05 -6.30038e-05 -2.12464e-05 -8.37812e-05 -8.91912e-06 3.85457e-05 1.39596e-06 1.4392e-05 1.63524e-05 -1.94827e-05 -1.87671e-05 -7.59261e-06 -3.45388e-05 -3.66039e-05 -5.23557e-05 -3.90321e-05 -2.76786e-05 -4.39574e-05 -4.12764e-06 2.42651e-05 3.838e-05 2.4688e-05 3.19608e-05 4.66845e-05 4.31192e-05 1.22884e-05 -3.44981e-05 -4.64006e-05 -7.26595e-06 1.09074e-05 1.52242e-05 -2.73427e-05 -3.9351e-06 -6.16751e-06 3.8012e-06 1.95253e-05 -1.73377e-05 6.56923e-06 7.3503e-05 7.34935e-05 2.65108e-05 -1.30932e-05 -4.84858e-06 -1.42592e-06 -2.1273e-06 -1.44103e-05 5.10872e-06 1.16599e-05 4.91832e-05 3.97442e-05 -0.000639642 0.000485207 -2.55287e-05
 -1.17842e-05 1.00782 -0.0480888 9.92656e-06 -0.454127 0.0583199 -3.55533e-05 -0.0839885 0.444999 0.0355863 0.0290584 -0.131404 2.63955e-05 999.797 -0.110542 1.64759e-05 -0.229357 -0.00202302 3.50207e-07 -0.152258 0.00705925 4.60419e-06 -0.200871 0.00182057 1.96192 4.59995 -0.698061 0.0894031 1.67908 -0.75742 0.409387 -0.251521 0.322064 0.948802 -0.183793 0.0744423 -0.851751 -0.0839816 -0.00100847 1.05448 -0.482911 -0.0237111 -0.150861 -0.890792 0.0565236 -0.199019 -0.246332 0.071043 -0.484009 0.122032 0.950411 -0.560851 -0.0490944 -0.296673 -0.220047 0.341912 -1.219 0.442651 0.165979 -0.247119 0.112165 -0.00803996 0.201898 0.0414013 -0.0205525 0.634726 0.00599234 -0.00200381 0.00246009 1.72586e-05 -0.327157 0.00304538 -0.0686496 -0.0398489 0.136278 -0.28042 -0.0634315 0.796788 -0.0224223 -0.0144777 0.0610091 0.427585 -1.12573 0.0452324 0.128153 -0.010952 -0.0259999 0.00884452 -0.000268862 -0.00863299 0.777692 1.64116 0.363271 -0.624396 -0.269753 0.0356012 0.459569 0.0142211 1.10425 -0.146809 -0.181412 -2.75449 -0.117166 2.31382 0.256918 -1.09247 -1.31386 -0.166434 -0.0246263 0.160293 0.530465 -0.224822 -0.516718 0.330883 0.430392 0.578534 0.249573 -0.265184 -0.042846 -0.0726526 -0.127463 0.146797 0.175843 0.0980289 0.265842 0.2859 0.408783 0.243624 0.224809 0.285953 0.00824913 -0.215547 -0.335277 -0.22887 -0.216525 -0.362265 -0.367718 -0.159722 0.140325 0.249536 -0.00159324 -0.061912 -0.0701 0.143951 -0.00735878 -0.0338235 -0.0180816 -0.188206 0.0853108 -0.100632 -0.584062 -0.6935 -0.365103 0.0121943 -0.0173589 -0.0324892 -0.0199644 0.154177 -0.042804 -0.0822836 -0.359104 -0.288686 4.34271 -3.33657 0.166379
 1.02852e-07 -0.00646556 0.000265392 1.5761e-07 -0.00525651 0.0007461 -9.65644e-08 -0.000199731 0.00103954 -0.000752826 -0.000452732 0.00215853 -6.12614e-06 -0.110542 0.813942 2.3565e-07 -0.00282844 1.46442e-05 4.64268e-08 -0.00211193 0.000133541 1.16003e-07 -0.0026986 6.70013e-05 -0.00480637 -0.00863921 0.00129909 -0.00084547 -0.00663509 0.0029656 -0.00198739 -0.00188056 0.00260666 -0.00341838 -0.00327551 0.00229387 -0.00190288 -0.00104908 4.10714e-05 -0.00755063 0.000524361 6.55056e-05 -0.00308169 -0.00143905 0.000163534 -0.000748093 -0.00158021 0.000484994 -0.00021701 -0.00120947 -0.00151374 0.00120038 -3.55137e-06 -0.000205401 -0.00102245 0.0015056 -0.00124631 -0.00123168 -0.00122457 0.00137494 -6.00712e-05 4.23027e-06 0.000654949 -0.000159433 -1.20844e-05 0.000559159 2.83705e-05 -9.75865e-06 1.43686e-06 1.71323e-07 -0.00298129 9.29678e-05 -0.000366889 -0.000269493 0.000896914 -0.000401311 -0.000127441 0.00151307 -0.000187622 -0.000234867 0.000881664 -0.00086617 0.00842349 -0.000219392 -0.000237242 1.92532e-05 -3.7213e-05 -5.11402e-06 1.38084e-06 3.76134e-06 -0.000934403 0.000960017 -0.000125602 -0.00110146 -0.000350173 -2.47638e-06 5.2845e-05 1.47788e-05 -0.00079534 -0.000637746 0.000677096 0.00241762 0.000297073 -0.0019553 -0.000802758 0.000253974 0.000661292 9.95255e-05 7.8718e-05 -0.000364823 -0.000423112 0.000275294 0.0006693 -0.000182955 -0.000783383 -0.000905066 -0.000119461 0.000483625 0.000111724 -0.000210928 -0.000288349 -0.00038706 -0.00031825 -0.000178715 -0.000316078 -0.000362 -0.000279666 -6.07423e-05 -7.02485e-05 -0.000359652 1.6425e-05 0.000215594 0.000363896 0.000238512 0.000173509 0.000371081 0.000366088 6.9007e-05 -0.00021495 -0.000101557 0.000208791 0.000154757 5.48417e-05 -5.04996e-05 0.00011546 0.000192174 0.000154344 0.000270013 0.000152543 0.00022207 0.000485194 0.000678443 0.00058608 0.00019121 0.00014535 0.000107892 9.9032e-05 -0.000276385 5.01588e-05 3.13622e-05 0.000139549 -0.00020512 -0.00350517 0.00280661 -0.000116578
 1.77973e-09 -0.000160855 7.06743e-06 9.06924e-10 -6.02269e-05 9.04361e-06 3.10119e-09 6.65799e-06 -3.50092e-05 -1.85459e-05 -1.03505e-05 4.87151e-05 -2.27179e-09 1.64759e-05 2.3565e-07 1000 2.59617e-05 -9.25852e-06 -5.32251e-10 1.90325e-05 -9.62237e-07 -9.8175e-10 2.09858e-05 -2.7184e-07 -0.000129427 -0.000186028 2.89734e-05 -1.73201e-05 -0.000209574 9.41364e-05 -5.61701e-05 2.21887e-06 -9.03606e-07 -9.17065e-05 -2.56434e-05 2.10137e-05 4.32941e-05 7.34231e-06 -1.88112e-08 -9.18428e-05 3.58068e-05 1.60758e-06 -5.5073e-05 7.83599e-05 -3.85532e-06 1.51812e-05 1.92973e-05 -5.35039e-06 6.69005e-05 -5.13604e-05 -0.000136705 9.01348e-05 -4.15117e-06 6.52663e-05 9.45802e-06 -1.83702e-05 7.71936e-05 -4.69102e-05 -5.34238e-05 5.21516e-05 -1.18849e-05 9.30738e-07 -1.88039e-05 6.5738e-06 9.07318e-07 -3.89026e-05 -2.85299e-06 9.65624e-07 -5.96326e-08 -1.75975e-09 3.14518e-05 -3.68481e-07 5.33632e-06 4.02964e-06 -1.36155e-05 7.12114e-06 2.21219e-06 -3.00229e-05 1.38575e-06 3.43916e-06 -1.35726e-05 2.109e-05 -0.000210023 5.55102e-06 -3.9449e-06 3.30602e-07 -9.09799e-07 -1.2139e-06 5.06951e-08 1.17091e-06 -8.67425e-05 -0.00015873 -2.50201e-05 0.000109474 8.57469e-05 5.13767e-05 -3.44947e-05 -5.5509e-05 -0.0002076 6.80056e-05 5.84206e-05 0.000567555 -0.000249369 -0.00019631 -6.7314e-05 0.000184151 0.000217028 -0.000156317 0.000103393 -5.71369e-05 -9.03919e-05 -2.30379e-05 1.2222e-05 1.86533e-05 -5.1618e-05 2.60376e-05 -2.24776e-05 -1.26795e-06 -5.86526e-05 -2.34674e-05 6.70497e-06 -6.1943e-06 -1.63632e-05 -2.3893e-05 -4.2662e-05 -3.06754e-05 -4.39746e-05 -3.65663e-05 -3.22566e-05 -1.49122e-05 -2.72682e-05 1.65146e-05 2.30153e-05 1.23739e-05 1.72408e-05 9.41579e-06 2.55295e-05 4.16338e-06 -3.05866e-06 -2.71882e-05 -1.46177e-05 -2.01683e-05 2.55501e-05 -1.72692e-06 1.60056e-06 2.6571e-06 1.60498e-05 6.70476e-05 -5.66051e-06 1.28628e-05 8.68553e-05 4.71335e-05 1.72173e-05 7.61579e-07 5.71413e-06 7.31557e-06 4.56766e-06 -8.18156e-06 4.62385e-06 1.32518e-05 4.96043e-05 2.24941e-05 -0.000524644 0.000382911 -2.34487e-05
 -1.8484e-05 1.63841 -0.0742431 -4.09343e-06 0.315081 -0.0519896 -4.05987e-05 -0.0864701 0.457188 0.222774 0.128127 -0.600478 3.02341e-05 -0.229357 -0.00282844 2.59617e-05 999.649 -4.28199 3.17911e-06 -0.214248 0.0107487 7.76863e-06 -0.250312 0.00313872 2.36043 2.99427 -0.472042 0.151212 2.29674 -1.03409 1.02836 -0.0656299 0.0490883 1.91498 0.393274 -0.344881 -0.843157 -0.104978 0.000353249 0.54962 -0.376522 -0.0182341 0.720735 -1.29054 0.0682955 -0.227088 -0.286765 0.0815441 -0.700843 0.934466 1.4373 -1.06301 -0.0941355 -0.585738 0.0218955 0.00970422 -1.25621 0.923322 0.592149 -0.727697 0.0784674 -0.00539604 0.330402 0.0226144 -0.0169208 0.555407 0.0238198 -0.00799001 0.00194627 2.06601e-05 -0.384992 0.00419224 -0.0791413 -0.0501994 0.169849 -0.203131 -0.0503221 0.654579 -0.0251967 -0.0361234 0.144136 0.124797 0.578442 -0.00402601 0.0483188 -0.00456635 -0.0258136 0.0160874 -0.000383661 -0.0158083 1.29516 2.47979 0.508471 -1.28322 -0.890026 -0.405566 0.551801 0.739691 2.16756 -0.589763 -0.578289 -6.62105 2.31966 3.15886 1.69461 -1.98286 -3.48948 1.12461 0.36305 0.259031 1.03767 0.286067 -0.145132 -0.362349 0.589809 0.352227 0.379865 0.00314671 0.482953 0.441092 -0.0172263 0.177796 0.227332 0.328028 0.579187 0.435607 0.55377 0.344114 0.403473 0.139974 0.350222 -0.178423 -0.451594 -0.264988 -0.262795 -0.258385 -0.430222 -0.20465 -0.0824645 0.148093 0.114596 0.220402 -0.249947 -0.24958 -0.0326825 0.00168686 -0.194291 -0.907913 -0.181261 -0.25567 -1.18722 -1.02169 -0.65028 -0.265596 -0.211221 -0.199955 -0.152712 0.225962 -0.0701233 -0.168801 -0.589103 -0.264577 5.47097 -3.69043 0.291655
 2.03207e-07 -0.0143631 0.000618596 2.27719e-07 -0.00825834 0.00120235 4.39346e-08 0.000162358 -0.000874743 -0.00157406 -0.00113245 0.00535183 2.88749e-07 -0.00202302 1.46442e-05 -9.25852e-06 -4.28199 0.837653 2.14299e-08 -0.00138938 9.96018e-05 5.74968e-08 -0.00157783 5.21033e-05 -0.0150899 -0.0201951 0.00314041 -0.00198218 -0.0170624 0.00765893 -0.00696047 -0.00183068 0.00272773 -0.0123477 -0.00562215 0.00423504 0.00159685 -0.000377574 3.4281e-05 -0.0093141 0.00187595 0.000138179 -0.00744233 0.00326204 -4.79045e-05 -0.000252216 -0.000781249 0.000274424 0.00287364 -0.00592378 -0.00817316 0.00623602 0.000338801 0.0025511 -0.00140017 0.00186214 0.00353743 -0.0055418 -0.00427285 0.00500348 -0.000364416 2.48366e-05 -0.000787718 -0.000129471 4.41838e-05 -0.00143706 -5.36506e-06 8.1027e-07 -4.28491e-07 1.14695e-07 -0.00178348 8.81299e-05 -0.000166326 -7.80215e-05 0.000250095 0.000262741 1.03637e-05 -0.000364647 -0.00025521 -0.000229951 0.000831995 -0.0011375 0.00366983 -0.000142672 -0.000393508 3.47561e-05 -1.55814e-05 -7.98772e-05 2.53985e-06 7.78542e-05 -0.00677161 -0.0105103 -0.00326801 0.00492437 0.00453668 0.00238371 -0.00270432 -0.00367218 -0.0106145 0.00142366 0.00446881 0.0330835 -0.0114932 -0.015892 -0.00895226 0.00929978 0.0171818 -0.00564307 -0.00187088 -0.00146206 -0.00520209 -0.00135633 0.000965377 0.00191122 -0.00336307 -0.00224583 -0.001838 0.000203722 -0.00231951 -0.00242174 -0.000252378 -0.00113615 -0.0013114 -0.00175134 -0.0030024 -0.00231408 -0.0027212 -0.00157121 -0.00189274 -0.000835669 -0.00169284 0.000942121 0.00236764 0.00140997 0.00135151 0.00142044 0.00224263 0.000970777 0.00028689 -0.000640035 -0.000324059 -0.000930427 0.00126152 0.00129564 0.000282315 0.000157368 0.00110334 0.00459784 0.00113158 0.00142068 0.0059173 0.00524675 0.00354992 0.00152045 0.00118595 0.00108261 0.000849078 -0.00128353 0.000365807 0.00080375 0.00277313 0.000809826 -0.0274133 0.0186477 -0.00143687
 2.80311e-10 -6.11973e-05 2.48694e-06 5.68207e-10 -4.09872e-05 5.75522e-06 7.2787e-10 2.96807e-06 -1.53357e-05 -4.8197e-06 -7.86956e-07 3.77675e-06 -1.77741e-10 3.50207e-07 4.64268e-08 -5.32251e-10 3.17911e-06 2.14299e-08 1000 7.58787e-06 -3.3446e-06 -8.88537e-10 9.49666e-06 -2.50273e-07 7.63492e-05 -7.9725e-05 1.01374e-05 -3.9306e-06 -3.14022e-07 -1.30436e-08 4.49861e-05 6.93657e-06 -1.11314e-05 6.53963e-05 -0.000125121 7.95235e-05 -2.92348e-05 2.43977e-06 9.47802e-08 -5.43608e-05 8.23616e-06 2.3607e-07 1.28183e-05 -3.06278e-05 2.09064e-06 -1.50359e-06 -1.01167e-06 4.55211e-07 2.11321e-05 8.62495e-06 -4.89661e-05 2.44921e-05 -2.86158e-05 3.481e-05 4.52282e-05 -6.82227e-05 -2.22301e-05 3.84852e-05 -8.27977e-06 -9.22381e-06 -4.04584e-06 3.63644e-07 9.24653e-06 1.29914e-05 -9.0076e-07 1.43773e-05 -1.78329e-06 6.21162e-07 1.22375e-07 -5.14696e-10 5.97152e-06 -2.0891e-07 -1.54638e-07 9.18213e-07 -3.09094e-06 -7.4542e-06 -1.01063e-06 1.26562e-05 3.79385e-06 5.01795e-06 -1.89826e-05 4.78448e-05 -0.000275377 8.22886e-06 -6.20309e-06 4.54894e-07 -3.30588e-06 -6.70321e-07 -3.10823e-08 7.05752e-07 9.07576e-06 -8.90916e-05 -1.96924e-05 8.21501e-05 9.86656e-05 9.40079e-05 5.80461e-05 0.000277043 -0.000191421 -0.000112745 -4.175e-05 3.52143e-05 -6.91319e-05 6.75668e-05 1.21729e-05 -2.48363e-05 3.10566e-05 1.57242e-05 2.37181e-05 -1.38862e-05 4.78967e-06 -1.25245e-05 -1.51882e-05 -2.29333e-05 -1.33511e-05 4.74363e-06 1.35709e-05 -9.65569e-06 -3.81014e-06 7.83861e-06 3.10371e-06 -2.80154e-06 -2.74154e-05 -1.71754e-05 7.04467e-07 -1.23664e-05 -9.48369e-06 -8.98189e-06 4.93931e-06 -7.9631e-06 3.57564e-06 -4.51018e-06 -4.03878e-06 -1.07542e-05 -7.2092e-06 -1.94327e-05 -1.59409e-05 -5.64997e-06 -2.17948e-05 -3.92029e-05 -1.72774e-05 2.51e-05 2.00872e-05 3.50397e-06 1.52847e-05 1.79152e-05 -7.44977e-06 1.64513e-05 2.49484e-06 -1.04937e-05 -8.6919e-06 -1.56113e-05 -2.36281e-05 -4.58968e-06 -1.26973e-06 -1.54026e-06 -3.50045e-06 1.82096e-05 -6.32676e-07 4.01447e-06 8.9744e-06 -9.5681e-06 -0.000249274 0.000151426 -1.60914e-05
 -3.71039e-05 2.09233 -0.0913481 -4.50189e-06 0.49528 -0.0743576 -1.61065e-06 0.0288696 -0.15015 0.141363 0.126163 -0.592861 2.08016e-05 -0.152258 -0.00211193 1.90325e-05 -0.214248 -0.00138938 7.58787e-06 995.244 -61.9353 1.32745e-05 -0.383074 0.00893391 -0.222945 4.261 -0.612952 0.0503564 0.531777 -0.240581 -0.387374 -0.279987 0.391596 0.766432 3.22105 -2.15611 -0.16533 -0.111282 -0.00176657 -0.197108 -0.0559394 -0.00453151 -0.509385 -0.113803 0.00597948 -0.133222 -0.176947 0.0486239 -0.473188 0.476088 1.25311 -0.831616 0.531861 -1.29311 -0.91343 1.42158 -0.667416 -0.439009 0.227007 0.0487733 0.0188059 0.00132585 -0.475989 -0.442859 0.0149109 0.056541 0.0173794 -0.0063848 -0.00076876 1.69291e-05 -0.305655 0.00695365 -0.128874 -0.0922459 0.310237 -0.163106 -0.0381241 0.473898 -0.170459 -0.118226 0.455467 -0.641012 2.96559 -0.066222 0.265234 -0.0210615 0.0813771 0.0349754 -0.0025877 -0.032608 0.317025 4.75403 1.65435 -1.87826 -3.69104 -4.13829 -13.8416 9.96587 0.571984 1.68014 0.542238 -0.978073 -2.25184 2.29117 1.14864 0.178189 0.463097 -2.21366 -0.237254 0.819316 1.08329 0.385571 0.459102 0.809919 0.901015 0.427619 -0.106597 0.0548039 0.712884 -0.0981941 0.166346 0.544343 1.2932 1.41676 -0.404518 0.340137 0.588535 0.497823 0.156241 -0.103363 0.180147 0.0260482 -0.0600466 -0.289347 0.16311 0.38687 0.319758 0.224532 0.258751 0.65817 0.0677507 -0.535959 -0.413501 -0.871444 -0.441493 -0.20722 0.009012 0.118611 -0.474226 0.237634 -0.0498785 -0.870299 -0.713334 -1.04524 -0.507452 -0.316369 -0.126615 -0.362618 -0.0121576 -0.157936 -0.298102 0.0698912 9.33287 -5.75396 0.587136
 2.40133e-06 -0.137266 0.00597401 4.14235e-07 -0.0356376 0.00531054 -8.51907e-09 -0.00189445 0.0098533 -0.00872019 -0.00823134 0.0386996 -9.75886e-07 0.00705925 0.000133541 -9.62237e-07 0.0107487 9.96018e-05 -3.3446e-06 -61.9353 4.75435 -9.07446e-07 0.023727 -0.000552607 0.0117096 -0.272146 0.0391709 -0.00348335 -0.0371296 0.0167751 0.0234827 0.0159666 -0.0223814 -0.0504516 -0.205929 0.137894 0.00928843 0.00536687 0.000156054 0.00882278 0.00347419 0.000313556 0.0295299 0.00436327 -0.000129656 0.00715151 0.0093155 -0.00249627 0.029033 -0.0309409 -0.0795172 0.0529986 -0.0328793 0.0814409 0.0568556 -0.0885489 0.0406048 0.026941 -0.0150012 -0.00225338 -0.00115258 -8.5514e-05 0.0310072 0.0279606 -0.000976566 -0.00240523 -0.00123533 0.0004508 7.12413e-06 -9.68652e-07 0.0178194 -0.000394977 0.00766478 0.00549207 -0.0184793 0.00932492 0.00225011 -0.0280013 0.00960874 0.00688713 -0.0265284 0.0427918 -0.181957 0.00403997 -0.0168155 0.00133513 -0.00474578 -0.00220248 0.000163834 0.00205251 -0.0203884 -0.295304 -0.107072 0.111164 0.236309 0.276524 0.871522 -0.633124 -0.0335428 -0.108561 -0.0370988 0.0622861 0.14237 -0.145015 -0.0728089 -0.0116141 -0.0297137 0.139502 0.0148037 -0.0517854 -0.0684599 -0.0243155 -0.0288693 -0.0510648 -0.0571146 -0.0273189 0.00661796 -0.00343374 -0.0450361 0.00596558 -0.0108036 -0.0345511 -0.0816608 -0.0894277 0.0252928 -0.0216078 -0.0371507 -0.0313559 -0.00991493 0.00635071 -0.0114454 -0.00168623 0.00378617 0.0182134 -0.0103084 -0.0243391 -0.0201201 -0.0142694 -0.0164553 -0.0414275 -0.00415845 0.0337109 0.0259092 0.0548354 0.027768 0.013028 -0.000526926 -0.00749661 0.0299341 -0.0149343 0.00312851 0.0548914 0.045114 0.0658757 0.0319521 0.0199029 0.00795371 0.0227099 0.000783371 0.00990828 0.0186331 -0.00474304 -0.588132 0.362989 -0.0369379
 7.95292e-10 -9.83799e-05 4.01487e-06 4.92757e-10 -3.64278e-05 5.07529e-06 9.50544e-10 3.46382e-06 -1.79497e-05 1.77037e-05 9.29232e-06 -4.40222e-05 -8.34994e-10 4.60419e-06 1.16003e-07 -9.8175e-10 7.76863e-06 5.74968e-08 -8.88537e-10 1.32745e-05 -9.07446e-07 1000 2.07291e-05 -4.88471e-06 0.000115297 -0.000362363 5.00674e-05 -6.27913e-06 -3.54134e-05 1.5588e-05 0.000107526 0.000127747 -0.000176119 0.000168793 -2.22546e-05 7.42476e-06 -3.27807e-05 7.64958e-07 3.35145e-07 -0.000117011 2.12917e-05 8.50976e-07 8.28469e-05 -6.96454e-05 3.34156e-06 -1.55787e-06 -2.33478e-06 1.04293e-06 2.16455e-05 5.68424e-05 -4.37082e-05 7.50353e-06 -5.36605e-05 6.41991e-05 0.000102169 -0.000153224 -2.83567e-05 9.4419e-05 -9.73711e-06 -3.06813e-05 -9.52066e-06 8.11054e-07 1.61582e-05 1.09567e-05 -5.87373e-07 7.16899e-06 -1.93677e-06 6.6389e-07 1.66839e-07 -8.22211e-10 1.13837e-05 -4.95171e-07 8.27482e-08 1.30948e-06 -4.2604e-06 -1.12278e-05 -1.17355e-06 1.4737e-05 7.78062e-06 6.88968e-06 -2.63968e-05 5.47216e-05 -0.000266679 8.36305e-06 -1.51161e-05 1.16217e-06 -5.56367e-06 -1.13221e-06 -4.47934e-08 1.18449e-06 2.57932e-05 -2.59738e-05 2.07275e-05 0.000120853 9.83276e-05 7.40018e-05 -1.23699e-05 9.54149e-05 -0.000187748 -9.91382e-05 -2.48415e-05 0.000232196 -4.06778e-05 -0.000167491 0.000104274 5.02366e-05 0.000170342 -5.88749e-05 0.000142121 -4.34704e-05 -7.98262e-06 6.22932e-06 -1.14309e-06 -8.68594e-06 4.06394e-05 9.23264e-05 1.00505e-05 -2.2026e-05 -5.05992e-05 4.84303e-05 1.01992e-05 2.27522e-05 9.5663e-06 3.54612e-06 3.30332e-06 -2.32129e-06 -4.98874e-06 -1.60539e-05 5.20666e-06 -2.96991e-05 -2.71231e-05 -3.91798e-05 -3.72327e-05 -7.4237e-06 1.50265e-05 -1.05356e-05 -1.07269e-05 -1.86663e-05 -6.23571e-05 -0.000102308 -3.59868e-05 3.76884e-05 1.71043e-05 -7.20389e-06 1.80072e-06 -5.79432e-08 -1.42594e-05 -6.11702e-06 2.98334e-06 -5.15218e-05 -4.88296e-05 -4.49119e-05 -5.67693e-05 -2.31436e-05 -1.85283e-05 -1.70838e-05 -1.72094e-05 3.94594e-05 -1.47393e-06 5.69625e-06 8.62398e-06 -1.24754e-05 -0.00044008 0.000257115 -2.99793e-05
