 1000 0.00269234 -0.000553583 -1.27741e-09 -0.000138762 0.0001155 -4.7076e-06 -8.778e-07 1.51334e-05 -8.66584e-05 -5.01498e-06 0.000114827 5.12156e-10 -1.8791e-05 2.18161e-07 -2.46595e-10 -7.93358e-06 5.36635e-07 -9.85657e-10 -2.60992e-05 1.14324e-05 -6.17809e-10 2.46148e-06 -4.17767e-07 1.51545e-05 -0.000343659 8.52677e-05 -6.27512e-05 -0.000225428 0.000253827 -4.66279e-08 -4.1466e-06 1.56915e-05 9.65412e-05 -0.000103881 0.000164463 -6.77195e-05 -4.37482e-06 8.40088e-07 -0.000140304 1.91455e-05 1.23983e-06 -1.22246e-05 -7.763e-05 1.05072e-05 -6.91778e-06 -1.42542e-05 1.96696e-05 8.33634e-05 -7.06731e-05 -0.000272819 0.000218428 -6.80315e-05 8.91134e-05 0.000110876 -0.000136301 -4.2827e-05 1.52626e-05 -5.27131e-05 4.82157e-05 -2.63278e-06 1.89817e-07 2.4511e-05 5.75404e-06 -2.31654e-07 2.78078e-06 -3.83511e-06 9.84993e-07 3.71125e-07 -8.14761e-11 -1.42891e-05 5.22906e-06 7.67787e-07 -7.54498e-09 -1.12592e-06 9.61193e-06 9.37415e-07 -2.18738e-05 3.84689e-06 2.89139e-06 -2.10361e-05 -1.27523e-05 -0.000324385 2.24724e-05 9.23726e-06 -9.7746e-07 -8.57853e-06 -1.49684e-06 -6.22789e-07 2.13675e-06 4.69504e-06 -1.79446e-05 -0.00011531 -0.000244545 -0.000125145 3.34734e-06 0.000121984 0.000495857 -0.000230346 -0.000200798 -0.000113635 6.00713e-05 -6.77674e-05 1.28719e-06 0.000104227 0.000134691 5.9154e-05 -7.1041e-05 -0.000170828 0.000250508 -0.00015522 3.14004e-05 -1.91406e-05 -1.26172e-05 1.50245e-05 4.04564e-05 1.3328e-05 -2.02775e-05 5.7049e-05 -4.8156e-05 1.36076e-05 -7.92981e-06 -8.8345e-06 1.0296e-05 7.84316e-06 -9.06774e-06 -1.8544e-05 0.000185136 -0.000138205 9.0729e-05 -5.40734e-06 1.43296e-05 2.6686e-05 2.66163e-06 2.93106e-05 -3.5338e-05 3.39697e-05 2.09586e-05 3.28697e-05 -2.26178e-05 -7.92391e-05 4.9886e-05 1.64671e-05 -3.51e-06 2.91231e-06 -3.80556e-05 4.26603e-05 3.99763e-05 3.04427e-06 3.89337e-05 1.36583e-05 -5.51489e-05 -8.76955e-06 -3.27805e-05 9.12018e-07 1.83587e-06 4.27063e-06 1.56547e-06 1.53235e-07 2.01038e-05 3.42974e-05 3.93671e-05 -0.000596515 -1.20671e-05 -6.14887e-05
 0.00269234 504.252 -102.528 0.000195862 26.2458 -21.8443 1.00496 0.313403 -5.74428 15.636 1.10774 -25.6449 -0.000133474 3.44988 -0.0264436 -6.85337e-05 2.82892 -0.146244 2.36945e-05 2.51687 -1.10433 1.41252e-05 1.39563 -0.324893 18.9431 36.2912 -9.34197 6.62348 23.338 -26.3015 12.2878 2.70159 -11.906 10.2323 14.6928 -25.0027 6.25819 1.08569 -0.126279 21.0805 -3.21685 -0.179756 10.7833 5.69647 -0.985786 1.95544 3.2933 -4.57786 0.972688 8.96894 13.1511 -12.4108 0.860129 -2.81011 2.43851 -2.58796 5.44579 4.0091 7.72537 -10.3161 0.297068 -0.0200047 -1.62763 2.11684 0.0011822 -1.96661 0.26849 -0.0674097 -0.0365809 -3.05266e-05 3.24693 -1.17158 0.941356 0.0447753 -1.21007 -1.2938 -0.0786333 2.05572 0.0481192 -0.0983368 0.701494 -0.807874 -0.361627 0.0311482 1.34134 -0.126975 0.156269 0.116452 0.0253691 -0.143032 2.2382 -4.13328 5.93201 16.5125 11.0989 0.710722 -30.8407 19.7545 -9.3663 16.7491 10.4164 -0.534416 -1.26632 -1.77948 -4.5706 3.6562 3.93361 1.88287 -8.48242 3.90211 -1.23358 0.630865 -1.43667 -0.824683 -0.326656 -0.32696 0.212411 1.96415 0.638913 -0.647129 0.464895 0.356571 0.312741 -0.771394 0.735488 0.104287 -0.83009 2.96369 -5.96155 2.88091 -0.491079 -0.369229 -0.912534 -3.76195 -1.21983 -2.35442 -1.61374 -1.81148 0.0306817 -0.401869 -1.29805 -1.7343 -1.75385 -0.577047 -0.45999 -2.26104 -0.00903469 -1.64185 -3.67251 -0.713415 -0.151035 -2.2673 -0.84987 -1.25211 -1.17577 -0.963322 -1.01467 0.601797 -0.259326 -2.03173 -4.30962 -4.95337 75.3869 -21.3929 5.01124
 -0.000553583 -102.528 21.9727 -4.02758e-05 -5.39143 4.48726 -0.209672 -0.0652403 1.1968 -3.20954 -0.227566 5.26838 2.81069e-05 -0.724581 0.00547248 1.43202e-05 -0.592 0.0305496 -4.93535e-06 -0.528704 0.231918 -2.92406e-06 -0.296501 0.0689387 -3.88545 -7.44602 1.91671 -1.36249 -4.78904 5.39716 -2.51794 -0.557181 2.4543 -2.09944 -3.01584 5.13201 -1.2911 -0.232426 0.0263685 -4.32476 0.650004 0.036948 -2.2176 -1.18359 0.204227 -0.40613 -0.681911 0.947941 -0.202307 -1.83853 -2.69529 2.54375 -0.178527 0.574608 -0.500999 0.531941 -1.11826 -0.822714 -1.58487 2.11654 -0.0614394 0.00414453 0.335 -0.433863 -0.000319754 0.405959 -0.0549184 0.0137872 0.00758958 6.40898e-06 -0.683606 0.24648 -0.197802 -0.00938918 0.254152 0.263542 0.0157739 -0.413716 -0.0108459 0.0198223 -0.141377 0.169477 0.0746332 -0.00643572 -0.276165 0.0261398 -0.033394 -0.0238781 -0.00519674 0.0293232 -0.459029 0.84717 -1.21472 -3.38436 -2.27759 -0.142112 6.32402 -4.05445 1.92138 -3.43232 -2.13381 0.109504 0.259923 0.364613 0.936431 -0.750617 -0.807128 -0.385713 1.74043 -0.801598 0.253439 -0.129667 0.294829 0.169306 0.0668 0.0668425 -0.0439502 -0.402583 -0.131335 0.132698 -0.0953271 -0.0731612 -0.0638209 0.157727 -0.150716 -0.0213775 0.170369 -0.609088 1.22333 -0.5913 0.1006 0.0756058 0.187187 0.77138 0.250102 0.482514 0.330352 0.371044 -0.00664799 0.0821237 0.266788 0.355629 0.359859 0.117992 0.0943043 0.463725 0.00141428 0.337154 0.752552 0.146048 0.030979 0.465301 0.17387 0.256726 0.240761 0.19758 0.208091 -0.123435 0.053173 0.416452 0.884633 1.01483 -15.483 4.43126 -1.02471
 -1.27741e-09 0.000195862 -4.02758e-05 1000 -0.00118131 0.000985907 -8.26951e-07 5.76584e-08 3.02475e-06 7.69693e-05 5.88527e-06 -0.000133873 4.4493e-10 -7.10474e-06 -1.9313e-09 2.44966e-11 -9.58222e-07 3.28026e-08 5.3592e-11 -8.10487e-06 3.46348e-06 1.64641e-10 -1.08668e-05 2.36999e-06 8.42751e-05 5.33539e-05 -1.44573e-05 3.72643e-06 8.5919e-06 -9.90807e-06 0.000163219 1.84785e-05 -8.89361e-05 0.000210754 -7.71056e-06 -2.47024e-06 1.69014e-05 -4.89819e-06 1.44347e-07 2.5796e-05 -6.44081e-06 1.92108e-07 8.26972e-05 -9.3406e-06 5.28016e-08 2.97901e-06 4.21345e-06 -5.97704e-06 5.56464e-06 3.2075e-05 -2.75145e-05 9.52082e-06 -2.88487e-05 -2.63718e-05 9.90545e-05 -0.00011211 2.88166e-05 -7.1247e-06 4.91839e-05 -4.79161e-05 -1.74786e-06 -1.56112e-08 2.91358e-05 -5.60534e-05 4.72678e-06 -0.000110874 -5.70747e-06 1.38844e-06 8.28584e-07 1.07142e-10 -1.71547e-05 5.80871e-06 -2.9247e-06 -1.06946e-07 3.36267e-06 -1.66138e-05 -1.70368e-06 3.92459e-05 1.59995e-06 3.03124e-08 -5.03956e-07 -9.23239e-06 -0.000140971 9.5053e-06 2.44848e-05 -2.27332e-06 -1.64373e-06 -2.38359e-07 -1.77257e-07 4.18602e-07 -2.96401e-05 -3.93414e-05 -1.59645e-05 -2.22453e-05 -8.26855e-06 7.29295e-06 7.98635e-05 -3.08521e-05 -4.54923e-05 5.05319e-05 1.87062e-05 -3.70469e-05 7.74096e-06 5.17105e-05 -2.72833e-05 0.000108145 -3.74333e-05 -2.48972e-06 -1.57208e-05 -4.3143e-06 1.01995e-05 6.40732e-07 1.55785e-05 -1.89487e-06 3.01844e-05 -2.65426e-05 -6.83315e-06 1.37719e-06 3.65068e-05 -4.22388e-05 -2.6343e-05 4.07767e-05 4.5512e-05 4.77258e-05 -7.58703e-05 -0.000208099 -7.93039e-05 0.000135211 -4.58853e-05 0.000142522 -9.31446e-06 2.83496e-06 2.78527e-05 1.87626e-05 1.15238e-05 -2.63118e-06 2.45128e-05 -1.30164e-05 5.81148e-05 -4.73056e-05 -0.000112109 -1.0271e-05 -6.49279e-05 6.61564e-05 6.6343e-05 2.46967e-06 -5.05402e-06 -5.40301e-06 -2.42582e-05 6.5709e-05 4.7088e-05 -0.00011005 5.16479e-05 -3.09066e-05 -4.45086e-06 -1.91023e-06 -2.38716e-06 -4.58757e-06 2.70322e-06 -1.76446e-05 -5.00402e-05 -6.75012e-05 0.000528275 -6.51026e-06 5.20653e-05
 -0.000138762 26.2458 -5.39143 -0.00118131 408.25 -338.324 0.218165 0.071626 -1.10459 10.3462 0.740387 -17.0903 6.39299e-05 -1.06234 -0.00826796 3.96157e-06 0.0213605 -0.0109573 2.58778e-05 -1.86311 0.801678 3.68458e-05 -2.11114 0.467124 12.0891 21.6142 -5.57769 4.36266 14.3003 -16.1217 12.5675 1.03609 -5.16969 9.04936 9.16736 -15.7846 1.69661 -0.957237 0.00652267 10.9776 -3.36274 -0.081868 6.68632 0.400712 -0.21732 0.172677 0.556879 -0.77155 -1.5715 3.09596 -1.14429 -0.128213 1.08917 -3.1752 1.2311 -1.15468 3.61031 2.39103 5.27618 -6.85761 0.0240336 0.00259864 -1.58905 -1.54763 0.250975 -7.69451 -0.609671 0.155455 0.0872328 1.61606e-05 -1.93497 0.652576 -0.111473 -0.00226854 0.130163 -1.92374 -0.164463 3.96121 0.0623862 -0.0412772 0.300742 -2.20535 -2.6255 0.189918 1.6779 -0.157101 0.117251 0.0564929 0.0125706 -0.0696523 1.24369 -1.28886 1.19517 2.54044 1.28532 2.05625 2.2829 -1.19602 -1.58657 7.17521 2.28811 -1.83754 -0.76298 0.699753 -1.785 3.17867 -0.263533 -0.647294 -0.847861 1.31641 0.0315147 -0.557836 -0.975776 -1.66848 0.454826 0.551885 -0.165207 0.0930862 2.43124 -1.11427 -1.56949 -0.434041 -0.286635 2.72032 3.00236 -1.68205 -1.35906 3.76078 -7.64643 3.13695 0.301091 -0.00318023 -0.549029 -1.1461 -0.697861 -0.318844 -0.357595 -1.54465 0.477213 0.460748 0.0718721 -0.798141 -1.37153 -0.132049 -0.118958 -0.492454 0.495315 -0.692694 -3.48399 -0.254676 1.42258 -2.13538 -0.146664 -0.977556 -0.736138 -0.519408 -0.521426 0.269111 -0.134239 -1.72978 -3.40306 -4.3235 59.0707 -10.6431 4.6603
 0.0001155 -21.8443 4.48726 0.000985907 -338.324 282.899 -0.182845 -0.0599856 0.926583 -8.61094 -0.616302 14.2261 -5.30131e-05 0.879587 0.00689321 -3.22914e-06 -0.0211642 0.0092779 -2.15572e-05 1.54749 -0.665855 -3.06691e-05 1.75399 -0.388088 -10.0593 -17.9868 4.6416 -3.63241 -11.9004 13.4162 -10.4579 -0.863144 4.30586 -7.53101 -7.62888 13.1356 -1.41321 0.794135 -0.00531503 -9.13353 2.79588 0.0681313 -5.56475 -0.336905 0.18129 -0.145168 -0.465121 0.644449 1.30841 -2.57627 0.952427 0.106516 -0.906998 2.64207 -1.02467 0.961127 -3.00426 -1.9896 -4.39068 5.7066 -0.0202506 -0.00214101 1.32237 1.28857 -0.208912 6.40464 0.507508 -0.129404 -0.0726663 -1.34043e-05 1.60457 -0.541071 0.0911289 0.00181875 -0.106313 1.60006 0.136724 -3.29332 -0.0522291 0.034247 -0.249527 1.83669 2.18407 -0.157997 -1.39671 0.130773 -0.0977835 -0.0470086 -0.0104583 0.0579568 -1.03461 1.07252 -0.994288 -2.11358 -1.06945 -1.71086 -1.9 0.995626 1.32048 -5.97157 -1.90383 1.52937 0.634766 -0.582566 1.48554 -2.64555 0.21945 0.538579 0.705737 -1.09526 -0.02642 0.464109 0.811864 1.38839 -0.378546 -0.458923 0.13743 -0.0774949 -2.02317 0.927317 1.30626 0.361002 0.238461 -2.26393 -2.49772 1.40074 1.13131 -3.13018 6.36286 -2.6109 -0.250524 0.00262476 0.45677 0.953568 0.580681 0.265161 0.297307 1.28527 -0.397383 -0.383352 -0.0592729 0.66424 1.1417 0.109423 0.098681 0.409729 -0.412239 0.576729 2.89888 0.211554 -1.18391 1.7774 0.121558 0.813477 0.612418 0.432236 0.433914 -0.223898 0.111675 1.4394 2.83245 3.59761 -49.1673 8.87592 -3.87692
 -4.7076e-06 1.00496 -0.209672 -8.26951e-07 0.218165 -0.182845 999.832 -0.0911311 0.944633 0.329555 0.00522438 -0.0730729 1.46763e-05 -0.312898 7.80888e-05 8.75587e-06 -0.275086 0.0122157 -1.09151e-06 -0.345179 0.148899 2.18793e-06 -0.354912 0.0787305 0.111362 0.689279 -0.175248 0.0603117 0.826185 -0.931691 1.09844 -0.135738 0.472604 0.958042 0.183197 -0.369519 -0.0584462 -0.143975 0.00535868 -0.423189 -0.00141194 0.00311683 -0.150972 -0.365686 0.0470358 -0.156304 -0.195338 0.270567 0.170265 -0.356988 -0.416737 0.413336 -0.0391737 -1.7354 0.648224 -0.592134 -0.32708 -0.389439 0.180466 0.0347118 -0.0534023 0.00451261 -0.0723811 0.0374418 -0.00501138 0.153693 0.001467 -0.000333875 -0.00447234 4.28163e-06 -0.536633 0.185083 -0.18608 -0.0079868 0.245919 -0.0983531 -0.0193342 0.435608 0.00843045 -0.00325298 0.0207587 0.128093 -0.458646 0.0310404 -0.22055 0.0200075 0.0352379 0.00269602 1.42682e-05 -0.00273515 -0.304704 -0.217744 -0.216555 -0.388973 -0.209536 -0.0334336 0.57046 0.803871 -1.17276 0.232514 0.186051 0.250721 0.44519 -0.138788 -0.194114 0.111945 0.224077 -0.221012 -0.0374027 -0.020107 -0.019783 -0.0275056 -0.0538635 -0.0334221 -0.0782679 -0.141281 0.342032 -0.50776 0.125986 -0.0301824 0.00997373 -0.0542549 0.0581572 -0.0393792 -0.0419388 -0.073695 -0.146374 0.110094 0.284854 -0.217988 0.047574 0.0650353 0.120067 -0.611334 0.221249 -0.191822 0.0857053 0.187344 -0.383913 -0.0994807 -0.0367081 0.315726 -0.153456 0.175666 0.207815 -0.0313823 0.0680038 0.0194816 0.099295 0.0388291 0.369573 0.427409 0.0581778 -0.110981 -0.0861852 0.0296301 0.032814 -0.0867108 0.0293047 -0.374522 -0.591911 -0.995492 8.17053 4.6533 1.37771
 -8.778e-07 0.313403 -0.0652403 5.76584e-08 0.071626 -0.0599856 -0.0911311 3.50612 -50.9913 0.0927574 0.00117875 -0.0140583 4.03761e-06 -0.0843225 6.91308e-06 2.5729e-06 -0.0752738 0.00334279 1.46468e-07 -0.0810978 0.0349739 8.84698e-07 -0.102484 0.0228082 -0.00513996 0.336169 -0.0841977 0.0248228 0.250455 -0.282285 0.262994 -0.0474718 0.174225 0.182422 0.130623 -0.22823 -0.00624301 -0.0391582 0.00119947 -0.106248 -0.000758567 0.000593729 -0.0675741 -0.0813389 0.0105449 -0.0402784 -0.0536421 0.0742718 0.0512162 -0.116375 -0.170053 0.159528 0.0396656 -0.54657 0.0968495 -0.0623815 -0.0940806 -0.12104 0.0334884 0.0334426 -0.0158918 0.00173378 -0.0966724 0.0680446 -0.00159409 -0.00518833 0.000623601 -0.000135585 -0.00151465 1.27337e-06 -0.149532 0.0515981 -0.0512663 -0.00219096 0.067475 -0.0367053 -0.00645217 0.142839 -0.0026278 -0.00203431 0.0136839 0.0485349 0.0235747 -0.00137043 -0.0454372 0.00411729 0.01523 0.00123899 0.000467146 -0.00172002 -0.0862997 -0.0889745 -0.0509409 -0.0626662 -0.0255749 -0.00188298 0.40478 -0.0662873 -0.346365 0.115706 0.0908712 0.269311 0.111498 -0.0423544 -0.218026 -0.0684353 0.120527 -0.0549485 0.007452 -0.0133897 -0.0187907 -0.022055 -0.0330491 -0.014827 -0.030592 -0.0957552 0.182611 -0.139731 0.0185149 -0.0282107 0.0456362 -0.0268763 0.0245411 -0.0192823 0.0074026 -0.011248 -0.0876186 0.0135186 0.0211246 -0.049136 0.0254719 0.0358346 0.0355304 -0.120472 0.0241848 -0.0146366 0.00795101 -0.0341724 -0.103344 0.03827 0.0725642 0.0835365 -0.0101118 0.0335503 0.00896695 -0.0548041 -0.0602963 0.120718 -0.0259433 0.097417 0.16888 0.0454224 -0.0580898 -0.038939 -0.0252389 0.00571159 0.0115283 -0.0255308 0.00821343 -0.110652 -0.134591 -0.264892 2.429 1.36832 0.407996
 1.51334e-05 -5.74428 1.1968 3.02475e-06 -1.10459 0.926583 0.944633 -50.9913 991.761 -1.68123 -0.00967325 -0.0321826 -8.15954e-05 1.71416 -0.000450438 -5.07019e-05 1.51783 -0.0676358 -1.24188e-06 1.62979 -0.703074 -1.71765e-05 2.03924 -0.454016 0.116887 -6.32598 1.58443 -0.410148 -4.69629 5.29303 -5.0675 0.969962 -3.58159 -3.50865 -2.40044 4.20458 0.131859 0.836327 -0.0268769 2.05367 0.0664995 -0.0119612 1.34153 1.71644 -0.223021 0.841167 1.09859 -1.52279 -1.03797 2.24379 3.26713 -3.06622 -0.707925 10.4849 -1.8742 1.21537 1.82855 2.32971 -0.623845 -0.665824 0.311721 -0.0338289 1.83101 -1.29693 0.0311043 0.0724534 -0.0157658 0.00355621 0.0304879 -2.63055e-05 3.03517 -1.04829 1.05169 0.0452011 -1.38586 0.703939 0.124329 -2.75087 0.0491806 0.0367046 -0.246063 -1.05784 -0.402725 0.0235564 0.886457 -0.0803314 -0.300574 -0.0236 -0.00893573 0.0328003 1.6542 1.70765 0.966756 1.202 0.520609 0.0472629 -7.75609 1.22633 6.62669 -2.11637 -1.66059 -5.18582 -2.14398 0.811199 4.16895 1.30882 -2.30625 1.06159 -0.154104 0.250458 0.363523 0.423577 0.634346 0.284881 0.581708 1.82627 -3.50227 2.6816 -0.35486 0.53574 -0.877579 0.51416 -0.47677 0.369136 -0.143893 0.213646 1.67466 -0.252556 -0.424435 0.945905 -0.491639 -0.690359 -0.68724 2.31259 -0.472661 0.284194 -0.151991 0.653522 1.98953 -0.728646 -1.39762 -1.61651 0.187657 -0.644378 -0.177312 1.04809 1.15561 -2.32502 0.495 -1.86934 -3.24514 -0.880934 1.11827 0.748161 0.485986 -0.113952 -0.225356 0.491447 -0.157693 2.12323 2.56736 5.08663 -46.2098 -26.8567 -7.86069
 -8.66584e-05 15.636 -3.20954 7.69693e-05 10.3462 -8.61094 0.329555 0.0927574 -1.68123 888.617 -7.22769 151.174 6.29957e-05 -1.45341 -0.000127733 3.27969e-05 -1.06285 0.0472025 1.80396e-05 -1.33821 0.578463 1.01165e-05 -1.60692 0.359444 6.92334 7.07208 -1.86843 1.9734 5.3008 -5.98013 5.59108 1.06053 -4.75732 6.08329 3.55717 -6.3122 1.12728 -0.178845 -0.0095182 5.82356 -1.82182 -0.0382736 3.45667 0.172897 -0.0999862 0.410807 0.569957 -0.795366 1.17787 1.53423 -4.66109 2.8473 -0.433948 -2.66253 2.77006 -2.96578 2.52644 2.64512 1.13696 -2.68405 0.487737 -0.0311538 -2.62909 4.41564 0.0110218 -4.52093 -0.105773 0.026884 -0.00933365 -5.77885e-06 -0.431983 0.136781 0.189526 0.0133961 -0.338584 -0.83619 -0.0751527 2.00049 -0.396868 -0.266587 1.913 -0.224513 -6.40873 0.441674 -0.0929037 0.00520054 0.527861 0.0046717 -0.00881079 0.00414197 -0.154405 -5.20648 -1.7107 2.72383 6.3303 7.84781 -8.8787 -2.83959 -0.0786063 20.528 6.82668 -10.9586 2.97159 -1.70663 -3.35668 3.024 8.76401 13.9572 -16.6043 1.58029 2.12765 0.860755 -0.461614 -0.862075 -0.854977 2.84482 -5.17115 0.297546 3.36796 -3.44455 0.939138 0.0774623 -1.66502 0.0397554 -0.228805 1.28864 -5.19204 9.29133 -10.6777 7.14372 -2.09174 -0.967508 1.38264 -5.54264 0.355715 -3.54373 -1.4218 1.1039 -0.262704 -0.48603 -0.951675 -1.1944 -1.30001 1.0795 -0.0681731 -2.80482 0.103288 1.04664 -1.49761 0.0714562 -2.04319 1.09371 1.62399 -1.54577 -2.93769 -1.01136 -0.953597 0.20622 -0.0262768 -0.931127 -1.19356 2.06278 34.6103 -9.55361 2.32294
 -5.01498e-06 1.10774 -0.227566 5.88527e-06 0.740387 -0.616302 0.00522438 0.00117875 -0.00967325 -7.22769 2.34413 -34.0379 4.95675e-06 -0.110718 -2.2261e-05 2.68095e-06 -0.0831728 0.00362766 1.36394e-06 -0.125786 0.0542799 9.54671e-07 -0.139661 0.0311155 0.284122 0.79621 -0.203021 0.165426 0.549418 -0.619388 0.349168 0.0263434 -0.132107 0.180548 0.396306 -0.667367 0.06506 -0.0283681 -8.56111e-05 0.174094 -0.0771332 -0.0013952 0.0500881 0.0311853 -0.00635431 -0.000470282 0.00804668 -0.0112848 -0.0954424 0.0686564 0.0226088 -0.0359155 0.0565451 -0.294916 -0.0148238 0.0434523 0.0923925 -0.00470562 0.162785 -0.169295 0.00285402 -0.000194148 -0.0620288 0.102045 0.000767274 -0.124673 -0.00246777 0.000667324 -0.000542715 1.12178e-07 -0.0626542 0.0209131 -0.0114661 -0.00023062 0.0107209 -0.011131 -0.000240983 0.0113259 -0.00966438 -0.0070977 0.0501864 -0.0657672 0.197315 -0.0130209 0.0259853 -0.00262851 0.0221206 0.00262881 0.000834886 -0.0034924 -0.023337 -0.459483 0.0391377 0.591254 0.63369 0.630372 -0.461118 -0.100735 -0.213942 0.520672 0.128318 -0.168912 0.37388 0.0328163 -0.453856 -0.252908 0.132659 0.42917 -0.203208 -0.00846158 -0.0338881 -0.0163176 -0.047035 -0.0551196 -0.0671244 0.0758578 -0.146115 -0.0459154 0.115343 -0.09566 0.000451606 -0.0222093 -0.0499995 -0.00455202 0.0625126 -0.00650039 -0.135754 0.306632 -0.295643 0.0389284 -0.00452573 -0.0441431 0.041116 -0.242798 0.0295237 -0.0673872 -0.0330352 -0.0277435 -0.0777039 0.0267102 -0.009555 -0.0640639 -0.0521317 -0.00633011 0.0250993 -0.0778994 0.0131058 0.0121388 -0.103287 0.00739075 0.0607573 0.00296106 -0.0312733 -0.0332192 -0.0435358 -0.0222166 -0.0221363 -0.00172653 0.000273941 -0.095331 -0.162798 -0.24754 2.83172 0.0680775 0.292658
 0.000114827 -25.6449 5.26838 -0.000133873 -17.0903 14.2261 -0.0730729 -0.0140583 -0.0321826 151.174 -34.0379 788.156 -0.000119835 2.6812 0.000189225 -6.41677e-05 2.03237 -0.0890218 -3.0608e-05 3.04892 -1.31603 -2.10777e-05 3.34706 -0.745934 -6.67084 -18.2707 4.66113 -3.8019 -12.6088 14.2148 -8.25227 -0.555942 2.85299 -4.33018 -9.04273 15.2423 -1.50911 0.773328 -0.0031887 -4.10779 1.89257 0.0320026 -1.17547 -0.53827 0.123894 0.0806994 -0.121013 0.168835 2.19125 -1.63989 -0.288983 0.678825 -1.19224 6.80424 0.239271 -0.883763 -2.20279 0.0144808 -3.72637 3.9285 -0.0814776 0.00545295 1.56036 -2.46815 -0.0193604 3.04464 0.0446218 -0.012297 0.0160675 -3.66361e-06 1.58679 -0.531764 0.325099 0.00790002 -0.322504 0.189617 -0.000924204 -0.122127 0.213469 0.160604 -1.13604 1.61924 -4.29121 0.282338 -0.593318 0.0600818 -0.493408 -0.0598511 -0.0186909 0.0791937 0.545644 10.66 -0.961109 -13.642 -14.3655 -14.3769 10.7103 2.4348 4.98503 -13.0615 -3.16491 4.29389 -8.62321 -0.684712 10.459 5.65915 -3.32342 -10.2756 5.22003 0.137116 0.698645 0.339114 1.08936 1.2928 1.56178 -1.82915 3.51978 1.03224 -2.74067 2.30121 -0.0397311 0.506215 1.20149 0.098519 -1.41106 0.107236 3.27516 -7.31156 7.10518 -1.13101 0.174191 1.03733 -0.984597 5.71792 -0.687795 1.65334 0.802866 0.598567 1.78571 -0.592205 0.242776 1.49317 1.23212 0.109644 -0.567887 1.86804 -0.301869 -0.311499 2.40078 -0.170996 -1.31447 -0.10485 0.656161 0.808216 1.0895 0.542208 0.537942 0.0326603 -0.00594419 2.19845 3.73605 5.54267 -65.6859 -1.00503 -6.71954
 5.12156e-10 -0.000133474 2.81069e-05 4.4493e-10 6.39299e-05 -5.30131e-05 1.46763e-05 4.03761e-06 -8.15954e-05 6.29957e-05 4.95675e-06 -0.000119835 1000 8.2294e-05 -6.28653e-06 -9.9582e-10 4.82115e-05 -1.80197e-06 2.89818e-10 3.65774e-05 -1.5674e-05 1.64244e-11 4.46007e-05 -9.71186e-06 -0.000271741 -0.000553626 0.000143352 -2.97855e-05 -0.000184043 0.000207373 -9.65268e-05 2.75479e-05 -0.000104326 -0.000138005 3.61014e-05 -5.00192e-05 0.000115684 2.98197e-05 -9.67864e-07 -0.000306082 0.0001309 3.12368e-06 -2.51248e-05 0.000168879 -1.96268e-05 3.11735e-05 4.18406e-05 -5.82585e-05 9.7712e-05 -1.97045e-05 -0.000211626 0.000157589 2.90331e-05 5.0899e-05 -4.59585e-06 1.11373e-06 0.000129733 -3.65838e-05 -4.01386e-05 5.52649e-05 -2.44308e-06 2.56585e-07 -2.85781e-05 2.45126e-06 1.23375e-06 -4.95906e-05 -9.03466e-07 2.22832e-07 -4.12828e-07 -5.21525e-10 7.28259e-05 -2.48159e-05 1.57262e-05 6.35812e-07 -1.89902e-05 2.38336e-05 3.78331e-06 -8.99129e-05 1.56244e-06 1.70992e-06 -1.3215e-05 -5.08513e-05 0.000244961 -1.61799e-05 6.64259e-06 -5.07722e-07 1.1431e-05 -1.00168e-06 -1.54866e-07 1.16631e-06 -5.98135e-05 -6.50916e-05 2.07349e-05 8.35806e-05 4.32679e-05 1.19573e-05 -7.6984e-06 -2.18655e-07 -0.000107865 -2.4941e-05 -7.95247e-06 0.000232201 0.000143904 -0.000108971 -7.90076e-05 4.77185e-05 3.78946e-05 6.19277e-05 4.19998e-05 -1.12026e-05 -9.43834e-05 -1.2592e-05 6.55474e-05 4.04841e-05 -4.52116e-05 -3.41255e-05 -8.3711e-05 3.64037e-05 2.80822e-05 2.13729e-05 5.48945e-06 -2.58196e-06 -2.69373e-05 1.93731e-06 -1.65872e-05 -2.4337e-05 -2.85101e-05 -3.22642e-05 -2.24041e-05 -3.70908e-05 -1.20814e-05 6.12753e-06 1.55243e-05 3.20553e-05 2.42327e-05 1.96152e-05 1.08211e-05 -3.88462e-06 -3.76934e-05 -4.44304e-05 -1.81554e-05 8.77106e-06 2.32306e-05 -5.94017e-06 -3.7755e-05 1.27875e-06 -3.38921e-06 4.78007e-06 -2.45256e-06 -4.17315e-06 4.72373e-06 2.59625e-05 3.71332e-05 -1.57624e-05 -2.76268e-06 -1.0215e-05 -6.33533e-06 -4.24537e-06 5.3906e-06 3.29921e-05 6.17768e-05 8.92137e-05 -0.0007697 -0.000334744 -0.000117321
 -1.8791e-05 3.44988 -0.724581 -7.10474e-06 -1.06234 0.879587 -0.312898 -0.0843225 1.71416 -1.45341 -0.110718 2.6812 8.2294e-05 997.908 -2.77355 1.72408e-05 -1.12126 0.0426927 -1.06474e-05 -0.743738 0.31803 -6.63064e-06 -0.898352 0.19442 8.33859 13.9357 -3.63556 0.813872 4.77195 -5.37812 3.16194 -0.613453 2.24568 4.76035 -0.10151 -0.167665 -3.51253 -0.78356 0.0282928 6.53321 -3.1448 -0.0709632 0.860585 -4.87732 0.566408 -0.778189 -1.05488 1.46783 -2.15196 1.50828 4.45428 -3.67109 -1.23815 -0.672756 0.976242 -1.08202 -3.70909 1.70674 0.885937 -1.6584 0.0325863 -0.00256961 0.656761 0.124401 -0.0273142 0.947881 0.00828547 -0.00188123 0.0149619 1.01572e-05 -1.61598 0.549082 -0.305896 -0.0118072 0.355884 -0.631066 -0.0921846 2.19483 -0.0199961 -0.0310468 0.245927 1.47377 -8.53838 0.574836 -0.137106 0.00978846 -0.308329 0.0213255 0.00337186 -0.0249108 1.98376 1.94125 -0.169003 -1.56384 -0.722453 0.009824 0.717499 0.268223 2.23972 0.278375 0.100019 -4.45953 -3.99391 1.84926 3.28331 -0.91148 -0.894837 -1.78717 -0.395907 0.574169 2.02788 0.357542 -1.45238 -1.39635 1.48065 1.19269 2.10782 -0.824735 -0.654761 -0.18839 0.0674526 0.160035 0.652838 0.122349 0.540148 0.670894 0.78426 0.597947 0.651634 0.800672 0.202158 -0.301132 -0.661149 -0.984973 -0.643024 -0.58001 -0.456698 -0.176217 0.420239 0.451069 0.0324249 -0.0912293 -0.240479 0.127411 0.640287 -0.136848 -0.0565798 -0.34942 -0.0770656 -0.0308991 -0.268244 -1.06749 -1.49376 -0.157742 -0.154456 0.0369692 -0.0277422 0.267502 -0.184237 -0.612349 -1.23719 -1.68855 14.5302 5.84737 2.15808
 2.18161e-07 -0.0264436 0.00547248 -1.9313e-09 -0.00826796 0.00689321 7.80888e-05 6.91308e-06 -0.000450438 -0.000127733 -2.2261e-05 0.000189225 -6.28653e-06 -2.77355 0.825128 2.37915e-07 -0.00598818 0.000317576 2.39363e-08 -0.00255969 0.0011276 5.86948e-08 -0.00396117 0.000915321 -0.0351388 -0.0597661 0.0155326 -0.00612068 -0.0254396 0.0286712 -0.0140664 -3.03848e-05 0.00121924 -0.0195616 -0.00578474 0.0109383 0.00229207 -0.00159345 0.000152551 -0.0358778 0.00840974 0.000361779 -0.0114001 0.0068558 -0.000526926 0.000141137 -0.000448717 0.000612382 0.00391903 -0.00719634 -0.0184229 0.0155849 0.00227535 0.000152453 -0.00575407 0.00669684 0.00725837 -0.0072761 -0.00590871 0.00962989 -0.000398417 3.07936e-05 -0.00090976 -0.00065826 4.3688e-05 -0.00117338 0.000127476 -3.31609e-05 -4.60152e-05 6.26699e-08 -0.00406278 0.00148593 -0.000384081 -1.53497e-05 0.000402157 0.00110577 0.000105295 -0.00284816 -0.000245612 -0.000204617 0.00134454 -0.00458214 0.0322151 -0.00216076 -0.000215122 2.95666e-05 0.000248589 -8.62447e-05 -1.30992e-05 0.000100206 -0.00746786 -0.00444016 -0.000771527 0.00247377 0.0016356 0.000419761 -0.00142977 -0.00124662 -0.00729793 -0.00350368 -0.000492262 0.0161374 0.0137484 -0.00635768 -0.0115375 0.00264247 0.00271164 0.00602476 0.00147309 -0.0024932 -0.00713024 -0.00093174 0.00567374 0.00528433 -0.00543411 -0.00456052 -0.00747284 0.00300928 0.00220159 0.000332222 -0.000352933 -0.000713562 -0.00212039 -0.000580212 -0.00204284 -0.00242762 -0.0025886 -0.00230148 -0.00172437 -0.00304515 -0.000619418 0.00125313 0.00271653 0.00378815 0.00250945 0.00208294 0.00150587 0.000374575 -0.00163568 -0.00147087 0.000591851 0.000843925 0.00122076 -0.000458928 -0.0020216 0.000721301 0.000278263 0.00185238 0.000468954 0.000412337 0.00121829 0.00405063 0.00521093 0.000739493 0.000614856 0.000105928 0.000343666 -0.00110174 0.000699 0.00212647 0.00488064 0.00548081 -0.0668584 0.00442006 -0.00618022
 -2.46595e-10 -6.85337e-05 1.43202e-05 2.44966e-11 3.96157e-06 -3.22914e-06 8.75587e-06 2.5729e-06 -5.07019e-05 3.27969e-05 2.68095e-06 -6.41677e-05 -9.9582e-10 1.72408e-05 2.37915e-07 1000 2.52348e-05 -3.61212e-06 -3.56554e-10 2.42976e-05 -1.04056e-05 -5.73237e-10 3.03509e-05 -6.62125e-06 3.48193e-05 -9.11974e-06 1.66195e-06 -1.01982e-05 -5.91253e-05 6.65773e-05 1.78764e-05 1.34284e-05 -5.65703e-05 6.98259e-05 -4.19301e-06 1.65911e-06 -2.38011e-05 6.80388e-06 -1.07905e-07 -9.01973e-05 2.41111e-05 7.07839e-07 -1.67817e-05 5.46156e-06 -8.83512e-09 8.82277e-06 1.35622e-05 -1.88141e-05 7.08946e-05 -5.21383e-06 -0.000182868 0.000132495 -2.41377e-05 8.1103e-05 3.20259e-05 -4.45743e-05 1.43915e-05 3.05183e-05 -3.60685e-05 2.04732e-05 6.99256e-06 -5.11149e-07 -6.38414e-06 1.70955e-05 3.16511e-08 -1.78776e-05 -2.43549e-06 6.01232e-07 4.79092e-07 -4.21829e-10 3.66704e-05 -1.25422e-05 1.08981e-05 4.84542e-07 -1.45106e-05 1.56514e-06 1.03844e-06 -2.53882e-05 2.81405e-06 2.6226e-06 -1.96121e-05 -1.15742e-06 -0.000328873 2.3057e-05 1.50221e-05 -1.35808e-06 1.00386e-06 -8.814e-07 -1.60107e-07 1.05059e-06 -1.43658e-05 -5.91305e-05 4.72676e-05 0.000121168 7.86887e-05 5.87869e-05 4.0391e-05 -5.38299e-07 -0.000156285 -0.000101988 -3.43743e-05 0.000237863 -1.09824e-05 0.000140184 -4.90142e-05 1.12108e-06 7.92931e-05 -2.49896e-05 4.63349e-05 -1.22471e-05 -3.55058e-05 -2.04139e-05 -1.52936e-05 7.82205e-06 1.2997e-05 5.11459e-05 -2.1868e-05 -1.27034e-06 -4.1355e-05 7.1516e-07 1.15638e-05 1.17001e-05 -6.69524e-06 -3.67736e-07 -1.37289e-05 -6.11462e-06 -1.34138e-05 -3.02141e-05 -2.44011e-05 -1.19933e-05 -8.22222e-06 -1.84815e-06 -2.98538e-06 9.105e-06 3.93747e-06 -1.22865e-05 -1.1791e-05 -1.25499e-05 -1.44888e-05 -3.2034e-05 -4.0531e-05 -4.65657e-06 2.19806e-06 -1.01004e-05 2.54629e-06 7.49085e-06 -1.50675e-05 2.11654e-05 -3.30997e-06 -2.63746e-05 -1.45136e-05 -1.91064e-05 -1.12979e-05 -1.96259e-05 -5.23034e-06 -1.09157e-05 -1.00773e-05 8.38947e-06 1.17859e-06 2.46792e-05 4.55006e-05 6.29296e-05 -0.000533263 -0.000313508 -9.10915e-05
 -7.93358e-06 2.82892 -0.592 -9.58222e-07 0.0213605 -0.0211642 -0.275086 -0.0752738 1.51783 -1.06285 -0.0831728 2.03237 4.82115e-05 -1.12126 -0.00598818 2.52348e-05 996.882 -46.7828 -3.83808e-07 -0.702232 0.300792 3.52801e-06 -0.841402 0.18352 3.48514 4.15339 -1.10388 0.453178 2.84003 -3.20182 1.85146 -0.377123 1.39402 2.35874 0.393021 -0.812823 -1.14073 -0.438634 0.0154546 2.75868 -1.33373 -0.0297404 1.19014 -2.43538 0.264561 -0.454739 -0.64297 0.892249 -1.39134 1.7926 3.26443 -2.91458 -0.365281 -1.18743 0.40757 -0.368408 -2.03038 0.888567 1.11906 -1.53836 -0.191117 0.0176399 -0.0221239 0.111129 -0.0127316 0.405933 0.0343966 -0.00824459 -0.00256828 1.09245e-05 -1.20216 0.410296 -0.31843 -0.0135329 0.408338 -0.350703 -0.0618625 1.48879 -0.107148 -0.0716733 0.539158 0.577311 1.48727 -0.108297 -0.308726 0.0262148 -0.104329 0.0268284 0.00384753 -0.0309429 1.53934 2.4255 -0.734565 -2.78395 -1.70868 -1.01672 -0.420528 0.764304 3.3142 2.13057 0.690968 -6.49952 -2.47881 -0.390168 3.65589 1.22659 -3.41108 -3.26624 2.51593 -0.0960971 1.09973 0.612206 0.22451 -0.279556 -0.573551 0.649974 0.622888 0.168314 0.599214 0.41486 0.012582 -0.027033 0.305266 0.204066 0.784978 0.507872 0.618191 0.631073 0.860548 0.525208 0.396125 0.242136 -0.198874 -1.35757 -0.386339 -0.0731494 0.0784372 0.073895 0.194251 0.227924 0.420821 0.130071 0.209657 -0.33697 -0.0627624 0.00148419 0.240849 -0.635909 -0.891469 0.237384 0.109987 -0.369195 -0.739805 -0.579766 -0.305846 -0.0432785 0.00407476 0.0563299 -0.142051 -0.636138 -1.09494 -1.60764 14.2211 7.4022 2.31437
 5.36635e-07 -0.146244 0.0305496 3.28026e-08 -0.0109573 0.0092779 0.0122157 0.00334279 -0.0676358 0.0472025 0.00362766 -0.0890218 -1.80197e-06 0.0426927 0.000317576 -3.61212e-06 -46.7828 3.07337 3.20155e-08 0.0287254 -0.012277 -1.15733e-07 0.0343697 -0.00745869 -0.16935 -0.205438 0.054518 -0.0244382 -0.141248 0.159243 -0.0900118 0.0164006 -0.05991 -0.114087 -0.0229021 0.0457516 0.0504497 0.0186154 -0.000609365 -0.137338 0.0618025 0.00147599 -0.0613033 0.109176 -0.0116453 0.0194732 0.0273501 -0.0379423 0.0642025 -0.0867707 -0.157805 0.140984 0.016193 0.0558129 -0.0202161 0.0185484 0.0928386 -0.0430735 -0.0553644 0.0759616 0.00882825 -0.000818359 0.00198259 -0.00543319 0.000570662 -0.0178778 -0.00141943 0.000337142 0.000130046 -4.15071e-07 0.0503631 -0.0171221 0.0138808 0.000589598 -0.0178621 0.0161775 0.00278317 -0.0673135 0.00439134 0.00298622 -0.022646 -0.028114 -0.0707501 0.00515197 0.0141241 -0.00119502 0.0043687 -0.0012891 -0.000184434 0.00148636 -0.0735557 -0.115614 0.0325575 0.132546 0.0829763 0.0494949 0.0202165 -0.0366345 -0.156701 -0.106138 -0.0348465 0.310805 0.118369 0.0182268 -0.174364 -0.0587348 0.162644 0.156069 -0.120075 0.00452029 -0.0525966 -0.0290102 -0.0103286 0.0135767 0.0273851 -0.031202 -0.0297375 -0.0079851 -0.0285604 -0.019855 -0.000527557 0.00126773 -0.0143522 -0.00979352 -0.0374315 -0.0242198 -0.0293305 -0.030286 -0.0405563 -0.025183 -0.0188038 -0.011394 0.00979402 0.0650221 0.0186804 0.0035431 -0.00376881 -0.00362649 -0.00937964 -0.010899 -0.0195999 -0.00578933 -0.00963124 0.016024 0.00306443 5.42459e-05 -0.0114667 0.0307835 0.0425487 -0.011134 -0.00504045 0.0178989 0.0352373 0.0277661 0.0146137 0.00224972 2.22465e-06 -0.00278405 0.00679605 0.0303614 0.0528624 0.07646 -0.694388 -0.329678 -0.109203
 -9.85657e-10 2.36945e-05 -4.93535e-06 5.3592e-11 2.58778e-05 -2.15572e-05 -1.09151e-06 1.46468e-07 -1.24188e-06 1.80396e-05 1.36394e-06 -3.0608e-05 2.89818e-10 -1.06474e-05 2.39363e-08 -3.56554e-10 -3.83808e-07 3.20155e-08 1000 -5.83202e-06 3.32525e-06 -4.6112e-10 4.97231e-06 -1.1488e-06 7.10745e-05 -3.08798e-06 -6.18379e-07 6.94646e-06 4.74365e-05 -5.35139e-05 6.7666e-05 5.22039e-06 -2.66057e-05 0.000140647 -4.14086e-05 5.81621e-05 -3.6951e-05 -2.99317e-06 2.92089e-07 -3.53657e-05 -1.22694e-06 9.74499e-08 4.39457e-07 -3.90508e-05 4.89236e-06 -3.24388e-06 -2.79816e-06 3.87435e-06 3.24395e-05 1.75936e-05 -6.59444e-05 4.13394e-05 -3.39956e-05 1.82548e-05 6.52543e-05 -7.71244e-05 -2.76369e-05 2.59349e-05 -4.47927e-06 -7.89054e-06 5.15088e-07 1.41836e-07 -2.13134e-05 6.43252e-06 -4.40614e-08 -3.61442e-06 -1.6203e-06 3.98351e-07 3.14852e-07 -1.17544e-10 -2.42812e-06 7.8194e-07 -3.87376e-07 1.88477e-08 -8.11512e-07 2.93965e-07 2.43436e-07 -4.51612e-06 1.24612e-06 9.5288e-07 -6.65366e-06 4.96182e-06 -0.000313681 2.16479e-05 7.94368e-06 -7.39602e-07 1.07662e-06 -5.13946e-07 -1.79148e-07 6.98923e-07 1.01816e-06 -7.61313e-06 -3.37758e-05 -6.86456e-05 -2.15801e-05 1.80294e-05 3.92134e-05 0.000379647 -0.000162853 -8.54791e-05 -4.3685e-05 -6.44812e-05 -7.71071e-05 0.000117781 2.43366e-05 1.51191e-06 6.46713e-05 -1.86927e-06 -2.61478e-05 2.93455e-06 3.02902e-05 -1.43362e-05 -1.41132e-05 -9.94409e-06 -1.53513e-06 1.36965e-05 1.40421e-05 -8.18149e-06 4.87898e-06 -5.00551e-06 1.02274e-05 1.06254e-05 4.39969e-06 6.53011e-06 -1.15181e-05 -5.91665e-06 1.30045e-06 -5.53635e-06 1.20023e-05 -1.05318e-05 1.31832e-05 2.80749e-06 -4.56642e-08 -4.13002e-06 -3.69308e-07 -7.34561e-06 2.95085e-07 1.5523e-05 -1.98881e-06 -4.52511e-05 -4.41711e-05 2.21903e-05 1.44427e-05 -6.83459e-06 9.95321e-06 1.88937e-05 -5.09439e-06 3.48748e-05 -9.64719e-06 4.57804e-07 -7.55898e-06 -2.10274e-05 -2.16395e-05 -2.15504e-05 -5.64449e-06 -4.70983e-06 -2.90784e-06 4.04749e-06 -1.89423e-07 2.46723e-06 1.00228e-05 3.56267e-06 -4.4096e-05 -4.381e-05 -9.68149e-06
 -2.60992e-05 2.51687 -0.528704 -8.10487e-06 -1.86311 1.54749 -0.345179 -0.0810978 1.62979 -1.33821 -0.125786 3.04892 3.65774e-05 -0.743738 -0.00255969 2.42976e-05 -0.702232 0.0287254 -5.83202e-06 838.397 -363.046 1.13831e-05 -1.75697 0.39247 -0.942259 4.78181 -1.18111 -0.181745 0.121 -0.135741 0.121495 -0.686092 2.79324 -0.268067 2.6387 -4.33362 0.179537 -0.327019 0.00662389 0.610971 -0.34653 -0.00505972 -0.580785 -0.381793 0.0483798 -0.361224 -0.446118 0.62013 -0.530577 -0.96315 1.67696 -0.888225 1.04399 -3.24227 -1.47393 2.00376 -0.579076 -1.60571 0.649555 0.19817 -0.162998 0.0162239 -0.605307 -0.90159 0.0281837 -0.0959664 -0.0149373 0.00403993 -0.00897928 1.00081e-05 -1.31807 0.458015 -0.565871 -0.0266398 0.803409 -0.396313 -0.0656447 1.46214 -0.135364 -0.0604411 0.4402 -1.53886 3.57524 -0.229211 -0.375284 0.0351372 0.121721 0.0382934 -0.00418648 -0.0344373 -0.450711 1.7822 2.10668 2.28103 -0.554106 -0.38386 -32.9537 14.4188 0.506455 3.22379 1.2673 3.66075 -6.325 1.0477 2.20208 -1.04807 0.168998 -1.13089 -0.245645 -0.0811283 1.28174 0.288368 0.188335 0.587256 0.940591 0.158848 -0.181103 -0.524191 0.973322 -0.289339 -0.146173 -0.0451762 0.666409 1.42554 -0.318063 -0.0320428 0.343175 0.227933 0.769255 -0.809377 0.134604 0.109537 0.436486 -0.428599 0.169535 0.60753 0.688303 0.451698 0.288572 1.14043 0.816715 -0.413197 -0.204512 -0.86269 -0.0881983 0.100177 -0.0336919 1.64152 -0.359509 0.468912 1.01814 0.417935 0.145429 -0.940888 -0.423822 -0.0289953 0.160467 -0.40387 0.0581544 -0.849397 -0.885769 -1.91139 19.2423 9.57637 3.07945
 1.14324e-05 -1.10433 0.231918 3.46348e-06 0.801678 -0.665855 0.148899 0.0349739 -0.703074 0.578463 0.0542799 -1.31603 -1.5674e-05 0.31803 0.0011276 -1.04056e-05 0.300792 -0.012277 3.32525e-06 -363.046 158.772 -4.97014e-06 0.760547 -0.169885 0.408267 -2.08107 0.514048 0.0776925 -0.0565493 0.0634595 -0.0536952 0.296647 -1.20766 0.115606 -1.14923 1.88752 -0.0786143 0.139652 -0.00276676 -0.265626 0.149171 0.00221157 0.251181 0.16166 -0.0204616 0.155118 0.191791 -0.266572 0.230111 0.418321 -0.728513 0.385906 -0.453484 1.40827 0.640444 -0.870612 0.250336 0.69708 -0.282904 -0.0850406 0.0704921 -0.00702238 0.263754 0.391673 -0.0122823 0.0431508 0.00661282 -0.00178589 0.00383233 -4.29276e-06 0.569536 -0.197894 0.244504 0.0115055 -0.347088 0.171869 0.0284676 -0.634126 0.0576192 0.0259904 -0.189272 0.671088 -1.55186 0.0994763 0.162472 -0.0152137 -0.0520878 -0.0166354 0.00182105 0.0149578 0.195742 -0.771043 -0.916143 -0.995225 0.239045 0.174006 14.3195 -6.27106 -0.217544 -1.39958 -0.552508 -1.58936 2.74771 -0.455882 -0.956481 0.455095 -0.0740217 0.490993 0.107091 0.0352292 -0.557129 -0.125187 -0.0817235 -0.255047 -0.408458 -0.068944 0.0785585 0.227681 -0.422893 0.125631 0.0634997 0.0195043 -0.289328 -0.619292 0.138223 0.0139491 -0.148968 -0.0992967 -0.333867 0.351414 -0.058588 -0.047624 -0.189506 0.186189 -0.0735763 -0.264034 -0.299144 -0.196417 -0.125519 -0.49537 -0.354405 0.179518 0.0889209 0.374462 0.0381953 -0.0436472 0.0144629 -0.712702 0.155981 -0.203743 -0.44218 -0.181413 -0.0634385 0.408572 0.183881 0.0126095 -0.0696776 0.175382 -0.0252604 0.368935 0.385423 0.83007 -8.37469 -4.13414 -1.33621
 -6.17809e-10 1.41252e-05 -2.92406e-06 1.64641e-10 3.68458e-05 -3.06691e-05 2.18793e-06 8.84698e-07 -1.71765e-05 1.01165e-05 9.54671e-07 -2.10777e-05 1.64244e-11 -6.63064e-06 5.86948e-08 -5.73237e-10 3.52801e-06 -1.15733e-07 -4.6112e-10 1.13831e-05 -4.97014e-06 1000 1.70979e-05 -3.75805e-06 0.000120196 -0.000114063 2.61768e-05 1.23021e-05 5.6637e-05 -6.39383e-05 8.59858e-05 9.87905e-06 -4.53523e-05 0.000172916 1.24809e-05 -3.31108e-05 -4.87044e-05 -2.76403e-06 4.56506e-07 -6.45288e-05 3.7674e-06 3.26228e-07 8.7393e-06 -4.95716e-05 5.81222e-06 -1.81225e-06 -2.4961e-06 3.36366e-06 1.71743e-05 6.66288e-05 -3.73499e-05 4.99694e-06 -5.60783e-05 3.37732e-05 0.000113362 -0.000134361 -3.17652e-05 4.95416e-05 -1.18328e-05 -1.2545e-05 1.22691e-07 1.52154e-07 -1.43727e-05 7.6304e-06 5.71983e-08 -8.15055e-06 -1.77415e-06 4.53239e-07 4.40288e-07 -2.0898e-10 1.09157e-05 -3.93848e-06 3.53056e-06 1.94348e-07 -5.58404e-06 -1.64522e-06 2.66611e-07 -4.84455e-06 2.06312e-06 1.37411e-06 -9.80331e-06 1.43984e-05 -0.000303358 2.10295e-05 4.60708e-06 -4.65515e-07 -4.98681e-07 -5.6282e-07 -1.94058e-07 7.6295e-07 1.80451e-05 3.67024e-06 1.29472e-05 2.08244e-05 2.29683e-05 3.01253e-05 6.91901e-05 9.54083e-05 -8.82594e-05 -8.46676e-05 -3.68861e-05 -2.01688e-05 -1.38291e-05 9.58241e-05 8.08431e-05 -2.67771e-05 3.48215e-05 -4.67079e-05 0.000122531 -3.67781e-05 5.82471e-06 5.32926e-06 4.08578e-06 -1.83376e-06 3.62246e-06 3.68892e-05 5.2548e-06 2.77563e-06 -2.52103e-05 2.36307e-05 -1.66232e-06 3.65263e-06 -2.39785e-06 9.44308e-06 8.92352e-06 8.89388e-06 6.4498e-06 -8.94266e-06 7.95775e-06 -5.05275e-06 5.92698e-07 -9.68772e-06 -1.81492e-05 -7.35751e-06 3.38519e-06 -8.00587e-06 7.27738e-06 7.24858e-06 -1.96358e-05 -9.64175e-05 -6.16664e-05 3.13931e-05 9.93975e-06 -3.6875e-06 1.52963e-06 9.56353e-06 -9.21019e-06 -2.35652e-06 3.72722e-06 -1.8562e-05 -2.21132e-05 -3.49023e-05 -4.30727e-05 -2.61779e-05 -1.20227e-05 -1.15137e-05 -1.09791e-05 1.01307e-05 -1.84267e-06 1.07197e-05 1.3102e-05 2.1371e-05 -0.000229208 -0.000141388 -3.99736e-05
 2.46148e-06 1.39563 -0.296501 -1.08668e-05 -2.11114 1.75399 -0.354912 -0.102484 2.03924 -1.60692 -0.139661 3.34706 4.46007e-05 -0.898352 -0.00396117 3.03509e-05 -0.841402 0.0343697 4.97231e-06 -1.75697 0.760547 1.70979e-05 950.452 -213.017 -0.867524 11.9421 -2.96721 0.0637828 0.982032 -1.10334 -3.00213 -1.00222 4.29707 -3.0453 1.36201 -2.02591 0.389928 -0.384971 0.00183219 2.12437 -0.762465 -0.0184944 -2.12295 0.449482 -0.0224304 -0.357023 -0.444267 0.620837 -0.692299 -2.21369 1.29332 -0.204215 1.71576 -4.59315 -2.83573 3.70547 -0.210462 -2.59562 0.541264 0.817293 -0.124283 0.00940924 0.0623124 -0.31609 -0.0186612 0.982154 0.0329297 -0.00839431 -0.0140503 1.3918e-05 -1.38782 0.48465 -0.482335 -0.0227681 0.676193 -0.356155 -0.0686076 1.51927 -0.154617 -0.0811871 0.59395 -0.53754 3.01532 -0.205302 -0.267844 0.0261387 0.0341052 0.0349749 0.000338802 -0.0356374 -0.739992 0.985529 -0.422557 -1.74097 -1.55378 -1.00186 -8.93706 3.36572 1.49312 3.50875 1.5132 1.47657 -6.72171 -0.943946 4.29242 -0.158664 -2.12664 -6.80605 1.54243 0.737637 -0.733474 -0.511521 -0.34576 0.277137 -0.267329 -1.00855 -1.0142 0.483577 1.36682 -0.722846 -0.192415 -0.148495 0.212952 -0.231444 0.183788 -0.00104354 0.0970122 0.478229 0.208487 0.166766 0.270955 0.632649 1.04357 0.566419 0.244122 0.229437 0.152922 0.184475 0.343679 2.2639 1.591 -0.493019 -0.264144 -0.0984358 0.364942 0.29723 0.359222 0.984271 0.10558 0.575292 2.15279 1.48438 0.678892 -0.439014 -0.00524796 0.297695 0.420945 -0.579786 0.0778569 -0.947684 -1.13347 -2.14861 21.3125 10.8864 3.44463
