 1000 0.00285545 -0.000603263 -1.02713e-09 -0.000142916 0.000115251 -2.37448e-06 -1.95445e-07 1.60085e-06 -8.17349e-05 -4.7194e-06 0.000108401 3.24049e-10 -1.52701e-05 2.0233e-07 -2.80483e-10 -6.57754e-06 4.85234e-07 -1.01013e-09 -1.98486e-05 8.78636e-06 -6.77728e-10 8.71804e-06 -1.70085e-06 2.33067e-05 -0.000332501 8.40786e-05 -5.81402e-05 -0.000221647 0.000250241 -4.87225e-06 -1.25571e-06 4.13789e-06 0.000100669 -9.68423e-05 0.000150009 -7.99289e-05 -6.50512e-06 1.02904e-06 -0.000138881 1.41926e-05 1.32536e-06 -1.95799e-05 -8.81093e-05 1.2104e-05 -4.55175e-06 -1.13916e-05 1.8069e-05 7.75068e-05 -6.14181e-05 -0.000294707 0.000239003 -7.30548e-05 8.22852e-05 0.000117324 -0.000146288 -5.66214e-05 1.58011e-05 -5.45037e-05 5.52309e-05 -3.75548e-06 3.16281e-07 2.60636e-05 4.878e-06 -2.8962e-07 6.0073e-06 -4.76126e-06 1.38089e-06 8.22356e-07 -1.19193e-10 -4.21938e-06 1.62891e-06 3.77238e-06 1.2651e-07 -5.02605e-06 1.0781e-05 8.85035e-07 -2.26714e-05 2.29778e-06 1.60143e-06 -1.37977e-05 -9.50001e-06 -0.000359489 2.85428e-05 7.37378e-06 -9.0007e-07 -1.02581e-05 -1.80515e-06 -7.91459e-07 2.61745e-06 6.4444e-06 -0.000100253 -0.000163252 -0.000230326 -0.000108384 -2.83599e-06 0.000176116 0.000474212 -0.000255821 -0.000116664 -8.24727e-05 6.29845e-05 -6.31982e-05 1.40926e-06 9.43208e-05 0.000127209 5.67636e-05 -6.98168e-05 -0.000167018 0.000241951 -0.000140004 2.50522e-05 -2.75976e-05 -9.0546e-06 1.19574e-05 3.52773e-05 1.72921e-05 -2.18496e-05 5.37712e-05 -4.47546e-05 1.47108e-05 -5.35446e-06 -6.50666e-06 1.11482e-05 9.88867e-06 -1.24554e-05 -1.79728e-05 0.000164678 -0.000128757 8.96238e-05 -4.00694e-06 1.57268e-05 2.869e-05 6.22479e-06 2.95159e-05 -3.28406e-05 3.00426e-05 1.81487e-05 2.74752e-05 -2.66224e-05 -8.23705e-05 5.27458e-05 2.18872e-05 1.85732e-06 7.40099e-06 -3.0591e-05 4.46905e-05 3.91696e-05 2.48733e-07 3.27111e-05 7.95521e-06 -5.1772e-05 -1.22585e-05 -3.04825e-05 2.65282e-07 1.64043e-06 3.80701e-06 7.02876e-07 -3.9445e-09 2.04634e-05 3.6793e-05 3.62917e-05 -0.000664543 8.40076e-05 -5.68115e-05
 0.00285545 485.93 -101.528 0.000138652 27.7567 -22.3814 0.478448 0.174317 -2.80167 15.2671 1.12818 -26.2349 -8.95043e-05 2.52963 -0.0234079 -4.99358e-05 2.26766 -0.120711 2.60947e-05 1.54893 -0.689369 2.3404e-05 0.172865 -0.0498389 16.8314 35.7972 -9.39669 6.10004 23.6434 -26.7151 13.2767 2.22862 -9.53785 9.03289 14.6258 -24.466 7.83942 1.20673 -0.143109 19.2492 -2.23085 -0.185044 9.9431 7.4531 -1.21743 1.31306 2.67291 -4.28323 1.97337 8.23263 14.5057 -13.7633 1.99393 -3.56314 1.27547 -1.1613 6.79234 2.80289 7.89651 -10.992 0.645632 -0.0564734 -1.74863 2.21564 -0.00257866 -2.43158 0.376107 -0.106538 -0.123633 -2.40832e-05 1.22908 -0.435751 0.292046 0.0201662 -0.441596 -0.83685 -0.0253174 0.932838 -0.0320908 -0.112952 0.940796 -1.38785 3.10359 -0.230983 1.71376 -0.183188 0.504672 0.13023 0.0332769 -0.164893 1.44731 -3.82684 10.2684 18.3997 10.7461 2.01787 -31.1909 17.9049 -8.37908 17.8972 11.8702 -1.10365 -1.45713 -2.09592 -4.8616 3.25163 3.49316 1.57569 -8.86138 3.39029 -1.20177 0.397448 -1.52631 -1.01622 -0.897578 -1.11577 -0.0352113 1.97594 0.372423 -0.929599 -0.00241812 -0.00760793 -0.219389 -1.20653 0.227357 -0.319725 -1.23752 2.97798 -6.00764 2.59564 -0.666724 -0.510476 -1.06365 -3.80746 -1.38214 -2.21786 -1.49049 -1.72517 0.0773708 -0.0696845 -0.993279 -1.80302 -2.06366 -0.528588 -0.375295 -2.17967 0.084342 -1.77952 -3.38622 -0.629086 -0.0667207 -2.03517 -0.409602 -1.13612 -1.07305 -1.00325 -1.04721 0.455781 -0.172525 -2.15877 -4.97368 -5.09905 89.3463 -37.1218 4.54877
 -0.000603263 -101.528 22.3484 -2.93413e-05 -5.8605 4.72556 -0.104836 -0.0379617 0.612629 -3.2222 -0.238241 5.54023 1.96665e-05 -0.55069 0.00497946 1.08287e-05 -0.490822 0.0260468 -5.54345e-06 -0.340845 0.151568 -4.91748e-06 -0.048397 0.0130471 -3.54769 -7.54803 1.98132 -1.28991 -4.98611 5.63391 -2.795 -0.473806 2.02569 -1.90439 -3.08597 5.16212 -1.65788 -0.264446 0.0306431 -4.05781 0.460507 0.0390812 -2.10081 -1.5855 0.258577 -0.281646 -0.569847 0.913249 -0.418173 -1.7337 -3.05477 2.89849 -0.421886 0.750345 -0.269411 0.245513 -1.43114 -0.591 -1.66431 2.31686 -0.136477 0.0119394 0.369968 -0.46674 0.000482482 0.514796 -0.07908 0.0223983 0.0261308 5.30321e-06 -0.279931 0.0985725 -0.066698 -0.00449987 0.0999962 0.174529 0.00500874 -0.18876 0.0056227 0.0234552 -0.195336 0.29482 -0.653263 0.0486025 -0.36216 0.03871 -0.107385 -0.0274413 -0.00700561 0.0347389 -0.304893 0.806295 -2.16107 -3.87632 -2.26589 -0.420957 6.57293 -3.77762 1.76697 -3.76997 -2.49924 0.232517 0.30733 0.441308 1.02374 -0.686146 -0.736676 -0.33171 1.86862 -0.716007 0.253733 -0.0840844 0.321904 0.214405 0.188958 0.234964 0.00705067 -0.416148 -0.0788916 0.196027 0.000501238 0.00155657 0.0463841 0.253853 -0.047892 0.0674789 0.260993 -0.628995 1.26703 -0.547634 0.140439 0.107432 0.22405 0.802394 0.291143 0.467144 0.313531 0.363102 -0.0167858 0.0143792 0.20993 0.379989 0.434995 0.111093 0.078952 0.45942 -0.0182066 0.375091 0.713187 0.13223 0.0138709 0.429087 0.0859474 0.2394 0.225849 0.211382 0.220619 -0.09602 0.036338 0.454993 1.04903 1.0744 -18.852 7.85489 -0.957139
 -1.02713e-09 0.000138652 -2.93413e-05 1000 -0.000916199 0.000741295 -3.83389e-06 -9.23683e-07 2.05238e-05 4.45809e-05 3.96114e-06 -8.92278e-05 6.2756e-10 -1.07089e-05 2.49002e-08 1.25358e-10 -5.37106e-06 2.59813e-07 1.28324e-11 -1.39119e-05 6.02208e-06 1.86477e-10 -1.58458e-05 3.30155e-06 5.63331e-05 3.35013e-05 -9.3246e-06 -4.8751e-06 -1.34006e-05 1.49371e-05 0.0001518 1.41389e-05 -6.70497e-05 0.000202404 -2.44478e-05 2.48548e-05 2.16532e-05 -4.49101e-06 1.34858e-07 8.41805e-06 -5.13062e-07 3.3194e-07 7.693e-05 -6.93677e-06 -1.66415e-07 -1.08193e-07 9.46219e-07 -1.63407e-06 1.48491e-05 2.15278e-05 -4.22114e-05 2.33538e-05 -3.36674e-05 -2.47257e-05 0.000111861 -0.000129038 3.15863e-05 -1.97126e-05 4.40515e-05 -3.92484e-05 -7.75321e-07 -1.08898e-07 3.77564e-05 -5.47902e-05 3.94347e-06 -8.83617e-05 -5.48259e-06 1.50657e-06 7.97679e-07 2.40003e-10 -2.82782e-05 8.94995e-06 -5.88532e-06 -2.57249e-07 7.42917e-06 -1.46448e-05 -1.44506e-06 3.5145e-05 1.59511e-06 2.1114e-07 -2.19438e-06 -1.1618e-05 -0.000144703 1.12919e-05 2.36951e-05 -2.51406e-06 -8.43298e-07 -4.98285e-07 -3.0591e-07 8.10472e-07 -3.00791e-05 -6.76792e-05 -2.9092e-05 -3.05992e-05 -1.05352e-05 3.98543e-06 7.43833e-05 -2.59432e-06 -4.43462e-05 2.03929e-05 6.52867e-06 -1.2501e-05 5.45418e-06 5.05191e-05 -2.31856e-05 0.000104491 -4.188e-05 -7.13174e-06 -1.17854e-05 -6.50849e-06 6.86066e-06 8.51594e-06 2.33545e-05 2.48257e-07 2.95868e-05 -2.50173e-05 -7.25013e-06 7.52156e-07 3.61131e-05 -3.19301e-05 -1.80284e-05 4.22253e-05 4.1737e-05 3.50845e-05 -8.51102e-05 -0.000207465 -7.37473e-05 0.000132302 -2.9923e-05 0.000136456 -1.04503e-05 4.90556e-06 3.19049e-05 2.59472e-05 1.43085e-05 -5.09117e-07 2.74457e-05 -8.18993e-06 5.58174e-05 -5.01652e-05 -0.000122755 -9.72075e-07 -6.14393e-05 6.85706e-05 6.85748e-05 4.89273e-06 -2.32642e-06 -6.44928e-06 -2.08483e-05 6.74711e-05 4.60998e-05 -0.000110946 5.21778e-05 -2.89472e-05 -3.37158e-06 -1.50576e-06 -1.67687e-06 -4.9235e-06 2.49466e-06 -1.50215e-05 -4.91871e-05 -6.30982e-05 0.000482067 -6.35472e-05 4.0609e-05
 -0.000142916 27.7567 -5.8605 -0.000916199 406.681 -326.475 -0.299864 -0.094141 2.01704 9.83166 0.749731 -17.3724 0.000121503 -2.00076 -0.00675199 3.22715e-05 -0.850747 0.0289614 4.05792e-05 -3.73664 1.62183 6.40581e-05 -3.97101 0.835844 10.8464 21.7938 -5.7319 4.08759 14.9792 -16.9305 14.6145 0.268053 -2.13785 8.62837 9.2707 -15.7132 3.99965 -1.1422 0.00140132 9.85273 -2.68356 -0.0834288 6.58564 2.35187 -0.475074 -0.295787 0.0340417 -0.0393091 -1.2784 2.63917 -1.39117 0.130441 2.06899 -3.33833 0.642927 -0.436954 5.61136 1.6575 5.62694 -7.66913 0.340183 -0.0272798 -1.80236 -1.57356 0.251671 -8.51119 -0.747211 0.216255 0.0925686 4.9947e-05 -4.94377 1.56272 -0.774678 -0.033455 1.01516 -1.66705 -0.113919 3.0509 -0.0220989 -0.0520359 0.444264 -3.4814 -0.806704 0.0836662 2.12782 -0.226073 0.472549 0.0607753 0.0146222 -0.0760393 0.80499 -1.52623 1.91276 2.79139 1.31914 2.13846 1.75138 -1.78245 -0.753538 4.56167 1.08767 -1.26379 -0.790748 0.716883 -1.84838 3.11872 -0.408288 -0.753748 -0.874192 1.13172 0.0598612 -0.558583 -0.95548 -1.72432 0.2605 0.230828 -0.194585 0.313145 2.33027 -1.31173 -1.65937 -0.426248 -0.345818 2.82443 2.68037 -1.88464 -1.56385 3.84082 -7.65772 3.29688 0.360424 0.0741555 -0.529312 -0.978413 -0.639233 -0.00901572 -0.11566 -1.33888 0.641312 0.832661 0.344019 -0.693314 -1.48452 0.0870951 0.0574803 -0.292334 0.732221 -0.792559 -3.11939 -0.0488338 1.56349 -1.85263 0.362256 -0.728776 -0.480331 -0.424064 -0.416714 0.160142 -0.0755564 -1.80616 -3.998 -4.33288 72.2363 -27.482 3.97966
 0.000115251 -22.3814 4.72556 0.000741295 -326.475 264.54 0.240119 0.0753633 -1.61649 -7.92825 -0.604658 14.0109 -9.7714e-05 1.60766 0.00545729 -2.59279e-05 0.681639 -0.0231499 -3.27338e-05 3.00837 -1.30573 -5.16397e-05 3.19753 -0.673028 -8.7431 -17.5702 4.62105 -3.29753 -12.0764 13.6496 -11.7808 -0.217685 1.72949 -6.95623 -7.47452 12.6687 -3.22499 0.917857 -0.00099715 -7.94099 2.16061 0.0672606 -5.30949 -1.89974 0.383473 0.236801 -0.0293854 0.0348404 1.03157 -2.12733 1.12181 -0.105503 -1.6685 2.69158 -0.518359 0.352284 -4.52267 -1.336 -4.53614 6.18227 -0.274482 0.022015 1.45318 1.26922 -0.202942 6.8629 0.602612 -0.174403 -0.074763 -4.01905e-05 3.97795 -1.25737 0.622548 0.026878 -0.815825 1.34297 0.0916936 -2.45607 0.0174307 0.0418466 -0.357281 2.80775 0.64946 -0.0673873 -1.71582 0.182299 -0.381082 -0.0489927 -0.0117848 0.0612949 -0.648498 1.23029 -1.5415 -2.24974 -1.06326 -1.72359 -1.41194 1.43708 0.607878 -3.67893 -0.876869 1.01919 0.63732 -0.578235 1.49026 -2.51458 0.32929 0.607555 0.705049 -0.912163 -0.0484812 0.450177 0.770142 1.39006 -0.210066 -0.185689 0.156844 -0.252437 -1.87862 1.05758 1.33794 0.343457 0.278703 -2.27709 -2.16014 1.52037 1.2611 -3.09701 6.17333 -2.65832 -0.290487 -0.059811 0.426541 0.788652 0.515263 0.0071229 0.0929656 1.07923 -0.517302 -0.67119 -0.276739 0.559021 1.19712 -0.0706582 -0.0466833 0.235628 -0.590343 0.639122 2.51447 0.0389715 -1.26061 1.4939 -0.292526 0.587526 0.387096 0.34186 0.335929 -0.129042 0.0608736 1.45613 3.2237 3.49315 -58.2472 22.1711 -3.20764
 -2.37448e-06 0.478448 -0.104836 -3.83389e-06 -0.299864 0.240119 999.849 -0.0913464 0.887971 -0.110664 -0.0200901 0.525627 1.38666e-05 -0.281718 -5.93511e-06 7.68751e-06 -0.243243 0.0107838 -1.09965e-06 -0.302966 0.131367 2.06912e-06 -0.32636 0.06849 0.17662 0.725131 -0.188831 0.0613917 0.776112 -0.877636 1.0095 -0.13153 0.431535 1.0439 0.0985154 -0.234451 -0.0352145 -0.140102 0.00512005 0.000407044 -0.10496 0.00123523 0.0575723 -0.408381 0.0495824 -0.120186 -0.149832 0.240557 0.163326 -0.316108 -0.470915 0.459819 -0.110988 -1.74242 0.800614 -0.7687 -0.217006 -0.41334 0.204241 0.033486 -0.0662002 0.00630715 -0.0145845 0.0306724 -0.0053266 0.193228 0.00164658 -0.00038819 -0.00517594 4.83813e-06 -0.489186 0.154911 -0.164542 -0.0077028 0.229331 -0.22277 -0.0316837 0.765642 0.0251977 0.00370378 -0.0347401 0.140787 -0.659715 0.0506208 -0.257187 0.0266198 0.0316601 0.00205659 -0.000185413 -0.00188916 -0.326978 -0.318418 -0.273267 -0.324425 -0.128059 0.00595373 0.758303 0.680676 -1.04295 -0.0122442 0.0576688 0.30086 0.383832 -0.0824936 -0.131178 0.160984 0.190356 -0.250094 -0.0181652 -0.0129842 -0.0300271 -0.0477454 -0.0599901 -0.029763 -0.0687849 -0.110267 0.351959 -0.55243 0.112073 -0.0058335 0.0332844 -0.0457464 0.0780132 -0.0320976 -0.0470145 -0.0579303 -0.142298 0.118197 0.297734 -0.23204 0.0439415 0.0582594 0.116576 -0.57183 0.221839 -0.167019 0.0782623 0.191711 -0.401036 -0.121185 -0.0387792 0.329062 -0.158125 0.182377 0.212103 -0.0262724 0.0542495 0.0338775 0.0663797 0.0512322 0.347621 0.426636 0.0650015 -0.112303 -0.0865374 0.0273291 0.0289434 -0.0735125 0.0274852 -0.378722 -0.585902 -0.94925 7.7552 5.13305 1.38935
 -1.95445e-07 0.174317 -0.0379617 -9.23683e-07 -0.094141 0.0753633 -0.0913464 3.892 -54.5585 -0.0429026 -0.00732475 0.188424 4.23969e-06 -0.083707 -1.50555e-05 2.51293e-06 -0.0727956 0.00322337 1.74552e-07 -0.0763206 0.0330834 9.72684e-07 -0.105854 0.0223158 0.0109677 0.381613 -0.0977165 0.0253131 0.253249 -0.286216 0.257287 -0.053906 0.188279 0.21995 0.121128 -0.212362 0.00424836 -0.0420535 0.00120653 0.0213636 -0.0340426 1.57983e-05 -0.0086586 -0.0999536 0.0119901 -0.0338614 -0.0450683 0.0724386 0.0525788 -0.118963 -0.208488 0.196393 0.0269407 -0.61267 0.14295 -0.107195 -0.0644736 -0.141568 0.0458708 0.0376863 -0.0228306 0.00259151 -0.0891777 0.0760741 -0.00216088 0.00171582 0.0010781 -0.000259264 -0.00210395 1.60689e-06 -0.152401 0.048295 -0.0508578 -0.00236872 0.0704978 -0.0862221 -0.0116598 0.278485 0.00368837 0.000640411 -0.00684228 0.0596132 -0.027596 0.00214124 -0.0616229 0.00635995 0.0153484 0.00124878 0.000548591 -0.00181183 -0.102681 -0.113719 -0.0606547 -0.0488979 -0.00680194 0.0101218 0.504674 -0.132608 -0.335574 0.0176762 0.0472078 0.335472 0.124258 -0.0395759 -0.238535 -0.0691086 0.132422 -0.0691337 0.0173623 -0.0134711 -0.0248903 -0.0325437 -0.0403852 -0.0162299 -0.0320997 -0.0942661 0.208444 -0.16865 0.0147228 -0.0205083 0.0585611 -0.0292804 0.0336795 -0.0181174 0.00646031 -0.00746656 -0.0989001 0.0162275 0.0276561 -0.0539864 0.0278957 0.0392728 0.0366318 -0.124893 0.0289845 -0.010715 0.00748788 -0.0411714 -0.115982 0.0465759 0.0899379 0.0966179 -0.0142398 0.0364064 0.0100367 -0.0594128 -0.0700779 0.139876 -0.0345691 0.112492 0.181839 0.0488926 -0.0663945 -0.0435569 -0.0283098 0.00655214 0.012483 -0.0239473 0.00859284 -0.12548 -0.148668 -0.279447 2.59233 1.68449 0.460925
 1.60085e-06 -2.80167 0.612629 2.05238e-05 2.01704 -1.61649 0.887971 -54.5585 991.429 0.912782 0.146825 -3.74229 -7.97655e-05 1.58476 -5.84079e-07 -4.60414e-05 1.36858 -0.0608214 -1.48699e-06 1.42841 -0.619388 -1.76346e-05 1.95644 -0.412602 -0.211747 -6.73063 1.724 -0.392275 -4.42499 5.00093 -4.62371 1.02761 -3.60908 -3.97303 -2.05641 3.62163 -0.0662745 0.838201 -0.0254411 -0.436382 0.677827 -0.000413994 0.161315 1.96008 -0.236777 0.66398 0.866393 -1.3938 -0.996364 2.1325 3.74561 -3.52518 -0.416197 10.973 -2.60424 1.97158 1.16603 2.53805 -0.808707 -0.691663 0.420529 -0.0475217 1.5709 -1.35569 0.0393378 -0.0653681 -0.0248372 0.00621641 0.0393609 -3.09287e-05 2.88404 -0.914903 0.972377 0.0455804 -1.34976 1.56156 0.211077 -5.04005 -0.0695148 -0.0148292 0.150234 -1.20469 0.577748 -0.0440357 1.127 -0.11632 -0.282682 -0.0222152 -0.00982867 0.0323014 1.83122 2.03339 1.08031 0.882848 0.148487 -0.164788 -9.04825 2.31565 5.99508 -0.170101 -0.735096 -6.04085 -2.23251 0.707276 4.26057 1.23193 -2.37156 1.24761 -0.328996 0.231406 0.449861 0.585366 0.725487 0.290715 0.566133 1.6726 -3.74138 3.02699 -0.26405 0.358528 -1.05698 0.521799 -0.613067 0.323173 -0.120743 0.127237 1.76392 -0.281878 -0.519665 0.970942 -0.504319 -0.706984 -0.661424 2.24077 -0.528136 0.197406 -0.131875 0.737003 2.08841 -0.826419 -1.61659 -1.74903 0.246631 -0.652881 -0.183924 1.06295 1.25778 -2.51899 0.620319 -2.01673 -3.26516 -0.883962 1.20007 0.783921 0.510788 -0.121653 -0.22765 0.429978 -0.153566 2.24857 2.64271 5.00892 -45.9055 -30.9944 -8.30092
 -8.17349e-05 15.2671 -3.2222 4.45809e-05 9.83166 -7.92825 -0.110664 -0.0429026 0.912782 898.088 -6.99813 146.607 0.000112692 -2.34661 0.00160457 5.30934e-05 -1.86252 0.084477 2.65105e-05 -2.87743 1.25241 2.4308e-05 -2.93489 0.621863 5.79893 6.26355 -1.68966 1.52933 5.23398 -5.9189 6.67802 0.460026 -2.28637 5.56967 3.25269 -5.70164 2.24699 -0.376211 -0.00622855 4.59472 -1.4079 -0.0327372 2.76432 0.924114 -0.185515 -0.0701122 0.000587972 0.00350552 1.43899 0.745248 -5.45363 3.74015 0.0817354 -2.75917 2.55944 -2.735 3.40942 2.15638 1.15688 -2.80861 0.682837 -0.0544209 -2.81402 4.46978 -0.00821716 -4.86101 -0.111985 0.0330895 -0.0426123 1.90838e-05 -2.85491 0.902537 -0.354411 -0.0111409 0.371683 -1.1482 -0.0928832 2.59464 -0.368153 -0.207378 1.72618 -1.62792 -5.48865 0.441966 0.227016 -0.0267754 0.723476 0.000243191 -0.0118978 0.0117149 -0.471476 -8.9963 1.34668 7.10621 6.99187 8.69397 -7.88984 -4.80773 3.4162 11.11 3.59315 -9.46417 2.92135 -1.61818 -3.30086 3.14077 8.75402 13.4269 -16.8692 2.00647 2.00658 0.779997 -0.369002 -0.73873 -0.947732 2.67275 -5.19527 0.399448 3.27415 -3.44002 0.922046 0.0624772 -1.72965 0.0716863 -0.384784 1.15003 -5.16004 9.32484 -10.2933 6.96694 -1.96887 -0.81774 1.47575 -5.39725 0.500378 -3.31494 -1.18599 1.27789 -0.193893 -0.398386 -0.95175 -1.01354 -1.25889 1.27151 0.0689675 -2.62357 0.308444 1.00973 -1.21807 0.24295 -1.87375 1.32428 2.02231 -1.32479 -2.68048 -0.896873 -0.834751 0.125962 0.0104839 -0.956174 -1.50997 2.15606 42.7308 -20.7615 1.80827
 -4.7194e-06 1.12818 -0.238241 3.96114e-06 0.749731 -0.604658 -0.0200901 -0.00732475 0.146825 -6.99813 2.31536 -33.5899 8.00998e-06 -0.163693 7.50577e-05 4.23853e-06 -0.135951 0.00607849 2.15638e-06 -0.22287 0.0968758 2.02648e-06 -0.226947 0.0479633 0.215738 0.77842 -0.2019 0.1446 0.558284 -0.630977 0.418266 -0.0116251 0.0144804 0.144617 0.394199 -0.651929 0.142213 -0.0385813 -4.76619e-05 0.10762 -0.0528834 -0.000998878 0.0173456 0.0837413 -0.0124701 -0.023487 -0.0232987 0.0378342 -0.0753772 0.0370395 0.01251 -0.0200218 0.0996683 -0.32304 -0.0498588 0.0906576 0.14998 -0.0375672 0.172351 -0.180108 0.012915 -0.00119503 -0.0601332 0.103382 0.00056305 -0.145145 -0.00374029 0.00115728 -0.00220805 1.58375e-06 -0.203219 0.0642681 -0.0418579 -0.00168378 0.0516734 -0.0176124 -0.000675911 0.0236326 -0.0166446 -0.00881686 0.0724553 -0.133092 0.287822 -0.0217068 0.0377924 -0.00421029 0.0344601 0.00285594 0.000988806 -0.00387648 -0.0528899 -0.5186 0.286171 0.775929 0.616095 0.678325 -0.408163 -0.202674 -0.153938 0.377256 0.107231 -0.156396 0.38772 0.0201096 -0.480379 -0.262404 0.141138 0.422946 -0.222722 -0.0213918 -0.0410593 -0.0223334 -0.0489194 -0.0587008 -0.0780205 0.0595684 -0.16198 -0.0444508 0.109529 -0.106366 -0.00984988 -0.0324853 -0.0633009 -0.00799203 0.0511736 -0.0219254 -0.149324 0.307365 -0.297245 0.026689 -0.00933045 -0.0459869 0.0371455 -0.243765 0.0272664 -0.0623806 -0.0306907 -0.0300234 -0.0834617 0.0349635 0.00554661 -0.0680018 -0.0651291 -0.00607129 0.0248589 -0.0775433 0.0141536 0.000706232 -0.0970834 0.00888996 0.060618 0.00537881 -0.0199439 -0.0311612 -0.0418657 -0.0255334 -0.0252951 -0.00239945 0.00228909 -0.10074 -0.188978 -0.250087 3.33288 -0.491307 0.276087
 0.000108401 -26.2349 5.54023 -8.92278e-05 -17.3724 14.0109 0.525627 0.188424 -3.74229 146.607 -33.5899 782.669 -0.000192613 3.94447 -0.0020867 -0.000101213 3.29185 -0.147484 -4.9208e-05 5.36022 -2.33023 -4.63249e-05 5.42 -1.14567 -5.11097 -17.9323 4.65355 -3.32991 -12.8748 14.5514 -9.93424 0.344372 -0.603829 -3.51837 -9.03152 14.9509 -3.33877 1.02586 -0.00446403 -2.57535 1.33691 0.0229151 -0.417425 -1.76998 0.267261 0.615641 0.61803 -1.00377 1.72306 -0.910175 -0.0376336 0.296074 -2.19531 7.49302 1.04315 -1.9696 -3.57562 0.783141 -3.96946 4.2047 -0.316314 0.028954 1.53506 -2.51299 -0.0139708 3.53966 0.0707881 -0.022313 0.0572937 -3.88112e-05 4.9246 -1.55842 1.04429 0.0424684 -1.294 0.347904 0.010015 -0.419377 0.380144 0.202606 -1.66565 3.20255 -6.43142 0.483855 -0.875264 0.0975129 -0.78453 -0.0652389 -0.0222448 0.0882068 1.23823 12.1045 -6.70804 -17.9532 -14.0417 -15.5597 9.50298 4.86479 3.54246 -9.6937 -2.69641 3.99979 -8.98357 -0.396097 11.1297 5.90909 -3.53413 -10.1728 5.70735 0.418403 0.87448 0.48261 1.13755 1.3804 1.82447 -1.4602 3.90571 1.00208 -2.61964 2.56167 0.198242 0.747391 1.51543 0.178287 -1.15438 0.46741 3.60429 -7.36914 7.17033 -0.848875 0.283038 1.08236 -0.901171 5.77061 -0.643399 1.54388 0.748982 0.650926 1.92776 -0.784095 -0.0996506 1.58752 1.53636 0.101554 -0.568441 1.86683 -0.331211 -0.051356 2.26719 -0.209584 -1.3231 -0.166553 0.391726 0.761001 1.05205 0.619154 0.611145 0.0504681 -0.053253 2.33641 4.36267 5.63111 -77.7244 12.0102 -6.37237
 3.24049e-10 -8.95043e-05 1.96665e-05 6.2756e-10 0.000121503 -9.7714e-05 1.38666e-05 4.23969e-06 -7.97655e-05 0.000112692 8.00998e-06 -0.000192613 1000 8.01358e-05 -6.01404e-06 -1.02337e-09 4.83305e-05 -1.80185e-06 2.42769e-10 3.63378e-05 -1.56541e-05 -9.75812e-11 4.75038e-05 -9.79665e-06 -0.00027661 -0.00057365 0.000151813 -2.92689e-05 -0.000179963 0.000203321 -7.84303e-05 3.07981e-05 -0.000111669 -0.00013732 6.32687e-05 -9.32499e-05 0.000110269 3.14556e-05 -1.00975e-06 -0.000379798 0.000147059 3.9301e-06 -4.10952e-05 0.000172304 -1.99604e-05 2.6082e-05 3.60141e-05 -5.8268e-05 8.37674e-05 1.13614e-05 -0.000191738 0.000136233 3.07822e-05 5.12583e-05 -6.97122e-06 3.50328e-06 0.000128249 -2.97648e-05 -4.00381e-05 5.60707e-05 -3.60271e-06 3.96638e-07 -3.86505e-05 -4.69527e-06 1.42894e-06 -5.54529e-05 -1.43917e-06 4.23225e-07 -6.36312e-07 -7.32797e-10 7.70803e-05 -2.41012e-05 1.49341e-05 6.59563e-07 -1.89915e-05 3.30331e-05 4.63042e-06 -0.000117211 5.91023e-07 1.25202e-06 -1.1514e-05 -4.43386e-05 0.000229438 -1.73172e-05 1.06073e-05 -9.9301e-07 1.16812e-05 -9.08226e-07 -1.62305e-07 1.07976e-06 -5.95941e-05 -3.86305e-05 5.43802e-05 9.8091e-05 4.57202e-05 2.06663e-05 -1.60508e-05 9.43016e-07 -9.94029e-05 3.86909e-06 8.59177e-06 0.000264111 0.000140196 -0.000144698 -9.14543e-05 4.07659e-05 2.94389e-05 5.27735e-05 4.71259e-05 -1.04281e-05 -9.1685e-05 -7.32256e-06 6.01015e-05 2.51196e-05 -4.94598e-05 -3.08343e-05 -7.39274e-05 4.25063e-05 2.99374e-05 1.47824e-05 -9.50809e-06 -1.65903e-05 -3.28858e-05 2.59151e-06 -1.67594e-05 -2.86275e-05 -3.15668e-05 -3.40997e-05 -2.7052e-05 -3.34125e-05 -8.66617e-06 7.95509e-06 1.83803e-05 3.33227e-05 2.77234e-05 2.57165e-05 1.01631e-05 -7.51188e-06 -4.73867e-05 -5.39634e-05 -2.54992e-05 7.88974e-06 2.57488e-05 -6.85484e-06 -4.19533e-05 -2.71818e-06 -7.87833e-06 1.56941e-06 -6.24667e-06 -6.18898e-06 2.38075e-06 2.63057e-05 3.44079e-05 -1.87383e-05 -5.27295e-06 -1.23833e-05 -8.13202e-06 -2.18112e-06 4.45136e-06 3.38067e-05 6.35963e-05 8.56747e-05 -0.000779238 -0.000330152 -0.000117447
 -1.52701e-05 2.52963 -0.55069 -1.07089e-05 -2.00076 1.60766 -0.281718 -0.083707 1.58476 -2.34661 -0.163693 3.94447 8.01358e-05 998.07 -2.51385 1.72332e-05 -1.07549 0.0407771 -9.5848e-06 -0.681608 0.292838 -4.46043e-06 -0.905676 0.185359 8.04066 13.7353 -3.66291 0.764756 4.45909 -5.03911 2.68214 -0.64316 2.2522 4.52632 -0.540241 0.553847 -3.25675 -0.808132 0.0296509 7.4824 -3.27744 -0.0825154 1.10988 -4.76433 0.5547 -0.619214 -0.872314 1.40952 -1.77303 0.841556 3.92335 -3.17512 -1.24045 -0.616812 1.01373 -1.14441 -3.61847 1.38665 0.792792 -1.53235 0.0546827 -0.0052317 0.853644 0.203871 -0.0298888 1.06081 0.0138205 -0.00408206 0.0203944 1.42738e-05 -1.61656 0.50355 -0.273713 -0.0114318 0.333214 -0.762108 -0.101976 2.59144 0.000453663 -0.022507 0.213468 1.21628 -8.3699 0.646879 -0.187472 0.0166316 -0.305471 0.0188731 0.00358964 -0.0226555 1.75338 1.83609 -1.03171 -2.29495 -1.07357 -0.444236 0.910701 0.314665 1.96332 -0.194732 -0.212261 -4.98197 -3.76933 2.54458 3.26846 -0.740986 -0.704456 -1.58543 -0.285216 0.465261 1.89908 0.241616 -1.37193 -1.07456 1.59087 1.06182 1.85017 -0.919507 -0.660897 -0.197275 0.226499 0.294335 0.656313 0.01606 0.455066 0.640871 0.740775 0.584289 0.68089 0.720918 0.18718 -0.294665 -0.634391 -0.889535 -0.567402 -0.497595 -0.339298 -0.0287863 0.592174 0.636548 0.189112 -0.0092664 -0.238283 0.237212 0.775766 -0.000134538 0.0754571 -0.228776 0.0897648 0.0867165 -0.183423 -0.944363 -1.30217 -0.0171864 -0.0366533 0.119415 0.0495608 0.169748 -0.136686 -0.600864 -1.24329 -1.58402 14.1498 5.4189 2.06387
 2.0233e-07 -0.0234079 0.00497946 2.49002e-08 -0.00675199 0.00545729 -5.93511e-06 -1.50555e-05 -5.84079e-07 0.00160457 7.50577e-05 -0.0020867 -6.01404e-06 -2.51385 0.823407 2.24091e-07 -0.00609714 0.00031883 2.08339e-08 -0.00274977 0.00121488 5.34383e-08 -0.00405202 0.000885311 -0.0312722 -0.0553273 0.0146878 -0.0055862 -0.0233716 0.0264112 -0.0120306 -0.000146436 0.00150359 -0.0171407 -0.00467288 0.00884425 0.000776538 -0.001862 0.000166644 -0.0362269 0.00781915 0.000383808 -0.0112003 0.00498201 -0.000297437 -5.10572e-05 -0.000755024 0.00118754 0.00281011 -0.00402374 -0.014995 0.0125193 0.00171043 0.000398163 -0.00505484 0.00595742 0.00611665 -0.00535985 -0.00519128 0.00876442 -0.000511167 4.65796e-05 -0.00113514 -0.000938312 5.27494e-05 -0.00125121 4.661e-05 -1.36778e-05 -3.84698e-05 7.11445e-08 -0.00458136 0.00153721 -0.000403658 -1.83334e-05 0.000454711 0.00120182 0.000105204 -0.00302856 -0.000283197 -0.000193262 0.00147494 -0.00416459 0.0283256 -0.0021808 -0.000198808 3.01551e-05 0.000157516 -7.44106e-05 -1.31713e-05 8.83386e-05 -0.00601024 -0.00391267 0.00154558 0.00461285 0.00247543 0.00141881 -0.00166392 -0.00118044 -0.00612864 -0.0012038 0.000852245 0.016528 0.0119722 -0.00808626 -0.0105092 0.00195188 0.00193588 0.00491148 0.00114965 -0.00194033 -0.00619924 -0.000498262 0.00503259 0.00394469 -0.0052893 -0.00365467 -0.0060809 0.00305199 0.00202308 0.000414849 -0.000749699 -0.00102233 -0.00190959 -0.000135406 -0.00158252 -0.00205427 -0.00216787 -0.00219515 -0.00156139 -0.00260042 -0.000507842 0.00112567 0.00239209 0.00324114 0.00207871 0.00162689 0.000964461 -0.000181693 -0.00214779 -0.00203914 6.7762e-06 0.000593191 0.00114639 -0.000796715 -0.00236147 0.000206737 -0.000214239 0.00124157 -0.000130675 -5.9772e-05 0.000768625 0.00326086 0.00409901 0.000202146 0.000166285 -0.000194082 3.23664e-05 -0.000655754 0.000474071 0.00203112 0.0047038 0.00501769 -0.0651274 0.00715593 -0.00567976
 -2.80483e-10 -4.99358e-05 1.08287e-05 1.25358e-10 3.22715e-05 -2.59279e-05 7.68751e-06 2.51293e-06 -4.60414e-05 5.30934e-05 4.23853e-06 -0.000101213 -1.02337e-09 1.72332e-05 2.24091e-07 1000 2.33304e-05 -3.38381e-06 -3.50129e-10 2.50755e-05 -1.07894e-05 -5.62679e-10 2.8878e-05 -5.92623e-06 2.31377e-05 1.02353e-07 -5.09819e-07 -7.96207e-06 -5.04264e-05 5.69382e-05 2.45593e-05 1.41569e-05 -5.663e-05 6.44058e-05 9.32815e-06 -2.02228e-05 -2.07159e-05 6.36683e-06 -9.29074e-08 -0.000125569 3.32764e-05 9.83145e-07 -3.21416e-05 1.3059e-05 -6.79327e-07 7.62916e-06 1.21125e-05 -1.95958e-05 7.17868e-05 -2.85433e-06 -0.000196048 0.000144771 -1.98898e-05 7.70985e-05 2.73604e-05 -4.00476e-05 8.0377e-06 2.79409e-05 -3.75968e-05 2.50489e-05 6.81674e-06 -5.70006e-07 -1.22423e-05 1.56456e-05 -3.95756e-08 -1.76148e-05 -2.34729e-06 6.55103e-07 4.84819e-07 -4.56203e-10 3.49671e-05 -1.09435e-05 9.90441e-06 4.90021e-07 -1.40377e-05 7.72635e-06 1.59976e-06 -4.12483e-05 1.7539e-07 1.18191e-06 -1.08351e-05 -3.37242e-06 -0.000309916 2.51129e-05 1.80057e-05 -1.85512e-06 1.51188e-06 -1.00383e-06 -2.44348e-07 1.25876e-06 -2.63205e-05 3.71882e-05 5.23034e-05 5.56328e-05 2.88532e-05 2.43711e-05 4.37701e-05 -4.5044e-06 -0.000178203 -2.2833e-05 -3.5856e-07 0.000257333 -1.03245e-05 0.000126023 -6.27995e-05 2.96312e-07 6.53856e-05 -3.1328e-05 4.05528e-05 -1.65224e-05 -3.59316e-05 -2.25628e-05 -1.56547e-05 6.26561e-06 8.32892e-06 4.88688e-05 -2.19892e-05 -5.45132e-06 -3.76479e-05 -8.20755e-07 9.53249e-06 9.05804e-06 -7.90747e-06 -4.63821e-06 -2.06721e-05 -8.94605e-06 -1.57417e-05 -3.27164e-05 -2.80676e-05 -5.44694e-06 -9.28812e-06 -1.10593e-06 -2.51521e-06 1.08021e-05 6.39695e-06 -8.33301e-06 -1.05937e-05 -8.24569e-06 -1.44195e-05 -3.33939e-05 -4.17087e-05 -3.14752e-06 6.84855e-06 -5.62702e-06 4.89551e-06 7.74091e-06 -1.24144e-05 2.43532e-05 8.10913e-08 -2.11451e-05 -1.44766e-05 -1.80078e-05 -1.043e-05 -1.97041e-05 -4.21945e-06 -1.00916e-05 -8.60639e-06 6.87402e-06 1.89663e-06 2.48233e-05 4.58276e-05 5.90636e-05 -0.000508432 -0.000335353 -9.09426e-05
 -6.57754e-06 2.26766 -0.490822 -5.37106e-06 -0.850747 0.681639 -0.243243 -0.0727956 1.36858 -1.86252 -0.135951 3.29185 4.83305e-05 -1.07549 -0.00609714 2.33304e-05 996.929 -46.7053 -2.32233e-07 -0.689042 0.29642 3.74992e-06 -0.816464 0.167748 3.54869 3.85052 -1.05302 0.417928 2.65294 -2.99906 1.48719 -0.393253 1.39442 2.36482 0.0570737 -0.259433 -1.12143 -0.456192 0.0167923 3.78411 -1.58168 -0.0377832 1.67474 -2.61478 0.2805 -0.376855 -0.558323 0.900767 -1.43025 1.75399 3.65984 -3.31355 -0.476401 -1.10596 0.566919 -0.561449 -1.91426 0.724201 1.16331 -1.64539 -0.201069 0.0207278 0.14851 0.0941897 -0.0140076 0.521079 0.0328101 -0.00894635 -0.00075438 1.29018e-05 -1.16699 0.364797 -0.286397 -0.0132848 0.386548 -0.560113 -0.0811125 2.07286 -0.0433221 -0.0403793 0.366611 0.517509 0.578987 -0.0568118 -0.385524 0.0379644 -0.119246 0.0294119 0.00609042 -0.0358063 1.55615 0.772305 -1.31141 -2.12265 -1.08046 -0.694121 -0.540551 0.70606 3.78022 0.520686 -0.0273779 -7.1749 -2.47472 -0.132331 4.02408 1.25755 -3.30239 -3.04943 2.60026 -0.145023 1.20158 0.621381 0.203523 -0.342646 -0.548246 0.676922 0.677494 0.153043 0.573328 0.420271 0.0229322 -0.0178477 0.303851 0.175121 0.738398 0.536671 0.644228 0.65717 0.927896 0.514969 0.420131 0.235484 -0.214989 -1.33193 -0.325355 0.00299452 0.169087 0.150223 0.274817 0.339524 0.579158 0.229386 0.247177 -0.279234 0.00425621 0.0908123 0.351174 -0.562586 -0.789172 0.35044 0.265666 -0.235366 -0.629096 -0.502986 -0.228508 0.0232265 0.0642722 0.0144159 -0.120541 -0.634623 -1.1107 -1.49476 13.7316 7.5229 2.27344
 4.85234e-07 -0.120711 0.0260468 2.59813e-07 0.0289614 -0.0231499 0.0107838 0.00322337 -0.0608214 0.084477 0.00607849 -0.147484 -1.80185e-06 0.0407771 0.00031883 -3.38381e-06 -46.7053 3.06589 3.82926e-08 0.0277072 -0.0118879 -1.01841e-07 0.0327071 -0.00667488 -0.17127 -0.190571 0.052009 -0.0226638 -0.132388 0.149662 -0.0729141 0.0171134 -0.0600616 -0.113716 -0.00721103 0.0197535 0.0494438 0.0193912 -0.000668511 -0.184538 0.0731101 0.00185241 -0.0835042 0.116942 -0.0123057 0.0160657 0.0235263 -0.0379694 0.0657836 -0.0842183 -0.176184 0.159507 0.0211024 0.0524113 -0.0271693 0.0269667 0.0872262 -0.0347847 -0.0572681 0.0808672 0.00920929 -0.000953507 -0.00589824 -0.00464613 0.000633204 -0.0231987 -0.00132509 0.000357054 6.31647e-05 -4.85406e-07 0.0484238 -0.0150625 0.0124938 0.000578257 -0.016911 0.0258401 0.00366726 -0.09408 0.0014074 0.00155669 -0.0144472 -0.0259816 -0.0284048 0.0027718 0.0175991 -0.00172861 0.00501757 -0.00141026 -0.000290617 0.00171544 -0.0739866 -0.0385598 0.0607134 0.103165 0.053697 0.0345303 0.0257727 -0.0338063 -0.178606 -0.0302596 -0.000821917 0.342457 0.117948 0.00587481 -0.191543 -0.0600564 0.157262 0.145471 -0.123777 0.00687939 -0.0573939 -0.0294572 -0.00934599 0.0165737 0.0262008 -0.0322795 -0.0322604 -0.00730213 -0.0273293 -0.0200145 -0.000954168 0.000853123 -0.0142385 -0.00837847 -0.0351263 -0.0254652 -0.030465 -0.0315889 -0.0436084 -0.024696 -0.0199243 -0.0111056 0.0104619 0.0636731 0.0156955 -0.000174084 -0.0081609 -0.0073214 -0.0132979 -0.0163227 -0.0272074 -0.0104852 -0.0114035 0.0131921 -0.000229903 -0.00426134 -0.0167793 0.0271266 0.0375244 -0.0165988 -0.0125563 0.0113725 0.0297526 0.0239918 0.0108464 -0.000983938 -0.00293615 -0.000727163 0.00573617 0.0303384 0.0537109 0.0712631 -0.67448 -0.333045 -0.107327
 -1.01013e-09 2.60947e-05 -5.54345e-06 1.28324e-11 4.05792e-05 -3.27338e-05 -1.09965e-06 1.74552e-07 -1.48699e-06 2.65105e-05 2.15638e-06 -4.9208e-05 2.42769e-10 -9.5848e-06 2.08339e-08 -3.50129e-10 -2.32233e-07 3.82926e-08 1000 -6.10605e-07 9.04295e-07 -5.0691e-10 7.31389e-06 -1.5831e-06 6.92356e-05 -5.64008e-06 -1.42844e-08 8.95221e-06 5.63812e-05 -6.37579e-05 7.4523e-05 7.33532e-06 -3.39663e-05 0.000144911 -4.08644e-05 5.56945e-05 -3.88492e-05 -3.69177e-06 3.73967e-07 -5.03501e-05 1.99773e-06 2.33839e-07 -8.77348e-06 -3.87374e-05 5.11571e-06 -2.23829e-06 -1.97942e-06 3.12414e-06 3.7687e-05 1.68542e-05 -8.04851e-05 5.27781e-05 -3.55465e-05 2.08519e-05 6.83942e-05 -8.25617e-05 -3.34261e-05 2.40939e-05 -6.16511e-06 -5.75593e-06 1.29802e-07 1.58609e-07 -2.01149e-05 8.58162e-06 -1.38677e-07 -3.50541e-06 -1.70507e-06 4.74295e-07 3.7065e-07 -1.38244e-10 -6.87921e-07 1.62103e-07 2.46355e-07 5.47429e-08 -1.80455e-06 4.46504e-06 6.15567e-07 -1.3884e-05 2.81481e-07 2.81322e-07 -2.18187e-06 4.07359e-06 -0.000333394 2.64479e-05 9.42378e-06 -1.00101e-06 5.50854e-07 -7.12901e-07 -2.69857e-07 9.90653e-07 -2.35349e-06 -5.36055e-05 -5.38028e-05 -6.62667e-05 -1.90681e-05 1.50436e-05 0.00011323 0.000370806 -0.000205388 -3.46418e-05 -2.22375e-05 -7.29696e-05 -7.1994e-05 0.000121168 2.39241e-05 1.5961e-06 6.56206e-05 -3.96576e-06 -3.484e-05 1.02928e-05 3.23347e-05 -1.36149e-05 -1.3844e-05 -7.01045e-06 -8.60812e-06 4.70474e-06 1.43897e-05 -7.91368e-06 6.14241e-06 -1.00843e-06 1.11117e-05 1.17966e-05 5.05245e-06 3.56319e-06 -1.4057e-05 -8.5813e-06 -2.97776e-06 -4.94138e-07 2.8609e-06 -8.15674e-06 9.97253e-06 -5.03364e-08 -2.3489e-06 -4.67424e-06 -7.02744e-07 -8.18782e-06 2.17534e-06 1.77512e-05 -1.67701e-06 -5.02283e-05 -5.04615e-05 2.23238e-05 1.60253e-05 -6.85495e-06 1.25226e-05 1.97937e-05 -3.20702e-06 3.67741e-05 -7.56712e-06 1.25042e-06 -6.72004e-06 -2.34165e-05 -2.22478e-05 -2.22397e-05 -5.96997e-06 -4.93248e-06 -3.42601e-06 3.1638e-06 5.46171e-08 2.80738e-06 1.04959e-05 2.67949e-06 -5.66722e-05 -3.74355e-05 -1.01513e-05
 -1.98486e-05 1.54893 -0.340845 -1.39119e-05 -3.73664 3.00837 -0.302966 -0.0763206 1.42841 -2.87743 -0.22287 5.36022 3.63378e-05 -0.681608 -0.00274977 2.50755e-05 -0.689042 0.0277072 -6.10605e-07 836.783 -364.268 1.55672e-05 -1.8743 0.3964 -0.893275 4.80858 -1.2113 -0.236138 -0.326759 0.369587 -0.415723 -0.778607 3.02748 -0.215956 2.41721 -3.90992 0.517098 -0.308659 0.00352174 2.07354 -0.643181 -0.0137029 0.191405 -0.29454 0.0243016 -0.283607 -0.351363 0.567837 -0.70098 -0.760423 2.32023 -1.42807 0.946281 -3.22482 -1.25413 1.80318 -0.076836 -1.76379 0.85054 0.108591 -0.189132 0.0201391 -0.352894 -0.964338 0.0295307 0.0167769 -0.0215498 0.00660488 -0.00884516 1.25725e-05 -1.28928 0.412167 -0.536153 -0.0280467 0.813637 -0.769261 -0.103679 2.48552 -0.121245 -0.0491504 0.418142 -1.46354 3.38981 -0.252894 -0.485848 0.0513702 0.117548 0.0417025 -0.00214186 -0.0399349 -0.549906 4.12909 1.24762 -0.262203 -1.486 -0.763383 -33.4468 15.6585 1.52895 2.85447 1.09952 4.077 -6.65987 1.10956 2.40552 -1.03186 0.172526 -1.22249 -0.146882 -0.10419 1.31286 0.267293 0.207443 0.65741 1.02602 0.153781 -0.220207 -0.539444 0.956941 -0.291914 -0.104932 -0.00627006 0.755624 1.49305 -0.402572 0.0270636 0.360288 0.164912 0.841833 -0.885398 0.129361 0.0936788 0.409571 -0.406207 0.185292 0.660107 0.72533 0.439813 0.240546 1.1955 0.949047 -0.345946 -0.267568 -0.890661 -0.0617395 0.128294 0.0325563 1.68115 -0.286852 0.491512 1.08094 0.494822 0.192356 -0.96343 -0.430913 -0.0172462 0.170476 -0.357054 0.0597894 -0.864598 -0.921868 -1.78773 18.9144 10.0121 3.09037
 8.78636e-06 -0.689369 0.151568 6.02208e-06 1.62183 -1.30573 0.131367 0.0330834 -0.619388 1.25241 0.0968758 -2.33023 -1.56541e-05 0.292838 0.00121488 -1.07894e-05 0.29642 -0.0118879 9.04295e-07 -364.268 160.142 -6.81495e-06 0.815797 -0.172529 0.39004 -2.10354 0.529899 0.101934 0.138335 -0.156471 0.180097 0.338586 -1.31651 0.0940259 -1.05902 1.71307 -0.226192 0.132327 -0.00142596 -0.903585 0.279022 0.00598405 -0.0834479 0.124146 -0.0100368 0.122308 0.151638 -0.24505 0.305493 0.332484 -1.01331 0.623557 -0.413566 1.40878 0.548562 -0.78854 0.0328857 0.770129 -0.371993 -0.0466788 0.0821836 -0.00875694 0.155112 0.421126 -0.0129328 -0.00575081 0.00956291 -0.00292709 0.00378554 -5.42469e-06 0.560225 -0.179083 0.232993 0.0121805 -0.353475 0.335247 0.0451915 -1.08343 0.0517069 0.0212261 -0.180555 0.642047 -1.48024 0.110415 0.211442 -0.0223584 -0.0505417 -0.0182122 0.000938783 0.0174369 0.240428 -1.79932 -0.54754 0.10936 0.647599 0.340306 14.6106 -6.84599 -0.664624 -1.24661 -0.482587 -1.77938 2.90846 -0.485324 -1.05021 0.450559 -0.0758389 0.533601 0.0647693 0.0456248 -0.573642 -0.116665 -0.090507 -0.286971 -0.447756 -0.0668217 0.0961708 0.235541 -0.417967 0.127586 0.0459807 0.00270772 -0.32973 -0.651968 0.175941 -0.0116092 -0.157089 -0.0723608 -0.367133 0.386501 -0.0565452 -0.0409403 -0.178797 0.177442 -0.0808368 -0.288403 -0.316917 -0.192265 -0.105239 -0.522085 -0.414078 0.151199 0.116999 0.388674 0.0268171 -0.0561353 -0.0143929 -0.733805 0.125078 -0.214726 -0.471991 -0.216006 -0.084369 0.420565 0.187959 0.00755649 -0.0744123 0.155909 -0.026131 0.377641 0.403467 0.78085 -8.28111 -4.34415 -1.34834
 -6.77728e-10 2.3404e-05 -4.91748e-06 1.86477e-10 6.40581e-05 -5.16397e-05 2.06912e-06 9.72684e-07 -1.76346e-05 2.4308e-05 2.02648e-06 -4.63249e-05 -9.75812e-11 -4.46043e-06 5.34383e-08 -5.62679e-10 3.74992e-06 -1.01841e-07 -5.0691e-10 1.55672e-05 -6.81495e-06 1000 1.99866e-05 -4.42232e-06 0.000113403 -0.000125024 2.95114e-05 1.54955e-05 7.00974e-05 -7.93041e-05 9.99441e-05 1.28791e-05 -5.52668e-05 0.000175107 2.93007e-05 -6.0664e-05 -5.0493e-05 -3.81643e-06 5.82247e-07 -0.000100752 1.22e-05 6.15926e-07 -3.86398e-06 -4.82856e-05 5.93404e-06 -1.02412e-06 -1.83852e-06 2.77798e-06 2.39836e-05 6.73325e-05 -5.32589e-05 1.46029e-05 -5.8259e-05 3.02927e-05 0.000123219 -0.000148178 -4.09825e-05 4.59937e-05 -1.69557e-05 -6.33209e-06 9.02456e-07 8.9362e-08 -1.96934e-05 9.65771e-06 -6.05995e-08 -7.96146e-06 -2.00233e-06 5.73766e-07 5.30937e-07 -2.51398e-10 1.33119e-05 -4.41488e-06 3.88029e-06 2.37311e-07 -6.4695e-06 4.29947e-06 8.99526e-07 -2.07164e-05 9.2442e-07 7.06732e-07 -5.89259e-06 1.16963e-05 -0.000315639 2.51739e-05 6.81144e-06 -7.50229e-07 6.16936e-08 -7.7074e-07 -2.79492e-07 1.05876e-06 9.09388e-06 2.56384e-05 3.61796e-06 -8.74904e-06 1.32568e-06 1.22649e-05 9.43124e-05 8.69e-05 -0.000123363 -4.36585e-05 -2.0205e-05 -2.0114e-05 -8.3007e-07 0.000103124 8.02112e-05 -2.66636e-05 3.63951e-05 -4.3501e-05 0.000117842 -4.07139e-05 3.68061e-06 5.05987e-06 2.82255e-07 -2.57156e-06 7.04887e-06 4.01557e-05 7.1798e-06 -1.39365e-06 -2.57432e-05 2.49208e-05 1.72041e-07 4.6107e-06 -1.50306e-06 4.63175e-06 2.88259e-06 3.07382e-06 1.30305e-06 -1.52678e-05 1.42405e-05 -1.46965e-05 3.05285e-06 -6.84088e-06 -1.41209e-05 -2.12553e-06 9.04118e-06 -4.045e-06 1.266e-05 9.21601e-06 -2.08143e-05 -0.000104804 -7.33603e-05 3.59366e-05 1.8596e-05 3.79532e-06 5.7506e-06 1.17422e-05 -1.06212e-05 -3.00195e-06 3.69999e-06 -1.87179e-05 -2.03818e-05 -3.39979e-05 -4.18498e-05 -2.63093e-05 -1.14811e-05 -1.13619e-05 -1.07668e-05 7.9439e-06 -8.87704e-07 1.16789e-05 1.4843e-05 2.0201e-05 -0.000245446 -0.000149522 -4.24513e-05
 8.71804e-06 0.172865 -0.048397 -1.58458e-05 -3.97101 3.19753 -0.32636 -0.105854 1.95644 -2.93489 -0.226947 5.42 4.75038e-05 -0.905676 -0.00405202 2.8878e-05 -0.816464 0.0327071 7.31389e-06 -1.8743 0.815797 1.99866e-05 955.091 -202.648 -0.776295 12.5935 -3.19503 -0.0273037 0.49937 -0.561107 -3.95155 -1.19041 4.85242 -3.18188 0.748269 -0.976154 0.574713 -0.371307 -0.00122231 3.93698 -1.18073 -0.0309102 -1.52502 0.438516 -0.0288437 -0.300205 -0.368096 0.600045 -0.825198 -2.31092 1.67263 -0.387446 1.65514 -4.60705 -2.77646 3.73714 0.311237 -2.75384 0.728076 0.825057 -0.137225 0.0115755 0.348519 -0.32525 -0.0180272 1.12841 0.039381 -0.0112913 -0.0169486 1.70042e-05 -1.42658 0.459027 -0.462314 -0.0241813 0.68496 -0.744915 -0.107668 2.57598 -0.107282 -0.0552297 0.474936 -0.553268 2.13723 -0.171135 -0.354496 0.0384586 0.0210232 0.0373385 0.00248063 -0.0401776 -0.827847 0.0923776 -0.816514 -1.44127 -1.04482 -0.616548 -9.19938 3.6964 2.48218 2.21457 0.966171 1.27913 -7.16968 -0.560873 4.52941 -0.0274827 -2.24262 -6.92735 1.78209 0.780958 -0.727707 -0.499425 -0.254574 0.347785 -0.31006 -1.01766 -0.959388 0.552375 1.38216 -0.742544 -0.0845505 -0.0765634 0.269116 -0.176313 0.175347 0.0644405 0.119109 0.453615 0.250797 0.140034 0.280692 0.636627 1.02572 0.577827 0.200161 0.219798 0.0987755 0.125261 0.339425 2.44533 1.82372 -0.461179 -0.389501 -0.140699 0.359516 0.31286 0.401284 0.976235 0.125968 0.568902 2.23324 1.52987 0.682018 -0.498631 -0.030971 0.291449 0.414168 -0.503557 0.0753898 -0.958636 -1.16244 -1.98153 21.0587 10.9421 3.41643
