 1000 0.00505759 -0.000220037 7.69367e-09 -0.000413602 5.99188e-05 -3.58968e-09 -6.0453e-06 3.13039e-05 -8.92141e-05 -4.81516e-05 0.000235333 1.68335e-09 -1.18059e-05 1.00504e-07 1.80659e-09 -1.83418e-05 2.03206e-07 2.07504e-10 -3.69696e-05 2.46158e-06 7.77082e-10 -1.76578e-05 5.20722e-07 -0.000277767 -0.000615012 9.35025e-05 -5.48792e-05 -0.000499648 0.000227965 -0.000114783 -0.000127343 0.000177587 -0.000192347 -0.000288043 0.000200255 -4.54897e-05 3.91099e-06 7.31554e-07 -0.000423135 9.02706e-05 3.65849e-06 -0.000154579 7.81423e-06 2.71908e-06 -9.98481e-06 -2.08259e-05 7.04236e-06 2.04798e-05 -0.000196071 -0.000255603 0.000203518 -1.45498e-06 3.62606e-05 -3.78072e-05 5.34775e-05 -0.000130197 -9.03098e-05 -0.000112541 0.000121248 -1.54739e-06 1.17917e-07 5.16636e-05 -2.28358e-06 -1.6404e-06 5.65059e-05 6.37561e-07 -2.1455e-07 -2.66867e-08 1.97049e-09 -3.52146e-05 1.343e-06 -8.45385e-06 -7.62559e-06 2.58474e-05 -3.97778e-05 -8.75385e-06 0.000107701 4.14149e-06 4.41957e-06 -1.76602e-05 -5.78424e-05 0.000210368 -5.17224e-06 -1.01996e-05 7.73143e-07 -4.77579e-06 -1.4152e-06 -4.83804e-07 1.91068e-06 -5.13146e-05 6.41302e-05 -5.5489e-05 -0.00022193 -0.000121252 1.44489e-05 -0.000146195 0.000473746 -0.000144638 -0.000365261 -0.000191963 0.000108966 -1.24286e-05 2.17113e-05 -1.56782e-05 -7.37168e-06 1.33793e-05 -3.35918e-06 -9.75956e-05 0.000160618 -0.000145809 7.03525e-06 3.67818e-06 7.07575e-07 -1.27636e-05 -1.18965e-05 -6.19543e-06 -1.654e-05 6.22509e-05 -6.05885e-05 -1.58525e-05 -2.76481e-05 -1.80966e-05 -1.09953e-05 6.48618e-07 -1.97888e-05 -2.31914e-05 0.0001547 -6.64848e-05 3.70801e-05 -6.55947e-06 1.19907e-05 2.92293e-05 8.77471e-06 4.29583e-05 1.91633e-05 7.50894e-05 4.3046e-05 2.71997e-05 1.76297e-05 1.07658e-05 3.07351e-05 1.29544e-05 5.80052e-06 3.53897e-05 1.15529e-05 5.12128e-05 7.06779e-05 3.41692e-05 4.32548e-05 4.06449e-05 1.45284e-05 3.87527e-05 1.057e-05 2.16104e-05 2.26158e-05 2.29681e-05 -2.05094e-05 4.38648e-06 7.62427e-06 1.58382e-05 -2.45595e-05 -0.000348357 0.000178057 -2.80777e-05
 0.00505759 588.099 -24.0974 -0.000613097 32.0647 -4.64597 0.000391621 0.855878 -4.48219 6.43728 4.01845 -19.6506 -0.000150948 1.02898 -0.006517 -0.000168503 1.67702 -0.0148381 -5.74008e-05 2.14349 -0.144577 -9.83599e-05 1.74381 -0.048062 26.7684 44.4709 -6.85793 3.68298 34.4568 -15.7227 12.1327 10.1417 -14.263 20.7853 22.0321 -15.578 2.62404 -0.223617 -0.056645 31.6632 -6.80693 -0.273465 14.1105 -2.12578 -0.132215 0.97482 1.66486 -0.564081 0.958098 14.2327 14.3702 -12.4354 -1.51407 -0.463687 5.95486 -8.76683 9.65946 8.66384 8.90251 -10.2059 -0.0263457 0.00731298 -4.42161 1.29336 0.100367 -4.7684 -0.176645 0.0620219 0.00513289 -0.000183229 2.97073 -0.110799 0.797342 0.660909 -2.24571 2.92255 0.655095 -8.02721 -0.100963 -0.0761038 0.313062 5.69831 -28.1919 0.774163 1.37171 -0.114031 0.188713 0.0966736 0.0187543 -0.116159 4.96522 -4.21915 3.64653 13.9236 6.96968 -3.02454 -4.5514 1.91059 -5.30173 23.2115 13.0408 -4.03248 -1.70327 -1.76079 2.10706 7.67031 4.22182 -1.44551 -9.24454 5.43198 0.563927 0.403136 -1.7471 -0.549527 1.80543 2.57759 1.26943 1.69925 -1.49807 1.68539 2.01748 1.96285 1.29171 0.799358 1.16302 1.16436 0.773267 -2.34338 -2.52778 2.06996 -0.163599 -0.760579 -2.14714 -2.95 -1.89831 -3.68921 -4.19052 -3.11477 -0.734137 -1.44119 -2.16909 -1.66867 -1.26968 -1.29819 -2.94482 -2.98863 -1.68228 -3.53129 -4.06537 -1.77874 -2.45482 -4.20061 -4.09899 -2.99615 -2.31503 -1.98148 -1.83207 1.98556 -0.403508 -0.346033 -0.807806 1.45842 21.8585 -13.4576 1.37715
 -0.000220037 -24.0974 1.85748 2.59483e-05 -1.35428 0.196225 -1.73123e-05 -0.037831 0.198233 -0.273147 -0.169505 0.828909 7.24954e-06 -0.0502981 0.000275722 7.60211e-06 -0.0780133 0.000657988 2.40081e-06 -0.0962071 0.00647024 4.14246e-06 -0.0779825 0.00213561 -1.13122 -1.87789 0.289601 -0.15799 -1.45498 0.663912 -0.513164 -0.428924 0.603227 -0.878752 -0.930903 0.658223 -0.124108 0.00128802 0.00264093 -1.34075 0.279265 0.0115984 -0.604805 0.0716838 0.00706546 -0.0466592 -0.0780235 0.0263074 -0.0463574 -0.600068 -0.606261 0.524663 0.0621944 0.0185444 -0.252472 0.371768 -0.408741 -0.365974 -0.375971 0.431083 0.00113415 -0.000310286 0.186985 -0.0547219 -0.00425106 0.201916 0.00719587 -0.0025265 -0.00011224 8.27443e-06 -0.135394 0.00497667 -0.035863 -0.0292984 0.0995966 -0.123182 -0.0277038 0.339452 0.00316537 0.00252337 -0.0104702 -0.231805 1.1968 -0.0328799 -0.05796 0.00481841 -0.00808826 -0.00406893 -0.000787168 0.00488687 -0.209758 0.181007 -0.154461 -0.589147 -0.294316 0.133935 0.19242 -0.0843209 0.224317 -0.975758 -0.549734 0.169788 0.072263 0.0738531 -0.0894662 -0.324309 -0.178745 0.0607439 0.390635 -0.230272 -0.0229544 -0.0170748 0.0736829 0.0230455 -0.0765745 -0.109224 -0.0534844 -0.071323 0.062842 -0.0711451 -0.0855504 -0.083051 -0.0547049 -0.0338239 -0.0492342 -0.0492408 -0.0325305 0.0980271 0.107034 -0.0876874 0.00692443 0.0320424 0.0904984 0.124383 0.0797844 0.155477 0.176414 0.131072 0.0306563 0.0607245 0.0916212 0.070302 0.0534956 0.0547733 0.124122 0.126163 0.0708867 0.148719 0.171529 0.0749338 0.103398 0.177269 0.173022 0.12645 0.0976191 0.0835155 0.0772148 -0.083838 0.0170336 0.0145378 0.0338682 -0.0616655 -0.92073 0.566949 -0.0579938
 7.69367e-09 -0.000613097 2.59483e-05 1000 0.00532158 -0.000781288 -4.57139e-09 -8.88077e-06 4.66489e-05 -0.000105613 -6.33183e-05 0.000309427 -1.07878e-09 9.51331e-06 1.60673e-07 1.01135e-09 -5.02992e-06 2.3508e-07 5.2995e-10 -4.55945e-06 4.3026e-07 4.29093e-10 3.19825e-06 7.46175e-09 -0.000384014 -0.000812529 0.000124093 -7.61172e-05 -0.000701662 0.000320321 -0.000157323 -0.000190045 0.000264374 -0.000248806 -0.000526711 0.000362235 5.60059e-05 3.45576e-05 -1.67964e-07 -0.000496856 0.00015005 4.67509e-06 -0.00015778 0.000121096 -4.60106e-06 1.87476e-05 9.14545e-06 -2.52925e-06 5.52089e-05 -0.000165698 -6.69156e-05 8.60558e-05 -2.25113e-05 5.47204e-05 -3.172e-05 4.30686e-05 -0.000175674 -0.000155748 -0.000120706 0.000156685 1.0882e-05 -1.10597e-06 8.99084e-05 1.36044e-05 -7.02386e-06 0.000217407 1.21296e-05 -4.34923e-06 -1.85846e-06 1.69005e-10 9.97951e-07 4.24783e-07 -4.76814e-06 -5.32041e-06 1.78295e-05 -4.44684e-05 -1.16489e-05 0.000141286 3.28887e-06 1.02566e-06 -4.55357e-06 -7.95591e-05 0.000281627 -7.62707e-06 -9.87133e-06 7.59879e-07 -1.17083e-05 -2.16871e-06 -6.27137e-07 2.81337e-06 -0.000113376 6.82399e-05 -2.68097e-05 -0.000199722 -0.000173856 -0.000158645 0.000146351 3.47912e-05 -8.13662e-05 -0.000135017 -2.6587e-05 2.84007e-05 -1.90169e-05 4.18676e-05 -4.14605e-05 7.44635e-05 -4.51291e-05 3.4735e-05 8.96229e-06 -7.2433e-05 4.69799e-06 1.87382e-05 6.61394e-05 -1.62709e-07 1.15136e-06 -6.21719e-05 -1.15987e-05 -3.905e-05 -1.23803e-05 4.61396e-05 -2.18296e-05 4.26747e-05 -3.36526e-05 -0.000112071 -0.000193842 -0.000266906 -7.77209e-05 0.000274617 4.31067e-05 8.29879e-05 -1.65687e-05 1.81789e-05 9.28802e-05 1.02014e-05 5.72311e-05 -8.26412e-06 0.000109024 3.34796e-05 5.46754e-05 -6.1433e-05 -5.92429e-05 -1.77399e-05 -2.80026e-05 0.000100424 0.000108786 2.9313e-05 1.42801e-05 7.76512e-05 7.63447e-05 0.000104219 6.69749e-05 -5.7947e-05 9.03288e-05 2.18365e-05 3.11145e-05 2.97644e-05 2.89797e-05 -3.27615e-05 8.5595e-06 1.38983e-05 3.48086e-06 -6.76314e-05 -0.000503423 0.000149507 -5.8643e-05
 -0.000413602 32.0647 -1.35428 0.00532158 705.339 -101.323 0.000213307 0.446609 -2.3132 5.55738 3.69887 -18.0792 4.58176e-05 -0.429085 -0.00530489 -6.5195e-05 0.358306 -0.00857379 -3.9266e-05 0.510566 -0.0376252 -3.35955e-05 0.0223231 -0.00395127 21.9835 35.3516 -5.46226 2.98516 28.3539 -12.9394 12.4995 8.71731 -12.3332 19.2148 18.9157 -13.4312 -2.78215 -1.62229 0.0119744 22.6561 -6.87519 -0.19265 10.7513 -6.89872 0.28362 -0.626323 -0.416679 0.11809 -2.2079 9.13451 2.91732 -4.32395 -0.332045 -0.881254 3.93133 -5.7549 8.7025 7.44919 8.16594 -9.14606 -0.0539551 0.00913473 -4.03999 -2.28941 0.450816 -12.1673 -0.703749 0.24841 0.0949968 -2.08109e-05 0.104844 -0.0209214 0.250916 0.281279 -0.946994 2.20583 0.564218 -6.8956 -0.0922913 0.0116284 -0.0278979 5.37204 -24.6092 0.680491 1.89707 -0.157621 0.395688 0.0700642 0.0182597 -0.0888737 4.37257 -2.80554 0.189538 5.63065 7.42339 8.69352 -1.35636 -0.527199 -0.0064269 7.18633 1.57602 -2.50525 -0.119051 1.29282 0.226424 4.7597 0.145364 -2.13367 0.2514 2.83369 -0.0598719 -0.591883 -1.78415 -1.54991 2.71181 2.76244 0.353087 0.825394 1.80653 -1.08564 0.111724 1.57893 2.74614 5.66402 3.56057 -0.980175 -0.890752 -0.262083 -5.09379 3.26081 0.701422 -0.765212 -2.17971 -2.78208 -1.43485 -2.48051 -2.27371 -3.17472 -0.233051 0.0655849 -0.544906 -1.41428 -1.66785 -0.764132 -1.69102 -1.16629 -1.23523 -3.33045 -4.58471 -1.14843 -0.561538 -4.03615 -3.4731 -2.88991 -1.98746 -1.6664 -1.49321 1.56693 -0.337778 -0.460502 -1.01427 1.12715 22.9694 -14.0743 1.46576
 5.99188e-05 -4.64597 0.196225 -0.000781288 -101.323 15.5812 -3.1875e-05 -0.0667418 0.34594 -0.805618 -0.535829 2.61901 -5.86245e-06 0.0560282 0.000769097 9.95298e-06 -0.0592739 0.00127436 5.63205e-06 -0.0781363 0.00571826 4.77634e-06 -0.00625135 0.000646254 -3.18577 -5.12234 0.791466 -0.435385 -4.10821 1.87479 -1.81149 -1.2635 1.78758 -2.7846 -2.74075 1.9461 0.389755 0.228444 -0.00152084 -3.286 0.989309 0.0279572 -1.56657 0.98098 -0.0395779 0.0862056 0.0531958 -0.0148142 0.317857 -1.32332 -0.423117 0.626734 0.045741 0.126732 -0.570555 0.835286 -1.2615 -1.07929 -1.1832 1.32521 0.00780362 -0.00132181 0.585381 0.331406 -0.0652936 1.76246 0.1022 -0.0360741 -0.0138301 3.52186e-06 -0.0244033 0.00330725 -0.0387289 -0.0422279 0.142263 -0.319608 -0.0817738 0.999405 0.0122309 -0.00233581 0.00664236 -0.767906 3.57008 -0.0987381 -0.274787 0.0228311 -0.057257 -0.0101414 -0.00264238 0.0128633 -0.633438 0.408405 -0.0286741 -0.816291 -1.07411 -1.25818 0.195753 0.0765252 0.00107095 -1.04124 -0.227502 0.363102 0.0175445 -0.187519 -0.0331396 -0.690009 -0.0213965 0.308767 -0.0363822 -0.410198 0.00855753 0.0856833 0.258224 0.224349 -0.393036 -0.400288 -0.0510929 -0.119226 -0.261562 0.156869 -0.0165026 -0.228985 -0.397824 -0.820109 -0.515389 0.142262 0.129143 0.0375134 0.737651 -0.472418 -0.101488 0.110862 0.315613 0.402914 0.207691 0.35924 0.32915 0.459655 0.0335856 -0.00931586 0.0791969 0.204963 0.241648 0.110599 0.244846 0.169048 0.179066 0.482323 0.664038 0.166283 0.0813176 0.584762 0.503102 0.418602 0.287863 0.241371 0.216279 -0.227033 0.0489294 0.0666541 0.146808 -0.163286 -3.32586 2.03809 -0.212202
 -3.58968e-09 0.000391621 -1.73123e-05 -4.57139e-09 0.000213307 -3.1875e-05 1000 -6.47103e-05 0.000209721 0.000169137 9.91595e-05 -0.000483244 5.00034e-09 -3.77481e-05 -9.98354e-08 3.30323e-09 -4.31802e-05 5.48088e-08 7.70523e-10 -1.7856e-06 -1.88864e-09 9.84127e-10 -3.19162e-05 6.97695e-07 0.00027601 0.000339553 -5.44131e-05 1.48626e-05 0.000290964 -0.000133639 0.00026319 6.33276e-05 -9.62238e-05 0.000513295 -0.000159979 8.48178e-05 -0.000134377 -1.4154e-05 3.71446e-07 -0.000229873 1.80839e-05 9.45333e-07 4.31361e-05 -0.000188378 1.24288e-05 -3.26103e-05 -4.78495e-05 1.47991e-05 3.22688e-05 8.16476e-05 -0.000156273 6.3548e-05 -2.40796e-05 -0.000550104 0.000234878 -0.00030833 -0.000216063 5.34194e-05 7.85673e-05 -6.75758e-05 5.31574e-05 -4.38478e-06 -8.13994e-05 1.94344e-05 2.95086e-07 -2.34071e-05 -2.70985e-06 9.73631e-07 4.20875e-07 4.98481e-09 -8.61355e-05 1.9698e-06 -1.48148e-05 -1.13791e-05 3.95205e-05 -9.04194e-05 -1.39267e-05 0.000178512 -2.23633e-05 -1.05084e-05 4.1983e-05 8.51274e-05 -0.000178596 6.82703e-06 -3.54847e-05 3.35861e-06 3.16704e-05 2.38267e-06 -1.37496e-07 -2.2606e-06 7.20578e-06 0.000150098 -1.21734e-05 -0.000155196 5.08804e-06 0.000116459 0.000902082 -0.00109313 0.000395244 3.87006e-05 4.54375e-06 -8.73776e-05 -0.000270441 0.000354427 -0.000174087 0.000322507 -3.87519e-06 -0.00011915 7.89877e-06 3.21316e-05 4.06402e-06 -1.61967e-05 -1.75908e-05 -1.35811e-06 -1.13883e-05 2.19304e-05 0.000286573 -0.000420546 9.5154e-05 6.23296e-05 2.11877e-05 -5.45759e-05 1.69476e-05 4.59695e-05 -4.52654e-05 -3.00593e-05 -4.08867e-05 0.000230781 9.71546e-05 4.3326e-05 -0.000115224 -1.25747e-05 -1.91389e-05 -3.61701e-05 -5.05283e-05 7.39465e-05 -5.37718e-05 -7.65776e-06 -7.86027e-05 -0.00025616 -0.000107387 5.53114e-05 -0.000207373 0.00016292 0.000104134 3.54655e-05 3.87579e-05 0.000119149 -0.000193587 2.4914e-05 -0.00027224 7.02722e-06 0.000275959 -0.00010096 -4.00201e-05 -3.18465e-05 -2.26597e-05 1.86252e-07 -9.03625e-07 -3.15979e-05 -7.62941e-05 -4.34767e-05 0.00172053 -0.00102014 0.000113737
 -6.0453e-06 0.855878 -0.037831 -8.88077e-06 0.446609 -0.0667418 -6.47103e-05 35.2564 -181.314 0.318911 0.181549 -0.884676 1.12529e-05 -0.0851122 -0.000196556 6.68985e-06 -0.0873878 0.000181167 2.89662e-06 0.0301349 -0.00202555 3.31936e-06 -0.0835172 0.00203144 0.469437 1.36094 -0.207747 0.0526183 0.796132 -0.364882 0.358602 0.0128962 -0.0309306 0.836019 0.361225 -0.277809 -0.301324 -0.0368604 0.000190622 -0.413273 0.0115528 0.000465342 0.048396 -0.40877 0.0256003 -0.064166 -0.113656 0.0343467 0.143177 0.170315 -0.606415 0.29029 0.124227 -1.34281 0.183342 -0.177958 -0.467109 0.0894287 0.00420609 -0.0214006 0.0679493 -0.00397005 -0.550844 0.313387 0.000972482 -0.364952 -0.0106651 0.0037875 0.000753649 1.1939e-05 -0.201166 0.00487249 -0.0329648 -0.0246672 0.0862697 -0.276148 -0.0428992 0.539423 -0.0662565 -0.0333377 0.132555 0.218794 -0.285906 0.0128055 0.0661582 -0.00488789 0.0787312 0.00529555 0.00237758 -0.00771881 0.0250413 0.214087 -0.104207 -0.369864 0.172862 0.516539 3.4798 -3.63503 0.474997 0.496963 0.256062 0.834716 -0.859621 0.412465 -0.874829 0.479169 0.30715 -0.229586 0.0983801 0.0390351 -0.0653432 -0.107283 -0.0902399 -0.00539126 -0.0588977 -0.161446 1.01103 -0.785307 0.0653434 0.00865611 0.31635 -0.0759533 0.0633372 0.079689 0.0113579 -0.0490907 -0.284893 0.23661 0.0141173 0.191872 -0.199404 0.0248352 -0.0933648 0.0828753 -0.188147 0.227298 -0.195338 -0.429381 -0.332728 -0.0803059 0.179115 0.201263 -0.1606 0.118025 -0.165581 -0.222929 -0.191003 0.412032 -0.494564 0.425757 -0.0164597 -0.291255 -0.0482228 -0.31779 -0.144734 -0.0920737 -0.0561725 -0.0113464 -0.00342284 -0.0302724 0.00515007 0.0521546 4.11261 -2.37331 0.285028
 3.13039e-05 -4.48219 0.198233 4.66489e-05 -2.3132 0.34594 0.000209721 -181.314 962.466 -1.681 -0.956 4.65842 -6.02558e-05 0.456344 0.00103529 -3.55947e-05 0.467561 -0.00098548 -1.51162e-05 -0.158809 0.0106741 -1.7391e-05 0.441538 -0.0107414 -2.46144 -7.15809 1.0927 -0.270793 -4.17245 1.9124 -1.88571 -0.0536463 0.143352 -4.40169 -1.88298 1.45014 1.61083 0.20831 -0.00143072 2.2226 -0.0593566 -0.00276766 -0.228634 2.19026 -0.137976 0.349034 0.613942 -0.185828 -0.766503 -0.891825 3.19985 -1.53353 -0.652627 7.09574 -0.9604 0.927885 2.48569 -0.466487 -0.0165593 0.10588 -0.35973 0.0210233 2.89585 -1.6576 -0.00450135 1.90885 0.0560154 -0.0198948 -0.00394296 -6.4288e-05 1.081 -0.026295 0.17927 0.134514 -0.470128 1.47207 0.228293 -2.87073 0.354625 0.176803 -0.703259 -1.18137 1.4659 -0.0664301 -0.348334 0.0257254 -0.424899 -0.0280012 -0.0125585 0.0408012 -0.130096 -1.1477 0.5502 1.96706 -0.908999 -2.75128 -18.3712 19.194 -2.51165 -2.61612 -1.31798 -4.41542 4.53977 -2.17996 4.62431 -2.52893 -1.61972 1.21315 -0.52064 -0.205697 0.344862 0.56654 0.475394 0.0279278 0.313557 0.854634 -5.3416 4.14804 -0.346539 -0.0453775 -1.66905 0.402733 -0.333621 -0.420401 -0.0592449 0.260132 1.50426 -1.25208 -0.0763695 -1.01327 1.05356 -0.13192 0.492038 -0.438367 0.993639 -1.20229 1.031 2.26838 1.75873 0.424729 -0.947508 -1.06482 0.849184 -0.625383 0.87285 1.17603 1.00727 -2.17858 2.6119 -2.25087 0.0877377 1.53707 0.25048 1.67788 0.763625 0.485464 0.295695 0.0611152 0.0179002 0.160597 -0.0245782 -0.27018 -21.7312 12.5379 -1.50655
 -8.92141e-05 6.43728 -0.273147 -0.000105613 5.55738 -0.805618 0.000169137 0.318911 -1.681 926.082 -39.1578 184.414 -3.7975e-06 0.0223485 -0.00076317 -1.76029e-05 0.206508 -0.00153727 -4.4578e-06 0.144176 -0.00915336 1.87167e-05 -0.352305 0.00939781 5.44267 4.92212 -0.792738 0.528951 3.29077 -1.50251 3.952 0.857067 -1.31741 6.238 0.630868 -0.680408 1.07221 0.490833 -0.0241593 5.44358 -0.904664 -0.0494599 3.72047 0.273759 -0.0880143 0.575069 0.771636 -0.25219 2.19737 2.76256 -3.89021 1.3338 -0.563257 -2.81181 3.84923 -5.45312 2.33885 4.45092 -0.367274 -1.72714 0.708001 -0.0539001 -1.52237 2.81867 0.0744443 -5.48139 -0.344547 0.121078 0.000272499 -5.00409e-05 0.71277 -0.0264211 0.284925 0.221356 -0.751864 0.858148 0.246301 -2.92422 -0.354539 -0.266333 1.06583 1.60281 -12.4606 0.363463 0.353403 -0.030219 0.693171 -0.00632945 -0.0141701 0.0206008 0.715028 -0.576527 -2.11971 -2.94764 4.92345 4.14853 -6.25508 -0.865048 4.05465 6.78806 1.81685 -7.00436 1.4755 -1.25208 0.272423 4.65384 9.46294 10.151 -15.3881 1.70944 2.60264 1.47734 0.217336 -0.13659 0.131219 2.54389 -3.54595 0.659489 1.89115 -2.40909 1.34377 0.794793 -0.665189 0.330537 -0.639499 0.944862 -3.33033 6.09879 -6.77272 5.22761 -1.41994 -0.759762 0.621858 -4.06524 0.238592 -3.03938 -1.25805 1.1527 0.0807062 -0.153259 0.338787 -1.17251 -0.772055 0.676815 -0.487563 -2.3341 0.106837 0.26206 -1.02502 -0.163617 -2.04465 0.482607 0.279201 -1.37135 -2.86087 -1.05262 -0.779165 0.461861 -0.0615977 0.294394 0.372271 9.36901 7.33838 -8.80648 -0.267496
 -4.81516e-05 4.01845 -0.169505 -6.33183e-05 3.69887 -0.535829 9.91595e-05 0.181549 -0.956 -39.1578 21.4768 -99.5536 -3.47848e-06 0.0238698 -0.000444473 -9.89139e-06 0.120377 -0.00110619 -4.84434e-07 0.119594 -0.00804601 9.48683e-06 -0.207872 0.0050535 2.58298 4.76202 -0.730332 0.506003 3.62475 -1.65428 1.04081 0.991002 -1.3879 2.01914 2.54779 -1.7853 0.635674 0.186566 -0.0125596 2.85425 -0.528787 -0.0246474 1.50729 0.279117 -0.051583 0.207364 0.374657 -0.122629 -0.253194 1.08747 0.775895 -0.758859 -0.275332 -0.431118 0.666592 -0.957688 0.957239 0.731682 0.93257 -0.992081 -0.0600216 0.00532349 -0.601886 -0.0398232 0.0417965 -1.3445 -0.0912619 0.0323196 -0.00260514 -2.76303e-05 0.433093 -0.0149323 0.128039 0.118562 -0.40372 0.481545 0.0957185 -1.18848 0.00299725 -0.000463727 0.000983751 0.155534 -2.12925 0.0582971 0.223234 -0.0188618 0.185916 0.010116 0.0044083 -0.014611 0.461054 -1.49779 -0.542169 2.01678 4.53621 3.0991 -2.62742 -1.78542 0.592122 0.461117 -0.0176825 0.0838973 1.23416 -0.353411 -1.80053 -0.0334757 1.4933 0.961189 -0.560564 0.267101 -0.117944 -0.0804388 -0.227931 -0.186505 0.250556 0.488316 -0.366461 0.01896 0.393958 -0.177053 0.243768 0.112261 0.0958469 0.285354 0.554501 -0.000269561 -0.101191 0.352579 -0.752285 0.204703 -0.03833 -0.164676 -0.253611 -0.633716 0.00616386 -0.336719 -0.454848 -0.378054 -0.310033 -0.0566792 -0.370341 -0.167698 -0.109035 -0.0778884 -0.238996 -0.356083 -0.125186 -0.32102 -0.459597 -0.120692 -0.025081 -0.408234 -0.538818 -0.345539 -0.262339 -0.220366 -0.212144 0.16393 -0.0373283 -0.0887025 -0.153155 -0.116972 3.28269 -1.1176 0.352303
 0.000235333 -19.6506 0.828909 0.000309427 -18.0792 2.61901 -0.000483244 -0.884676 4.65842 184.414 -99.5536 487.135 1.61123e-05 -0.109259 0.00217293 4.76587e-05 -0.577597 0.00535681 2.3659e-06 -0.575565 0.0387443 -4.60771e-05 1.02134 -0.0248389 -12.6419 -23.247 3.56574 -2.47284 -17.6858 8.0715 -5.12851 -4.82673 6.76201 -9.90743 -12.4075 8.69738 -3.09484 -0.891295 0.0608607 -13.9744 2.60912 0.120607 -7.37004 -1.32249 0.249041 -1.00138 -1.81771 0.594913 1.22905 -5.33544 -3.71119 3.6692 1.37674 2.14453 -3.30031 4.74028 -4.696 -3.61839 -4.532 4.84953 0.285129 -0.0253742 2.97073 0.169387 -0.205818 6.64934 0.444221 -0.157314 0.0131113 0.000134658 -2.10939 0.0727854 -0.621686 -0.577753 1.96723 -2.39944 -0.474554 5.89217 -0.0215891 -0.00158387 0.0104149 -0.763411 10.5489 -0.288991 -1.09322 0.0923625 -0.909043 -0.0491519 -0.0212903 0.070863 -2.25249 7.31927 2.65632 -9.80871 -22.1058 -15.1471 12.8678 8.70345 -2.90139 -2.44218 0.0967923 -0.315213 -6.02675 1.73567 8.7634 0.108562 -7.37993 -4.79907 2.90991 -1.32215 0.545621 0.374703 1.11105 0.913557 -1.22287 -2.40933 1.82808 -0.0983663 -1.93798 0.8907 -1.2043 -0.555204 -0.459686 -1.3944 -2.69192 -0.00999752 0.532652 -1.78562 3.74089 -1.0557 0.203275 0.81047 1.22898 3.13122 -0.0327906 1.67388 2.23059 1.82916 1.50922 0.278481 1.7996 0.829238 0.539381 0.373102 1.17025 1.76072 0.609567 1.55998 2.25054 0.59038 0.144496 1.9834 2.62324 1.69918 1.30996 1.08559 1.04267 -0.803825 0.182467 0.427716 0.736778 0.450239 -16.0698 5.54453 -1.71237
 1.68335e-09 -0.000150948 7.24954e-06 -1.07878e-09 4.58176e-05 -5.86245e-06 5.00034e-09 1.12529e-05 -6.02558e-05 -3.7975e-06 -3.47848e-06 1.61123e-05 1000 2.71473e-05 -6.11565e-06 -2.33941e-09 3.10886e-05 2.84732e-07 -1.74083e-10 2.18764e-05 -1.08228e-06 -8.47943e-10 2.86508e-05 -3.15596e-07 -0.000223685 -0.000612028 9.42679e-05 -1.45425e-05 -0.000240042 0.000110412 -4.31891e-05 4.0643e-05 -5.35244e-05 -9.54289e-05 5.49216e-05 -3.1785e-05 0.000104666 1.07959e-05 1.28159e-07 -0.00017308 6.96631e-05 3.42892e-06 3.20959e-05 0.000105877 -7.03424e-06 2.51627e-05 3.19655e-05 -9.57422e-06 6.07706e-05 1.26052e-05 -0.000118991 6.3027e-05 -2.46823e-06 4.72282e-05 4.5631e-05 -7.07441e-05 0.000148623 -4.02164e-05 -2.61837e-05 2.92518e-05 -1.81133e-05 1.39403e-06 -2.54983e-05 -6.21338e-06 2.65433e-06 -8.25467e-05 -1.13354e-06 3.91795e-07 -3.03303e-07 -2.47143e-09 4.52344e-05 -5.07984e-07 9.07132e-06 5.38537e-06 -1.88996e-05 3.32868e-05 7.59235e-06 -9.78123e-05 2.43424e-06 1.92576e-06 -8.41828e-06 -4.60932e-05 9.93232e-05 -4.42635e-06 -1.74123e-05 1.50381e-06 1.44705e-06 -1.13181e-06 2.92174e-08 1.11035e-06 -9.72774e-05 -0.000177128 -3.11659e-05 8.75623e-05 4.34147e-05 5.99235e-06 -4.46426e-05 8.13843e-06 -0.000160112 3.26794e-05 3.21385e-05 0.000410516 -3.2106e-05 -0.000327332 3.29749e-05 0.000140249 0.000156136 -2.16387e-06 3.2847e-05 -1.87957e-05 -7.44425e-05 3.93901e-05 6.1856e-05 -6.14988e-05 -2.15586e-05 -8.36873e-05 -1.73487e-05 3.61466e-05 6.6106e-06 9.19539e-06 1.66935e-05 -2.10924e-05 -1.63202e-05 -5.97266e-06 -3.41447e-05 -3.66856e-05 -5.44151e-05 -3.23814e-05 -3.64667e-05 -3.78171e-05 -1.48097e-06 2.69245e-05 4.05854e-05 2.53043e-05 3.19734e-05 4.33469e-05 4.09367e-05 8.46614e-06 -3.62929e-05 -4.86134e-05 -5.87821e-06 1.17544e-05 1.74422e-05 -2.87752e-05 -7.25251e-06 -1.1393e-05 3.9796e-07 1.76783e-05 -1.74895e-05 9.3966e-06 7.59407e-05 7.49748e-05 2.6238e-05 -1.32163e-05 -5.20945e-06 -1.1506e-06 -2.54376e-06 -1.36512e-05 6.96026e-06 1.18237e-05 5.01765e-05 3.80886e-05 -0.000648943 0.000497923 -2.47733e-05
 -1.18059e-05 1.02898 -0.0502981 9.51331e-06 -0.429085 0.0560282 -3.77481e-05 -0.0851122 0.456344 0.0223485 0.0238698 -0.109259 2.71473e-05 999.791 -0.114317 1.69502e-05 -0.235713 -0.00198905 3.77997e-07 -0.158404 0.00772033 4.71416e-06 -0.206045 0.00202262 1.974 4.64405 -0.720003 0.0928588 1.71116 -0.787892 0.422769 -0.246324 0.317885 0.971859 -0.166261 0.062613 -0.880504 -0.0906246 -0.000656738 1.03576 -0.486719 -0.0240793 -0.172041 -0.928367 0.0606607 -0.201631 -0.259253 0.0781422 -0.476264 0.0909965 0.934981 -0.552555 -0.0530097 -0.290739 -0.222854 0.350317 -1.20612 0.444757 0.173402 -0.260144 0.115855 -0.00859795 0.203098 0.0560934 -0.0206761 0.636546 0.00549076 -0.00187537 0.00264384 1.80494e-05 -0.337418 0.00352485 -0.0701553 -0.0399901 0.140439 -0.283951 -0.0628545 0.808896 -0.0193565 -0.0118345 0.0530584 0.448704 -1.27801 0.0505441 0.128962 -0.0113113 -0.0256501 0.00875016 -0.000157655 -0.00865075 0.779182 1.65319 0.356519 -0.656378 -0.312935 0.00447913 0.485611 0.0362976 1.09457 -0.214389 -0.210638 -2.80471 -0.105799 2.33554 0.282824 -1.05457 -1.2785 -0.15751 -0.0223157 0.15729 0.525272 -0.225701 -0.502271 0.346183 0.442942 0.58162 0.241333 -0.273541 -0.0492854 -0.065691 -0.111606 0.156878 0.175406 0.0951515 0.266449 0.28517 0.407815 0.241952 0.224898 0.282846 0.00390409 -0.219763 -0.338486 -0.229753 -0.218952 -0.364725 -0.366684 -0.15315 0.149681 0.257672 0.00252898 -0.0596525 -0.0688136 0.148016 -0.0041014 -0.0325472 -0.0174831 -0.186747 0.0883262 -0.101761 -0.587828 -0.694239 -0.365546 0.0131865 -0.0161474 -0.0312028 -0.018763 0.151763 -0.0567503 -0.0810822 -0.358833 -0.291133 4.3511 -3.37432 0.160202
 1.00504e-07 -0.006517 0.000275722 1.60673e-07 -0.00530489 0.000769097 -9.98354e-08 -0.000196556 0.00103529 -0.00076317 -0.000444473 0.00217293 -6.11565e-06 -0.114317 0.813947 2.37291e-07 -0.00284765 1.51374e-05 4.58228e-08 -0.00212731 0.000138525 1.16152e-07 -0.00272264 6.90354e-05 -0.00485804 -0.00875076 0.0013451 -0.000846839 -0.00668746 0.00305218 -0.00200776 -0.00189791 0.00266007 -0.00345657 -0.00330878 0.00235406 -0.00193339 -0.00106799 4.26671e-05 -0.00766479 0.00052789 6.87117e-05 -0.00314015 -0.00147459 0.000170678 -0.000737742 -0.00160311 0.00051141 -0.000202865 -0.00118831 -0.00149143 0.00120744 -5.13849e-06 -0.000209926 -0.00103421 0.00154206 -0.00125267 -0.00123281 -0.00122432 0.00141842 -6.41184e-05 4.70397e-06 0.000664149 -0.000172609 -1.14533e-05 0.000571102 2.68396e-05 -9.43601e-06 1.83605e-06 1.74489e-07 -0.00301835 9.65432e-05 -0.000367133 -0.000264316 0.000902615 -0.000405926 -0.000126394 0.00153491 -0.000186124 -0.000226446 0.00088329 -0.000836091 0.00837093 -0.000228635 -0.000238595 1.9908e-05 -3.76381e-05 -5.32173e-06 1.23216e-06 4.1203e-06 -0.000949454 0.000965104 -0.00012843 -0.00111145 -0.000371014 -2.47174e-05 4.42884e-05 9.95411e-06 -0.000816724 -0.000568331 0.000715129 0.00246737 0.000279017 -0.00198046 -0.000811166 0.000230942 0.000639845 9.14802e-05 7.61277e-05 -0.000367383 -0.000423027 0.000277582 0.000667118 -0.000187303 -0.000790039 -0.000915043 -0.000121408 0.000487763 0.000117902 -0.000215626 -0.000299779 -0.000392371 -0.000316292 -0.000174599 -0.00031885 -0.000365302 -0.000280251 -6.29536e-05 -7.07952e-05 -0.000358801 1.97876e-05 0.000220547 0.000371222 0.000246887 0.000183285 0.00037943 0.000369137 6.48509e-05 -0.000222066 -0.000105552 0.000211109 0.00015854 5.82538e-05 -5.09226e-05 0.000115556 0.000194892 0.000157323 0.000272506 0.000153901 0.000227769 0.000495685 0.000686814 0.00059295 0.000193874 0.000147309 0.00011021 0.000101248 -0.000273099 6.78101e-05 3.02638e-05 0.000139015 -0.00021045 -0.00353284 0.00285715 -0.00011172
 1.80659e-09 -0.000168503 7.60211e-06 1.01135e-09 -6.5195e-05 9.95298e-06 3.30323e-09 6.68985e-06 -3.55947e-05 -1.76029e-05 -9.89139e-06 4.76587e-05 -2.33941e-09 1.69502e-05 2.37291e-07 1000 2.67158e-05 -9.27291e-06 -5.22351e-10 1.97177e-05 -1.03569e-06 -1.00507e-09 2.1556e-05 -2.91061e-07 -0.000129888 -0.000181423 2.89471e-05 -1.73413e-05 -0.000209591 9.61211e-05 -5.74376e-05 2.43714e-06 -1.1415e-06 -9.37334e-05 -2.12884e-05 1.85391e-05 4.48063e-05 7.50289e-06 -3.84243e-08 -8.96844e-05 3.55819e-05 1.62935e-06 -5.72058e-05 8.14042e-05 -4.10667e-06 1.54416e-05 2.02183e-05 -5.87026e-06 6.68793e-05 -4.83043e-05 -0.00013852 9.19503e-05 -4.50645e-06 6.58524e-05 1.04276e-05 -2.01385e-05 7.48996e-05 -4.75092e-05 -5.4219e-05 5.45084e-05 -1.23533e-05 9.88668e-07 -1.71642e-05 6.3087e-06 9.09406e-07 -3.97966e-05 -2.8268e-06 9.75932e-07 -7.04964e-08 -1.86115e-09 3.24492e-05 -4.12648e-07 5.53521e-06 4.06899e-06 -1.41161e-05 7.06567e-06 2.15383e-06 -3.00943e-05 1.39253e-06 3.18588e-06 -1.31303e-05 1.90971e-05 -0.000209631 5.81107e-06 -3.45603e-06 3.0305e-07 -1.29314e-06 -1.19349e-06 7.90882e-08 1.12222e-06 -0.000100132 -0.000153377 -1.59791e-05 0.000123648 8.9841e-05 5.3691e-05 -2.93553e-05 -5.59324e-05 -0.000197481 7.75529e-05 6.27165e-05 0.000582647 -0.000252597 -0.000206836 -7.45854e-05 0.000188397 0.000211045 -0.000163697 9.39894e-05 -6.15775e-05 -9.09544e-05 -2.46987e-05 6.35038e-06 1.45087e-05 -5.42667e-05 1.9448e-05 -3.35686e-05 -5.11231e-06 -4.99605e-05 -2.32532e-05 6.35384e-06 -9.85531e-06 -1.61471e-05 -2.5541e-05 -4.9135e-05 -3.79065e-05 -5.13743e-05 -3.53253e-05 -3.79624e-05 -1.33559e-05 -2.95266e-05 1.89045e-05 2.75705e-05 1.73489e-05 2.26077e-05 1.52277e-05 2.89615e-05 3.02085e-06 -1.93066e-06 -2.59731e-05 -1.52284e-05 -1.90384e-05 2.74581e-05 2.20216e-07 2.05859e-06 2.52908e-06 1.60146e-05 6.71336e-05 -6.20284e-06 1.29124e-05 8.74308e-05 5.10695e-05 1.8446e-05 5.60592e-07 5.6952e-06 7.78465e-06 4.68882e-06 -8.44095e-06 6.9916e-06 1.3307e-05 5.00281e-05 2.12953e-05 -0.000533805 0.000395835 -2.26738e-05
 -1.83418e-05 1.67702 -0.0780133 -5.02992e-06 0.358306 -0.0592739 -4.31802e-05 -0.0873878 0.467561 0.206508 0.120377 -0.577597 3.10886e-05 -0.235713 -0.00284765 2.67158e-05 999.639 -4.41249 3.05252e-06 -0.220399 0.0115042 7.92895e-06 -0.256309 0.00337159 2.37873 3.01763 -0.486214 0.154301 2.32495 -1.06866 1.04096 -0.0628466 0.0449981 1.93769 0.403798 -0.358803 -0.875672 -0.111086 0.000738065 0.511654 -0.376779 -0.0183346 0.704274 -1.33167 0.072679 -0.229809 -0.302147 0.0898609 -0.701562 0.916536 1.45303 -1.08842 -0.0968416 -0.58534 0.0144931 0.0215265 -1.23774 0.921071 0.603186 -0.756141 0.0820516 -0.00585451 0.331883 0.0306379 -0.0169414 0.560417 0.0232696 -0.00797427 0.00209385 2.17781e-05 -0.396733 0.00475356 -0.080998 -0.0502872 0.174715 -0.204758 -0.0497776 0.664234 -0.0220239 -0.0321216 0.134236 0.159762 0.426101 -0.000678468 0.049105 -0.00475009 -0.0252395 0.016163 -9.05844e-05 -0.0161807 1.3055 2.49885 0.471628 -1.35572 -0.913733 -0.416076 0.594168 0.771299 2.16451 -0.675516 -0.615479 -6.73192 2.33524 3.18552 1.72219 -1.96113 -3.44419 1.13584 0.354421 0.261842 1.05096 0.28811 -0.143364 -0.361866 0.597378 0.356219 0.388709 0.00391472 0.482149 0.444446 -0.0173707 0.177396 0.224305 0.32464 0.581461 0.439758 0.559638 0.346775 0.407122 0.140246 0.348333 -0.182862 -0.45653 -0.265675 -0.265254 -0.259405 -0.43088 -0.201174 -0.0741743 0.158538 0.124531 0.225997 -0.245361 -0.244504 -0.0272449 0.00724725 -0.188287 -0.902711 -0.173723 -0.248774 -1.18307 -1.01947 -0.65106 -0.264304 -0.209223 -0.197456 -0.150582 0.221164 -0.0936218 -0.167835 -0.589315 -0.265041 5.48743 -3.73321 0.285651
 2.03206e-07 -0.0148381 0.000657988 2.3508e-07 -0.00857379 0.00127436 5.48088e-08 0.000181167 -0.00098548 -0.00153727 -0.00110619 0.00535681 2.84732e-07 -0.00198905 1.51374e-05 -9.27291e-06 -4.41249 0.838957 2.00999e-08 -0.00137315 0.000101728 5.67831e-08 -0.00156151 5.3133e-05 -0.0155506 -0.0207998 0.00330676 -0.00202343 -0.0175526 0.00804482 -0.00718224 -0.00185731 0.0028046 -0.0127476 -0.00575955 0.00441376 0.00181252 -0.000354477 3.40425e-05 -0.00934874 0.00192874 0.00014414 -0.0075531 0.00355702 -6.54068e-05 -0.000199375 -0.000721849 0.000265993 0.0029683 -0.00596045 -0.00843352 0.00652491 0.000361569 0.00262412 -0.00138815 0.00185854 0.00360581 -0.00565231 -0.00439929 0.0052835 -0.000393479 2.78756e-05 -0.000821145 -0.000175406 4.68522e-05 -0.00151124 -4.55076e-06 5.22281e-07 -1.12663e-06 1.13499e-07 -0.00172923 8.93447e-05 -0.00014884 -6.584e-05 0.000214056 0.000287028 1.49329e-05 -0.000441733 -0.000266043 -0.000230197 0.000864253 -0.0012947 0.004307 -0.000165739 -0.00040531 3.67586e-05 -1.7087e-05 -8.25278e-05 1.05175e-06 8.20267e-05 -0.00700564 -0.0109393 -0.00315985 0.00545212 0.00473671 0.0024535 -0.00297284 -0.00392254 -0.0109164 0.00197299 0.00475982 0.0345235 -0.011884 -0.0164462 -0.00931326 0.00944557 0.017406 -0.00584856 -0.00187573 -0.00151491 -0.00540874 -0.00140336 0.000983887 0.00196532 -0.00348049 -0.00232186 -0.00193846 0.000199492 -0.00237612 -0.00249991 -0.000253565 -0.00115803 -0.00132551 -0.00177573 -0.00309165 -0.00239627 -0.00282307 -0.00163148 -0.00196364 -0.000857882 -0.00172921 0.000988998 0.00245581 0.00145431 0.00140392 0.00146431 0.00230451 0.000978881 0.000253986 -0.000710325 -0.000384404 -0.000983578 0.00127368 0.00130484 0.000261129 0.000132546 0.00110192 0.00469312 0.00112154 0.00142417 0.00605661 0.00537481 0.00364615 0.0015528 0.00120633 0.00109883 0.000861005 -0.00128771 0.0005016 0.000820141 0.0028485 0.000834795 -0.0282177 0.0193593 -0.00144337
 2.07504e-10 -5.74008e-05 2.40081e-06 5.2995e-10 -3.9266e-05 5.63205e-06 7.70523e-10 2.89662e-06 -1.51162e-05 -4.4578e-06 -4.84434e-07 2.3659e-06 -1.74083e-10 3.77997e-07 4.58228e-08 -5.22351e-10 3.05252e-06 2.00999e-08 1000 7.52978e-06 -3.34797e-06 -8.65211e-10 9.44096e-06 -2.54936e-07 7.95277e-05 -8.1537e-05 1.05813e-05 -3.79501e-06 8.42634e-07 -5.36313e-07 4.64551e-05 9.25533e-06 -1.448e-05 7.09509e-05 -0.000124394 7.99955e-05 -2.91678e-05 2.12112e-06 1.06678e-07 -5.31913e-05 7.77742e-06 2.43949e-07 1.39782e-05 -3.16713e-05 2.19885e-06 -1.58712e-06 -9.31327e-07 4.56374e-07 2.29304e-05 9.71072e-06 -5.35704e-05 2.7116e-05 -2.87839e-05 3.63251e-05 4.48471e-05 -6.86361e-05 -2.04659e-05 3.93292e-05 -9.2756e-06 -9.34708e-06 -4.28346e-06 3.92493e-07 9.11302e-06 1.22454e-05 -8.68184e-07 1.4185e-05 -1.73078e-06 6.16705e-07 1.17457e-07 -5.32904e-10 5.95376e-06 -2.14315e-07 -1.25459e-07 9.10421e-07 -3.14536e-06 -6.85899e-06 -9.04496e-07 1.16542e-05 3.73616e-06 4.53719e-06 -1.78526e-05 4.52969e-05 -0.000272278 8.43746e-06 -5.96819e-06 4.53116e-07 -3.32613e-06 -6.83768e-07 -4.6205e-08 7.34619e-07 8.82613e-06 -8.93466e-05 -1.76768e-05 8.02383e-05 9.22269e-05 9.0989e-05 7.36452e-05 0.000279747 -0.000198614 -9.89854e-05 -3.73672e-05 2.76322e-05 -6.77809e-05 5.79162e-05 9.46963e-06 -2.04991e-05 2.69174e-05 1.85638e-05 2.37313e-05 -1.1626e-05 4.43736e-06 -1.686e-05 -1.10495e-05 -1.82689e-05 -1.94642e-05 -8.06308e-07 2.12106e-05 -8.62671e-06 2.48512e-06 1.03266e-05 1.52131e-06 -5.37786e-06 -2.8553e-05 -1.72551e-05 -1.09538e-06 -1.31059e-05 -9.42283e-06 -1.32498e-05 9.2633e-06 -8.12362e-06 5.13924e-06 -2.85086e-06 -2.17734e-06 -7.27321e-06 -3.32832e-06 -1.59435e-05 -1.51805e-05 -4.36704e-06 -1.79977e-05 -3.94371e-05 -1.404e-05 2.56022e-05 2.20498e-05 1.75799e-06 1.21065e-05 1.52936e-05 -1.15926e-05 1.3236e-05 -1.1649e-06 -1.45846e-05 -1.40807e-05 -1.80226e-05 -2.53783e-05 -6.45823e-06 -1.92999e-06 -1.87898e-06 -3.55665e-06 1.81604e-05 -8.61158e-07 4.12114e-06 9.56757e-06 -9.76441e-06 -0.00025304 0.000157568 -1.56335e-05
 -3.69696e-05 2.14349 -0.0962071 -4.55945e-06 0.510566 -0.0781363 -1.7856e-06 0.0301349 -0.158809 0.144176 0.119594 -0.575565 2.18764e-05 -0.158404 -0.00212731 1.97177e-05 -0.220399 -0.00137315 7.52978e-06 994.986 -63.7865 1.36187e-05 -0.388711 0.00926921 -0.21182 4.33218 -0.636844 0.0504219 0.544699 -0.251502 -0.374687 -0.298267 0.420489 0.777711 3.25223 -2.21052 -0.194568 -0.114265 -0.00163418 -0.190634 -0.0655089 -0.00469455 -0.50918 -0.151114 0.0088715 -0.137033 -0.189415 0.05465 -0.482477 0.456185 1.27553 -0.854345 0.535064 -1.30563 -0.923763 1.45662 -0.667847 -0.437336 0.243853 0.0406428 0.0243983 0.000858703 -0.490463 -0.426903 0.0147461 0.0563944 0.0161327 -0.00609052 -0.000606718 1.84125e-05 -0.316663 0.00749318 -0.132324 -0.0928556 0.320582 -0.17988 -0.0397742 0.506063 -0.167013 -0.10952 0.439623 -0.590857 2.81164 -0.0658114 0.269104 -0.0219614 0.0846357 0.0352195 -0.00222579 -0.0332214 0.327142 4.88917 1.56528 -2.11008 -3.63488 -4.00799 -14.0317 10.1188 0.755337 1.40132 0.429515 -0.961091 -2.33248 2.31002 1.18721 0.194605 0.485955 -2.23263 -0.252529 0.832606 1.09917 0.39 0.46005 0.817096 0.916219 0.428681 -0.106179 0.0563715 0.714679 -0.0987057 0.18083 0.559747 1.307 1.42354 -0.411904 0.344247 0.591008 0.503484 0.160334 -0.103348 0.182049 0.0249978 -0.0639733 -0.297979 0.15928 0.388481 0.319332 0.222178 0.261977 0.680103 0.0912129 -0.532521 -0.412665 -0.870588 -0.437412 -0.199666 0.0159356 0.131988 -0.464666 0.248547 -0.0290377 -0.855901 -0.713622 -1.05466 -0.511017 -0.315402 -0.124119 -0.350562 -0.0162285 -0.154295 -0.292317 0.0824423 9.39413 -5.88393 0.5732
 2.46158e-06 -0.144577 0.00647024 4.3026e-07 -0.0376252 0.00571826 -1.88864e-09 -0.00202555 0.0106741 -0.00915336 -0.00804601 0.0387443 -1.08228e-06 0.00772033 0.000138525 -1.03569e-06 0.0115042 0.000101728 -3.34797e-06 -63.7865 4.99199 -9.53833e-07 0.0248068 -0.000590787 0.0113789 -0.284825 0.0418937 -0.00358934 -0.0390014 0.0179856 0.0233781 0.0176686 -0.0249525 -0.0526339 -0.214018 0.145518 0.0114259 0.00573651 0.000152892 0.00868062 0.00418876 0.000334416 0.0304047 0.00690724 -0.000315791 0.00764594 0.0103997 -0.00293807 0.0304974 -0.030567 -0.0833467 0.0560702 -0.0340911 0.0846867 0.0592288 -0.0934612 0.0418591 0.0276562 -0.0165263 -0.00178547 -0.00155084 -5.77396e-05 0.0328591 0.0277607 -0.000993835 -0.00248022 -0.00119328 0.000446949 -3.2534e-06 -1.08861e-06 0.0190808 -0.000441079 0.0081288 0.00570788 -0.0197155 0.0106871 0.00242773 -0.0309206 0.00969228 0.00656226 -0.0263395 0.0408508 -0.177666 0.00413433 -0.0175649 0.00143333 -0.00509891 -0.00228439 0.000145216 0.00215394 -0.0216355 -0.313146 -0.104576 0.129814 0.239824 0.275802 0.910104 -0.661966 -0.0463935 -0.0939749 -0.0309439 0.0630722 0.151837 -0.150544 -0.0774576 -0.0130076 -0.0320634 0.144894 0.0162444 -0.0541833 -0.0715238 -0.0253244 -0.0297848 -0.0530412 -0.0597862 -0.0281873 0.00679105 -0.0036386 -0.046489 0.00618924 -0.0120494 -0.0365654 -0.0849786 -0.0925239 0.0265346 -0.0225108 -0.0384121 -0.0326539 -0.0104693 0.00654858 -0.0119025 -0.00166161 0.00416081 0.0193261 -0.0103572 -0.025162 -0.0206877 -0.0145361 -0.0171472 -0.0440786 -0.00579771 0.0345028 0.0266391 0.0564238 0.0283385 0.0129343 -0.000985649 -0.00858029 0.0302129 -0.0160805 0.00187939 0.0556015 0.0464815 0.0684564 0.0331432 0.0204416 0.0080371 0.0226108 0.00107637 0.00996822 0.0188155 -0.00569736 -0.609649 0.382242 -0.0371364
 7.77082e-10 -9.83599e-05 4.14246e-06 4.29093e-10 -3.35955e-05 4.77634e-06 9.84127e-10 3.31936e-06 -1.7391e-05 1.87167e-05 9.48683e-06 -4.60771e-05 -8.47943e-10 4.71416e-06 1.16152e-07 -1.00507e-09 7.92895e-06 5.67831e-08 -8.65211e-10 1.36187e-05 -9.53833e-07 1000 2.10604e-05 -4.92701e-06 0.000118106 -0.0003666 5.17435e-05 -6.23798e-06 -3.57271e-05 1.60706e-05 0.000106613 0.000131665 -0.000183349 0.00017134 -1.78277e-05 4.41823e-06 -3.28682e-05 3.91898e-07 3.69048e-07 -0.000117397 2.10785e-05 8.99375e-07 8.07175e-05 -6.96273e-05 3.44756e-06 -1.53825e-06 -2.55331e-06 1.14353e-06 2.03576e-05 6.3684e-05 -4.09254e-05 3.7417e-06 -5.41619e-05 6.2901e-05 0.000103109 -0.000156456 -2.76857e-05 9.18737e-05 -1.23557e-05 -2.89699e-05 -9.66962e-06 8.41176e-07 1.5885e-05 1.06916e-05 -5.8108e-07 7.07749e-06 -1.92236e-06 6.71796e-07 1.75058e-07 -8.53326e-10 1.17011e-05 -5.12916e-07 1.33505e-07 1.3025e-06 -4.34041e-06 -1.09933e-05 -1.11052e-06 1.41535e-05 7.75159e-06 6.47103e-06 -2.5822e-05 5.30752e-05 -0.000268375 8.6975e-06 -1.5753e-05 1.24769e-06 -5.79144e-06 -1.14254e-06 -4.04395e-08 1.19088e-06 1.76514e-05 -2.72988e-05 2.67553e-05 0.000132722 9.80339e-05 7.24801e-05 -7.87317e-06 7.73943e-05 -0.000187839 -8.15958e-05 -1.75329e-05 0.000247973 -3.96915e-05 -0.000174528 9.94198e-05 4.44888e-05 0.000162907 -5.91779e-05 0.000150656 -4.7826e-05 -9.80407e-06 3.73636e-06 2.12929e-06 9.4127e-07 4.03323e-05 9.14534e-05 -4.00583e-06 -2.15189e-05 -5.00216e-05 4.81349e-05 6.93896e-06 2.0089e-05 1.00815e-05 -6.19067e-07 -1.72276e-06 -5.9595e-06 -9.17005e-06 -1.36851e-05 5.1972e-06 -3.00949e-05 -2.70593e-05 -3.87281e-05 -3.54438e-05 -6.22111e-06 1.74334e-05 -8.00031e-06 -5.0242e-06 -1.70756e-05 -6.18107e-05 -0.00010257 -3.8411e-05 4.02736e-05 2.07545e-05 -4.71961e-06 1.48543e-07 -2.48985e-06 -1.58197e-05 -7.25375e-06 4.40022e-06 -5.14e-05 -4.89982e-05 -4.5946e-05 -5.85547e-05 -2.43402e-05 -1.90896e-05 -1.67462e-05 -1.70743e-05 3.84416e-05 -1.46067e-06 5.63276e-06 8.36577e-06 -1.406e-05 -0.000444812 0.000264806 -2.93623e-05
