 1000 0.00513365 -0.000220371 7.72894e-09 -0.000420732 6.03581e-05 -3.42121e-09 -6.17412e-06 3.17882e-05 -8.95184e-05 -4.89148e-05 0.000236347 1.68106e-09 -1.1873e-05 1.01941e-07 1.79549e-09 -1.85262e-05 2.05051e-07 2.34342e-10 -3.74371e-05 2.45923e-06 7.71742e-10 -1.79739e-05 5.24722e-07 -0.000279021 -0.000620248 9.33078e-05 -5.54918e-05 -0.000507648 0.000229356 -0.000115053 -0.000130281 0.000180651 -0.000194557 -0.000294811 0.000203377 -4.53733e-05 4.02034e-06 7.22117e-07 -0.000426657 9.13039e-05 3.63118e-06 -0.000155392 8.90251e-06 2.6154e-06 -1.00907e-05 -2.07664e-05 6.90515e-06 2.10772e-05 -0.000201 -0.000257426 0.000204139 -1.68166e-06 3.79317e-05 -3.78508e-05 5.3118e-05 -0.000132575 -9.06171e-05 -0.000113818 0.00012065 -1.77778e-06 1.33008e-07 5.34689e-05 -9.87542e-07 -1.69735e-06 5.63085e-05 7.4991e-07 -2.51805e-07 -3.3495e-08 1.91238e-09 -3.56101e-05 1.34199e-06 -8.53228e-06 -7.79028e-06 2.61018e-05 -3.98701e-05 -8.88535e-06 0.000108241 3.89791e-06 4.3186e-06 -1.69471e-05 -6.17448e-05 0.000230918 -5.59732e-06 -8.03016e-06 5.78525e-07 -5.2165e-06 -1.39366e-06 -4.76546e-07 1.88154e-06 -5.14003e-05 7.42799e-05 -4.91992e-05 -0.000218093 -0.000123598 1.28571e-05 -0.000156738 0.000479574 -0.000144607 -0.00037236 -0.000194527 0.000110965 -1.19972e-05 2.22742e-05 -9.95823e-06 -7.31992e-06 1.77098e-05 4.34951e-06 -9.15248e-05 0.00016884 -0.000153419 5.85828e-06 -2.34788e-07 -9.80195e-08 -2.00274e-05 -1.26596e-05 -9.01981e-06 -1.43957e-05 5.94227e-05 -6.1828e-05 -1.56126e-05 -2.71294e-05 -1.48848e-05 -9.89504e-06 2.41802e-06 -1.93626e-05 -2.46719e-05 0.000155319 -7.00726e-05 3.43543e-05 -5.13565e-06 1.37821e-05 3.01476e-05 9.07482e-06 4.31992e-05 1.98253e-05 7.29123e-05 4.18955e-05 2.76826e-05 1.69194e-05 3.14588e-06 3.10186e-05 1.08669e-05 3.33207e-06 3.58765e-05 1.38516e-05 5.32156e-05 7.22644e-05 3.54531e-05 4.45592e-05 3.9504e-05 1.1221e-05 3.65391e-05 9.14634e-06 2.08546e-05 2.22585e-05 2.25043e-05 -2.10631e-05 5.17618e-06 7.71545e-06 1.59732e-05 -2.42741e-05 -0.00035493 0.000181083 -2.87217e-05
 0.00513365 589.904 -23.8275 -0.000602703 31.9654 -4.58648 0.000367507 0.858414 -4.47076 6.4305 4.04763 -19.5696 -0.00014829 1.01794 -0.00649265 -0.000164438 1.65803 -0.0146092 -5.75538e-05 2.11816 -0.141028 -9.58532e-05 1.73283 -0.0473438 26.6842 44.3255 -6.76514 3.66197 34.4113 -15.5488 12.0993 10.128 -14.1686 20.7391 22.0084 -15.4462 2.56483 -0.23097 -0.0556901 31.4829 -6.79327 -0.267943 13.9659 -2.18914 -0.12314 0.964083 1.62092 -0.541017 0.882857 14.1877 14.2614 -12.2402 -1.51053 -0.464837 5.93472 -8.68789 9.63205 8.67896 8.90777 -10.0711 -0.0372425 0.0081976 -4.39061 1.273 0.101912 -4.73059 -0.177971 0.0618985 0.00558518 -0.000174012 2.93864 -0.108609 0.792603 0.662933 -2.22674 2.90208 0.658462 -7.982 -0.0892282 -0.0644163 0.261902 5.80323 -28.3666 0.761714 1.36986 -0.112461 0.188893 0.0961578 0.0180656 -0.114941 4.93568 -4.18208 3.52941 13.7597 6.96823 -3.08773 -4.40953 1.97295 -5.34376 22.9604 12.8705 -3.94768 -1.69778 -1.72079 2.13099 7.66961 4.21429 -1.46145 -9.2324 5.41759 0.567966 0.434745 -1.73773 -0.542908 1.82536 2.58358 1.2575 1.69845 -1.49787 1.68846 2.03009 1.98123 1.31412 0.826506 1.16823 1.16746 0.782661 -2.35303 -2.52474 2.07154 -0.156137 -0.747186 -2.1269 -2.91813 -1.86695 -3.6639 -4.18267 -3.11318 -0.737107 -1.4448 -2.1692 -1.66342 -1.25877 -1.29243 -2.9418 -2.97503 -1.66878 -3.52461 -4.05229 -1.75976 -2.44118 -4.18713 -4.08168 -2.98316 -2.30574 -1.97229 -1.82338 1.99813 -0.468853 -0.351791 -0.816595 1.44097 21.8675 -13.357 1.39806
 -0.000220371 -23.8275 1.83171 2.51481e-05 -1.33131 0.191018 -1.60302e-05 -0.037441 0.195112 -0.269074 -0.168356 0.813985 7.04394e-06 -0.0492109 0.000270863 7.32781e-06 -0.0761987 0.000639131 2.37107e-06 -0.0938578 0.00623023 3.97554e-06 -0.0764726 0.00207574 -1.11198 -1.8457 0.281706 -0.15497 -1.43283 0.647433 -0.504644 -0.422387 0.590901 -0.864614 -0.916965 0.643575 -0.120042 0.00153088 0.00256323 -1.31462 0.274748 0.0112066 -0.590461 0.0731703 0.00658915 -0.0456662 -0.0751465 0.0249509 -0.0426601 -0.589846 -0.593314 0.509247 0.0611758 0.018322 -0.24813 0.363312 -0.401936 -0.361515 -0.370966 0.419476 0.00157138 -0.000342717 0.1831 -0.0531159 -0.00425663 0.197541 0.00714863 -0.00248624 -0.000130516 7.76223e-06 -0.132258 0.00481505 -0.0351992 -0.029006 0.0974711 -0.120615 -0.0274594 0.332853 0.00262655 0.00199323 -0.00821136 -0.232769 1.1876 -0.0319045 -0.0570776 0.00468603 -0.00797761 -0.00399059 -0.000747543 0.00476792 -0.205609 0.177014 -0.147478 -0.574147 -0.290168 0.134792 0.183828 -0.0857461 0.222942 -0.951707 -0.535046 0.163904 0.0710378 0.0711627 -0.0892293 -0.319771 -0.175949 0.0605569 0.384698 -0.226474 -0.022789 -0.0181551 0.0722654 0.022447 -0.0763436 -0.107958 -0.0522376 -0.0702876 0.0619559 -0.0702827 -0.0848896 -0.0826617 -0.0548777 -0.0344823 -0.0487656 -0.048684 -0.0324661 0.0970555 0.105422 -0.0865347 0.00651878 0.0310398 0.0883963 0.121324 0.0773654 0.152258 0.173627 0.129178 0.0303494 0.0600261 0.0903476 0.069103 0.052296 0.0537715 0.122267 0.123842 0.069338 0.146368 0.168597 0.0730998 0.101388 0.174239 0.169894 0.124149 0.0958728 0.0819694 0.0757774 -0.0831956 0.0195166 0.0145736 0.0337586 -0.0600831 -0.908265 0.554866 -0.0580532
 7.72894e-09 -0.000602703 2.51481e-05 1000 0.00524102 -0.000762177 -4.18959e-09 -8.66097e-06 4.52354e-05 -0.000102988 -6.29471e-05 0.000304143 -1.07301e-09 9.67492e-06 1.58954e-07 1.00402e-09 -4.86169e-06 2.30931e-07 5.67358e-10 -5.22518e-06 4.63125e-07 4.45781e-10 2.85711e-06 1.36046e-08 -0.000374582 -0.000794162 0.000120027 -7.45007e-05 -0.000692612 0.000313108 -0.000152325 -0.000188091 0.000260177 -0.000239429 -0.000517104 0.000352858 5.72054e-05 3.37719e-05 -1.65626e-07 -0.000488459 0.000148065 4.53784e-06 -0.00015357 0.00012106 -4.65108e-06 1.88779e-05 9.31459e-06 -2.52965e-06 5.41106e-05 -0.00016453 -6.52474e-05 8.38524e-05 -2.2714e-05 6.19017e-05 -3.21378e-05 4.29268e-05 -0.0001743 -0.00015075 -0.000118842 0.000151016 1.06996e-05 -1.07361e-06 8.74535e-05 1.47091e-05 -7.03096e-06 0.000214305 1.21454e-05 -4.31479e-06 -1.81524e-06 1.58052e-10 1.12595e-06 4.12134e-07 -4.67302e-06 -5.2924e-06 1.75412e-05 -4.29011e-05 -1.14222e-05 0.000137113 2.92108e-06 7.4435e-07 -3.36293e-06 -8.55794e-05 0.000312057 -8.34315e-06 -1.06505e-05 8.16521e-07 -1.16617e-05 -2.16023e-06 -5.86324e-07 2.76339e-06 -0.000106602 7.1381e-05 -2.37927e-05 -0.000199894 -0.000180847 -0.000164584 0.000146337 4.8873e-05 -8.41328e-05 -0.000135215 -2.6518e-05 2.7464e-05 -1.2362e-05 4.25571e-05 -4.60644e-05 6.64864e-05 -3.66134e-05 3.10651e-05 1.48943e-05 -7.27693e-05 2.06205e-07 1.91695e-05 6.50435e-05 -2.69868e-06 8.50378e-06 -6.7592e-05 -4.83319e-06 -3.36769e-05 -1.54153e-05 4.91146e-05 -1.96634e-05 4.82602e-05 -3.05536e-05 -0.000108815 -0.000187987 -0.000262904 -7.46183e-05 0.000270233 4.70086e-05 8.26429e-05 -1.98328e-05 1.64939e-05 9.06049e-05 8.96615e-06 5.61182e-05 -7.46818e-06 0.000107986 3.28808e-05 5.46871e-05 -6.17385e-05 -6.21338e-05 -1.91527e-05 -3.17175e-05 9.7311e-05 0.000106724 2.80716e-05 1.0506e-05 7.4833e-05 7.33071e-05 0.000101821 6.59344e-05 -5.96311e-05 8.7322e-05 1.98354e-05 3.01426e-05 2.8799e-05 2.81452e-05 -3.23737e-05 9.48089e-06 1.39091e-05 3.8631e-06 -6.53117e-05 -0.000502129 0.000146306 -5.90556e-05
 -0.000420732 31.9654 -1.33131 0.00524102 708.283 -100.75 0.000197621 0.441273 -2.27236 5.5534 3.73143 -18.0321 4.68401e-05 -0.441598 -0.00528145 -6.26892e-05 0.337607 -0.00842173 -3.95001e-05 0.502598 -0.0366303 -3.29244e-05 0.0188105 -0.00383186 21.8938 35.2049 -5.38355 2.9565 28.2966 -12.7873 12.4562 8.69372 -12.2348 19.1553 18.8788 -13.3056 -2.84667 -1.61035 0.0117404 22.4948 -6.85266 -0.188513 10.6181 -6.95318 0.288153 -0.645288 -0.441071 0.123412 -2.21801 9.08563 2.8893 -4.24393 -0.324849 -0.889578 3.89877 -5.67449 8.67894 7.45826 8.17945 -9.03001 -0.063219 0.00984333 -4.00273 -2.32429 0.4545 -12.1433 -0.69846 0.244274 0.0928753 -1.85025e-05 0.0804412 -0.0200488 0.242697 0.278503 -0.926814 2.19161 0.566544 -6.85031 -0.0933242 0.0144389 -0.0381891 5.50738 -24.5886 0.664922 1.89322 -0.155359 0.398407 0.0699045 0.0178119 -0.0882577 4.34135 -2.62645 0.0870071 5.37 7.54227 8.8539 -1.41406 -0.490676 -0.0306907 7.17615 1.53948 -2.4765 -0.109426 1.31729 0.241332 4.73565 0.125473 -2.14789 0.240585 2.82732 -0.057587 -0.578193 -1.77258 -1.53757 2.71287 2.74837 0.336938 0.819114 1.82407 -1.07545 0.0896975 1.56377 2.73715 5.67758 3.56962 -0.986773 -0.884879 -0.263543 -5.10204 3.2457 0.703846 -0.76133 -2.16904 -2.76956 -1.41999 -2.46958 -2.27228 -3.18583 -0.244563 0.0559762 -0.549757 -1.41922 -1.66822 -0.765438 -1.69263 -1.1623 -1.23045 -3.33295 -4.58604 -1.13949 -0.554666 -4.03721 -3.46502 -2.88598 -1.98747 -1.6662 -1.49388 1.57734 -0.392601 -0.466753 -1.02517 1.10741 22.9828 -13.9768 1.48724
 6.03581e-05 -4.58648 0.191018 -0.000762177 -100.75 15.3551 -2.92682e-05 -0.0653572 0.336814 -0.797192 -0.535277 2.58673 -5.9495e-06 0.0572385 0.000758235 9.49693e-06 -0.0557672 0.00123986 5.60705e-06 -0.0762416 0.00551677 4.62927e-06 -0.00568985 0.000622189 -3.14188 -5.05139 0.772464 -0.42708 -4.05997 1.83471 -1.78764 -1.2478 1.75604 -2.74894 -2.70876 1.90913 0.395122 0.224507 -0.00147453 -3.23086 0.976418 0.0270909 -1.53226 0.979141 -0.039848 0.0880173 0.0561663 -0.0154693 0.316202 -1.30341 -0.414977 0.609148 0.0442554 0.12668 -0.560332 0.815613 -1.24584 -1.07008 -1.17362 1.29565 0.0090559 -0.00141054 0.574337 0.333176 -0.0651858 1.74185 0.100455 -0.0351319 -0.0133915 3.14454e-06 -0.0207111 0.00314782 -0.0372001 -0.0414483 0.138025 -0.31445 -0.0813114 0.983173 0.0122475 -0.00273092 0.0080636 -0.779691 3.53249 -0.0955434 -0.271559 0.0222843 -0.0570861 -0.0100195 -0.00255238 0.0126495 -0.622792 0.378854 -0.0137836 -0.771072 -1.08052 -1.26878 0.202066 0.0705353 0.00453867 -1.02962 -0.220037 0.355439 0.0159969 -0.1892 -0.0349669 -0.679848 -0.0183429 0.307794 -0.0344792 -0.405286 0.0081448 0.0828814 0.254043 0.22039 -0.389364 -0.394377 -0.0482782 -0.117161 -0.261528 0.153875 -0.0131914 -0.224588 -0.392665 -0.814065 -0.511665 0.141822 0.127042 0.0373528 0.731644 -0.465652 -0.100849 0.109223 0.311005 0.397187 0.20353 0.354169 0.325734 0.456765 0.0349047 -0.00785046 0.0791171 0.203672 0.239343 0.109705 0.242688 0.166827 0.176635 0.47798 0.657755 0.163377 0.0795355 0.579213 0.497038 0.413958 0.285056 0.238987 0.214265 -0.226314 0.0563168 0.0669004 0.146939 -0.158864 -3.29537 2.00424 -0.213213
 -3.42121e-09 0.000367507 -1.60302e-05 -4.18959e-09 0.000197621 -2.92682e-05 1000 -6.12352e-05 0.000196854 0.000160552 9.43587e-05 -0.000454684 4.67552e-09 -3.53171e-05 -9.38484e-08 3.10742e-09 -4.03231e-05 4.78038e-08 7.24155e-10 -1.29521e-06 -2.46674e-08 9.17964e-10 -2.98658e-05 6.45657e-07 0.000255931 0.000320464 -5.07642e-05 1.37109e-05 0.00027172 -0.000123598 0.000245473 5.79246e-05 -8.77056e-05 0.000481912 -0.000151182 7.98001e-05 -0.000124972 -1.28004e-05 3.15619e-07 -0.000218114 1.8068e-05 8.85084e-07 4.21892e-05 -0.000175143 1.14109e-05 -3.04738e-05 -4.42608e-05 1.34318e-05 3.03708e-05 7.41609e-05 -0.000145862 5.96758e-05 -2.32193e-05 -0.000526291 0.000226748 -0.000296521 -0.000205624 4.70648e-05 7.32737e-05 -6.10172e-05 4.97375e-05 -4.04779e-06 -7.66758e-05 1.9423e-05 2.89425e-07 -2.32287e-05 -2.49346e-06 8.88657e-07 3.89047e-07 4.5358e-09 -8.04464e-05 1.81113e-06 -1.38791e-05 -1.07843e-05 3.7013e-05 -8.59683e-05 -1.3355e-05 0.000169192 -2.11125e-05 -1.00106e-05 3.92452e-05 7.97386e-05 -0.000164706 6.315e-06 -3.4088e-05 3.18631e-06 2.99428e-05 2.30734e-06 -1.36513e-07 -2.18581e-06 9.27388e-06 0.000122411 -2.59705e-05 -0.000164456 4.3047e-06 0.00011579 0.000856111 -0.00103042 0.000380557 3.60439e-05 3.77001e-06 -7.6736e-05 -0.00026485 0.000334505 -0.000170799 0.000303016 -1.38582e-05 -0.000107712 1.13005e-05 3.25954e-05 4.58889e-06 -2.18257e-05 -1.89224e-05 -1.26256e-05 -1.00027e-05 1.62359e-05 0.000269304 -0.000397744 9.21638e-05 6.65281e-05 2.31684e-05 -4.91693e-05 1.85319e-05 4.44672e-05 -3.82024e-05 -2.69783e-05 -3.75004e-05 0.000222241 9.60147e-05 4.39474e-05 -0.000107637 -1.05678e-05 -1.78657e-05 -3.19884e-05 -4.74572e-05 7.24688e-05 -5.24407e-05 -8.75734e-06 -7.51343e-05 -0.000239821 -9.84464e-05 4.89183e-05 -0.000199567 0.000154214 9.87862e-05 3.46855e-05 3.8979e-05 0.000116958 -0.000179716 2.98906e-05 -0.000252946 8.71111e-06 0.000261101 -9.53693e-05 -3.70113e-05 -2.87885e-05 -2.04783e-05 -5.85285e-07 -1.17126e-06 -3.02998e-05 -7.2537e-05 -4.37587e-05 0.00163594 -0.000962274 0.000109592
 -6.17412e-06 0.858414 -0.037441 -8.66097e-06 0.441273 -0.0653572 -6.12352e-05 35.6292 -182.264 0.325006 0.185396 -0.893273 1.11975e-05 -0.0845465 -0.000197876 6.73244e-06 -0.0869243 0.000172324 2.93061e-06 0.0296591 -0.00197043 3.32344e-06 -0.0831357 0.00200045 0.47355 1.36114 -0.20574 0.0522098 0.794085 -0.360432 0.359762 0.0123629 -0.0300404 0.836906 0.359394 -0.274538 -0.297806 -0.0360506 0.000124498 -0.409975 0.0119767 0.000388027 0.0524108 -0.403981 0.0249516 -0.063969 -0.111908 0.0331666 0.142645 0.171611 -0.600943 0.285222 0.124463 -1.34085 0.183969 -0.178683 -0.47435 0.0912987 0.0021835 -0.0203813 0.0671691 -0.00383048 -0.549727 0.31288 0.00122402 -0.36509 -0.0104348 0.00367172 0.000738636 1.15944e-05 -0.199811 0.00475282 -0.0328367 -0.0248474 0.0858668 -0.274074 -0.043025 0.535117 -0.066753 -0.0343931 0.134178 0.214149 -0.259389 0.011996 0.0649823 -0.0047256 0.0783436 0.00537376 0.00237822 -0.00779772 0.025683 0.227458 -0.105173 -0.385256 0.179784 0.53567 3.49162 -3.62942 0.470714 0.520272 0.263193 0.827708 -0.862272 0.41452 -0.877237 0.47955 0.306531 -0.230876 0.0982923 0.038884 -0.0653727 -0.107165 -0.090913 -0.00543526 -0.0593683 -0.163772 1.01569 -0.788458 0.0668552 0.00639686 0.317098 -0.0769812 0.0628117 0.0796058 0.011523 -0.0491602 -0.286087 0.236203 0.0143041 0.190779 -0.201366 0.0241088 -0.094653 0.0822357 -0.190364 0.22754 -0.197324 -0.432448 -0.334949 -0.0832546 0.176498 0.198927 -0.162624 0.117 -0.167583 -0.225052 -0.193047 0.4123 -0.499278 0.42561 -0.0186247 -0.293801 -0.0498601 -0.320205 -0.146601 -0.0937317 -0.0578883 -0.0113022 -0.00411607 -0.0310983 0.00425017 0.0507509 4.12369 -2.36198 0.289264
 3.17882e-05 -4.47076 0.195112 4.52354e-05 -2.27236 0.336814 0.000196854 -182.264 962.132 -1.70386 -0.970906 4.67791 -5.96371e-05 0.45083 0.00103652 -3.55964e-05 0.462537 -0.000933184 -1.52117e-05 -0.155368 0.0103219 -1.72991e-05 0.437133 -0.0105201 -2.46948 -7.11962 1.07617 -0.267131 -4.13858 1.87858 -1.88135 -0.0505599 0.138001 -4.38196 -1.86294 1.42505 1.58326 0.202779 -0.00106717 2.19266 -0.0612877 -0.00233849 -0.248712 2.1526 -0.133748 0.34605 0.601194 -0.178472 -0.759365 -0.893845 3.15329 -1.49831 -0.650296 7.04615 -0.958411 0.926676 2.51003 -0.473725 -0.00578437 0.100003 -0.353639 0.020173 2.87397 -1.64574 -0.00579391 1.89903 0.0545054 -0.019181 -0.00384457 -6.20631e-05 1.06782 -0.0255115 0.177603 0.134753 -0.465368 1.45287 0.227693 -2.83202 0.355265 0.181402 -0.707966 -1.15 1.31785 -0.0618234 -0.340221 0.0247311 -0.420435 -0.0282579 -0.0124925 0.0409909 -0.132752 -1.21167 0.55236 2.0373 -0.940868 -2.83752 -18.3313 19.0585 -2.47506 -2.72522 -1.34869 -4.35396 4.52855 -2.17863 4.61145 -2.51688 -1.60748 1.21322 -0.517277 -0.20374 0.34313 0.562816 0.476337 0.0280467 0.314336 0.862148 -5.3365 4.14162 -0.352534 -0.0332198 -1.66369 0.405941 -0.328979 -0.417605 -0.0597564 0.259078 1.50223 -1.24297 -0.0769004 -1.00188 1.05806 -0.127343 0.496117 -0.432531 0.999834 -1.19686 1.03576 2.27196 1.76067 0.437893 -0.928473 -1.04659 0.855155 -0.616489 0.878571 1.1807 1.01246 -2.16788 2.62224 -2.23758 0.0986705 1.54198 0.257739 1.6813 0.769234 0.491523 0.30311 0.0605449 0.0214153 0.164045 -0.0197197 -0.261349 -21.6691 12.4089 -1.52046
 -8.95184e-05 6.4305 -0.269074 -0.000102988 5.5534 -0.797192 0.000160552 0.325006 -1.70386 925.654 -39.6888 184.881 -3.55145e-06 0.0282332 -0.000757778 -1.71263e-05 0.214 -0.00155365 -4.35312e-06 0.142447 -0.00892006 1.85313e-05 -0.348924 0.00923282 5.40691 4.90375 -0.781314 0.531746 3.278 -1.48208 3.94625 0.841647 -1.28884 6.21387 0.616775 -0.664096 1.08937 0.494723 -0.0240725 5.42536 -0.89566 -0.0486202 3.70954 0.289478 -0.0879465 0.581505 0.768393 -0.246896 2.19751 2.80158 -3.85668 1.30092 -0.560347 -2.82566 3.8594 -5.43766 2.33944 4.46953 -0.37351 -1.70006 0.708048 -0.0531942 -1.50006 2.81449 0.0777282 -5.49242 -0.342205 0.119124 0.000105822 -4.87179e-05 0.72287 -0.026426 0.286566 0.22433 -0.753246 0.876951 0.251531 -2.95739 -0.36166 -0.276586 1.08579 1.61661 -12.3517 0.353187 0.348891 -0.0294878 0.693493 -0.00582282 -0.0141737 0.0200934 0.704701 -0.442948 -2.10377 -3.06828 4.98852 4.18799 -6.37298 -0.774045 3.8639 7.23423 1.97032 -7.02573 1.47196 -1.25941 0.26101 4.61827 9.42627 10.1366 -15.3264 1.6281 2.61582 1.50274 0.223579 -0.153605 0.114842 2.52675 -3.54964 0.65699 1.88984 -2.41988 1.33443 0.786805 -0.67399 0.326415 -0.648475 0.948808 -3.33957 6.08979 -6.78328 5.21652 -1.42923 -0.768878 0.614775 -4.06936 0.226059 -3.047 -1.26695 1.1436 0.074291 -0.154322 0.345149 -1.18932 -0.785737 0.663159 -0.499854 -2.34447 0.0963591 0.251585 -1.03358 -0.175047 -2.0581 0.470086 0.269502 -1.37926 -2.87487 -1.06425 -0.789076 0.468414 -0.0722406 0.294086 0.37047 9.42503 7.31253 -8.77681 -0.266339
 -4.89148e-05 4.04763 -0.168356 -6.29471e-05 3.73143 -0.535277 9.43587e-05 0.185396 -0.970906 -39.6888 21.9243 -100.571 -3.48781e-06 0.026029 -0.000448032 -9.88594e-06 0.123733 -0.00111716 -4.77505e-07 0.12215 -0.00810168 9.36135e-06 -0.20697 0.00498067 2.60512 4.79818 -0.728338 0.511056 3.65964 -1.65392 1.05177 1.00165 -1.39549 2.0388 2.57422 -1.79062 0.645362 0.188532 -0.0125786 2.87199 -0.531074 -0.0244342 1.51491 0.282818 -0.0515079 0.211054 0.376549 -0.121161 -0.258129 1.09406 0.778426 -0.754483 -0.279869 -0.431881 0.673863 -0.963134 0.96859 0.741514 0.944249 -0.990832 -0.0622158 0.00544637 -0.604672 -0.0432059 0.0427514 -1.3582 -0.090888 0.0318907 -0.00275162 -2.70164e-05 0.438835 -0.0149511 0.130161 0.12124 -0.4081 0.488219 0.0979421 -1.20297 0.00486935 0.00143056 -0.0063435 0.161998 -2.16553 0.0579416 0.224944 -0.0187749 0.187819 0.0101255 0.00438185 -0.0145931 0.462663 -1.45191 -0.569085 1.92129 4.60168 3.14669 -2.64007 -1.79486 0.596467 0.457227 -0.0268684 0.0878239 1.23732 -0.345504 -1.80534 -0.0320938 1.50011 0.963005 -0.561819 0.269071 -0.119196 -0.0780795 -0.226853 -0.186389 0.253849 0.491456 -0.369247 0.0180041 0.398214 -0.177608 0.247717 0.11505 0.0985259 0.28909 0.561204 -0.000108771 -0.100645 0.354189 -0.759531 0.207045 -0.0387162 -0.165056 -0.254858 -0.636277 0.00822349 -0.337756 -0.458917 -0.382184 -0.312761 -0.0586889 -0.377387 -0.169165 -0.109077 -0.0785399 -0.241832 -0.35893 -0.1258 -0.324028 -0.463701 -0.121094 -0.0243365 -0.411879 -0.542648 -0.348395 -0.264196 -0.221932 -0.213853 0.166679 -0.0437685 -0.090417 -0.155411 -0.121752 3.31329 -1.10903 0.359094
 0.000236347 -19.5696 0.813985 0.000304143 -18.0321 2.58673 -0.000454684 -0.893273 4.67791 184.881 -100.571 486.539 1.6005e-05 -0.118511 0.00216554 4.71333e-05 -0.58739 0.00535035 2.31127e-06 -0.581513 0.0385896 -4.49533e-05 1.00547 -0.0242058 -12.6057 -23.1589 3.51583 -2.46926 -17.6542 7.97857 -5.1235 -4.82334 6.72196 -9.89025 -12.3947 8.62471 -3.10695 -0.890898 0.0602752 -13.9023 2.59056 0.118213 -7.32367 -1.32575 0.245913 -1.00786 -1.8065 0.58123 1.23891 -5.30738 -3.68168 3.60704 1.38307 2.12421 -3.29837 4.71303 -4.69788 -3.62526 -4.53705 4.78857 0.292464 -0.0256858 2.95051 0.183781 -0.208155 6.64091 0.43739 -0.153468 0.0136711 0.000130181 -2.11346 0.0720607 -0.624935 -0.584164 1.96624 -2.40501 -0.480053 5.89616 -0.0304171 -0.010793 0.0457107 -0.786183 10.605 -0.283924 -1.08909 0.0908944 -0.907992 -0.0486478 -0.0209218 0.0699813 -2.23477 7.01452 2.75632 -9.23685 -22.1732 -15.2069 12.7855 8.6495 -2.88777 -2.39885 0.139636 -0.33053 -5.97394 1.67809 8.6877 0.100877 -7.32932 -4.75373 2.8827 -1.31583 0.545244 0.358738 1.09322 0.902844 -1.22483 -2.39719 1.82097 -0.0926296 -1.93665 0.883429 -1.20974 -0.562353 -0.467334 -1.39665 -2.69375 -0.0107637 0.524173 -1.7733 3.73382 -1.05511 0.202942 0.803243 1.22116 3.1083 -0.0422621 1.66009 2.22511 1.82845 1.50536 0.284993 1.81311 0.827113 0.533615 0.372125 1.17082 1.75469 0.605728 1.55694 2.245 0.585748 0.139427 1.97867 2.61217 1.69386 1.3043 1.08099 1.03922 -0.808075 0.211536 0.431138 0.739311 0.467291 -16.0357 5.44053 -1.72576
 1.68106e-09 -0.00014829 7.04394e-06 -1.07301e-09 4.68401e-05 -5.9495e-06 4.67552e-09 1.11975e-05 -5.96371e-05 -3.55145e-06 -3.48781e-06 1.6005e-05 1000 2.67222e-05 -6.11674e-06 -2.28628e-09 3.05401e-05 2.85954e-07 -1.7046e-10 2.11434e-05 -1.02017e-06 -8.1869e-10 2.82033e-05 -3.03191e-07 -0.000225504 -0.00060792 9.27394e-05 -1.39756e-05 -0.00023512 0.000107116 -4.15878e-05 4.18374e-05 -5.49322e-05 -9.16509e-05 6.05874e-05 -3.54955e-05 0.000102941 1.03337e-05 1.55962e-07 -0.00017467 6.95089e-05 3.40294e-06 3.0734e-05 0.000103496 -6.77895e-06 2.48332e-05 3.11381e-05 -9.15046e-06 6.07717e-05 9.53784e-06 -0.000119326 6.37483e-05 -1.20611e-06 4.42398e-05 4.32491e-05 -6.6632e-05 0.000147533 -4.04442e-05 -2.55568e-05 2.8664e-05 -1.76265e-05 1.33196e-06 -2.4416e-05 -3.91803e-06 2.63916e-06 -8.3774e-05 -1.12389e-06 3.84024e-07 -2.89917e-07 -2.35286e-09 4.44002e-05 -4.81979e-07 8.87127e-06 5.33561e-06 -1.85022e-05 3.3417e-05 7.7021e-06 -9.805e-05 2.48823e-06 2.04453e-06 -8.67552e-06 -4.59065e-05 9.92047e-05 -4.3711e-06 -1.77131e-05 1.50892e-06 1.58521e-06 -1.11893e-06 2.06147e-08 1.10575e-06 -9.02399e-05 -0.000182315 -3.17002e-05 9.35504e-05 4.57408e-05 6.33732e-06 -4.89935e-05 1.84743e-05 -0.000158059 2.40745e-05 2.75514e-05 0.000397871 -3.82734e-05 -0.00032708 2.42258e-05 0.000139677 0.000159814 3.89816e-06 3.69594e-05 -1.92699e-05 -7.00162e-05 4.04501e-05 6.75703e-05 -5.89887e-05 -2.32409e-05 -8.17266e-05 -8.33578e-06 3.56115e-05 -1.74757e-06 8.53539e-06 2.06126e-05 -1.71211e-05 -1.86879e-05 -7.11288e-06 -3.4245e-05 -3.7013e-05 -5.50704e-05 -4.01387e-05 -2.89029e-05 -4.20693e-05 -4.33701e-06 2.44743e-05 3.7953e-05 2.198e-05 2.91853e-05 4.43063e-05 4.09621e-05 6.22144e-06 -3.79127e-05 -5.01941e-05 -6.5824e-06 1.26516e-05 1.86063e-05 -2.63251e-05 -2.11517e-06 -5.20492e-06 4.34198e-06 1.89228e-05 -1.82344e-05 4.44744e-06 7.21759e-05 7.40439e-05 2.69209e-05 -9.77412e-06 -3.86206e-06 -1.05175e-06 -2.28005e-06 -1.33633e-05 7.56357e-06 1.16929e-05 4.9001e-05 3.9525e-05 -0.000643283 0.000490726 -2.51276e-05
 -1.1873e-05 1.01794 -0.0492109 9.67492e-06 -0.441598 0.0572385 -3.53171e-05 -0.0845465 0.45083 0.0282332 0.026029 -0.118511 2.67222e-05 999.794 -0.112538 1.66709e-05 -0.232474 -0.0020063 3.71354e-07 -0.155377 0.00739785 4.54403e-06 -0.203336 0.0019222 1.96671 4.62254 -0.709495 0.0910269 1.69469 -0.772855 0.415191 -0.249437 0.320807 0.959243 -0.176625 0.0696995 -0.867283 -0.0873431 -0.000824542 1.04402 -0.484801 -0.0239084 -0.163084 -0.910219 0.0586832 -0.200233 -0.253222 0.0748075 -0.479557 0.103537 0.941421 -0.555969 -0.0508915 -0.293788 -0.222431 0.347722 -1.21269 0.442893 0.169714 -0.253492 0.114226 -0.00834783 0.202956 0.0492464 -0.0206081 0.63577 0.00573609 -0.00194158 0.0025544 1.72547e-05 -0.332397 0.00329231 -0.0693926 -0.0398805 0.138387 -0.282461 -0.0631409 0.803417 -0.020411 -0.0128402 0.0559373 0.439993 -1.21252 0.0481382 0.128616 -0.0111489 -0.0258057 0.00880189 -0.000207945 -0.00865175 0.778237 1.64747 0.360041 -0.641682 -0.29448 0.0178628 0.472226 0.0257341 1.09935 -0.184802 -0.196523 -2.77659 -0.113929 2.31799 0.270842 -1.07024 -1.29461 -0.163398 -0.0233076 0.15948 0.52769 -0.22889 -0.512129 0.337811 0.43754 0.579807 0.245699 -0.269404 -0.0459225 -0.0689484 -0.118116 0.15277 0.17596 0.096609 0.266071 0.285404 0.408348 0.243006 0.225163 0.284596 0.00641844 -0.21726 -0.336464 -0.228652 -0.217227 -0.362845 -0.366627 -0.155772 0.145795 0.254286 0.00080816 -0.060798 -0.0693719 0.146674 -0.00494921 -0.0325376 -0.0172053 -0.18688 0.0875761 -0.100425 -0.585217 -0.692994 -0.364465 0.0132488 -0.0163064 -0.031588 -0.0193967 0.152412 -0.0661909 -0.0816699 -0.359013 -0.290221 4.34708 -3.35645 0.163104
 1.01941e-07 -0.00649265 0.000270863 1.58954e-07 -0.00528145 0.000758235 -9.38484e-08 -0.000197876 0.00103652 -0.000757778 -0.000448032 0.00216554 -6.11674e-06 -0.112538 0.813945 2.35863e-07 -0.0028386 1.49045e-05 4.60351e-08 -0.00211989 0.000136158 1.14227e-07 -0.00271047 6.80671e-05 -0.00483401 -0.00869954 0.00132351 -0.000846147 -0.00666293 0.00301135 -0.00199825 -0.00188864 0.00263328 -0.00343825 -0.00329158 0.00232457 -0.00191874 -0.00105912 4.19144e-05 -0.00761347 0.000527031 6.72222e-05 -0.00311261 -0.00145737 0.000167272 -0.000741837 -0.001593 0.000499313 -0.000209121 -0.00119602 -0.00149927 0.00120312 -4.38229e-06 -0.000207653 -0.00102823 0.00152432 -0.00124972 -0.00123204 -0.00122456 0.00139819 -6.22855e-05 4.48763e-06 0.000659775 -0.000167455 -1.16957e-05 0.00056523 2.76224e-05 -9.62038e-06 1.61453e-06 1.69368e-07 -0.00300014 9.48206e-05 -0.000366633 -0.000266431 0.000899321 -0.000403579 -0.000126798 0.00152369 -0.000186552 -0.000230387 0.000882267 -0.000852489 0.00840232 -0.000224292 -0.000237978 1.96096e-05 -3.72408e-05 -5.23971e-06 1.30155e-06 3.96775e-06 -0.000942378 0.000963194 -0.000126162 -0.00110644 -0.000361291 -1.36145e-05 4.99774e-05 1.21053e-05 -0.000807692 -0.000597937 0.000696933 0.00243874 0.000289708 -0.00196224 -0.000808417 0.000239908 0.000650024 9.73844e-05 7.71597e-05 -0.000366349 -0.00042386 0.000277364 0.000671573 -0.000183122 -0.000787577 -0.000911314 -0.000121102 0.000487294 0.000115592 -0.000214267 -0.000296319 -0.000390504 -0.000317241 -0.000176224 -0.000317383 -0.000364061 -0.000279922 -6.2641e-05 -7.0726e-05 -0.000359551 1.78323e-05 0.0002178 0.000367455 0.000242508 0.000178288 0.000375181 0.000367482 6.65224e-05 -0.000219056 -0.000103929 0.00020985 0.000156821 5.65632e-05 -5.11712e-05 0.00011504 0.000193233 0.000155556 0.000270953 0.000152845 0.000224492 0.000490093 0.000682331 0.000589287 0.000192354 0.000146223 0.000109047 0.000100316 -0.000274217 7.866e-05 3.07637e-05 0.000139181 -0.000208036 -0.00351911 0.00283289 -0.000113963
 1.79549e-09 -0.000164438 7.32781e-06 1.00402e-09 -6.26892e-05 9.49693e-06 3.10742e-09 6.73244e-06 -3.55964e-05 -1.71263e-05 -9.88594e-06 4.71333e-05 -2.28628e-09 1.66709e-05 2.35863e-07 1000 2.62718e-05 -9.24443e-06 -5.10985e-10 1.91279e-05 -9.84108e-07 -9.63831e-10 2.12475e-05 -2.82852e-07 -0.000129083 -0.00018317 2.88917e-05 -1.71075e-05 -0.000207309 9.41561e-05 -5.52023e-05 2.44865e-06 -1.24497e-06 -9.26554e-05 -2.10337e-05 1.8178e-05 4.38549e-05 7.3078e-06 -2.92657e-08 -8.72299e-05 3.47476e-05 1.58595e-06 -5.29437e-05 7.82643e-05 -3.91062e-06 1.50212e-05 1.97918e-05 -5.61638e-06 6.5734e-05 -5.01993e-05 -0.000136447 9.06489e-05 -4.52769e-06 7.01454e-05 8.85274e-06 -1.79905e-05 7.53691e-05 -4.60279e-05 -5.34795e-05 5.26833e-05 -1.21197e-05 9.59245e-07 -1.77835e-05 4.07455e-06 9.3093e-07 -3.75041e-05 -2.80243e-06 9.58788e-07 -5.71598e-08 -1.75418e-09 3.16866e-05 -3.88919e-07 5.33583e-06 4.00974e-06 -1.37439e-05 7.75948e-06 2.3082e-06 -3.15569e-05 1.32383e-06 3.27243e-06 -1.32117e-05 1.87387e-05 -0.000201277 5.42708e-06 -4.38942e-06 3.76761e-07 -1.01992e-06 -1.21907e-06 5.31556e-08 1.17379e-06 -9.65942e-05 -0.000146116 -9.81688e-06 0.000137559 9.76761e-05 5.77241e-05 -2.73854e-05 -4.58268e-05 -0.000211281 6.79903e-05 5.82173e-05 0.000571934 -0.00025386 -0.000202595 -7.81104e-05 0.000178261 0.000222916 -0.000166106 9.46932e-05 -5.48848e-05 -8.50401e-05 -2.14852e-05 1.3644e-05 2.22724e-05 -4.7408e-05 1.71342e-05 -3.35363e-05 1.47192e-07 -5.65524e-05 -3.12156e-05 2.78686e-06 -9.54164e-06 -1.60723e-05 -2.64307e-05 -4.56367e-05 -3.45862e-05 -4.56099e-05 -4.23035e-05 -2.97092e-05 -1.89839e-05 -3.04792e-05 1.4469e-05 2.31877e-05 1.36092e-05 1.8022e-05 1.2436e-05 2.51986e-05 5.67076e-06 -4.24479e-06 -2.58399e-05 -1.65693e-05 -2.15165e-05 2.34123e-05 -4.91371e-06 -1.48354e-07 1.98194e-07 1.71153e-05 6.94121e-05 -4.47592e-06 1.33875e-05 8.75441e-05 4.8127e-05 1.55061e-05 -1.27149e-06 4.77598e-06 6.73007e-06 4.50751e-06 -7.74438e-06 7.76339e-06 1.34554e-05 5.02474e-05 2.18512e-05 -0.000528799 0.000387029 -2.33661e-05
 -1.85262e-05 1.65803 -0.0761987 -4.86169e-06 0.337607 -0.0557672 -4.03231e-05 -0.0869243 0.462537 0.214 0.123733 -0.58739 3.05401e-05 -0.232474 -0.0028386 2.62718e-05 999.644 -4.35104 2.99562e-06 -0.217371 0.0111379 7.55515e-06 -0.252959 0.00325132 2.36803 3.0039 -0.479092 0.152648 2.3102 -1.05165 1.03374 -0.0648135 0.0478633 1.92536 0.397054 -0.350964 -0.860557 -0.108013 0.000554602 0.528331 -0.37632 -0.0182839 0.711423 -1.31187 0.0705767 -0.228291 -0.294926 0.0859394 -0.701055 0.92315 1.44471 -1.07633 -0.0952316 -0.586032 0.0171644 0.0171686 -1.24671 0.921456 0.597853 -0.742445 0.0804213 -0.00564417 0.331299 0.027073 -0.0169262 0.558022 0.0235294 -0.00798958 0.00201873 2.07392e-05 -0.390939 0.00448066 -0.0800909 -0.0502104 0.172373 -0.204025 -0.0499838 0.659083 -0.0235312 -0.0338113 0.138232 0.144245 0.491513 -0.00211407 0.0486165 -0.00465449 -0.0254262 0.0161566 -0.000222574 -0.0160406 1.30081 2.49112 0.489278 -1.32389 -0.90484 -0.412202 0.572219 0.757382 2.16365 -0.637718 -0.595783 -6.67046 2.31662 3.16558 1.70797 -1.96862 -3.46334 1.12622 0.358279 0.262393 1.04612 0.282559 -0.145673 -0.362755 0.593872 0.355126 0.384944 0.00378341 0.483575 0.443721 -0.016461 0.178189 0.226075 0.326453 0.580458 0.43822 0.557032 0.345853 0.405961 0.140591 0.349816 -0.180064 -0.453519 -0.264492 -0.263241 -0.257856 -0.429723 -0.202138 -0.0775333 0.154165 0.120363 0.223618 -0.247185 -0.246573 -0.0295575 0.00500026 -0.190484 -0.904634 -0.176792 -0.250972 -1.18389 -1.0197 -0.649876 -0.264499 -0.210163 -0.199001 -0.152558 0.222808 -0.108896 -0.168321 -0.589232 -0.264798 5.4793 -3.71276 0.288456
 2.05051e-07 -0.0146092 0.000639131 2.30931e-07 -0.00842173 0.00123986 4.78038e-08 0.000172324 -0.000933184 -0.00155365 -0.00111716 0.00535035 2.85954e-07 -0.0020063 1.49045e-05 -9.24443e-06 -4.35104 0.838339 2.07668e-08 -0.00138079 0.000100727 5.64618e-08 -0.00157006 5.26695e-05 -0.015324 -0.0205022 0.00322588 -0.00200298 -0.0173145 0.00785867 -0.00707205 -0.00184064 0.00276241 -0.0125513 -0.00568545 0.00432258 0.00171146 -0.000366131 3.41662e-05 -0.00932991 0.00190294 0.000141326 -0.00749937 0.00341526 -5.68842e-05 -0.00022445 -0.000751354 0.000270722 0.00292316 -0.00593313 -0.00830282 0.00638621 0.000349467 0.00259216 -0.00139013 0.00185488 0.00357522 -0.00559734 -0.00433891 0.00514981 -0.000379948 2.64548e-05 -0.000805455 -0.000155542 4.5626e-05 -0.00147598 -4.88389e-06 6.43233e-07 -8.04078e-07 1.12064e-07 -0.00175508 8.8771e-05 -0.000156757 -7.13683e-05 0.000230685 0.000276205 1.28096e-05 -0.00040512 -0.000260808 -0.000230733 0.000851122 -0.00122561 0.00403824 -0.000155464 -0.000399127 3.57691e-05 -1.64747e-05 -8.14353e-05 1.73154e-06 8.02389e-05 -0.00689625 -0.0107423 -0.00321304 0.00521187 0.00465269 0.00242677 -0.00283421 -0.00380969 -0.0107654 0.00173389 0.00461231 0.0337914 -0.01164 -0.0161473 -0.00913729 0.00936311 0.0172904 -0.00572822 -0.00187286 -0.00149915 -0.00531925 -0.00135947 0.00098336 0.00194388 -0.00342556 -0.00229117 -0.00189317 0.000201657 -0.00235406 -0.00246817 -0.000258597 -0.00115109 -0.00132064 -0.0017652 -0.00304991 -0.00235998 -0.00277565 -0.0016053 -0.00193297 -0.000850066 -0.00171526 0.00096309 0.00241062 0.001429 0.00137475 0.00143834 0.00227116 0.000971772 0.00026694 -0.000679665 -0.000358335 -0.000959774 0.00126625 0.00129889 0.000269931 0.000142474 0.00109954 0.00464567 0.00112404 0.00141734 0.00598527 0.00531045 0.00359682 0.00153554 0.00119682 0.0010931 0.000860319 -0.00128273 0.000576486 0.000812565 0.00281293 0.000822736 -0.0278357 0.0190208 -0.00144033
 2.34342e-10 -5.75538e-05 2.37107e-06 5.67358e-10 -3.95001e-05 5.60705e-06 7.24155e-10 2.93061e-06 -1.52117e-05 -4.35312e-06 -4.77505e-07 2.31127e-06 -1.7046e-10 3.71354e-07 4.60351e-08 -5.10985e-10 2.99562e-06 2.07668e-08 1000 7.38846e-06 -3.313e-06 -8.43042e-10 9.37859e-06 -2.50567e-07 7.96046e-05 -8.12427e-05 1.04283e-05 -3.80926e-06 2.56901e-07 -2.71658e-07 4.76738e-05 9.0386e-06 -1.41514e-05 6.98481e-05 -0.000121277 7.74136e-05 -2.90174e-05 2.25608e-06 9.96248e-08 -5.21883e-05 7.69058e-06 2.25172e-07 1.32009e-05 -3.08124e-05 2.12164e-06 -1.49844e-06 -1.00563e-06 4.57205e-07 2.30029e-05 7.13139e-06 -5.33267e-05 2.7573e-05 -2.77072e-05 3.63964e-05 4.24022e-05 -6.466e-05 -2.11507e-05 4.1557e-05 -8.55918e-06 -1.05635e-05 -3.89434e-06 3.56923e-07 8.81017e-06 1.54597e-05 -9.61197e-07 1.35181e-05 -1.6763e-06 5.92164e-07 1.14085e-07 -5.09601e-10 5.87863e-06 -2.11513e-07 -1.60202e-07 8.88248e-07 -3.02872e-06 -6.86767e-06 -9.34893e-07 1.19538e-05 3.74964e-06 4.62378e-06 -1.78572e-05 4.47911e-05 -0.00026051 7.94599e-06 -8.01158e-06 6.11737e-07 -3.1915e-06 -7.3934e-07 -2.34066e-08 7.67844e-07 1.49307e-05 -9.97558e-05 -2.27202e-05 8.16152e-05 9.51491e-05 9.06803e-05 5.69597e-05 0.000272514 -0.000182517 -9.96379e-05 -3.75795e-05 2.48525e-05 -5.72496e-05 6.34582e-05 8.73646e-06 -2.08785e-05 3.25533e-05 1.96116e-05 2.339e-05 -1.48381e-05 2.8596e-06 -1.33203e-05 -1.671e-05 -2.26211e-05 -1.35261e-05 1.95839e-06 2.16617e-05 -2.56304e-06 -2.07784e-06 1.16836e-05 4.98355e-06 -1.51263e-06 -2.80544e-05 -1.78002e-05 3.22009e-06 -1.07325e-05 -8.77711e-06 -9.39769e-06 9.31124e-06 -7.28542e-06 3.45808e-06 -3.81771e-06 -4.36247e-06 -1.11127e-05 -8.96325e-06 -2.151e-05 -1.4726e-05 -1.50053e-06 -1.87231e-05 -3.84819e-05 -1.39759e-05 2.58803e-05 2.05399e-05 3.83092e-07 1.01431e-05 1.27509e-05 -1.26268e-05 1.28176e-05 -1.32235e-06 -1.49626e-05 -1.26528e-05 -1.78545e-05 -2.54925e-05 -6.31215e-06 -2.2402e-06 -2.24282e-06 -3.82694e-06 1.82862e-05 -1.48879e-06 4.10722e-06 9.52015e-06 -8.89555e-06 -0.000250269 0.000154665 -1.56956e-05
 -3.74371e-05 2.11816 -0.0938578 -5.22518e-06 0.502598 -0.0762416 -1.29521e-06 0.0296591 -0.155368 0.142447 0.12215 -0.581513 2.11434e-05 -0.155377 -0.00211989 1.91279e-05 -0.217371 -0.00138079 7.38846e-06 995.109 -62.9143 1.32162e-05 -0.385634 0.009106 -0.219647 4.29808 -0.625397 0.050201 0.536708 -0.245464 -0.382482 -0.29084 0.408475 0.770751 3.23793 -2.18498 -0.180815 -0.112722 -0.00169965 -0.193615 -0.0609553 -0.00461455 -0.509722 -0.133054 0.0074706 -0.135053 -0.183509 0.0517844 -0.477452 0.46466 1.26423 -0.843711 0.534145 -1.30088 -0.9198 1.44163 -0.667502 -0.439014 0.23583 0.0450197 0.0218743 0.00107293 -0.484275 -0.433867 0.0148316 0.055895 0.0166461 -0.00621123 -0.000686469 1.75027e-05 -0.311212 0.00723336 -0.130625 -0.0924968 0.315583 -0.172239 -0.0390011 0.490814 -0.167931 -0.113212 0.445558 -0.6136 2.87866 -0.0658407 0.26738 -0.021553 0.0832376 0.0351723 -0.0023759 -0.0330208 0.322172 4.82959 1.60679 -2.00819 -3.66257 -4.06684 -13.938 10.0455 0.673744 1.51465 0.474839 -0.96243 -2.29177 2.30036 1.17143 0.190933 0.471591 -2.22727 -0.244662 0.82823 1.09281 0.385075 0.455112 0.81382 0.911464 0.428839 -0.106014 0.0564418 0.715875 -0.0988744 0.176046 0.553673 1.30165 1.42079 -0.408597 0.342863 0.589788 0.501932 0.159015 -0.103072 0.181492 0.0260377 -0.0614868 -0.293156 0.161795 0.388308 0.320089 0.223595 0.260676 0.670295 0.0808567 -0.534207 -0.413151 -0.870963 -0.439239 -0.202955 0.0131395 0.126109 -0.468959 0.243974 -0.0382283 -0.862924 -0.714058 -1.05043 -0.510186 -0.317012 -0.127345 -0.356344 -0.0183858 -0.155997 -0.294882 0.0772898 9.36502 -5.82236 0.579767
 2.45923e-06 -0.141028 0.00623023 4.63125e-07 -0.0366303 0.00551677 -2.46674e-08 -0.00197043 0.0103219 -0.00892006 -0.00810168 0.0385896 -1.02017e-06 0.00739785 0.000136158 -9.84108e-07 0.0111379 0.000100727 -3.313e-06 -62.9143 4.87914 -9.18944e-07 0.0242725 -0.000572402 0.0117057 -0.27878 0.0405872 -0.00352641 -0.03799 0.0173523 0.0235497 0.0169355 -0.023832 -0.0514946 -0.210216 0.141905 0.0104072 0.00555201 0.000154635 0.00874753 0.00384472 0.000324296 0.0300213 0.00566045 -0.00022432 0.00740029 0.00988001 -0.00272503 0.0297607 -0.0306944 -0.0814842 0.0546169 -0.0335559 0.0832249 0.0581641 -0.0912276 0.0412592 0.0273768 -0.0157941 -0.0020447 -0.00136764 -7.06711e-05 0.0320202 0.0278266 -0.000986243 -0.00240859 -0.00120933 0.000447915 1.88271e-06 -1.021e-06 0.0184671 -0.000418835 0.00790458 0.00560183 -0.0191214 0.0100537 0.00234369 -0.0295258 0.00961004 0.00669379 -0.0263409 0.0417356 -0.179408 0.00407965 -0.0172162 0.00138763 -0.00493941 -0.00225003 0.000152851 0.00211153 -0.0210298 -0.304936 -0.105766 0.121382 0.238282 0.276046 0.89157 -0.648227 -0.0405569 -0.0998408 -0.0333994 0.0622836 0.14716 -0.147876 -0.0754031 -0.0126048 -0.0307142 0.142574 0.0155155 -0.0531667 -0.070145 -0.0246672 -0.029065 -0.0521123 -0.0586737 -0.0278198 0.00668666 -0.00359239 -0.045934 0.00610995 -0.0115864 -0.0356844 -0.0834822 -0.0910893 0.0259573 -0.0221186 -0.0378127 -0.0321112 -0.0102449 0.00643744 -0.0117077 -0.00170841 0.0039419 0.0187496 -0.0103812 -0.0248106 -0.0204558 -0.014431 -0.0168334 -0.0428525 -0.00505886 0.0341355 0.0263015 0.0556739 0.0280655 0.0129648 -0.000795915 -0.00809038 0.0300725 -0.0155716 0.00243753 0.0552889 0.0458736 0.067249 0.0326347 0.0202623 0.00813026 0.0226697 0.00120405 0.00994076 0.0187219 -0.00529046 -0.599464 0.373087 -0.0370493
 7.71742e-10 -9.58532e-05 3.97554e-06 4.45781e-10 -3.29244e-05 4.62927e-06 9.17964e-10 3.32344e-06 -1.72991e-05 1.85313e-05 9.36135e-06 -4.49533e-05 -8.1869e-10 4.54403e-06 1.14227e-07 -9.63831e-10 7.55515e-06 5.64618e-08 -8.43042e-10 1.32162e-05 -9.18944e-07 1000 2.05489e-05 -4.87144e-06 0.000118101 -0.000359313 5.01655e-05 -5.91771e-06 -3.29481e-05 1.46508e-05 0.000109255 0.000130928 -0.000181507 0.000170277 -1.7959e-05 4.54526e-06 -3.26586e-05 3.74954e-07 3.5111e-07 -0.000112989 2.01104e-05 8.41764e-07 8.32319e-05 -7.02963e-05 3.43424e-06 -1.6595e-06 -2.58389e-06 1.12881e-06 2.01668e-05 5.96184e-05 -4.1286e-05 5.27372e-06 -5.41288e-05 6.72919e-05 0.000101372 -0.000153326 -2.91131e-05 9.30095e-05 -7.71329e-06 -3.20484e-05 -9.64966e-06 8.28207e-07 1.59309e-05 9.61065e-06 -6.08267e-07 9.1119e-06 -1.81347e-06 6.29648e-07 1.70306e-07 -7.94868e-10 1.11628e-05 -4.9539e-07 5.10292e-08 1.27403e-06 -4.18864e-06 -1.04557e-05 -1.0823e-06 1.37799e-05 7.43454e-06 6.43906e-06 -2.51954e-05 5.19985e-05 -0.000251904 8.05742e-06 -1.62296e-05 1.26677e-06 -5.87705e-06 -1.16461e-06 -6.75413e-08 1.24035e-06 2.09134e-05 -1.82504e-05 2.90497e-05 0.000132662 9.98463e-05 7.41555e-05 -9.9648e-07 8.76084e-05 -0.000192192 -9.03999e-05 -2.1763e-05 0.000230269 -4.33904e-05 -0.000163649 0.000103814 5.45434e-05 0.000161422 -5.76451e-05 0.000148208 -4.76595e-05 -4.73162e-06 9.25919e-06 5.09602e-06 -3.52887e-06 3.52531e-05 8.70972e-05 4.79329e-06 -2.56871e-05 -5.18311e-05 4.35206e-05 8.21177e-06 2.08779e-05 7.96627e-06 1.50329e-06 2.18255e-06 -3.7816e-06 -4.96158e-06 -1.15973e-05 2.16458e-06 -3.00115e-05 -3.10164e-05 -4.14999e-05 -3.8771e-05 -9.72313e-06 1.49024e-05 -1.28612e-05 -5.55587e-06 -1.6097e-05 -6.19532e-05 -0.000101078 -3.72424e-05 3.86298e-05 1.83999e-05 -6.73961e-06 -3.70743e-07 -1.47826e-06 -1.53969e-05 -7.33523e-06 2.54896e-06 -5.33313e-05 -5.03578e-05 -4.76953e-05 -5.84944e-05 -2.16982e-05 -1.89791e-05 -1.70907e-05 -1.80335e-05 3.90228e-05 -1.99589e-06 5.48292e-06 7.32383e-06 -1.48853e-05 -0.000441146 0.000259003 -2.97699e-05
