 1000 0.00272877 -0.000567183 -1.15328e-09 -0.000134913 0.000110567 -4.92483e-06 -9.82494e-07 1.68597e-05 -8.11033e-05 -4.75045e-06 0.0001091 5.61585e-10 -1.99242e-05 2.12743e-07 -1.61338e-10 -1.00911e-05 6.36539e-07 -9.65123e-10 -2.67732e-05 1.17123e-05 -5.74624e-10 9.95777e-07 -8.51774e-08 1.58714e-05 -0.000334096 8.40236e-05 -6.0594e-05 -0.000219478 0.000248275 3.12898e-06 -4.48738e-06 1.65239e-05 9.48796e-05 -0.000100918 0.000159093 -6.78655e-05 -5.951e-06 9.26172e-07 -0.000142001 1.81275e-05 1.2984e-06 -1.73784e-05 -7.87149e-05 1.08438e-05 -7.09136e-06 -1.41448e-05 2.07318e-05 7.86117e-05 -6.70223e-05 -0.000275059 0.000222224 -6.58642e-05 8.63405e-05 0.000106437 -0.000132921 -4.79402e-05 1.36458e-05 -5.20444e-05 5.07247e-05 -3.4784e-06 2.71415e-07 2.68479e-05 4.02484e-06 -1.99157e-07 3.52278e-06 -3.9802e-06 1.08115e-06 4.48125e-07 -2.65486e-11 -1.67392e-05 5.87093e-06 1.84229e-07 -3.36436e-08 -3.61456e-07 9.19005e-06 8.43399e-07 -2.04157e-05 3.13147e-06 2.29739e-06 -1.79453e-05 -1.24032e-05 -0.000325948 2.39627e-05 7.68361e-06 -8.67144e-07 -8.29777e-06 -1.6126e-06 -6.85803e-07 2.31716e-06 5.50474e-06 -4.06752e-05 -0.000134333 -0.000245499 -0.000121569 -3.44739e-06 0.000139296 0.000461767 -0.000239976 -0.000172536 -0.000104836 5.94802e-05 -6.35812e-05 -2.26983e-06 9.58768e-05 0.000128513 6.17934e-05 -6.88894e-05 -0.000164453 0.000244495 -0.00014188 2.89886e-05 -2.05518e-05 -1.40031e-05 1.67459e-05 3.86354e-05 1.86462e-05 -1.40523e-05 5.49312e-05 -4.61397e-05 1.17677e-05 -8.69511e-06 -8.60938e-06 1.41718e-05 9.27507e-06 -9.00508e-06 -1.72872e-05 0.000167609 -0.000122123 8.08189e-05 -3.73747e-06 1.79105e-05 2.94649e-05 8.23408e-06 3.28268e-05 -2.96607e-05 3.23437e-05 1.80564e-05 2.7383e-05 -2.52435e-05 -8.03608e-05 4.58286e-05 1.71135e-05 -7.80149e-07 5.04473e-06 -3.36075e-05 4.29589e-05 3.86973e-05 3.65012e-06 3.97334e-05 1.69693e-05 -4.66585e-05 -8.19642e-06 -3.02476e-05 1.29326e-06 2.25676e-06 4.76249e-06 4.57442e-07 1.07854e-07 1.88156e-05 3.15544e-05 3.41233e-05 -0.000570485 7.01009e-06 -5.65723e-05
 0.00272877 494.331 -101.6 0.000169263 25.9087 -21.2322 0.974097 0.316538 -5.66436 14.8363 1.08189 -25.1209 -0.000135656 3.48557 -0.025784 -7.3012e-05 3.0134 -0.154712 2.29978e-05 2.72739 -1.19401 1.06591e-05 1.49893 -0.338812 18.8856 36.3995 -9.50702 6.46638 23.2046 -26.2719 11.8625 2.75121 -11.8245 10.0965 14.4783 -24.5783 6.37392 1.24483 -0.136661 21.7287 -3.19574 -0.193725 11.22 5.98063 -1.04684 1.85765 3.24646 -4.793 1.29996 9.16259 13.6937 -13.1351 0.82395 -2.77825 2.50186 -2.69196 6.1487 3.79518 7.77668 -10.7937 0.354054 -0.0266215 -1.80865 2.10516 0.0032137 -2.24192 0.284602 -0.0753091 -0.0543606 -3.66353e-05 3.41604 -1.18606 0.924995 0.0468361 -1.23499 -1.01418 -0.0489344 1.42124 0.0719373 -0.0893102 0.679703 -0.831065 -0.0979492 0.014156 1.37405 -0.137462 0.219776 0.121782 0.0294766 -0.152553 2.22794 -4.23404 7.57022 17.7747 11.1563 1.32515 -31.0422 19.27 -9.15048 17.9612 11.3242 -0.987269 -1.41682 -1.96991 -4.6834 3.57261 3.84853 1.75604 -8.53377 3.83094 -1.26638 0.455069 -1.55726 -0.936153 -0.441728 -0.4302 0.178961 1.92492 0.516651 -0.683361 0.347749 0.237261 0.149274 -0.90591 0.59631 0.00705805 -0.916243 2.85135 -5.89492 2.76842 -0.567629 -0.492587 -1.07967 -3.84209 -1.35791 -2.4355 -1.69547 -1.86653 -0.0486415 -0.428707 -1.2832 -1.74109 -1.83674 -0.629187 -0.532003 -2.29797 -0.0835949 -1.73544 -3.68642 -0.802508 -0.234786 -2.31497 -0.907133 -1.32009 -1.22521 -1.04368 -1.09002 0.594357 -0.161941 -1.93926 -4.15587 -4.59852 73.7374 -23.166 4.63957
 -0.000567183 -101.6 22.0117 -3.51965e-05 -5.38015 4.40903 -0.205337 -0.0665846 1.19247 -3.07891 -0.224673 5.21687 2.88506e-05 -0.739247 0.00539186 1.53927e-05 -0.636347 0.0326214 -4.83936e-06 -0.577776 0.252886 -2.23103e-06 -0.320758 0.0724276 -3.91587 -7.54961 1.97182 -1.34449 -4.81359 5.44989 -2.45738 -0.573485 2.46364 -2.09414 -3.00428 5.09998 -1.32924 -0.267833 0.0288091 -4.50623 0.65282 0.0402472 -2.33215 -1.25523 0.219111 -0.389884 -0.679269 1.00291 -0.27227 -1.89858 -2.83699 2.72144 -0.172967 0.574304 -0.519506 0.559215 -1.27563 -0.787288 -1.61268 2.2385 -0.0739573 0.00556732 0.376024 -0.436284 -0.000731867 0.467212 -0.058874 0.0155772 0.0113721 7.75629e-06 -0.725635 0.251773 -0.196239 -0.00991484 0.261845 0.208603 0.00982265 -0.287239 -0.0159227 0.0181808 -0.138331 0.175876 0.0209136 -0.00299463 -0.285975 0.0286064 -0.046885 -0.0252428 -0.00610439 0.0316153 -0.46189 0.87743 -1.5672 -3.68318 -2.31414 -0.270774 6.43468 -3.9985 1.89764 -3.72069 -2.34498 0.204471 0.293925 0.408032 0.970025 -0.741513 -0.798313 -0.36364 1.77008 -0.795632 0.263001 -0.0946223 0.323031 0.194241 0.0913834 0.0889568 -0.0374905 -0.398847 -0.107433 0.141657 -0.0720962 -0.049257 -0.0306505 0.187331 -0.123531 -0.0014475 0.19008 -0.592463 1.22285 -0.574451 0.117548 0.101984 0.223845 0.796384 0.281422 0.504563 0.350875 0.386495 0.00970847 0.0885697 0.266611 0.360892 0.380946 0.130064 0.110234 0.476418 0.0168539 0.360215 0.76363 0.166081 0.0486547 0.48023 0.187605 0.273599 0.25362 0.216376 0.225957 -0.123228 0.0335652 0.401838 0.862448 0.952492 -15.31 4.84687 -0.958893
 -1.15328e-09 0.000169263 -3.51965e-05 1000 -0.00106085 0.000872003 -8.94516e-07 2.68968e-08 3.34588e-06 6.4107e-05 5.14749e-06 -0.000116998 3.86763e-10 -6.15612e-06 8.11721e-09 -1.50255e-11 -2.36407e-07 1.20961e-08 1.89154e-11 -6.82854e-06 2.91437e-06 1.2793e-10 -9.02832e-06 1.90933e-06 7.49238e-05 4.6029e-05 -1.27059e-05 3.25518e-07 -2.41327e-06 2.51436e-06 0.000156501 1.85823e-05 -8.71599e-05 0.000206229 -1.28226e-05 6.00594e-06 1.35857e-05 -3.9622e-06 1.27133e-07 1.89287e-05 -4.51291e-06 2.355e-07 8.34602e-05 -1.25017e-05 4.06893e-07 2.57753e-06 3.90636e-06 -5.90375e-06 9.35156e-06 2.82531e-05 -3.46229e-05 1.56677e-05 -3.13742e-05 -2.1981e-05 0.00010019 -0.000115305 2.86597e-05 -1.11539e-05 4.49565e-05 -4.3186e-05 -1.53681e-06 -3.09306e-08 2.93999e-05 -5.74596e-05 4.39377e-06 -0.000100142 -5.81653e-06 1.49235e-06 8.64465e-07 9.3492e-11 -1.51204e-05 4.93536e-06 -2.61517e-06 -9.86298e-08 3.01186e-06 -1.38318e-05 -1.40588e-06 3.30935e-05 1.85637e-06 1.92244e-07 -1.81959e-06 -8.80442e-06 -0.00015312 1.10005e-05 2.41906e-05 -2.37971e-06 -1.88532e-06 -3.49189e-07 -2.34109e-07 5.87816e-07 -2.74245e-05 -5.12001e-05 -2.09786e-05 -2.60408e-05 -9.22617e-06 5.86554e-06 6.83541e-05 -2.2535e-05 -3.69955e-05 4.0919e-05 1.55204e-05 -2.45486e-05 6.06217e-06 5.16318e-05 -2.73154e-05 0.000110863 -3.77367e-05 -6.37181e-06 -1.42616e-05 2.04005e-06 9.22077e-06 1.42333e-06 1.39173e-05 -5.27127e-06 2.75972e-05 -2.66817e-05 -1.33749e-06 4.58961e-06 3.68729e-05 -3.90457e-05 -2.40686e-05 3.77943e-05 4.09599e-05 4.14868e-05 -7.91384e-05 -0.00020708 -7.66065e-05 0.000142304 -3.84356e-05 0.0001394 -1.11779e-05 3.59449e-06 2.93511e-05 2.07751e-05 1.48095e-05 -1.11769e-06 2.52838e-05 -1.42837e-05 5.56878e-05 -4.77572e-05 -0.000113491 -5.27788e-06 -6.32744e-05 6.67316e-05 6.63792e-05 4.37649e-06 -4.39931e-06 -5.56324e-06 -2.264e-05 6.46092e-05 4.60048e-05 -0.000113095 4.80647e-05 -3.01372e-05 -4.5561e-06 -1.53912e-06 -2.44409e-06 -4.93215e-06 1.56379e-06 -1.57628e-05 -4.73856e-05 -6.3626e-05 0.000471381 -6.03118e-06 4.6406e-05
 -0.000134913 25.9087 -5.38015 -0.00106085 406.87 -331.979 0.254804 0.083833 -1.3108 9.81664 0.729206 -16.8812 6.12582e-05 -0.935489 -0.00856556 6.83361e-08 0.18041 -0.0183871 2.8051e-05 -1.83601 0.789 3.89811e-05 -2.10189 0.452557 12.2792 22.0485 -5.77349 4.38854 14.4308 -16.3442 12.4106 1.1133 -5.37331 9.14221 9.1726 -15.7645 1.78648 -0.878042 0.0016563 11.6772 -3.43783 -0.0916126 7.18846 0.674572 -0.268511 0.191423 0.602415 -0.884878 -1.57248 3.3324 -1.25676 -0.160162 1.01889 -3.07295 1.43405 -1.40894 4.39297 2.32532 5.3741 -7.29883 0.0593041 -0.000601755 -1.8415 -1.64158 0.255673 -8.11888 -0.69516 0.186671 0.102712 1.59194e-05 -1.8331 0.593009 -0.0732663 -0.000547445 0.0831225 -1.65478 -0.128379 3.23747 0.0794468 -0.0330617 0.258047 -2.3789 -2.84508 0.2186 1.74565 -0.172804 0.183293 0.0586468 0.0144525 -0.0737236 1.31295 -1.49265 1.53479 2.90002 1.5115 2.26924 2.01211 -1.26693 -1.45444 7.00026 2.26027 -1.81792 -0.857029 0.650139 -1.81925 3.21761 -0.255181 -0.685361 -0.798616 1.34768 -0.00122934 -0.602391 -1.05108 -1.75771 0.471637 0.600444 -0.133062 0.138383 2.36822 -1.14966 -1.55937 -0.419741 -0.253647 2.79838 2.92894 -1.71227 -1.38411 3.68011 -7.61264 3.20581 0.307649 -0.0368471 -0.631851 -1.15605 -0.740101 -0.327382 -0.384862 -1.54651 0.459174 0.464588 0.0783751 -0.756345 -1.38395 -0.118923 -0.1399 -0.483736 0.484325 -0.743444 -3.47521 -0.280914 1.38674 -2.14196 -0.158633 -0.989074 -0.728584 -0.541413 -0.538502 0.268961 -0.0856149 -1.66012 -3.28203 -4.01738 58.1527 -12.4433 4.35553
 0.000110567 -21.2322 4.40903 0.000872003 -331.979 273.362 -0.210077 -0.0690893 1.08157 -8.04467 -0.597667 13.8361 -4.9997e-05 0.761921 0.00703111 1.2292e-08 -0.151318 0.0152303 -2.30082e-05 1.50136 -0.645178 -3.19487e-05 1.71936 -0.370184 -10.0603 -18.0661 4.73064 -3.59775 -11.8244 13.3922 -10.1684 -0.913198 4.40665 -7.49121 -7.51588 12.9172 -1.46527 0.716835 -0.0012352 -9.56623 2.8142 0.0750679 -5.89064 -0.556444 0.220494 -0.158303 -0.495299 0.727575 1.28914 -2.7303 1.02996 0.131002 -0.835511 2.51765 -1.17517 1.15464 -3.59909 -1.90513 -4.40333 5.98027 -0.0488708 0.000518379 1.50883 1.34569 -0.209543 6.65373 0.569763 -0.152997 -0.0842465 -1.29933e-05 1.49617 -0.483929 0.0584079 0.000376667 -0.0660659 1.35509 0.105059 -2.64966 -0.0654316 0.0269895 -0.21066 1.95073 2.33035 -0.179062 -1.43077 0.141632 -0.150396 -0.0480498 -0.0118391 0.0604004 -1.07541 1.22299 -1.25719 -2.37564 -1.2383 -1.85902 -1.64891 1.03838 1.19192 -5.73639 -1.85167 1.48977 0.702043 -0.53298 1.49074 -2.63676 0.209233 0.561485 0.654544 -1.10403 0.000803091 0.493472 0.861067 1.44013 -0.386501 -0.491637 0.108981 -0.113406 -1.94041 0.942041 1.27787 0.343723 0.207776 -2.29305 -2.39913 1.40397 1.13443 -3.01595 6.23729 -2.62717 -0.252041 0.0301636 0.517592 0.947043 0.606351 0.268063 0.315054 1.26702 -0.376488 -0.380596 -0.0636567 0.619769 1.13432 0.0969665 0.114314 0.396279 -0.396905 0.609463 2.84708 0.229788 -1.13634 1.75545 0.129469 0.810394 0.596798 0.443617 0.441228 -0.22033 0.0701277 1.36018 2.68976 3.29149 -47.6595 10.2156 -3.5675
 -4.92483e-06 0.974097 -0.205337 -8.94516e-07 0.254804 -0.210077 999.844 -0.0896846 0.896938 0.301517 0.00511816 -0.0715278 1.39895e-05 -0.293969 4.27722e-05 7.9726e-06 -0.25649 0.0113844 -1.183e-06 -0.319275 0.137532 1.96453e-06 -0.329627 0.071115 0.101699 0.711137 -0.183032 0.0726677 0.832654 -0.943302 1.07569 -0.131329 0.443866 0.961593 0.185537 -0.373846 -0.0690845 -0.141069 0.00536456 -0.411721 -0.0053421 0.00321645 -0.14017 -0.372336 0.0482993 -0.139503 -0.176753 0.260415 0.173056 -0.338996 -0.445485 0.436983 -0.0461976 -1.75535 0.674365 -0.623672 -0.337589 -0.385673 0.167325 0.0542503 -0.0528536 0.004779 -0.0902539 0.036872 -0.00418939 0.129289 0.00132488 -0.000303936 -0.00460597 4.43626e-06 -0.504745 0.167448 -0.170819 -0.00763466 0.231313 -0.121873 -0.0207885 0.482297 0.00915861 -0.00145702 0.00840871 0.139336 -0.492063 0.0354318 -0.218357 0.0209705 0.0359958 0.00256536 7.96682e-06 -0.00259716 -0.304532 -0.210367 -0.23929 -0.390009 -0.193066 -0.0349177 0.643943 0.764159 -1.10275 0.108749 0.12822 0.272937 0.426736 -0.11332 -0.178323 0.131613 0.215098 -0.221402 -0.0386668 -0.0133017 -0.0205624 -0.0283596 -0.051891 -0.0325248 -0.0741888 -0.126841 0.34574 -0.515372 0.124658 -0.0224184 0.0191085 -0.0504767 0.0666387 -0.0287541 -0.0420092 -0.0621409 -0.143528 0.122425 0.28071 -0.219618 0.048052 0.0620973 0.115502 -0.594657 0.216627 -0.179295 0.0772446 0.183078 -0.393423 -0.11098 -0.0374029 0.31803 -0.154244 0.180175 0.20611 -0.030045 0.062644 0.02185 0.0815145 0.0418574 0.355478 0.419786 0.059056 -0.113382 -0.0856174 0.02702 0.0300345 -0.0793906 0.0179336 -0.361516 -0.566225 -0.929096 7.87962 4.52418 1.33147
 -9.82494e-07 0.316538 -0.0665846 2.68968e-08 0.083833 -0.0690893 -0.0896846 3.64773 -52.3318 0.087185 0.00105987 -0.0109803 4.03451e-06 -0.0826972 -1.41285e-06 2.4467e-06 -0.0730142 0.00323996 1.32205e-07 -0.0770258 0.0331707 8.60326e-07 -0.100048 0.0216695 -0.00887131 0.356996 -0.0905733 0.0286212 0.260674 -0.295158 0.266099 -0.0492116 0.176411 0.189034 0.137931 -0.240293 -0.00900514 -0.0400541 0.00124162 -0.106091 -0.00222167 0.000631469 -0.067129 -0.0865652 0.0113147 -0.0374231 -0.0506695 0.074663 0.0540682 -0.116196 -0.187749 0.175504 0.0410464 -0.578139 0.105467 -0.0687012 -0.100842 -0.124289 0.0310554 0.0413338 -0.0168496 0.00192677 -0.107189 0.072143 -0.00151835 -0.015432 0.000681199 -0.000151745 -0.00168472 1.37859e-06 -0.147393 0.0489261 -0.0493556 -0.00219565 0.0665292 -0.0471744 -0.00735323 0.167807 -0.00235083 -0.00143558 0.00997302 0.0554042 0.015929 -0.000906707 -0.0466694 0.00447479 0.0161123 0.00128207 0.000518379 -0.00181513 -0.0899228 -0.0883333 -0.0537596 -0.0616693 -0.0216896 -0.00155035 0.44223 -0.0884005 -0.34008 0.0779389 0.076928 0.295693 0.118122 -0.0414257 -0.229523 -0.0687598 0.127077 -0.0575193 0.00825894 -0.012271 -0.0201562 -0.0238549 -0.0346426 -0.015833 -0.0313858 -0.0949431 0.192803 -0.148246 0.0182082 -0.0260213 0.050675 -0.0277717 0.0279802 -0.0167025 0.00739432 -0.00824345 -0.0918582 0.0168419 0.0211772 -0.0500096 0.026748 0.0370173 0.0347453 -0.12331 0.0247166 -0.0134074 0.00604705 -0.0387714 -0.109722 0.0403618 0.079093 0.0879487 -0.0117428 0.03504 0.00809597 -0.0570815 -0.064131 0.126688 -0.0304508 0.10222 0.17243 0.0448137 -0.06237 -0.0418136 -0.0267122 0.00522947 0.0112023 -0.0243137 0.00522209 -0.112113 -0.133098 -0.255748 2.46058 1.39462 0.41384
 1.68597e-05 -5.66436 1.19247 3.34588e-06 -1.3108 1.08157 0.896938 -52.3318 991.758 -1.53638 -0.00741537 -0.0850461 -7.93546e-05 1.63594 -0.000261706 -4.68729e-05 1.43315 -0.0638117 -8.45368e-07 1.5067 -0.649052 -1.62778e-05 1.93543 -0.41935 0.181713 -6.55563 1.66323 -0.473956 -4.76895 5.39971 -4.99913 0.978834 -3.52982 -3.5451 -2.4775 4.32628 0.182028 0.833244 -0.0270871 1.99903 0.0927529 -0.0123787 1.29979 1.77488 -0.232554 0.762937 1.01204 -1.49281 -1.06603 2.18443 3.51548 -3.28781 -0.714733 10.811 -1.98917 1.30441 1.91084 2.33056 -0.562453 -0.797411 0.322612 -0.0366953 1.98058 -1.34063 0.0288857 0.260765 -0.0171915 0.00401676 0.0330119 -2.77293e-05 2.91324 -0.967958 0.986498 0.0441595 -1.33161 0.886725 0.138328 -3.15543 0.0429629 0.0242915 -0.167251 -1.16762 -0.250503 0.0142204 0.888139 -0.0851631 -0.309748 -0.0238092 -0.00966351 0.0337456 1.67928 1.64607 0.99612 1.15824 0.436665 0.0455629 -8.25895 1.6006 6.3372 -1.33362 -1.34312 -5.55105 -2.21411 0.772026 4.27742 1.28092 -2.37056 1.08204 -0.165845 0.222382 0.379291 0.445905 0.647432 0.295812 0.581101 1.76401 -3.60477 2.77241 -0.341058 0.480781 -0.950517 0.517444 -0.529922 0.311222 -0.140905 0.150912 1.71082 -0.309172 -0.414853 0.937613 -0.503469 -0.695533 -0.655813 2.30673 -0.471053 0.253714 -0.112694 0.722534 2.058 -0.749406 -1.48454 -1.65851 0.212748 -0.656304 -0.157096 1.06379 1.19776 -2.37893 0.567067 -1.91233 -3.2299 -0.847652 1.17001 0.782713 0.501032 -0.102634 -0.214068 0.456296 -0.0977105 2.09704 2.47402 4.78662 -45.6178 -26.7014 -7.77344
 -8.11033e-05 14.8363 -3.07891 6.4107e-05 9.81664 -8.04467 0.301517 0.087185 -1.53638 892.956 -7.11608 149.086 6.70062e-05 -1.48699 3.24187e-05 3.2494e-05 -1.07418 0.047938 1.88166e-05 -1.43045 0.617908 9.51235e-06 -1.65055 0.359513 6.87448 6.92612 -1.85967 1.86314 5.15176 -5.83875 5.35344 1.07536 -4.70077 6.02646 3.4122 -6.05832 0.990612 -0.174841 -0.00914994 6.05797 -1.89382 -0.0416922 3.47635 0.0876801 -0.0921161 0.347648 0.492997 -0.730593 1.24759 1.49291 -5.03683 3.14803 -0.549606 -2.72533 3.01132 -3.27369 2.81853 2.61365 1.04796 -2.7389 0.479363 -0.0320111 -2.98461 4.3563 0.00925792 -4.82757 -0.132585 0.0356016 -0.0119305 -4.0924e-06 -0.52676 0.163387 0.163455 0.0127298 -0.309873 -0.758949 -0.0643614 1.80771 -0.373083 -0.241137 1.8467 -0.417653 -6.65962 0.487474 -0.0499874 0.00163852 0.568806 0.00316289 -0.00922878 0.00608509 -0.135644 -6.54911 -0.805289 4.40041 6.47214 7.96579 -8.47088 -3.41671 1.22115 17.4121 5.97592 -10.5152 2.92551 -1.69778 -3.35713 3.10537 8.82579 13.7736 -16.7333 1.88871 2.043 0.770853 -0.514537 -0.842554 -0.808105 2.89956 -5.15111 0.318938 3.31719 -3.41205 0.974565 0.0738242 -1.63825 0.0749661 -0.258756 1.28803 -5.13067 9.22656 -10.4802 7.08191 -2.04936 -0.929677 1.38359 -5.53054 0.392126 -3.53162 -1.39979 1.1331 -0.266336 -0.538605 -0.992359 -1.11373 -1.24089 1.10907 -0.0560022 -2.76359 0.122979 1.08431 -1.47193 0.0873536 -2.00325 1.13794 1.65286 -1.52102 -2.88771 -0.984765 -0.925138 0.192951 -0.0149853 -0.898032 -1.0471 2.39828 33.6496 -9.6083 2.22285
 -4.75045e-06 1.08189 -0.224673 5.14749e-06 0.729206 -0.597667 0.00511816 0.00105987 -0.00741537 -7.11608 2.3289 -33.8126 5.23245e-06 -0.112523 -1.49001e-05 2.70849e-06 -0.0843406 0.00369201 1.51585e-06 -0.13207 0.0569435 9.65946e-07 -0.143165 0.0310559 0.282143 0.802957 -0.207648 0.162481 0.547504 -0.620077 0.335238 0.02736 -0.132787 0.175361 0.393939 -0.661343 0.0579532 -0.0269684 -0.000130583 0.189089 -0.0817231 -0.00155064 0.0542514 0.0280219 -0.00612419 -0.00138894 0.00520311 -0.00772507 -0.0914692 0.0729529 0.0162615 -0.0338818 0.0540007 -0.30027 -0.0116458 0.0416651 0.112443 -0.00778119 0.163061 -0.176412 0.00342525 -0.000258513 -0.0731287 0.0989981 0.000978041 -0.141103 -0.00429149 0.00119296 -0.00056421 1.95523e-07 -0.0650467 0.0209188 -0.011195 -0.000225996 0.0105777 -0.00278172 0.000645309 -0.00920482 -0.0107002 -0.00740813 0.055851 -0.0739331 0.195714 -0.0136747 0.0273274 -0.00290261 0.0239609 0.00273778 0.000936567 -0.00370487 -0.0247797 -0.496627 0.12939 0.690663 0.634326 0.648059 -0.445916 -0.133561 -0.195654 0.498599 0.136283 -0.172976 0.378783 0.0259166 -0.466408 -0.254927 0.140302 0.428929 -0.210642 -0.00858448 -0.0372466 -0.0198045 -0.0521242 -0.0598625 -0.0676187 0.0774716 -0.150662 -0.0465747 0.112338 -0.0979865 -0.00167401 -0.0257713 -0.0529187 -0.0040695 0.0603245 -0.0101056 -0.138678 0.303154 -0.294678 0.0345636 -0.00689617 -0.0471227 0.0361999 -0.246239 0.0263483 -0.0705312 -0.0370838 -0.0320164 -0.0831689 0.0242488 -0.00706271 -0.0653515 -0.0554268 -0.00884685 0.021516 -0.0804114 0.00955299 0.00790218 -0.106026 0.00389329 0.0573355 -0.000563641 -0.0351953 -0.036752 -0.046522 -0.0257041 -0.0255075 -0.000287167 8.86584e-05 -0.0926864 -0.15665 -0.232689 2.77459 0.0358965 0.283011
 0.0001091 -25.1209 5.21687 -0.000116998 -16.8812 13.8361 -0.0715278 -0.0109803 -0.0850461 149.086 -33.8126 785.785 -0.000126589 2.72975 3.51148e-05 -6.48683e-05 2.06553 -0.0907782 -3.41483e-05 3.20512 -1.38225 -2.13111e-05 3.43519 -0.74538 -6.6457 -18.4802 4.78158 -3.74631 -12.6026 14.2733 -7.95503 -0.580616 2.88014 -4.22383 -9.01639 15.1515 -1.34329 0.745256 -0.00231987 -4.47028 2.00716 0.0357241 -1.27287 -0.462334 0.118106 0.0981685 -0.0550323 0.0806798 2.10238 -1.74641 -0.134909 0.627598 -1.12903 6.95603 0.159162 -0.835648 -2.68059 0.0863882 -3.74254 4.10571 -0.0937367 0.00690761 1.83424 -2.40336 -0.0241688 3.44125 0.0861773 -0.024125 0.0171781 -5.71939e-06 1.64808 -0.532031 0.318444 0.00786092 -0.319918 -0.00597995 -0.0216698 0.362069 0.238877 0.168698 -1.27229 1.80805 -4.27014 0.297402 -0.626939 0.0666421 -0.536546 -0.0624987 -0.0210715 0.0842653 0.581689 11.5577 -3.05758 -15.9676 -14.4274 -14.8279 10.3796 3.21986 4.5515 -12.5664 -3.37178 4.39545 -8.7607 -0.528057 10.7836 5.72399 -3.50944 -10.297 5.41281 0.129784 0.782244 0.423858 1.21241 1.40622 1.57764 -1.87262 3.63563 1.0508 -2.67899 2.36229 0.00900409 0.590937 1.27192 0.0874586 -1.36426 0.191354 3.35146 -7.25309 7.10096 -1.03142 0.228506 1.10854 -0.874822 5.81652 -0.617811 1.73154 0.898548 0.698454 1.91762 -0.53505 0.189008 1.52608 1.31038 0.168101 -0.487453 1.93131 -0.221038 -0.216998 2.4721 -0.0911854 -1.24162 -0.0252002 0.748606 0.891991 1.16094 0.623764 0.616783 0.000228444 -0.00191878 2.14496 3.60254 5.21188 -64.5627 -0.310569 -6.52246
 5.61585e-10 -0.000135656 2.88506e-05 3.86763e-10 6.12582e-05 -4.9997e-05 1.39895e-05 4.03451e-06 -7.93546e-05 6.70062e-05 5.23245e-06 -0.000126589 1000 8.06384e-05 -6.17831e-06 -9.6832e-10 4.7535e-05 -1.76774e-06 2.91794e-10 3.55153e-05 -1.51924e-05 -7.1467e-12 4.43099e-05 -9.37876e-06 -0.000270603 -0.000565291 0.000148414 -3.09649e-05 -0.000186033 0.000210584 -9.34422e-05 2.88747e-05 -0.000107197 -0.000133256 3.88159e-05 -5.45003e-05 0.000116549 3.08166e-05 -1.01447e-06 -0.000316107 0.0001329 3.36913e-06 -2.18204e-05 0.000170104 -2.00146e-05 2.90617e-05 3.98118e-05 -5.90283e-05 9.20531e-05 -6.33716e-06 -0.000203446 0.000149129 2.84874e-05 5.89904e-05 -5.07855e-06 7.7462e-07 0.000135753 -3.60084e-05 -3.71917e-05 5.37491e-05 -2.84867e-06 3.00188e-07 -2.81664e-05 9.45964e-07 1.23625e-06 -5.04875e-05 -1.07854e-06 2.89353e-07 -5.11963e-07 -5.88929e-10 7.28884e-05 -2.3869e-05 1.48781e-05 6.25269e-07 -1.83344e-05 2.48772e-05 3.80783e-06 -9.32199e-05 1.47589e-06 1.51794e-06 -1.26504e-05 -4.85064e-05 0.000234506 -1.64529e-05 6.87178e-06 -5.67042e-07 1.14657e-05 -1.00558e-06 -1.64319e-07 1.18011e-06 -5.95353e-05 -6.20669e-05 2.91278e-05 8.68645e-05 4.29934e-05 1.42437e-05 -1.83352e-05 -7.0365e-06 -0.000112974 -8.97513e-06 -1.79364e-07 0.000229584 0.000142762 -0.00012519 -8.49319e-05 5.1859e-05 3.36392e-05 5.87818e-05 5.02619e-05 -1.33004e-05 -0.000100595 -1.28375e-05 6.33041e-05 3.61308e-05 -4.0866e-05 -3.01381e-05 -7.32521e-05 4.2656e-05 3.02931e-05 2.02395e-05 -1.24806e-06 -8.55176e-06 -2.82936e-05 3.83676e-06 -1.51651e-05 -2.5743e-05 -3.11024e-05 -2.68493e-05 -2.4714e-05 -3.67559e-05 -9.66199e-06 8.35949e-06 1.85851e-05 3.35373e-05 2.62284e-05 2.15797e-05 1.56201e-05 -1.36292e-06 -3.73428e-05 -4.52943e-05 -1.96371e-05 9.9631e-06 2.56582e-05 -3.88398e-06 -3.8771e-05 -3.58288e-07 -6.75847e-06 1.52757e-06 -5.50305e-06 -6.00419e-06 6.05347e-06 2.59025e-05 3.37512e-05 -1.86617e-05 -3.51472e-06 -1.09139e-05 -6.83434e-06 -3.48629e-06 3.28589e-06 3.26538e-05 6.08693e-05 8.49157e-05 -0.00076185 -0.0003327 -0.000116166
 -1.99242e-05 3.48557 -0.739247 -6.15612e-06 -0.935489 0.761921 -0.293969 -0.0826972 1.63594 -1.48699 -0.112523 2.72975 8.06384e-05 997.989 -2.66843 1.66784e-05 -1.09358 0.0414974 -1.07288e-05 -0.702522 0.299834 -6.08291e-06 -0.87542 0.184027 8.14822 13.858 -3.66676 0.814903 4.69811 -5.31935 3.05177 -0.627578 2.25196 4.63282 -0.166887 -0.056763 -3.45743 -0.800779 0.0298034 6.53568 -3.10618 -0.0741375 0.803969 -4.83738 0.56831 -0.709885 -0.986672 1.46144 -1.99457 1.21843 4.24329 -3.47917 -1.20687 -0.728919 0.93087 -1.03541 -3.80285 1.59644 0.801462 -1.57683 0.0413102 -0.00350401 0.662849 0.156449 -0.0266888 0.929813 0.0104918 -0.00268503 0.017 1.15808e-05 -1.59441 0.520532 -0.283625 -0.0113231 0.335995 -0.631515 -0.0900304 2.21056 -0.0140151 -0.0267135 0.229796 1.35938 -8.38233 0.600088 -0.145279 0.0112674 -0.310506 0.0207175 0.00369765 -0.0246266 1.91946 2.07987 -0.458354 -1.97038 -0.943103 -0.212654 0.828719 0.354554 2.192 -0.111271 -0.112586 -4.70146 -3.89626 2.17049 3.27597 -0.842758 -0.792642 -1.66644 -0.356704 0.542219 1.97431 0.324874 -1.40151 -1.24215 1.5445 1.13793 2.00457 -0.844317 -0.63768 -0.198527 0.131726 0.217589 0.659306 0.0894112 0.51906 0.667973 0.769968 0.611915 0.646278 0.779649 0.193911 -0.302897 -0.656604 -0.960295 -0.619951 -0.558111 -0.421461 -0.125873 0.483794 0.519383 0.0937864 -0.0583015 -0.23356 0.170865 0.68668 -0.087906 -0.00822266 -0.297487 -0.0208515 0.00984204 -0.244749 -1.0327 -1.43126 -0.108491 -0.112296 0.0676046 0.00229591 0.229562 -0.107359 -0.59327 -1.20446 -1.59917 14.0757 5.69435 2.09209
 2.12743e-07 -0.025784 0.00539186 8.11721e-09 -0.00856556 0.00703111 4.27722e-05 -1.41285e-06 -0.000261706 3.24187e-05 -1.49001e-05 3.51148e-05 -6.17831e-06 -2.66843 0.824415 2.32004e-07 -0.00605528 0.00031903 2.43494e-08 -0.00268094 0.00117793 5.79767e-08 -0.00407881 0.000916156 -0.0335796 -0.0580247 0.0152948 -0.00590636 -0.0246397 0.027898 -0.0133186 -6.93089e-05 0.00131814 -0.0185958 -0.00551795 0.0104232 0.00176605 -0.00168458 0.00015756 -0.0354465 0.008024 0.000371741 -0.0111817 0.00617549 -0.000448334 5.44674e-05 -0.000566266 0.000818968 0.00342254 -0.00595469 -0.0170305 0.0144176 0.00205112 0.000279725 -0.00546063 0.00642734 0.00705839 -0.00661438 -0.00549785 0.00929176 -0.000442593 3.68136e-05 -0.000842022 -0.000782196 4.3316e-05 -0.00104097 9.4772e-05 -2.59798e-05 -4.35416e-05 6.73523e-08 -0.00433002 0.00152183 -0.00040406 -1.72775e-05 0.000443423 0.0010292 9.17127e-05 -0.00260708 -0.000263387 -0.000203104 0.00142669 -0.00433434 0.030696 -0.00218867 -0.000221021 3.11468e-05 0.000216804 -8.23414e-05 -1.41372e-05 9.73179e-05 -0.00703667 -0.00463684 1.70909e-05 0.00355689 0.00211754 0.000872381 -0.00166693 -0.00141952 -0.00697816 -0.00208674 0.000278761 0.0164829 0.0130172 -0.00721172 -0.0111416 0.00233498 0.00229195 0.00545487 0.00130222 -0.00232513 -0.00671865 -0.000756819 0.00537518 0.00465154 -0.00547049 -0.00424027 -0.00690794 0.00299098 0.00208625 0.000354401 -0.000536257 -0.000866154 -0.0020457 -0.000433401 -0.00189922 -0.00232237 -0.00244886 -0.0022766 -0.00164798 -0.00288195 -0.000568268 0.00123578 0.00264286 0.00360752 0.00237491 0.00195398 0.00134163 0.000189054 -0.0018018 -0.00165146 0.000385057 0.000725863 0.00117135 -0.000588433 -0.00210728 0.000538356 0.00010794 0.00163881 0.00026397 0.00027058 0.00111117 0.00381807 0.00484377 0.000561101 0.000456907 1.13312e-05 0.000240116 -0.000935822 0.000397611 0.00199202 0.00462427 0.00501872 -0.0636026 0.00561029 -0.00571176
 -1.61338e-10 -7.3012e-05 1.53927e-05 -1.50255e-11 6.83361e-08 1.2292e-08 7.9726e-06 2.4467e-06 -4.68729e-05 3.2494e-05 2.70849e-06 -6.48683e-05 -9.6832e-10 1.66784e-05 2.32004e-07 1000 2.41649e-05 -3.51397e-06 -3.36511e-10 2.37033e-05 -1.01321e-05 -5.48085e-10 2.87887e-05 -6.08919e-06 3.08903e-05 -7.93742e-07 -3.70547e-07 -1.02377e-05 -5.86023e-05 6.62962e-05 1.8966e-05 1.31098e-05 -5.40969e-05 6.69908e-05 4.94387e-07 -5.94004e-06 -2.18657e-05 6.51404e-06 -9.76938e-08 -9.49101e-05 2.54063e-05 7.81216e-07 -1.79705e-05 6.85494e-06 -1.52156e-07 8.21726e-06 1.27586e-05 -1.88744e-05 6.96655e-05 -4.03815e-06 -0.000186737 0.000136467 -2.40199e-05 7.91404e-05 3.37924e-05 -4.72765e-05 1.47899e-05 2.78475e-05 -3.55407e-05 2.1858e-05 6.82812e-06 -5.39303e-07 -4.67294e-06 1.85311e-05 -7.59678e-08 -1.69756e-05 -2.35339e-06 6.13024e-07 4.50566e-07 -4.25233e-10 3.47632e-05 -1.14162e-05 1.00862e-05 4.67926e-07 -1.37576e-05 2.72978e-06 1.0893e-06 -2.7566e-05 2.13796e-06 2.08406e-06 -1.68194e-05 -4.33791e-06 -0.00031384 2.33946e-05 1.54248e-05 -1.47932e-06 8.20977e-07 -9.18058e-07 -1.89824e-07 1.11741e-06 -2.41369e-05 -3.22614e-05 5.64177e-05 0.000107691 6.41793e-05 5.02031e-05 4.10319e-05 -8.65561e-06 -0.000166708 -6.81142e-05 -2.07472e-05 0.000244581 -1.22551e-05 0.000133173 -5.18016e-05 1.14567e-06 7.39295e-05 -2.9587e-05 4.41554e-05 -8.71834e-06 -3.69115e-05 -2.25419e-05 -1.46066e-05 8.27864e-06 9.76264e-06 4.95647e-05 -1.83716e-05 -4.94957e-06 -4.12484e-05 2.98438e-06 1.12935e-05 9.09103e-06 -8.06915e-06 -2.40501e-06 -1.98516e-05 -8.63731e-06 -1.91519e-05 -2.68462e-05 -3.30648e-05 -7.97147e-06 -1.13982e-05 -2.85388e-07 -1.39553e-06 1.23752e-05 6.56168e-06 -9.9643e-06 -9.97682e-06 -1.2047e-05 -1.26281e-05 -2.87183e-05 -4.10294e-05 -2.3808e-06 5.30262e-06 -6.24316e-06 3.2017e-06 7.3648e-06 -1.62477e-05 2.10715e-05 -2.66766e-06 -2.58966e-05 -1.71403e-05 -1.98359e-05 -1.3058e-05 -1.95196e-05 -4.99877e-06 -1.07553e-05 -9.84118e-06 7.6117e-06 1.26002e-06 2.40499e-05 4.42158e-05 5.86519e-05 -0.00052013 -0.000306315 -8.88016e-05
 -1.00911e-05 3.0134 -0.636347 -2.36407e-07 0.18041 -0.151318 -0.25649 -0.0730142 1.43315 -1.07418 -0.0843406 2.06553 4.7535e-05 -1.09358 -0.00605528 2.41649e-05 996.902 -46.7555 -7.68088e-07 -0.678437 0.289995 3.2757e-06 -0.813111 0.172093 3.46025 4.07376 -1.09995 0.463396 2.83206 -3.20757 1.77476 -0.381485 1.38109 2.32082 0.355071 -0.748323 -1.16645 -0.450816 0.0165096 2.82469 -1.3513 -0.0314625 1.2315 -2.49127 0.273003 -0.420829 -0.613084 0.906018 -1.3939 1.76065 3.42266 -3.07253 -0.370612 -1.22921 0.408557 -0.366883 -2.10638 0.844691 1.09307 -1.55016 -0.191778 0.0186756 -0.0310702 0.105025 -0.0115167 0.381469 0.0346315 -0.00876736 -0.00193488 1.1575e-05 -1.17055 0.383745 -0.296526 -0.0130988 0.388424 -0.382711 -0.0634654 1.57519 -0.0926749 -0.0605722 0.492296 0.594545 1.23172 -0.0971328 -0.320639 0.0289439 -0.109939 0.0280989 0.00489736 -0.033283 1.57253 2.10513 -1.06397 -2.8254 -1.61166 -1.01694 -0.404711 0.840693 3.57184 1.38032 0.373171 -6.81861 -2.45318 -0.279438 3.79949 1.24605 -3.35406 -3.13758 2.54935 -0.105828 1.15459 0.650164 0.239168 -0.301474 -0.560114 0.666068 0.657718 0.187751 0.608862 0.417129 0.0193734 -0.0203582 0.31071 0.208447 0.782607 0.534623 0.637096 0.665954 0.875404 0.535573 0.409147 0.239433 -0.209397 -1.35556 -0.367762 -0.0488192 0.105029 0.0964289 0.22333 0.270604 0.486151 0.169934 0.229133 -0.310431 -0.0374782 0.0373183 0.284032 -0.603408 -0.855805 0.281065 0.167036 -0.325482 -0.704736 -0.553896 -0.2754 -0.0150297 0.0315502 0.0415838 -0.0875303 -0.619421 -1.06816 -1.50477 13.8416 7.24963 2.25543
 6.36539e-07 -0.154712 0.0326214 1.20961e-08 -0.0183871 0.0152303 0.0113844 0.00323996 -0.0638117 0.047938 0.00369201 -0.0907782 -1.76774e-06 0.0414974 0.00031903 -3.51397e-06 -46.7555 3.07073 5.41779e-08 0.027458 -0.0117075 -9.43847e-08 0.0328453 -0.00691048 -0.168016 -0.201529 0.0543276 -0.0248244 -0.140761 0.159427 -0.0862875 0.0165995 -0.0594096 -0.112178 -0.0210326 0.0425513 0.051587 0.019164 -0.000656075 -0.140535 0.0626076 0.00156059 -0.0633174 0.111631 -0.012008 0.0179896 0.0260086 -0.0384333 0.064222 -0.0851306 -0.165192 0.148406 0.016425 0.0577605 -0.0202189 0.0184436 0.0962647 -0.0408744 -0.0540889 0.0765692 0.00883099 -0.00086363 0.00243368 -0.00515165 0.000514805 -0.0166954 -0.00142073 0.000356233 0.000105806 -4.38103e-07 0.0487682 -0.0159177 0.0129128 0.000569622 -0.0169679 0.0176259 0.00285254 -0.0711581 0.00370432 0.00247925 -0.0203725 -0.0291381 -0.0585443 0.00461855 0.0146533 -0.00131826 0.00461227 -0.00134879 -0.000234482 0.00159704 -0.0750709 -0.100733 0.0483345 0.135061 0.0784064 0.0494547 0.0193978 -0.0402061 -0.168826 -0.0708769 -0.0198156 0.325895 0.117097 0.0129437 -0.181106 -0.05962 0.159852 0.149868 -0.121602 0.00498177 -0.0551656 -0.0307858 -0.0110037 0.0146362 0.0267349 -0.0319494 -0.0313761 -0.00890109 -0.0289936 -0.019954 -0.000835473 0.000954389 -0.0145865 -0.00998956 -0.0372857 -0.0254584 -0.0302102 -0.0319212 -0.0412483 -0.0256581 -0.0194139 -0.011252 0.010299 0.0648849 0.0177868 0.00237722 -0.00503877 -0.00470168 -0.0107618 -0.0129317 -0.0227055 -0.00768659 -0.0105522 0.0147453 0.00185592 -0.0016603 -0.0135221 0.0292218 0.0408093 -0.0132102 -0.00775331 0.0158037 0.0335369 0.0265156 0.0131491 0.000904112 -0.00130841 -0.0020738 0.0041839 0.0295395 0.0515505 0.0715228 -0.675962 -0.32168 -0.10628
 -9.65123e-10 2.29978e-05 -4.83936e-06 1.89154e-11 2.8051e-05 -2.30082e-05 -1.183e-06 1.32205e-07 -8.45368e-07 1.88166e-05 1.51585e-06 -3.41483e-05 2.91794e-10 -1.07288e-05 2.43494e-08 -3.36511e-10 -7.68088e-07 5.41779e-08 1000 -3.95221e-06 2.42796e-06 -4.70305e-10 5.59472e-06 -1.2562e-06 7.3197e-05 -2.77867e-06 -7.74123e-07 7.56227e-06 5.01972e-05 -5.68883e-05 7.31032e-05 5.86463e-06 -2.9099e-05 0.000148155 -3.91437e-05 5.35259e-05 -3.77649e-05 -3.56483e-06 3.38009e-07 -4.0771e-05 -3.01863e-07 1.54547e-07 -1.29383e-06 -4.00822e-05 5.12426e-06 -2.96273e-06 -2.67318e-06 3.91622e-06 3.45946e-05 1.79223e-05 -7.26084e-05 4.63058e-05 -3.50196e-05 2.04919e-05 6.65037e-05 -7.98763e-05 -2.96783e-05 2.54451e-05 -5.17497e-06 -7.29507e-06 1.00959e-06 8.35775e-08 -1.87219e-05 8.02192e-06 -1.72325e-07 -9.12559e-07 -1.57764e-06 4.08068e-07 3.26469e-07 -1.08456e-10 -2.87453e-06 8.97531e-07 -2.26694e-07 2.9107e-08 -1.09431e-06 1.12446e-06 3.00638e-07 -5.87769e-06 8.91653e-07 6.80825e-07 -4.99359e-06 4.2651e-06 -0.000314341 2.3026e-05 9.64921e-06 -9.51434e-07 3.80408e-07 -6.32848e-07 -2.17655e-07 8.5762e-07 3.21387e-06 -1.71073e-05 -3.86405e-05 -6.51405e-05 -1.85395e-05 1.84683e-05 7.88213e-05 0.000382654 -0.00018174 -6.71673e-05 -3.75908e-05 -7.74987e-05 -7.28603e-05 0.000123421 2.68485e-05 2.2972e-06 6.82348e-05 -2.88036e-06 -2.76192e-05 7.82303e-06 3.05533e-05 -9.33728e-06 -9.82121e-06 -6.76838e-06 -7.7003e-07 1.31885e-05 1.23817e-05 -1.28285e-05 3.03851e-06 -3.82256e-06 9.48264e-06 1.03264e-05 1.15965e-06 2.53237e-06 -1.14537e-05 -5.72865e-06 -6.25509e-07 9.16543e-07 7.81411e-06 -7.53722e-06 1.2115e-05 2.29283e-06 -3.93068e-07 -4.36691e-06 2.26661e-07 -9.77206e-06 -9.30651e-07 1.36439e-05 -1.11634e-06 -5.0105e-05 -4.79517e-05 2.1432e-05 1.38828e-05 -9.02236e-06 8.62873e-06 1.74296e-05 -6.70119e-06 3.18252e-05 -1.14102e-05 -4.39364e-06 -1.10042e-05 -2.77093e-05 -2.44017e-05 -2.28094e-05 -7.18638e-06 -5.76779e-06 -4.2256e-06 3.65483e-06 -2.42105e-07 2.7489e-06 9.57346e-06 2.58751e-06 -5.12752e-05 -4.6048e-05 -1.06548e-05
 -2.67732e-05 2.72739 -0.577776 -6.82854e-06 -1.83601 1.50136 -0.319275 -0.0770258 1.5067 -1.43045 -0.13207 3.20512 3.55153e-05 -0.702522 -0.00268094 2.37033e-05 -0.678437 0.027458 -3.95221e-06 838.663 -362.691 1.2381e-05 -1.76419 0.38346 -1.01417 4.83593 -1.20953 -0.170031 0.0468792 -0.052449 -0.00672862 -0.71383 2.84857 -0.328787 2.68665 -4.39495 0.206148 -0.317739 0.00594619 0.713608 -0.359603 -0.00607659 -0.513289 -0.365661 0.0457583 -0.327944 -0.414742 0.613746 -0.58683 -0.899942 1.90476 -1.07373 1.06007 -3.35343 -1.46806 2.044 -0.585162 -1.63731 0.656531 0.237357 -0.17328 0.0178788 -0.645007 -0.943501 0.0323111 -0.177663 -0.0195903 0.00552749 -0.00882961 1.05521e-05 -1.25797 0.420759 -0.540644 -0.026834 0.793899 -0.434843 -0.0679924 1.55818 -0.146771 -0.0594647 0.464323 -1.50557 3.6369 -0.248325 -0.390475 0.0386242 0.124518 0.0400878 -0.00319463 -0.0372485 -0.479425 2.83097 1.9547 1.29973 -0.939203 -0.478977 -33.2834 14.9945 0.922229 3.12111 1.24332 3.82926 -6.50161 1.06794 2.24828 -1.05696 0.182122 -1.13066 -0.24684 -0.0904663 1.30252 0.309218 0.210399 0.603985 0.968227 0.14748 -0.201939 -0.511275 0.97725 -0.310259 -0.142974 -0.038397 0.703791 1.46855 -0.351472 -0.00636825 0.342448 0.224222 0.758076 -0.83165 0.12645 0.0962935 0.414656 -0.446334 0.159362 0.611932 0.680896 0.425159 0.255621 1.1502 0.864357 -0.401565 -0.236443 -0.882348 -0.0921214 0.0991019 -0.0181888 1.65431 -0.352554 0.467668 1.03328 0.430325 0.146916 -0.968339 -0.439598 -0.0337398 0.157488 -0.379551 0.0363669 -0.837211 -0.851623 -1.77602 18.923 9.55169 3.04108
 1.17123e-05 -1.19401 0.252886 2.91437e-06 0.789 -0.645178 0.137532 0.0331707 -0.649052 0.617908 0.0569435 -1.38225 -1.51924e-05 0.299834 0.00117793 -1.01321e-05 0.289995 -0.0117075 2.42796e-06 -362.691 158.414 -5.39528e-06 0.762717 -0.165778 0.439019 -2.1018 0.525711 0.0726034 -0.0242937 0.0272329 0.00199664 0.308303 -1.23025 0.141846 -1.1685 1.91158 -0.0900708 0.135418 -0.00246692 -0.30977 0.154641 0.0026497 0.221603 0.154401 -0.0192854 0.140584 0.178001 -0.263386 0.254123 0.390383 -0.82642 0.465895 -0.459856 1.45466 0.637124 -0.887009 0.252628 0.709939 -0.28556 -0.101911 0.0748312 -0.00772685 0.280597 0.409328 -0.0140533 0.0784913 0.00863176 -0.00243287 0.00375797 -4.51808e-06 0.542873 -0.181564 0.233329 0.011575 -0.342559 0.188293 0.0294466 -0.674878 0.0624369 0.0255376 -0.199387 0.655928 -1.57662 0.107635 0.168825 -0.0167012 -0.0532184 -0.0173921 0.00138856 0.0161577 0.207985 -1.22457 -0.849647 -0.568769 0.405887 0.214951 14.444 -6.51294 -0.397359 -1.35362 -0.541572 -1.66032 2.82079 -0.464075 -0.975262 0.458388 -0.0795904 0.490291 0.107494 0.0392607 -0.565395 -0.13404 -0.091167 -0.261948 -0.419886 -0.0638922 0.0875218 0.221802 -0.424023 0.134564 0.0620627 0.016555 -0.305139 -0.637127 0.152559 0.00283731 -0.148438 -0.097532 -0.328573 0.360646 -0.0549594 -0.0417976 -0.179773 0.193649 -0.0690525 -0.265588 -0.295535 -0.184637 -0.111044 -0.498946 -0.374589 0.174254 0.102676 0.382518 0.0398647 -0.0431101 0.0077338 -0.717293 0.152768 -0.202924 -0.448153 -0.186537 -0.0639971 0.419964 0.190498 0.0146726 -0.0682753 0.164607 -0.0157773 0.363165 0.370125 0.770313 -8.22548 -4.11745 -1.31778
 -5.74624e-10 1.06591e-05 -2.23103e-06 1.2793e-10 3.89811e-05 -3.19487e-05 1.96453e-06 8.60326e-07 -1.62778e-05 9.51235e-06 9.65946e-07 -2.13111e-05 -7.1467e-12 -6.08291e-06 5.79767e-08 -5.48085e-10 3.2757e-06 -9.43847e-08 -4.70305e-10 1.2381e-05 -5.39528e-06 1000 1.74507e-05 -3.86274e-06 0.000117418 -0.000118648 2.77011e-05 1.35634e-05 6.22167e-05 -7.0544e-05 9.15539e-05 1.06996e-05 -4.8e-05 0.000175101 1.75459e-05 -4.17311e-05 -4.82222e-05 -3.22871e-06 5.05462e-07 -7.27016e-05 5.71597e-06 4.05571e-07 9.05101e-06 -5.03238e-05 5.95484e-06 -1.58992e-06 -2.26334e-06 3.21146e-06 1.99778e-05 6.6455e-05 -4.46774e-05 9.61995e-06 -5.70787e-05 3.06275e-05 0.000117723 -0.000141042 -3.35159e-05 4.76439e-05 -1.2466e-05 -1.16568e-05 -4.96469e-08 1.6461e-07 -1.33062e-05 7.92347e-06 -2.19342e-08 -6.18294e-06 -1.78778e-06 4.79335e-07 4.55713e-07 -2.10735e-10 1.06229e-05 -3.69984e-06 3.46272e-06 2.01483e-07 -5.6512e-06 -1.15592e-06 3.09152e-07 -6.06435e-06 1.761e-06 1.11919e-06 -8.5421e-06 1.18614e-05 -0.000297487 2.18897e-05 4.75106e-06 -5.0145e-07 -4.63622e-07 -6.87984e-07 -2.24316e-07 9.19727e-07 1.6146e-05 7.09746e-06 1.15812e-05 1.34171e-05 1.6643e-05 2.5421e-05 8.16255e-05 9.22589e-05 -0.000100351 -6.59956e-05 -2.98854e-05 -1.60811e-05 -9.95257e-06 9.44145e-05 7.78522e-05 -2.60704e-05 3.12411e-05 -4.66599e-05 0.000123204 -3.6939e-05 3.88532e-07 6.88086e-06 3.94736e-06 -4.68928e-07 8.96409e-06 4.42024e-05 1.1648e-05 4.01478e-07 -2.08837e-05 2.39831e-05 -1.52418e-06 3.80005e-06 -2.92267e-06 7.53658e-06 2.65325e-06 4.72465e-06 3.01965e-06 -1.12628e-05 1.07704e-05 -1.12752e-05 6.78878e-08 -1.05176e-05 -1.67361e-05 -5.05087e-06 5.80649e-06 -6.6749e-06 8.66132e-06 9.47076e-06 -2.46959e-05 -0.0001008 -6.623e-05 3.28101e-05 1.39175e-05 -1.47138e-07 2.7297e-06 1.02613e-05 -1.08792e-05 -5.99569e-06 3.15832e-06 -2.02369e-05 -2.1453e-05 -3.63426e-05 -4.27303e-05 -2.63517e-05 -1.23373e-05 -1.20924e-05 -1.13528e-05 9.17922e-06 -9.83738e-07 1.1056e-05 1.23752e-05 1.98428e-05 -0.000237373 -0.000145274 -4.12065e-05
 9.95777e-07 1.49893 -0.320758 -9.02832e-06 -2.10189 1.71936 -0.329627 -0.100048 1.93543 -1.65055 -0.143165 3.43519 4.43099e-05 -0.87542 -0.00407881 2.87887e-05 -0.813111 0.0328453 5.59472e-06 -1.76419 0.762717 1.74507e-05 952.884 -207.814 -0.909193 12.2555 -3.08668 0.0684078 0.904263 -1.02041 -3.29408 -1.05688 4.44151 -3.1545 1.26523 -1.84865 0.369117 -0.37926 0.00111772 2.3929 -0.829269 -0.0213473 -2.09833 0.434064 -0.0199542 -0.327109 -0.413883 0.616497 -0.729687 -2.26413 1.42717 -0.260033 1.73412 -4.69789 -2.87634 3.82631 -0.198606 -2.60917 0.548542 0.881222 -0.128789 0.0103948 0.0287287 -0.328765 -0.0148495 0.910102 0.0343769 -0.0092211 -0.01472 1.45803e-05 -1.33534 0.449205 -0.454319 -0.0225671 0.655299 -0.399998 -0.0713509 1.62824 -0.156317 -0.0749726 0.58885 -0.476189 2.81038 -0.203834 -0.273773 0.0281556 0.032273 0.0364773 0.00141981 -0.0382435 -0.742397 0.979479 -0.646956 -1.90009 -1.50195 -0.969995 -9.02449 3.59928 1.93056 3.02123 1.33066 1.37727 -6.92408 -0.789246 4.37619 -0.10514 -2.16261 -6.81961 1.62709 0.769771 -0.71592 -0.458164 -0.272577 0.30252 -0.288831 -1.01051 -0.977096 0.542774 1.39413 -0.739145 -0.145544 -0.117775 0.244354 -0.189897 0.194485 0.0414577 0.110292 0.497959 0.198154 0.175606 0.27709 0.634248 1.02935 0.548588 0.210664 0.209694 0.112028 0.146031 0.337101 2.32929 1.68299 -0.487815 -0.3136 -0.118024 0.353008 0.296336 0.368126 0.983657 0.0948686 0.566891 2.17786 1.48493 0.662173 -0.475076 -0.0233475 0.291171 0.414928 -0.542125 0.0465284 -0.930822 -1.08888 -1.98559 20.929 10.7522 3.3862
