 1000 0.00435147 -0.000426845 2.95479e-09 -0.000388835 0.000121505 -6.63829e-06 -7.28751e-06 5.8386e-05 -0.000157283 -1.70908e-05 0.000264663 1.47984e-09 -1.79511e-05 1.28134e-07 1.08498e-09 -2.52172e-05 5.28257e-07 -1.81074e-10 -5.56125e-05 8.94749e-06 7.94518e-11 -1.9318e-05 1.36265e-06 -0.000127709 -0.000506359 0.000106129 -6.45611e-05 -0.000409703 0.000303125 -3.06028e-05 -6.36603e-05 0.000165593 -7.817e-06 -0.000187061 0.000230403 -6.43884e-05 -5.7782e-06 1.1406e-06 -0.000269521 4.66776e-05 2.9619e-06 -7.62792e-05 -5.62999e-05 9.05763e-06 -1.19922e-05 -3.62801e-05 2.7701e-05 4.2086e-05 -7.40608e-05 -0.000276315 0.000262301 -3.82763e-05 3.01131e-05 6.93171e-05 -0.000104299 -5.22019e-06 -1.33106e-05 -7.35123e-05 9.10985e-05 -8.45748e-06 5.58604e-07 1.70744e-05 1.14022e-05 -1.22512e-06 2.98016e-05 -1.70974e-06 4.36711e-07 7.22279e-07 1.11381e-09 -4.14294e-05 3.45822e-06 -6.8096e-06 -1.14707e-06 1.25314e-05 -7.39954e-06 -3.01438e-06 4.65191e-05 1.76788e-06 2.60143e-06 -1.618e-05 -5.92334e-06 -0.000204514 1.13755e-05 -3.6359e-06 2.36217e-07 -2.256e-05 -1.7939e-06 -7.57665e-07 2.57144e-06 -1.52327e-05 7.14518e-06 -0.000145344 -0.000296105 -0.000162494 -1.01838e-05 0.000102682 0.000375815 -0.000155277 -0.000228649 -0.000130691 4.25176e-05 -1.88221e-05 3.57652e-05 5.11004e-05 7.65448e-05 1.66978e-05 -5.78738e-05 -8.87178e-05 0.000188683 -0.000138105 1.77322e-05 -6.58923e-06 -2.98535e-06 1.55365e-05 2.69568e-05 6.73781e-06 -2.15995e-05 4.00458e-05 -3.1668e-05 9.49211e-06 -7.35994e-06 -4.81653e-06 6.52896e-06 5.89208e-06 -3.7517e-06 -1.72932e-05 0.000149452 -8.16416e-05 5.76732e-05 1.24708e-06 1.56436e-05 2.70955e-05 2.80708e-05 3.72346e-05 -4.05811e-07 4.41452e-05 3.1997e-05 2.95251e-05 -1.89131e-05 -4.86918e-05 4.2365e-05 1.9317e-05 -4.3882e-06 8.63352e-06 -4.91551e-06 4.19184e-05 5.47875e-05 2.9037e-05 4.01087e-05 1.58159e-05 -2.75432e-05 4.47344e-06 -1.01116e-05 1.12129e-05 1.12085e-05 1.30915e-05 -4.98421e-06 1.59209e-06 1.59787e-05 5.27955e-05 3.90924e-05 -0.000743293 0.000194638 -9.15614e-05
 0.00435147 540.278 -51.6095 -0.000332349 39.755 -12.42 0.660747 0.985746 -7.94342 15.2557 1.88511 -29.259 -0.000183404 2.01313 -0.0100783 -0.000167337 3.03357 -0.0551458 -4.33739e-05 3.68525 -0.595672 -7.48159e-05 2.72081 -0.183177 23.1768 43.2706 -9.31152 5.15005 32.4428 -24.0097 8.51036 8.07067 -21.3356 13.4669 18.7137 -23.8923 3.25041 0.65701 -0.097831 25.7558 -4.92265 -0.285776 11.6192 1.4616 -0.515758 1.58639 4.00954 -3.06591 0.697242 8.88552 14.8038 -15.9057 -0.532973 -1.35504 3.26551 -4.71499 -0.143659 4.54758 7.51885 -11.0716 0.481533 -0.0249862 -2.09784 1.11815 0.137191 -4.95537 -0.0104157 0.00401741 -0.0595233 -0.000169354 5.11608 -0.415512 1.12567 0.179809 -2.06821 1.24497 0.409365 -6.30455 0.079869 -0.108063 0.668798 0.974188 -9.60142 0.515429 2.00169 -0.172637 0.743774 0.11601 0.0330147 -0.150218 3.71286 -3.56312 8.54507 17.2722 9.62684 0.451875 -26.1439 16.9894 -10.8546 23.948 13.15 -1.87683 -2.44851 -3.44656 -2.84716 6.00794 4.97263 0.752172 -9.9274 5.16743 -1.0186 0.752215 -2.1208 -1.39482 0.146897 0.899501 0.712106 1.78863 0.622371 -0.484075 0.494126 0.370497 0.057793 -0.421489 1.0238 -0.249388 -0.859103 3.30526 -6.72833 3.79501 -0.634169 -0.678387 -1.49383 -4.00124 -1.93375 -3.277 -2.76582 -2.50729 -0.162657 -0.611141 -2.12787 -1.75371 -1.80983 -0.721325 -1.09976 -2.88301 -0.420993 -2.43314 -4.47315 -1.17091 -0.830648 -3.31636 -2.28594 -1.95169 -1.76754 -1.47562 -1.56411 0.9275 -0.273779 -1.17452 -3.80036 -3.44824 55.9201 -16.5874 6.57441
 -0.000426845 -51.6095 5.88056 3.21783e-05 -3.85607 1.20469 -0.0657152 -0.0974927 0.785916 -1.47759 -0.182893 2.83869 1.86227e-05 -0.205115 0.000981708 1.66554e-05 -0.304025 0.00549223 4.2126e-06 -0.368214 0.059479 7.28391e-06 -0.271029 0.0182238 -2.24982 -4.19797 0.903392 -0.50202 -3.147 2.32899 -0.825971 -0.783705 2.07177 -1.3078 -1.81592 2.31849 -0.327176 -0.0730413 0.00993326 -2.50314 0.469278 0.027817 -1.13662 -0.159592 0.052342 -0.158018 -0.398049 0.304327 -0.0711981 -0.861462 -1.4342 1.54129 0.0495423 0.130264 -0.318479 0.46 0.00837309 -0.441151 -0.730142 1.07517 -0.0466203 0.00241699 0.203591 -0.108592 -0.0133136 0.480956 0.00109334 -0.000413489 0.00597267 1.68671e-05 -0.510293 0.0413573 -0.112221 -0.0178976 0.206044 -0.119924 -0.0397543 0.612254 -0.00859626 0.00993708 -0.0615581 -0.0889103 0.936457 -0.0502862 -0.194495 0.0167796 -0.0742237 -0.0112412 -0.00319669 0.0145536 -0.360463 0.346901 -0.827373 -1.67565 -0.935354 -0.0393976 2.53616 -1.65177 1.05329 -2.31972 -1.2725 0.181875 0.237629 0.333741 0.275399 -0.583357 -0.482686 -0.0727354 0.962908 -0.502271 0.0994391 -0.0729911 0.205781 0.135239 -0.0146067 -0.0878194 -0.0692988 -0.173065 -0.0605833 0.0468045 -0.048315 -0.0361344 -0.00576326 0.0407233 -0.0994906 0.024049 0.0833667 -0.321373 0.652837 -0.368409 0.0614339 0.0657574 0.144863 0.387998 0.187338 0.317751 0.267856 0.242778 0.0154835 0.0593295 0.206812 0.169968 0.175388 0.0699389 0.106638 0.279656 0.040766 0.235775 0.433685 0.113445 0.0804714 0.3218 0.221898 0.189333 0.171349 0.14305 0.151623 -0.0899933 0.026567 0.113829 0.36832 0.3342 -5.41934 1.60718 -0.637189
 2.95479e-09 -0.000332349 3.21783e-05 1000 0.00301212 -0.000944901 -6.00984e-06 -7.59551e-06 6.20796e-05 -0.000113786 -1.31351e-05 0.000205159 5.64077e-10 -6.77236e-06 1.00278e-07 9.62942e-10 -1.93483e-05 4.13907e-07 -1.51477e-10 -6.65401e-06 1.11272e-06 -1.09607e-10 -2.46561e-06 1.79998e-07 -0.000150575 -0.000346607 7.39456e-05 -5.714e-05 -0.000326052 0.000241266 1.64473e-06 -5.0373e-05 0.000129167 3.71629e-05 -0.000203459 0.000247649 -2.29588e-06 6.34174e-06 2.02032e-07 -0.000225741 5.88508e-05 2.66342e-06 -4.96851e-05 -9.80745e-06 3.35449e-06 -2.31838e-06 -1.83138e-05 1.39189e-05 2.92896e-05 -4.05408e-05 -3.82517e-05 4.63733e-05 -3.39958e-05 -2.75334e-05 7.56801e-05 -0.000108546 1.76478e-06 -4.90948e-05 -3.95317e-05 7.24164e-05 6.73321e-07 -2.13041e-07 3.20196e-05 -2.18277e-06 -1.53342e-06 5.62398e-05 7.88636e-06 -2.08229e-06 -1.90346e-06 6.71058e-10 -2.23704e-05 1.92288e-06 -6.99142e-06 -1.09249e-06 1.23881e-05 -1.46963e-05 -5.08765e-06 7.83819e-05 -1.29906e-06 2.17189e-07 -1.71034e-06 1.24636e-05 -6.95067e-05 3.68717e-06 1.44592e-06 -8.04826e-08 -1.4796e-05 -1.29941e-06 -5.4145e-07 1.8553e-06 -5.17606e-05 -5.6049e-06 -5.98443e-05 -0.000112465 -6.15879e-05 -4.96164e-05 4.62312e-05 3.87348e-05 -2.24557e-05 -0.000106036 -4.20715e-05 1.54309e-05 -1.48963e-05 6.07324e-05 2.88595e-06 6.59487e-05 -4.08969e-05 1.12442e-05 1.10423e-06 -2.75396e-05 1.2185e-05 1.32947e-05 3.666e-05 2.20982e-05 2.84255e-05 -3.50139e-05 -7.20792e-06 -5.55069e-06 -5.40941e-06 5.36891e-06 1.82376e-05 5.51253e-05 3.82202e-05 -3.26599e-05 -0.000130422 -0.000192527 -4.89705e-05 0.000156245 -6.03086e-06 0.000162588 -3.58926e-05 1.64506e-05 4.14959e-05 3.69828e-05 2.87643e-05 2.11956e-06 4.08907e-05 1.20475e-05 4.05004e-05 -6.82864e-05 -0.000109162 8.58832e-06 -3.64565e-05 6.81299e-05 6.18953e-05 1.18898e-05 -4.91243e-06 2.53482e-05 3.08731e-05 7.78658e-05 3.239e-05 -8.45508e-05 4.8432e-05 -8.40981e-06 9.10422e-06 1.08687e-05 1.07404e-05 -9.99954e-06 3.49806e-06 7.49231e-06 2.15866e-05 -4.47062e-06 -0.000386414 0.000146913 -4.14969e-05
 -0.000388835 39.755 -3.85607 0.00301212 584.918 -181.733 0.514121 0.727492 -5.82692 13.156 1.65268 -25.6269 -3.55928e-05 0.406852 -0.00803792 -9.99794e-05 1.76171 -0.0358572 -1.35137e-06 0.874949 -0.146467 -3.74058e-06 0.361316 -0.0291851 18.3202 33.7969 -7.27802 4.65005 26.0874 -19.3108 9.93919 7.16089 -19.0781 13.2651 15.9708 -20.5039 -0.685064 -0.810251 -0.000746256 16.874 -4.70844 -0.18287 9.15135 -1.67761 -0.0795815 0.461648 1.58616 -1.2165 -2.015 6.10567 1.80264 -3.67422 0.393043 -1.65135 2.00954 -2.83926 -1.04361 3.79018 6.31635 -9.2375 0.312227 -0.0108085 -2.4978 -3.89649 0.481526 -12.2788 -1.04753 0.266306 0.251996 -6.07233e-05 1.86796 -0.166937 0.631356 0.102504 -1.15735 1.23655 0.437074 -6.73989 0.180562 0.0228515 -0.119705 -0.000212984 -10.1687 0.55206 2.63713 -0.224927 0.748402 0.0746131 0.0244577 -0.0998556 3.07934 -2.30425 2.98914 5.85248 3.81464 4.48053 2.10875 -2.90984 -1.17135 10.2896 4.06324 -3.18902 -0.521718 0.209464 -1.98019 4.39541 0.128727 -0.65072 -1.13432 2.52178 -0.104548 -0.856537 -1.96298 -2.37887 1.14961 1.76676 0.283539 0.424023 2.44779 -1.18996 -1.93486 -0.228528 0.371514 4.49133 3.44717 -2.20023 -1.74041 3.27882 -7.86377 3.97372 0.502045 -0.55332 -1.56118 -2.30499 -1.3896 -1.296 -1.27217 -2.30823 0.351604 0.400206 -0.574081 -1.19373 -1.90738 -0.0740816 -0.52706 -0.981962 0.0663325 -1.97485 -4.56447 -0.829957 0.821813 -3.33959 -1.42533 -1.72746 -1.33909 -1.09975 -1.1398 0.643571 -0.212249 -1.13896 -3.6353 -3.26295 54.6568 -17.2781 6.27429
 0.000121505 -12.42 1.20469 -0.000944901 -181.733 57.784 -0.1622 -0.229179 1.83602 -4.10748 -0.516415 8.00766 1.18155e-05 -0.135386 0.00251463 3.16394e-05 -0.55956 0.0113367 4.09038e-07 -0.280268 0.0468527 1.15684e-06 -0.11815 0.00945581 -5.72423 -10.5595 2.27393 -1.4556 -8.15022 6.03309 -3.10506 -2.23783 5.96201 -4.14497 -4.98975 6.40608 0.204703 0.245951 0.000576282 -5.27507 1.46484 0.0572007 -2.86668 0.508643 0.0268539 -0.147539 -0.503116 0.385807 0.629574 -1.90751 -0.563442 1.14811 -0.125218 0.515227 -0.629031 0.888888 0.321126 -1.18384 -1.97404 2.88684 -0.097523 0.00337576 0.780276 1.21723 -0.150423 3.83573 0.328 -0.0833823 -0.0789528 1.93573e-05 -0.595814 0.0530716 -0.200165 -0.0324535 0.36669 -0.385622 -0.136575 2.10606 -0.057229 -0.00762406 0.0403503 0.00639886 3.17922 -0.17262 -0.824017 0.0702859 -0.235258 -0.0233039 -0.00763818 0.0311872 -0.962 0.720355 -0.933318 -1.82824 -1.19231 -1.40025 -0.65829 0.908545 0.366372 -3.21551 -1.26843 0.996441 0.163198 -0.0656547 0.618382 -1.37331 -0.0404006 0.203095 0.354344 -0.787544 0.0324899 0.267556 0.6131 0.742992 -0.35929 -0.55191 -0.0886698 -0.132243 -0.764492 0.371489 0.604139 0.071127 -0.116215 -1.40269 -1.07636 0.687759 0.54378 -1.0246 2.45631 -1.24164 -0.156661 0.172902 0.487675 0.720101 0.43405 0.404917 0.397267 0.720864 -0.109962 -0.124756 0.179891 0.373039 0.595953 0.0230291 0.16458 0.306866 -0.0205109 0.616943 1.42575 0.259162 -0.256675 1.04349 0.445345 0.539677 0.418318 0.343575 0.356077 -0.201072 0.0663073 0.355764 1.13553 1.01927 -17.0722 5.39647 -1.95985
 -6.63829e-06 0.660747 -0.0657152 -6.00984e-06 0.514121 -0.1622 999.958 -0.0795754 0.433483 0.189204 0.0151941 -0.218442 9.93652e-06 -0.108424 -0.000199423 6.80296e-06 -0.127032 0.00155904 1.07619e-06 -0.194182 0.0302193 2.99509e-06 -0.153341 0.0093933 0.108217 0.375099 -0.0804242 0.0389563 0.602989 -0.447173 0.669708 -0.0841239 0.179468 0.559967 0.134655 -0.202499 -0.0660349 -0.0599379 0.00213273 -0.500434 0.0746283 0.00435871 -0.0661408 -0.196421 0.0233847 -0.0631545 -0.129231 0.0970897 0.0677701 -0.150219 -0.18351 0.209445 -0.00750648 -0.854607 0.286411 -0.347912 -0.117746 -0.201036 0.161107 -0.0629482 0.0466771 -0.00393649 0.109631 -0.0063209 -0.00347735 0.114664 0.00331958 -0.00081989 -0.00163485 7.83122e-06 -0.248615 0.0172752 -0.0647644 -0.00959631 0.119506 -0.0761356 -0.0226401 0.361885 0.01052 0.00425035 -0.0265069 0.0522033 -0.414482 0.0235044 -0.079212 0.00610463 0.0185281 0.00127343 -1.30872e-05 -0.00127141 -0.104694 0.103877 -0.166965 -0.381417 -0.207904 -0.0636223 0.310748 0.816868 -0.615341 -0.316326 -0.137878 0.0566882 0.284642 -0.0924497 0.100816 0.171985 0.137081 -0.116068 -0.0292151 0.0237315 0.0239855 0.000879121 0.0109785 0.0153582 -0.00413067 0.00400265 0.118158 -0.213059 0.0721509 0.0421771 -0.0310413 0.0177898 0.00934184 0.0178454 0.00270615 -0.0298821 0.0169288 0.0707262 0.227837 -0.123432 0.0291091 -0.00822533 -0.00567604 -0.4776 0.213018 -0.238234 0.0739986 0.167159 -0.328264 -0.0657642 -0.109856 0.210788 -0.123894 0.121803 0.108128 0.0623676 0.131519 -0.176173 0.145413 -0.13594 0.143948 0.280803 0.0977324 -0.0693814 -0.06602 -0.0022008 -0.0030059 -0.0316941 0.00718467 -0.104628 -0.393638 -0.459759 4.19689 -0.0879476 0.66083
 -7.28751e-06 0.985746 -0.0974927 -7.59551e-06 0.727492 -0.229179 -0.0795754 15.5036 -119.269 0.251217 0.0148672 -0.208896 1.27164e-05 -0.136171 -0.000254172 8.74249e-06 -0.15276 0.00185953 2.57125e-06 -0.18572 0.0288618 5.23143e-06 -0.206861 0.0129652 -0.0333802 1.05809 -0.218194 0.0688615 0.855057 -0.633508 0.666083 -0.190614 0.455083 0.34701 0.546094 -0.694354 -0.0429905 -0.0799403 0.00196763 -0.539261 0.077853 0.00403598 -0.217073 -0.163927 0.0213839 -0.0739694 -0.167513 0.125511 0.0823936 -0.217104 -0.358893 0.383666 0.143499 -1.13932 -0.0246337 0.133553 -0.144073 -0.304427 0.176759 -0.0215124 0.0338452 -0.00320955 0.153224 0.123299 -0.000985262 -0.0461352 0.00928648 -0.0022664 -0.00402259 1.08321e-05 -0.328215 0.0230672 -0.0824398 -0.0121983 0.152193 -0.124218 -0.0359777 0.564478 0.00476214 0.00434968 -0.0281753 0.0680834 0.197752 -0.00845589 -0.0600889 0.00426573 0.00460938 0.00342265 0.00203966 -0.0055031 -0.127939 0.0338393 -0.116718 -0.184194 -0.0560257 -0.00566977 1.16439 -0.111611 -0.724014 -0.387834 -0.123028 0.915203 0.364335 -0.242918 -0.592941 -0.237324 0.41499 -0.0830554 0.0690343 -0.00809139 -0.0372622 -0.0647509 -0.0653355 -0.0130454 -0.0573579 -0.154872 0.478448 -0.267035 0.0354593 -0.000822676 0.102008 -0.0177644 0.0321917 0.0284879 0.0529264 -0.0376354 -0.179345 0.0152199 0.0959629 -0.147693 0.15028 0.0779855 0.0454504 -0.328262 0.0524554 -0.115784 -0.00104254 -0.129188 -0.328751 0.196027 0.214352 0.235598 -0.0337948 0.107928 -0.0331771 -0.149958 -0.0868421 0.0605083 -0.00649131 0.22043 0.443392 0.00550402 -0.195766 -0.0918478 -0.0488633 -0.010507 -0.00925667 -0.0446261 0.00857186 -0.142927 -0.533962 -0.48415 5.6615 0.132019 0.932531
 5.8386e-05 -7.94342 0.785916 6.20796e-05 -5.82692 1.83602 0.433483 -119.269 980.153 -2.03625 -0.114541 1.59884 -0.000106095 1.13815 0.00205514 -7.25504e-05 1.27667 -0.0156241 -2.07625e-05 1.5511 -0.241152 -4.30539e-05 1.71224 -0.107356 0.299539 -8.5726 1.76746 -0.545536 -6.91754 5.12525 -5.46528 1.60102 -3.82946 -2.82322 -4.40836 5.60663 0.361125 0.690463 -0.0176386 4.44627 -0.624593 -0.0335013 1.81155 1.404 -0.183281 0.628328 1.41017 -1.0573 -0.697268 1.78507 2.9389 -3.14364 -1.14835 9.30281 0.205986 -1.09775 1.17015 2.49062 -1.43655 0.165564 -0.275952 0.0261958 -1.25484 -1.00706 0.00840423 0.365604 -0.0790684 0.0193223 0.0337898 -9.07442e-05 2.74265 -0.193084 0.694706 0.103177 -1.28507 1.02032 0.295097 -4.62996 -0.0408067 -0.0377201 0.243419 -0.607276 -1.63139 0.0701474 0.496125 -0.0353292 -0.0215812 -0.0278774 -0.0166202 0.0448299 1.04635 -0.29334 0.954035 1.5183 0.476802 0.0578667 -9.50229 0.887224 5.88369 3.28071 1.07016 -7.48963 -2.97836 1.97903 4.83366 1.93631 -3.38431 0.679494 -0.568486 0.0650162 0.302443 0.526653 0.529554 0.103367 0.467028 1.26297 -3.90571 2.17683 -0.290642 0.00416181 -0.833992 0.143472 -0.264303 -0.23399 -0.432419 0.304748 1.46019 -0.123865 -0.791899 1.20636 -1.22955 -0.639702 -0.374564 2.67708 -0.433352 0.94262 0.00550519 1.05198 2.68561 -1.6017 -1.75502 -1.93013 0.273303 -0.883949 0.267395 1.2197 0.705131 -0.496359 0.0471889 -1.80156 -3.6227 -0.0506984 1.59363 0.747277 0.396296 0.0826023 0.0724388 0.365686 -0.0702627 1.16619 4.3576 3.95178 -46.181 -1.10134 -7.61027
 -0.000157283 15.2557 -1.47759 -0.000113786 13.156 -4.10748 0.189204 0.251217 -2.03625 912.031 -10.0743 149.051 3.57973e-05 -0.491645 -0.00161693 1.39851e-05 -0.35958 0.00381339 1.1967e-06 -0.444882 0.0694317 -3.30514e-06 -0.581188 0.0375615 6.33054 7.18277 -1.58931 1.12747 6.06503 -4.48887 2.12562 2.98211 -7.84038 5.72643 3.30718 -4.44157 -0.840598 0.00217201 -0.00379545 4.74245 -1.62735 -0.0482018 2.37778 -1.51295 0.108514 0.283463 0.579014 -0.444333 1.10301 2.64661 -4.55493 2.91463 -0.550943 -2.30438 2.51685 -3.5021 -0.509847 3.2927 0.512486 -2.40872 0.33045 -0.00314545 -3.51765 4.17436 0.114167 -6.23013 -0.219662 0.0563342 -0.00776065 -2.9226e-05 0.579689 -0.0536047 0.240394 0.0500709 -0.570014 1.06325 0.311759 -4.69602 -0.237314 -0.277623 1.69454 0.654485 -9.36957 0.505849 0.521828 -0.0448592 0.940273 -0.00187861 -0.011898 0.0138555 0.258072 -6.31618 -0.4513 3.91773 5.98889 7.00223 -10.9099 -1.58955 2.19293 16.633 7.24563 -11.4825 2.81262 -1.75565 -2.70831 4.34015 8.52527 13.4501 -17.2251 2.38662 2.15355 0.900532 -0.541153 -0.939389 -0.524333 2.96891 -4.96292 0.387553 3.26254 -3.41879 1.25301 0.109259 -1.52791 0.168295 -0.375461 1.02291 -5.1013 9.79698 -10.779 7.85145 -2.29365 -0.776397 0.956936 -4.6472 0.0487456 -3.0987 -1.71997 1.0107 -0.20321 -0.532656 -0.999424 -1.15753 -1.18361 1.18519 -0.410732 -2.68938 -0.0205274 0.680565 -1.29845 -0.0730096 -2.44676 0.77229 1.69218 -1.74896 -2.87023 -1.12398 -1.0527 0.295699 -0.0402342 -0.340543 -0.504881 4.24812 23.0937 -18.0515 1.02286
 -1.70908e-05 1.88511 -0.182893 -1.31351e-05 1.65268 -0.516415 0.0151941 0.0148672 -0.114541 -10.0743 3.93997 -47.3314 4.68224e-06 -0.0606816 -0.000228091 2.337e-06 -0.0502285 0.000436886 1.07059e-06 -0.0816973 0.0125505 6.09949e-07 -0.102185 0.00638483 0.531003 1.40335 -0.298028 0.188645 1.11978 -0.828902 0.189239 0.283638 -0.742218 0.325351 0.747817 -0.940933 -0.0806305 -0.015583 -0.000368225 0.33534 -0.142758 -0.00378504 0.0859527 -0.129063 0.0107717 0.00296468 0.0280814 -0.0219817 -0.129569 0.189941 0.152538 -0.194429 0.0319508 -0.287612 -0.0221946 0.0565057 -0.116545 0.0350063 0.223854 -0.267369 0.0371391 -0.00279915 -0.0174284 0.152069 0.00651765 -0.303303 -0.0178595 0.00462519 0.000262006 -2.55534e-06 0.0527989 -0.00517831 0.0107775 0.00301425 -0.0316908 0.113886 0.0307969 -0.482003 -0.0214101 -0.0230775 0.139512 -0.010983 0.105491 -0.00507945 0.077043 -0.00715504 0.0784357 0.00386791 0.00160281 -0.00551315 0.0109868 -0.797775 0.268716 1.19736 1.11644 1.05154 -1.0827 -0.212321 -0.393015 1.48503 0.721606 -0.48461 0.596485 -0.0498506 -0.764345 -0.340417 0.263229 0.809515 -0.457106 0.0165847 -0.057141 -0.0388384 -0.110156 -0.124504 -0.0948947 0.174604 -0.26188 -0.0871746 0.183503 -0.157762 -0.00522381 -0.0385878 -0.110499 0.00691724 0.0904929 -0.0258418 -0.250576 0.536906 -0.537972 0.11699 -0.0351571 -0.0978151 0.019029 -0.415865 0.00859198 -0.161111 -0.11088 -0.0805677 -0.155418 0.0287065 -0.049924 -0.114229 -0.104038 -0.00248565 -0.00741723 -0.158016 -0.0035396 -0.0509708 -0.183004 -0.0258812 0.0246943 -0.05172 -0.0826877 -0.0914652 -0.108163 -0.0750234 -0.0784379 0.0157429 -0.00404614 -0.0739314 -0.253295 -0.218846 3.30248 -0.624212 0.440257
 0.000264663 -29.259 2.83869 0.000205159 -25.6269 8.00766 -0.218442 -0.208896 1.59884 149.051 -47.3314 737.895 -7.63335e-05 0.984992 0.00351703 -3.84158e-05 0.836459 -0.00763196 -1.65699e-05 1.3476 -0.207416 -9.25781e-06 1.63513 -0.102279 -8.27263 -21.6733 4.60411 -2.91682 -17.2834 12.7939 -3.01447 -4.366 11.4311 -5.1171 -11.5121 14.492 1.29113 0.31926 0.00240451 -5.21676 2.27515 0.0584939 -1.30728 2.14874 -0.185021 -0.0056005 -0.368347 0.28934 2.00416 -2.9997 -2.22627 2.91547 -0.429364 4.48452 0.289325 -0.797701 1.80367 -0.60511 -3.44315 4.14933 -0.574737 0.0428994 0.354832 -2.41215 -0.103495 4.81363 0.267953 -0.069456 -0.00108511 3.73096e-05 -0.749551 0.0751434 -0.13908 -0.0424484 0.440456 -1.82217 -0.489188 7.65494 0.325513 0.355236 -2.14786 0.186147 -1.45551 0.0691134 -1.18608 0.110008 -1.16411 -0.0594054 -0.0244332 0.0844893 -0.165555 12.3872 -4.20963 -18.5348 -17.1042 -16.1326 16.8012 3.33038 6.11333 -23.663 -11.3094 7.748 -9.23151 0.807411 11.8227 5.15708 -4.21456 -12.7317 7.39057 -0.305101 0.840176 0.580882 1.71221 1.94472 1.47409 -2.74579 4.13885 1.33418 -2.88544 2.50046 0.0597281 0.59624 1.73511 -0.109731 -1.38085 0.38283 3.96064 -8.45757 8.49636 -1.95247 0.588452 1.52242 -0.310319 6.4915 -0.132843 2.54096 1.74347 1.22556 2.40174 -0.429251 0.78567 1.77881 1.62621 0.0192908 0.124653 2.48493 0.0572048 0.772398 2.84266 0.402005 -0.331402 0.782751 1.24151 1.44388 1.7219 1.17969 1.23108 -0.248011 0.0627842 1.14366 3.90359 3.27456 -51.2576 9.98367 -6.78898
 1.47984e-09 -0.000183404 1.86227e-05 5.64077e-10 -3.55928e-05 1.18155e-05 9.93652e-06 1.27164e-05 -0.000106095 3.57973e-05 4.68224e-06 -7.63335e-05 1000 5.05886e-05 -5.2308e-06 -2.36646e-09 5.03435e-05 -3.27473e-07 -2.55778e-10 4.88201e-05 -7.42314e-06 -1.01498e-09 5.56433e-05 -3.22575e-06 -0.00017845 -0.000583337 0.000124512 -1.75736e-05 -0.000239815 0.000177903 -0.000122841 6.79069e-05 -0.000167939 -7.16592e-05 5.25637e-05 -5.97328e-05 9.64794e-05 2.22492e-05 -7.10356e-07 -0.000249279 9.39868e-05 4.00249e-06 4.85394e-05 0.000115374 -1.35428e-05 2.64098e-05 5.20287e-05 -3.91668e-05 3.08361e-05 9.07703e-05 -6.19068e-05 1.94968e-05 -1.09026e-05 5.06851e-05 5.33366e-05 -8.29524e-05 7.43147e-05 8.33508e-06 -4.31882e-05 4.06359e-05 -2.4324e-05 1.77237e-06 -1.28054e-05 -1.90375e-05 1.63243e-06 -3.9308e-05 -9.05324e-07 2.44551e-07 -4.91951e-07 -2.59151e-09 8.41108e-05 -5.42662e-06 1.67091e-05 2.28632e-06 -2.81965e-05 1.26752e-05 4.31424e-06 -7.3518e-05 3.19914e-06 1.87849e-06 -1.26483e-05 -3.87548e-05 0.00026586 -1.45506e-05 -1.98657e-05 1.75047e-06 -2.58207e-06 -5.02694e-07 8.44781e-08 4.22232e-07 -3.73693e-05 -0.00010792 4.07523e-05 0.000140173 8.01753e-05 3.95662e-05 -5.74448e-05 1.27784e-05 -0.000105461 8.32515e-05 5.10179e-05 0.00034086 7.82822e-05 -0.000255881 -9.6237e-05 5.97814e-05 9.08043e-05 5.05647e-05 3.91259e-05 1.13217e-05 -9.09124e-05 -1.61127e-06 4.78557e-05 -2.04865e-05 -5.47703e-05 -2.95946e-05 -4.54748e-05 5.29952e-05 3.47682e-05 1.67778e-05 -3.75566e-06 -2.13356e-05 -2.45985e-05 8.09705e-06 -1.26481e-05 -1.96581e-05 -3.26283e-05 -3.97913e-05 -2.30906e-05 -3.78193e-05 -1.08635e-05 8.18133e-06 1.83382e-05 2.55804e-05 1.6483e-05 2.37248e-05 1.37784e-05 -4.55767e-06 -5.05143e-05 -6.69956e-05 -2.42831e-05 1.21729e-05 2.53425e-05 -2.70414e-05 -4.47759e-05 -1.39889e-05 -2.39216e-05 -4.55771e-06 -3.12647e-05 -1.80212e-05 2.22804e-05 4.2673e-05 2.18721e-05 -2.89453e-05 -1.40774e-05 -1.52893e-05 -1.22466e-05 4.38863e-07 1.99593e-06 2.2647e-05 7.36329e-05 8.06859e-05 -0.00108238 0.000338838 -0.000124288
 -1.79511e-05 2.01313 -0.205115 -6.77236e-06 0.406852 -0.135386 -0.108424 -0.136171 1.13815 -0.491645 -0.0606816 0.984992 5.05886e-05 999.41 -0.449255 2.42931e-05 -0.569488 0.00379533 6.25384e-07 -0.500846 0.07575 7.79814e-06 -0.581233 0.0330769 2.71929 6.98206 -1.50276 0.200129 2.78237 -2.06469 1.65705 -0.751022 1.84011 1.31627 -0.226384 0.189049 -1.398 -0.282377 0.0103467 2.56916 -1.08768 -0.0441529 -0.427855 -1.66625 0.1904 -0.319401 -0.630895 0.47519 -0.402939 -0.617172 0.785363 -0.441116 -0.0472846 -0.438654 -0.323247 0.513834 -0.976635 0.205938 0.512624 -0.648771 0.227066 -0.0157182 0.0500955 0.268662 -0.0166764 0.362314 0.00329088 -0.000961387 0.00886174 2.72412e-05 -0.911679 0.0578174 -0.171898 -0.0225632 0.280093 -0.167082 -0.0538497 0.914637 -0.0258409 -0.0159738 0.11191 0.58912 -4.53244 0.248697 0.209334 -0.0185695 -0.00447455 0.00601284 -0.000619857 -0.0054419 0.708604 1.54786 -0.426937 -1.73482 -0.976965 -0.440554 0.87508 -0.0487396 1.16731 -0.921588 -0.548774 -3.41877 -1.34261 2.60251 1.5653 -0.684244 -1.01691 -0.745516 -0.0895366 0.0354599 0.928294 0.0230902 -0.63254 -0.0254981 0.867302 0.451908 0.708157 -0.56974 -0.327195 -0.0910278 0.107372 0.260176 0.343638 0.0168502 0.226058 0.313201 0.412089 0.386007 0.306476 0.367488 0.0736822 -0.172728 -0.331377 -0.371213 -0.158391 -0.258729 -0.238017 -0.00751472 0.428947 0.556191 0.220817 -0.0469527 -0.127817 0.285406 0.412073 0.0203666 0.170542 -0.0718699 0.252522 0.15805 -0.271092 -0.645149 -0.495888 0.15627 0.0830938 0.113333 0.0870849 0.0547251 -0.0404237 -0.224268 -0.726243 -0.81379 10.81 -3.50192 1.22304
 1.28134e-07 -0.0100783 0.000981708 1.00278e-07 -0.00803792 0.00251463 -0.000199423 -0.000254172 0.00205514 -0.00161693 -0.000228091 0.00351703 -5.2308e-06 -0.449255 0.814574 2.09712e-07 -0.00395561 6.37285e-05 2.51266e-08 -0.00280568 0.00044806 6.79185e-08 -0.00345795 0.000226796 -0.00719264 -0.014597 0.00313715 -0.00154253 -0.00934477 0.00691838 -0.00273471 -0.00148691 0.00400084 -0.00376978 -0.00347438 0.00451943 -0.00243562 -0.00155378 9.41439e-05 -0.0113093 0.00114624 0.000134057 -0.00384975 -0.00182356 0.000326199 -0.000714985 -0.00215849 0.00163765 4.86345e-05 -0.000328738 -0.00183017 0.00168668 -0.000273672 -0.000180094 -0.000935376 0.00139965 -0.000212341 -0.000999966 -0.00159857 0.00238586 -0.000219834 1.28805e-05 0.000565262 -0.000296232 -1.54669e-05 0.000658803 -3.54769e-06 8.53346e-07 3.76026e-07 1.40025e-07 -0.00446319 0.000348664 -0.000535338 -7.69598e-05 0.000900912 -0.000204038 -0.000120293 0.00182289 -0.000166676 -0.000200562 0.0011911 -0.00100501 0.00948311 -0.00049947 -0.000442108 3.84103e-05 -0.000206973 -1.05932e-05 5.36756e-08 1.06318e-05 -0.00127477 0.000416909 -0.000217071 -0.000468208 -0.000177241 5.85695e-05 5.49128e-05 -0.000238736 -0.00112143 -0.000407647 0.000844175 0.0042642 0.00159914 -0.00286851 -0.0019582 0.000276438 0.000764149 0.000708675 0.000216117 -0.000420531 -0.00105606 0.000177783 0.00117838 0.000358165 -0.00126844 -0.000984738 -0.000892124 0.000864612 0.000383846 -8.9261e-05 -0.000283024 -0.000402612 -0.000422333 -8.80403e-05 -0.000410366 -0.000391103 -0.000373643 -0.000480068 -1.62893e-05 -0.000630451 -1.61737e-05 0.000329834 0.000595794 0.000694398 0.000328321 0.000477506 0.000353212 -4.77234e-05 -0.000583876 -0.000476474 0.000188124 0.000331341 0.000257257 -0.000230249 -0.000331147 0.000190222 -2.78848e-05 0.000287892 3.19682e-05 5.19719e-05 0.000411825 0.000924417 0.000830725 5.37166e-05 7.52634e-05 1.9807e-05 5.89905e-05 -0.000183036 7.74312e-05 0.000279408 0.000856558 0.000794551 -0.0140747 0.00546915 -0.0014598
 1.08498e-09 -0.000167337 1.66554e-05 9.62942e-10 -9.99794e-05 3.16394e-05 6.80296e-06 8.74249e-06 -7.25504e-05 1.39851e-05 2.337e-06 -3.84158e-05 -2.36646e-09 2.42931e-05 2.09712e-07 1000 3.369e-05 -5.01045e-06 -6.51821e-10 4.01661e-05 -6.11538e-06 -1.21957e-09 3.9504e-05 -2.31271e-06 -6.00437e-06 -5.33259e-05 1.12781e-05 -1.34352e-05 -0.000144234 0.000106907 -4.52851e-05 3.44222e-05 -8.64945e-05 3.06821e-05 1.37826e-06 -3.76364e-06 -6.62744e-06 9.55629e-06 -1.78126e-07 -9.19156e-05 2.65859e-05 1.30653e-06 -1.36707e-05 2.69741e-05 -2.20319e-06 1.19941e-05 2.6809e-05 -1.99685e-05 3.54876e-05 3.59607e-05 -0.000119267 8.81716e-05 -2.97474e-05 6.15815e-05 5.45664e-05 -8.5721e-05 2.9682e-05 2.86704e-05 -4.69456e-05 3.56248e-05 -9.2659e-06 7.0579e-07 -8.09485e-06 3.67954e-06 4.70759e-07 -1.83644e-05 -2.24747e-06 5.56873e-07 5.27196e-07 -1.84431e-09 5.53479e-05 -3.67945e-06 1.23977e-05 1.89298e-06 -2.30466e-05 1.43787e-06 1.37132e-06 -2.60865e-05 2.0065e-06 2.3799e-06 -1.54954e-05 1.23939e-05 -0.000209957 1.17139e-05 -4.56354e-07 1.01121e-07 -8.07494e-06 -9.95872e-07 -1.08751e-07 1.11373e-06 -2.90244e-05 -4.35955e-05 6.12683e-05 0.000128483 8.07352e-05 5.75979e-05 2.76821e-05 -2.88038e-05 -0.000186913 5.50941e-05 4.53114e-05 0.000479728 -0.000111116 -5.11172e-05 -0.000131363 5.99292e-05 0.000152846 -3.27489e-05 6.47057e-05 -3.21496e-05 -6.91356e-05 -3.39481e-05 -9.49821e-06 1.68757e-05 -1.14763e-05 3.63557e-05 -2.72039e-05 8.00133e-06 -3.40365e-05 -3.74738e-06 8.28764e-06 -6.08135e-07 -1.27248e-05 -1.16255e-05 -2.5464e-05 -1.5799e-05 -2.59809e-05 -4.21265e-05 -3.07153e-05 -1.81713e-05 -2.27613e-05 -3.73773e-06 1.07386e-06 4.60685e-06 8.95195e-06 -1.78324e-05 -9.96156e-06 -1.16865e-05 -2.20272e-05 -4.60392e-05 -4.86837e-05 -1.13445e-05 4.93731e-06 -1.06314e-05 -7.15951e-06 -5.56945e-06 -2.15041e-05 4.26355e-05 -7.60525e-06 -2.80315e-05 5.24316e-07 -7.16894e-06 -5.52273e-06 -1.28317e-05 -5.59325e-06 -1.01477e-05 -1.08442e-05 7.48641e-06 1.48168e-06 1.92988e-05 6.71172e-05 6.16874e-05 -0.000859788 0.000171992 -0.000113006
 -2.52172e-05 3.03357 -0.304025 -1.93483e-05 1.76171 -0.55956 -0.127032 -0.15276 1.27667 -0.35958 -0.0502285 0.836459 5.03435e-05 -0.569488 -0.00395561 3.369e-05 999.101 -14.6801 4.49387e-06 -0.649039 0.098703 1.19711e-05 -0.667005 0.0387574 2.31753 3.19405 -0.712621 0.221696 2.91271 -2.16122 2.01701 -0.637808 1.52737 1.70011 0.41753 -0.626716 -0.932079 -0.277988 0.0106059 1.16718 -0.647176 -0.0247027 0.502054 -1.68164 0.167857 -0.307476 -0.652747 0.4891 -0.519717 0.423435 1.46963 -1.39927 0.0203782 -0.674846 -0.17977 0.323449 -1.05223 0.402886 1.02143 -1.33212 0.0553552 -0.00129456 -0.238315 0.294801 -0.00771479 0.0845479 0.0198134 -0.00472724 -0.000397724 3.12926e-05 -0.996921 0.0652072 -0.21696 -0.0304057 0.37332 -0.102196 -0.0418919 0.753978 -0.0501264 -0.0396405 0.262062 0.258738 -1.36792 0.0755001 0.0986336 -0.010077 0.0408629 0.0170326 0.00194876 -0.0191402 1.24196 1.82262 -0.847537 -2.51923 -1.51712 -0.88513 0.299776 0.844133 2.69609 -1.12927 -0.836004 -7.47517 -0.206744 2.59707 3.52087 -0.0787823 -3.43423 -1.55767 1.67935 -0.0207587 1.1708 0.51049 0.054027 -0.336628 0.0454774 0.578221 0.521662 0.01175 0.362442 0.457294 0.0784877 0.147416 0.225874 0.255738 0.642571 0.485204 0.575824 0.578881 0.655661 0.359126 0.401922 0.0811989 -0.357016 -0.685479 -0.183787 0.0635777 0.0297526 0.0585511 0.21637 0.382941 0.488408 0.278165 0.11764 -0.188706 0.103985 0.225502 0.252923 -0.749033 -0.467502 0.282254 -0.178873 -0.548428 -0.655173 -0.375641 -0.152007 -0.0257905 0.00976539 0.0401441 -0.071617 -0.287839 -0.976418 -0.928371 13.1287 -3.10677 1.6545
 5.28257e-07 -0.0551458 0.00549223 4.13907e-07 -0.0358572 0.0113367 0.00155904 0.00185953 -0.0156241 0.00381339 0.000436886 -0.00763196 -3.27473e-07 0.00379533 6.37285e-05 -5.01045e-06 -14.6801 1.04878 -3.58174e-08 0.00587806 -0.000868344 -1.01595e-07 0.00602941 -0.000324299 -0.0394137 -0.0557308 0.0123763 -0.00526602 -0.0508665 0.0377303 -0.0316773 0.00740319 -0.0172402 -0.0283011 -0.0101469 0.0143584 0.0114704 0.00285556 -8.24738e-05 -0.0247836 0.00961532 0.000452767 -0.0121757 0.0213013 -0.00193695 0.00325766 0.00655635 -0.00487757 0.00755604 -0.00759252 -0.0237774 0.0229262 -0.000683224 0.00996682 0.00164809 -0.00328764 0.0144264 -0.00686511 -0.0168648 0.0222624 -0.000828189 1.6149e-05 0.00432785 -0.00433912 7.54846e-05 -7.16618e-05 -0.000161877 3.58788e-05 2.87503e-05 -2.84508e-07 0.00981818 -0.000586543 0.00245387 0.000345811 -0.00429455 0.00122847 0.000413334 -0.00795658 0.000301736 0.000223427 -0.00169547 -0.00444081 0.0243244 -0.00132926 -0.00179942 0.000179572 -0.00110358 -0.000267151 -3.10769e-05 0.000300723 -0.0194979 -0.0276691 0.0113864 0.0381884 0.0238917 0.0140328 -0.00427269 -0.0134234 -0.0407031 0.0137473 0.0127058 0.115761 0.00335726 -0.0401848 -0.0543631 0.000762662 0.0527619 0.0240897 -0.0259959 0.00013597 -0.018092 -0.0077115 -0.000427874 0.005487 -0.000870889 -0.00940662 -0.00807498 -3.51515e-05 -0.0055505 -0.00716509 -0.00127045 -0.00234078 -0.00349944 -0.00401114 -0.0100282 -0.00746411 -0.00877017 -0.00897564 -0.00971964 -0.00574302 -0.00609484 -0.00109933 0.00573004 0.0108814 0.00300733 -0.000737005 -0.000334546 -0.000927864 -0.00345168 -0.00578695 -0.00707026 -0.00396834 -0.00165755 0.00298016 -0.00150573 -0.00327269 -0.00374129 0.0116712 0.00748413 -0.00412661 0.00286775 0.00869633 0.0103692 0.00598702 0.00250371 0.000545276 1.00428e-05 -0.00073004 0.00112962 0.00447647 0.0151201 0.0142156 -0.205025 0.0498807 -0.0256382
 -1.81074e-10 -4.33739e-05 4.2126e-06 -1.51477e-10 -1.35137e-06 4.09038e-07 1.07619e-06 2.57125e-06 -2.07625e-05 1.1967e-06 1.07059e-06 -1.65699e-05 -2.55778e-10 6.25384e-07 2.51266e-08 -6.51821e-10 4.49387e-06 -3.58174e-08 1000 1.97208e-05 -4.67596e-06 -8.52403e-10 1.68618e-05 -1.10976e-06 8.431e-05 -3.45617e-05 5.24343e-06 3.12282e-06 3.68753e-05 -2.73848e-05 4.78637e-05 1.86452e-05 -5.11486e-05 0.00012787 -6.25978e-05 6.84726e-05 -4.56839e-05 -2.05652e-07 3.04951e-07 -2.32688e-05 -4.58693e-06 4.33657e-08 1.53218e-05 -4.65356e-05 5.0742e-06 -2.84551e-07 6.9148e-07 -4.53667e-07 1.84304e-05 3.93895e-05 -5.75876e-05 3.45835e-05 -3.76784e-05 1.57413e-05 7.5397e-05 -0.000112315 -1.11868e-05 4.50583e-05 -3.95959e-06 -2.02354e-05 -6.19352e-06 5.86794e-07 -1.71628e-05 1.34035e-05 -2.18826e-07 -1.9992e-06 -1.32168e-06 3.2772e-07 5.34589e-07 -6.23442e-10 1.35363e-05 -1.03919e-06 4.15003e-06 8.21326e-07 -1.00354e-05 3.21706e-06 9.88572e-07 -1.48622e-05 2.35588e-06 1.48924e-06 -9.04076e-06 2.64503e-05 -0.000308146 1.67906e-05 5.69961e-07 -6.9553e-08 -7.20016e-06 -7.65081e-07 -1.32131e-07 9.0459e-07 1.73722e-05 -5.07228e-05 -2.02451e-05 -1.77297e-05 1.7976e-05 4.4211e-05 0.000228473 0.000224449 -0.000188902 -3.34646e-05 -1.40952e-05 -5.44655e-05 -2.80234e-05 8.62605e-05 1.92427e-05 -7.31785e-06 3.87999e-05 7.31153e-06 4.50199e-07 -3.10796e-06 1.8001e-05 -1.40901e-05 -1.12874e-05 -1.84548e-05 -8.22689e-06 1.05707e-05 8.46003e-06 -8.7029e-06 -5.96788e-06 5.40066e-06 1.22703e-05 7.48543e-06 -9.27524e-06 -1.19841e-05 -1.37632e-06 -1.41376e-06 -3.20894e-06 -7.8494e-06 1.26765e-06 3.33306e-06 7.05548e-06 -8.09444e-07 -6.59344e-06 -2.81432e-06 -4.89979e-06 -1.77208e-05 -1.19219e-05 2.68787e-06 -9.27108e-06 -5.30308e-05 -4.50618e-05 2.25283e-05 9.59173e-06 -7.24657e-06 4.89922e-07 7.47287e-06 -1.19809e-05 1.0589e-05 -9.27086e-06 -9.19551e-06 -1.68945e-05 -2.88443e-05 -2.91734e-05 -9.72718e-06 -4.13885e-06 -6.03664e-06 -7.32572e-06 8.9208e-06 -1.28761e-06 6.45686e-06 2.02812e-05 1.49741e-05 -0.000318141 0.000116036 -3.41909e-05
 -5.56125e-05 3.68525 -0.368214 -6.65401e-06 0.874949 -0.280268 -0.194182 -0.18572 1.5511 -0.444882 -0.0816973 1.3476 4.88201e-05 -0.500846 -0.00280568 4.01661e-05 -0.649039 0.00587806 1.97208e-05 972.226 -153.6 3.09864e-05 -1.45894 0.0924739 -1.551 4.96851 -0.997025 -0.0641418 0.461236 -0.343695 0.684093 -1.24601 3.18416 -0.51984 3.22031 -3.92708 0.446541 -0.223478 -0.000104761 -1.08289 0.253242 0.0061252 -1.20149 0.320057 -0.0200653 -0.262163 -0.513846 0.384501 -0.261823 -1.29706 1.63212 -0.922267 1.14436 -2.01811 -2.09387 3.26242 -0.348704 -1.71001 0.740909 0.13606 0.100092 -0.00819412 0.273018 -1.00633 0.0275648 -0.107867 -0.00194805 0.000555802 -0.00698731 3.85942e-05 -1.19341 0.0856033 -0.45142 -0.0730287 0.888953 -0.246844 -0.0775503 1.23236 -0.178235 -0.0891127 0.558245 -1.11887 2.67002 -0.126362 0.0297994 -0.00279204 0.260554 0.037833 -0.00213779 -0.0360142 -0.350049 5.49448 0.381463 -2.94035 -3.93687 -2.77787 -28.282 15.2045 1.36362 1.1181 0.0906513 1.90487 -5.60994 2.23818 2.18032 -0.310875 0.816934 -1.09952 -0.954052 0.569541 1.53929 0.386201 0.418575 0.853051 1.07356 0.278567 -0.125568 -0.28447 0.94291 -0.132497 -0.103679 0.302111 0.978488 1.85957 -0.40628 0.0445443 0.56212 0.529231 0.671019 -0.563779 0.332157 0.119299 0.319007 -0.330457 0.256367 0.715578 0.860639 0.516459 0.364439 1.28267 0.881334 -0.315348 -0.334959 -0.717689 -0.0536828 0.273643 0.380377 1.14673 -0.154185 0.656058 0.904505 0.0554861 0.0572382 -0.900734 -0.318706 -0.0394886 0.132034 -0.406459 0.0376661 -0.464228 -1.48976 -1.28631 21.5153 -5.74929 2.61809
 8.94749e-06 -0.595672 0.059479 1.11272e-06 -0.146467 0.0468527 0.0302193 0.0288618 -0.241152 0.0694317 0.0125505 -0.207416 -7.42314e-06 0.07575 0.00044806 -6.11538e-06 0.098703 -0.000868344 -4.67596e-06 -153.6 25.3159 -4.94113e-06 0.229714 -0.0145576 0.244098 -0.794211 0.159433 0.00934429 -0.0779251 0.0580412 -0.108119 0.195411 -0.499338 0.0811885 -0.515297 0.628522 -0.0710979 0.0330797 0.000114687 0.16924 -0.0405 -0.000939358 0.188613 -0.0543522 0.00365787 0.040039 0.0785511 -0.0587306 0.0414729 0.205729 -0.259761 0.147045 -0.181408 0.320838 0.332278 -0.517765 0.0551094 0.27123 -0.118315 -0.0206646 -0.0159152 0.00130062 -0.0428666 0.1605 -0.00443369 0.0184588 0.000417353 -0.000114379 0.000997183 -5.99155e-06 0.186414 -0.0133582 0.0706517 0.0114144 -0.139009 0.0387969 0.0122091 -0.194041 0.0270048 0.0136753 -0.0857261 0.180929 -0.420901 0.0198894 -0.00487392 0.000453893 -0.040951 -0.00601499 0.00034145 0.00572426 0.0553142 -0.869102 -0.0648012 0.460068 0.625212 0.452202 4.50402 -2.42781 -0.212606 -0.180176 -0.0179495 -0.301678 0.892011 -0.356246 -0.346532 0.0491689 -0.130419 0.174467 0.151869 -0.0906386 -0.244834 -0.0612803 -0.0663035 -0.135398 -0.170693 -0.0444919 0.0198604 0.0452707 -0.149973 0.0209736 0.0164506 -0.0480969 -0.155526 -0.295537 0.0644331 -0.0070068 -0.08927 -0.0842162 -0.106347 0.0893565 -0.0528029 -0.0189136 -0.0506157 0.0526815 -0.0406546 -0.113548 -0.136688 -0.0821544 -0.0580593 -0.203665 -0.139641 0.0502067 0.0531854 0.113959 0.0084887 -0.0434273 -0.0603798 -0.182137 0.0246663 -0.104175 -0.143672 -0.00866718 -0.00894742 0.143141 0.0506521 0.00630516 -0.0209332 0.0644994 -0.00596574 0.0738172 0.236841 0.204492 -3.42193 0.915614 -0.41622
 7.94518e-11 -7.48159e-05 7.28391e-06 -1.09607e-10 -3.74058e-06 1.15684e-06 2.99509e-06 5.23143e-06 -4.30539e-05 -3.30514e-06 6.09949e-07 -9.25781e-06 -1.01498e-09 7.79814e-06 6.79185e-08 -1.21957e-09 1.19711e-05 -1.01595e-07 -8.52403e-10 3.09864e-05 -4.94113e-06 1000 3.40087e-05 -4.4726e-06 0.000145962 -0.000258815 5.00271e-05 4.02927e-06 2.75752e-05 -2.05909e-05 0.000108763 5.18274e-05 -0.000139229 0.000207332 1.97628e-05 -3.80471e-05 -6.0879e-05 1.49303e-07 5.64419e-07 -7.12639e-05 3.83866e-06 5.4231e-07 6.6989e-05 -8.03981e-05 7.37605e-06 1.03342e-06 2.18301e-06 -1.53464e-06 8.72209e-06 0.000105775 -2.73997e-05 -1.51378e-05 -6.80478e-05 2.81172e-05 0.00015368 -0.000228688 -1.38607e-05 9.32616e-05 -1.1189e-05 -3.89172e-05 -9.89e-06 1.05121e-06 -4.5704e-05 1.65645e-05 5.06921e-07 -2.51356e-05 -2.14221e-06 5.40363e-07 8.82544e-07 -1.16767e-09 2.97782e-05 -2.38417e-06 7.47105e-06 1.34324e-06 -1.59716e-05 5.6614e-07 9.70682e-07 -1.45213e-05 4.59225e-06 2.73318e-06 -1.68621e-05 3.29504e-05 -0.000330546 1.82881e-05 -2.15315e-06 1.4514e-07 -8.87534e-06 -9.30663e-07 -1.63723e-07 1.10331e-06 4.24412e-05 2.61353e-05 3.5224e-05 4.51343e-05 3.64407e-05 3.99594e-05 8.81038e-05 5.54675e-05 -0.000140691 -2.28259e-05 -2.47561e-06 8.10606e-05 1.74941e-05 -1.62059e-05 4.91511e-05 -7.1717e-06 7.48262e-05 1.21663e-05 0.00011665 -3.35645e-05 -8.4779e-07 1.64035e-06 -4.85572e-06 -4.1483e-06 2.06475e-05 7.57096e-05 1.24112e-05 -1.05928e-05 -3.69281e-05 2.90747e-05 1.49359e-05 1.23672e-05 2.61449e-06 5.67763e-06 7.06819e-06 9.843e-06 3.73767e-06 -2.17826e-05 1.19195e-05 -1.96116e-05 -1.15897e-05 -2.17576e-05 -3.06848e-05 -7.56281e-06 1.04864e-05 -3.3886e-06 1.96415e-06 -4.60222e-06 -3.93585e-05 -0.000131618 -7.97102e-05 3.56879e-05 1.66883e-05 -9.1991e-06 -9.1671e-06 -6.00713e-06 -2.51802e-05 -1.15494e-05 -4.26806e-06 -3.41506e-05 -4.98819e-05 -5.5722e-05 -6.0748e-05 -2.20798e-05 -1.65696e-05 -1.73432e-05 -1.88837e-05 1.97721e-05 -2.80665e-06 1.33776e-05 4.41273e-05 3.33723e-05 -0.000610152 0.000147552 -7.66173e-05
 -1.9318e-05 2.72081 -0.271029 -2.46561e-06 0.361316 -0.11815 -0.153341 -0.206861 1.71224 -0.581188 -0.102185 1.63513 5.56433e-05 -0.581233 -0.00345795 3.9504e-05 -0.667005 0.00602941 1.68618e-05 -1.45894 0.229714 3.40087e-05 994.6 -63.7567 -1.43549 11.1832 -2.27434 0.0784929 1.44377 -1.06876 -2.05354 -1.84351 4.87356 -2.98351 1.21516 -1.29916 0.339056 -0.243352 -0.00281742 0.770914 -0.251139 -0.0136371 -2.71348 0.917243 -0.0437318 -0.244639 -0.478847 0.358154 -0.329098 -2.2303 0.867267 0.072604 1.51437 -2.48221 -3.19357 4.92175 -0.220809 -2.46179 0.381527 0.959124 0.225943 -0.0218636 0.932546 -0.347405 -0.0218815 0.895524 0.0271997 -0.00681503 -0.0133249 4.00462e-05 -1.16498 0.0863818 -0.317402 -0.0508206 0.611387 -0.179203 -0.0710158 1.12492 -0.153757 -0.0824442 0.520281 -0.415845 0.743148 -0.0379453 0.129964 -0.0101268 0.194291 0.0302064 0.000635718 -0.0311092 -0.713179 0.933054 -1.21207 -2.97554 -2.10709 -1.36718 -4.89512 3.12044 2.3982 0.252446 -0.146537 -2.06846 -4.8024 2.92337 3.40926 -0.622665 -3.06642 -5.28424 1.84659 0.489731 -0.39223 -0.24307 -0.0210419 0.299269 -0.479678 -1.23125 -0.499195 0.751748 1.12906 -0.396168 -0.328951 -0.116342 0.0561999 0.0626184 0.182581 0.0372205 0.262296 0.632693 0.0754534 0.407696 0.544778 0.713583 0.971211 0.450588 -0.000422692 0.208226 0.214226 0.24368 0.61056 2.25414 1.56936 -0.378736 -0.4071 0.0788293 0.341311 0.458001 0.594559 0.49154 0.226059 0.747602 1.91018 0.958194 0.532842 -0.359062 0.0943626 0.265303 0.365855 -0.534263 0.0512887 -0.453618 -1.49152 -1.23046 20.6035 -4.86787 2.60079
