 1000 0.00278815 -0.000548567 -5.65088e-10 -0.000147081 0.000101947 -2.32514e-06 -2.79659e-07 3.40566e-06 -6.80712e-05 -4.66013e-06 0.000101755 3.9588e-10 -1.38357e-05 1.50837e-07 -9.43062e-11 -1.01243e-05 5.61404e-07 -7.38775e-10 -2.28341e-05 9.07138e-06 -5.13634e-10 5.1878e-06 -7.74021e-07 8.43934e-06 -0.000303154 7.32449e-05 -4.99248e-05 -0.000211908 0.000220344 1.6708e-06 -2.56616e-06 7.78814e-06 8.23155e-05 -8.41517e-05 0.000120428 -7.52364e-05 -9.64034e-06 1.122e-06 -0.000142484 1.31095e-05 1.42298e-06 -2.95384e-05 -8.43368e-05 1.13961e-05 -4.13552e-06 -1.05743e-05 1.88901e-05 6.84791e-05 -6.09337e-05 -0.000297517 0.000245341 -6.59153e-05 6.8641e-05 0.000102367 -0.000130803 -3.03331e-05 6.91402e-06 -5.12894e-05 5.82762e-05 -6.18656e-06 6.0766e-07 -4.21602e-06 6.57606e-06 -3.59493e-07 7.03283e-06 -4.54071e-06 1.53747e-06 1.08817e-06 -3.45143e-11 -8.49009e-06 2.31999e-06 1.89242e-06 3.24384e-08 -2.21244e-06 4.80507e-06 1.24895e-07 -4.39066e-06 2.04736e-06 7.7508e-07 -7.9499e-06 -1.58353e-05 -0.000354932 3.08551e-05 4.89458e-06 -6.54376e-07 -2.66647e-05 -2.12054e-06 -1.01567e-06 3.15969e-06 -1.9689e-06 -0.000196125 -0.000144243 -0.000124116 -5.8178e-05 1.45625e-05 0.000185314 0.000386709 -0.000220828 -8.23531e-05 -6.66505e-05 4.97962e-05 -4.54343e-05 7.82603e-06 7.7495e-05 0.000107821 4.36468e-05 -6.3526e-05 -0.000131745 0.000198537 -0.000121543 1.66906e-05 -2.29332e-05 -1.1435e-05 1.3641e-05 3.8665e-05 8.21242e-06 -2.75144e-05 3.2796e-05 -4.40174e-05 7.79505e-06 -6.89219e-06 -6.01567e-06 9.5857e-06 8.10933e-06 -8.44914e-06 -1.58866e-05 0.000140841 -0.000101509 7.03803e-05 -3.21543e-06 1.37911e-05 2.48335e-05 8.19969e-06 2.47657e-05 -2.45244e-05 2.50313e-05 1.52208e-05 2.59575e-05 -2.52375e-05 -7.67195e-05 4.03354e-05 1.68167e-05 -1.42765e-07 3.24086e-06 -2.59705e-05 3.5087e-05 3.7403e-05 -8.98372e-07 3.07446e-05 1.10917e-05 -3.84302e-05 -1.21689e-05 -2.63802e-05 -7.54918e-08 8.58481e-07 2.85843e-06 -1.80143e-07 7.28112e-07 1.60451e-05 3.61886e-05 2.12152e-05 -0.000564931 0.000129024 -4.16939e-05
 0.00278815 477.623 -92.8248 4.70784e-05 28.5252 -19.7692 0.411534 0.161099 -2.52238 12.398 1.09024 -24.0645 -9.91879e-05 2.37408 -0.0184977 -7.37222e-05 2.81759 -0.125394 1.81035e-06 2.61166 -1.03587 4.61369e-06 0.675036 -0.130057 16.8808 36.1208 -9.05874 5.55853 24.2399 -25.2219 11.2682 2.60773 -9.60323 8.83792 14.3732 -22.2356 8.29968 1.60653 -0.162248 20.9115 -2.16263 -0.213253 10.9674 8.15601 -1.29959 1.11489 2.67578 -4.83187 2.12788 8.62241 15.7146 -15.2828 2.17147 -3.45219 1.52422 -1.49112 4.18644 2.92644 7.02647 -10.5988 1.21146 -0.112252 -2.4334 2.49241 -0.0111352 -3.12356 0.343023 -0.109868 -0.214312 -3.61338e-05 1.98299 -0.521154 0.373046 0.0332441 -0.690717 -0.49182 0.0128809 -0.0211276 0.0337205 -0.0266419 0.265662 -0.24062 4.65784 -0.389652 2.42839 -0.287239 3.43278 0.151338 0.050107 -0.203024 1.52701 5.15711 10.5277 10.804 6.39187 0.0460688 -28.0783 16.8359 -6.56427 16.8191 11.8391 -1.14219 -1.62929 -2.44076 -4.55152 3.34946 3.43013 1.29722 -8.76395 3.382 -0.948069 0.445195 -1.4972 -1.11288 -0.896391 -1.11086 0.15299 2.20493 0.378097 -0.909191 -0.040295 -0.116707 -0.245262 -1.30927 0.079651 -0.245226 -1.12241 2.97308 -5.65537 2.57544 -0.707107 -0.468606 -1.16604 -3.73911 -1.4695 -2.12793 -1.64863 -1.77158 0.0992197 -0.0142713 -0.689695 -1.5592 -1.9111 -0.56034 -0.343322 -2.07604 0.0464768 -1.41789 -3.36545 -0.639258 -0.0209633 -1.84994 -0.477563 -1.20734 -1.03943 -0.881067 -0.779765 0.404243 -0.270147 -1.83777 -3.23954 -3.8039 81.1831 -39.7619 3.49301
 -0.000548567 -92.8248 19.151 -9.30518e-06 -5.60516 3.88462 -0.0838191 -0.0327038 0.514143 -2.43662 -0.214311 4.73057 2.02263e-05 -0.480548 0.00365631 1.47616e-05 -0.564432 0.0250652 -3.61606e-07 -0.525428 0.208335 -8.72451e-07 -0.142825 0.0273372 -3.31195 -7.08891 1.77781 -1.09403 -4.75801 4.95076 -2.20811 -0.515436 1.89678 -1.73454 -2.82288 4.36696 -1.63411 -0.324829 0.0322686 -4.1033 0.415083 0.0419081 -2.15646 -1.61407 0.256793 -0.22231 -0.530562 0.958158 -0.420525 -1.69038 -3.07931 2.99515 -0.42713 0.676176 -0.299893 0.293691 -0.824048 -0.574185 -1.37846 2.07954 -0.238132 0.0220657 0.484201 -0.490133 0.00216261 0.615622 -0.0672784 0.0215437 0.0421727 7.36422e-06 -0.407622 0.10678 -0.0772907 -0.0067747 0.141728 0.0947552 -0.00279737 0.0108687 -0.0078578 0.00494301 -0.049396 0.0500259 -0.9116 0.0762401 -0.477858 0.0565155 -0.672462 -0.0296776 -0.00981899 0.0398061 -0.299288 -1.00681 -2.06529 -2.12331 -1.25722 -0.00697881 5.50806 -3.30623 1.28954 -3.29967 -2.32125 0.224355 0.320011 0.478498 0.892205 -0.657753 -0.673164 -0.253961 1.72038 -0.664798 0.186718 -0.087361 0.294149 0.218733 0.175807 0.217775 -0.0301086 -0.431986 -0.0743883 0.178784 0.00781385 0.0229702 0.0482243 0.256723 -0.0154144 0.0482542 0.220593 -0.584332 1.11041 -0.505694 0.138885 0.0918366 0.228807 0.733559 0.288251 0.417162 0.323125 0.347213 -0.0198528 0.00281466 0.136056 0.306024 0.37495 0.109981 0.0673665 0.407386 -0.00915418 0.277719 0.660102 0.125257 0.0040671 0.363063 0.0935878 0.237075 0.203842 0.172911 0.152892 -0.0793011 0.0529644 0.360483 0.634256 0.746056 -15.9448 7.8307 -0.683551
 -5.65088e-10 4.70784e-05 -9.30518e-06 1000 -0.000310488 0.000217258 -2.17024e-06 -4.95489e-07 1.14155e-05 1.27499e-05 1.86302e-06 -3.84779e-05 2.48721e-10 -4.17495e-06 3.62333e-08 -4.64577e-11 -1.39016e-06 1.03867e-07 -1.62186e-10 -2.52099e-07 8.48286e-08 -5.66634e-11 -1.16569e-06 1.68335e-07 2.54676e-05 -9.01995e-06 1.85337e-06 -1.49694e-05 -5.84557e-05 6.06675e-05 0.00010566 1.66515e-05 -6.495e-05 0.000180254 -5.07301e-05 6.32615e-05 2.59969e-06 -1.23195e-06 1.53511e-07 -2.70446e-05 7.19575e-06 6.04989e-07 5.72847e-05 -2.0189e-05 1.85189e-06 8.03296e-07 1.27182e-06 -2.54753e-06 1.9683e-05 1.93924e-05 -4.92809e-05 2.86422e-05 -4.29117e-05 -2.27712e-05 0.000121815 -0.000144405 1.13506e-06 -2.38524e-05 1.56674e-05 -2.27986e-06 2.90311e-06 -3.11736e-07 3.81753e-05 -4.92011e-05 2.86988e-06 -5.23644e-05 -4.27896e-06 1.36012e-06 8.29716e-07 7.68449e-11 -9.41504e-06 2.25108e-06 -2.32668e-06 -1.20577e-07 3.02583e-06 -8.10728e-06 -8.64e-07 2.10396e-05 1.36588e-06 3.69993e-07 -3.92307e-06 6.31695e-07 -0.000164222 1.40933e-05 2.03479e-05 -2.40411e-06 1.47586e-06 -8.20725e-07 -4.7109e-07 1.30142e-06 -3.84674e-05 -5.70921e-05 -2.77272e-05 -2.3132e-05 -8.48397e-06 -3.93983e-07 7.28187e-05 2.069e-05 -3.60906e-05 4.10346e-06 1.01644e-06 -1.30274e-05 7.31436e-06 5.91326e-05 -1.77192e-05 9.2991e-05 -3.48716e-05 -3.34818e-06 -1.47396e-05 -8.93464e-06 6.21179e-06 4.62437e-06 2.26519e-05 2.79549e-06 3.29886e-05 -1.82262e-05 -5.00278e-06 -9.99073e-06 1.66083e-05 -2.81204e-05 -1.5736e-05 3.7106e-05 3.69544e-05 1.9516e-05 -8.53611e-05 -0.000191858 -6.1371e-05 0.000128213 -9.98042e-06 0.000130439 -1.23655e-05 9.70204e-06 3.7459e-05 2.71785e-05 1.73045e-05 -1.262e-06 2.44502e-05 -6.65909e-06 4.48309e-05 -6.63762e-05 -0.000132753 6.06344e-06 -5.33452e-05 6.77685e-05 6.63458e-05 6.5241e-06 -5.69041e-06 -3.1403e-06 -2.14685e-05 6.08705e-05 4.09854e-05 -0.000104302 4.42368e-05 -2.89841e-05 -3.58383e-06 -6.82662e-07 1.46908e-07 -4.33443e-06 4.77028e-06 -8.14075e-06 -2.27684e-05 -4.12563e-05 0.000232762 1.0865e-05 2.44512e-05
 -0.000147081 28.5252 -5.60516 -0.000310488 436.879 -301.401 -0.0408002 -0.0247666 0.728322 9.07939 0.828437 -18.2366 9.44759e-05 -1.19274 -0.00865927 6.88227e-06 0.112299 -0.015309 4.25986e-05 -2.96225 1.15187 6.60833e-05 -3.3095 0.572716 11.5592 23.799 -5.97708 4.25451 16.6454 -17.3259 13.7341 0.984645 -4.31521 9.11637 10.3027 -16.131 3.96452 -0.699431 -0.023122 11.5905 -2.72476 -0.108347 7.8597 3.24362 -0.610294 0.00685937 0.418283 -0.743158 -2.18594 3.37943 -1.36001 -0.249031 2.30426 -3.58261 1.0303 -0.880244 1.44409 2.14121 4.7703 -7.19702 0.829378 -0.0728783 -0.803293 -2.08093 0.269621 -9.68181 -1.21765 0.411845 0.205514 4.81904e-05 -3.44782 0.811544 -0.417392 -0.0201233 0.594192 -0.970621 -0.0259879 0.949122 0.0106233 0.012899 -0.0906663 -2.79562 -0.910905 0.10001 2.71216 -0.32109 3.2476 0.0728093 0.0227854 -0.0963471 0.946211 0.958773 1.42066 0.992393 0.49446 1.50335 1.35396 -1.60081 -0.46216 4.09284 0.838816 -1.12539 -0.961381 0.646332 -1.85417 3.23723 -0.386967 -0.86693 -0.750597 1.31577 0.012007 -0.591777 -1.15217 -1.97239 0.421352 0.392207 -0.0431302 0.542988 2.37504 -1.53567 -1.67934 -0.360403 0.00644902 3.18939 2.55484 -2.00859 -1.59142 3.76243 -7.58723 3.55026 0.40423 0.103949 -0.582476 -1.07276 -0.67217 -0.0329463 -0.19633 -1.39271 0.695727 0.930331 0.508744 -0.554081 -1.42753 0.114745 0.116556 -0.260504 0.76341 -0.662974 -3.20735 -0.0432281 1.6233 -1.73959 0.323499 -0.778579 -0.463961 -0.335862 -0.2349 0.138909 -0.128953 -1.71963 -3.32621 -3.54923 70.4546 -28.9561 3.68325
 0.000101947 -19.7692 3.88462 0.000217258 -301.401 210.094 0.0264076 0.0164654 -0.492443 -6.29337 -0.574292 12.6421 -6.51116e-05 0.819575 0.00601244 -4.63173e-06 -0.0836384 0.0108396 -2.95375e-05 2.04719 -0.796035 -4.57881e-05 2.28832 -0.395988 -8.00773 -16.4904 4.14152 -2.95039 -11.5341 12.0056 -9.51406 -0.684492 2.99737 -6.31642 -7.13953 11.1784 -2.74837 0.480365 0.0162047 -8.02871 1.88389 0.0750785 -5.44658 -2.25345 0.423617 -0.00655986 -0.2923 0.519442 1.51535 -2.34121 0.943091 0.171815 -1.59721 2.48222 -0.714051 0.610125 -1.00189 -1.48323 -3.30504 4.98627 -0.57502 0.0505309 0.561049 1.44131 -0.186833 6.70998 0.844041 -0.28547 -0.142689 -3.32543e-05 2.37915 -0.559916 0.286833 0.0138032 -0.40826 0.671403 0.0178462 -0.653625 -0.00797653 -0.00906833 0.0640832 1.93912 0.630377 -0.0692419 -1.88011 0.222578 -2.24938 -0.0504423 -0.0157822 0.0667458 -0.655065 -0.663421 -0.98425 -0.687937 -0.343031 -1.0419 -0.93785 1.10933 0.320599 -2.83757 -0.581174 0.780162 0.665958 -0.44813 1.28479 -2.24317 0.268236 0.600543 0.520438 -0.911378 -0.00855626 0.409908 0.798161 1.36654 -0.291943 -0.271317 0.0299 -0.3761 -1.64551 1.06414 1.16356 0.249566 -0.00457953 -2.20966 -1.76935 1.39249 1.10299 -2.60737 5.25668 -2.46018 -0.27987 -0.072086 0.403473 0.743202 0.465694 0.0225819 0.135859 0.964791 -0.482336 -0.644383 -0.351802 0.384083 0.989342 -0.0797579 -0.0810324 0.180455 -0.528774 0.459167 2.22205 0.0296466 -1.1248 1.20553 -0.224514 0.539536 0.32138 0.232714 0.16266 -0.0962047 0.0892842 1.19146 2.30381 2.45915 -48.8289 20.0836 -2.55088
 -2.32514e-06 0.411534 -0.0838191 -2.17024e-06 -0.0408002 0.0264076 999.9 -0.0747529 0.658901 -0.0698825 -0.0144648 0.366099 1.19754e-05 -0.216215 -0.000139471 5.94934e-06 -0.188491 0.00704053 -7.48613e-07 -0.220256 0.0856402 1.70299e-06 -0.241762 0.0416799 0.0983537 0.733326 -0.180689 0.0778928 0.782196 -0.81465 0.866347 -0.120904 0.349352 0.952095 0.116517 -0.241634 -0.0845017 -0.119079 0.00438317 -0.0491506 -0.0866742 0.00141928 0.0595662 -0.387858 0.0453705 -0.0783568 -0.109615 0.198582 0.113537 -0.243703 -0.304241 0.323242 -0.128353 -1.66539 0.757914 -0.738997 -0.32421 -0.365862 0.266183 -0.0415891 -0.0488784 0.00460971 1.20517 -0.269794 0.00243486 0.298746 0.00237733 -0.000615477 -0.00448884 4.78096e-06 -0.368509 0.08779 -0.113266 -0.0064752 0.173723 -0.167214 -0.0226204 0.568528 0.0222275 0.0030677 -0.0325715 0.126343 -0.602308 0.0511192 -0.366619 0.0416552 -0.0580129 0.00180751 -9.34691e-05 -0.00172936 -0.29208 -0.349994 -0.174658 -0.115484 -0.0318421 0.0433601 0.775563 0.48611 -0.815608 -0.123874 -0.026166 0.251531 0.277358 0.00825019 -0.0831115 0.183672 0.132764 -0.224257 -0.0196727 -0.00396541 -0.0332013 -0.0478878 -0.0538744 -0.0277656 -0.0511424 -0.069242 0.319218 -0.524836 0.0914532 0.0437991 -0.00990244 -0.0386764 0.0384701 0.0299372 -0.0522644 -0.0578308 -0.108116 0.13821 0.250306 -0.23124 0.059954 0.0213013 0.10347 -0.448893 0.157427 -0.120752 0.060147 0.166901 -0.396037 -0.132582 -0.0572299 0.309458 -0.19095 0.23831 0.183548 -0.0374987 0.0872856 -0.120209 0.0418973 0.063859 0.249338 0.308936 0.104262 -0.0876991 -0.0522428 0.00410078 -0.0204921 -0.0507635 0.0371635 -0.293527 -0.88517 -0.561984 6.34489 3.73707 1.07504
 -2.79659e-07 0.161099 -0.0327038 -4.95489e-07 -0.0247666 0.0164654 -0.0747529 4.09109 -56.3352 -0.0388666 -0.00690809 0.169065 4.2666e-06 -0.0749109 -4.95869e-05 2.24994e-06 -0.0644209 0.00240589 2.35898e-07 -0.0574596 0.0223346 9.62601e-07 -0.0914675 0.0158999 -0.00156774 0.41984 -0.10218 0.0319508 0.284176 -0.295818 0.243282 -0.0607699 0.188694 0.229431 0.140736 -0.227234 -0.0144186 -0.0408071 0.001147 0.0209555 -0.0366187 2.30367e-05 0.0068697 -0.11406 0.0129676 -0.0254899 -0.0376767 0.0684776 0.037786 -0.11192 -0.161517 0.165162 0.0163419 -0.667308 0.148464 -0.108828 -0.115259 -0.149515 0.093465 -0.000394187 -0.0273539 0.00276809 0.452542 -0.0538283 0.000487101 0.0605788 0.00217747 -0.000621939 -0.00233826 1.83684e-06 -0.134196 0.0320228 -0.0402933 -0.00227228 0.060994 -0.0734184 -0.00963017 0.237726 0.00614132 0.00117089 -0.0128533 0.0630744 -0.0373882 0.00328406 -0.128444 0.0144986 -0.0225644 0.00133154 0.00073346 -0.0020803 -0.10401 -0.120217 -0.0368581 -0.00848717 0.0125115 0.0206369 0.582946 -0.204397 -0.3174 -0.0436156 0.0104085 0.361571 0.122466 -0.0244139 -0.241437 -0.057377 0.135714 -0.071676 0.01947 -0.0103632 -0.0281011 -0.0373964 -0.04479 -0.0181539 -0.0267459 -0.0831839 0.222772 -0.182966 0.00810602 0.00259486 0.0452963 -0.0275004 0.0182853 0.0071433 0.00756877 -0.0153559 -0.0953462 0.0285122 0.0255199 -0.053723 0.0360482 0.0257555 0.0323067 -0.116158 0.0244519 -0.0141669 0.0136716 -0.0499576 -0.137983 0.0545023 0.0940749 0.109479 -0.0369767 0.066514 0.0052774 -0.0637676 -0.0500789 0.0688824 -0.0257755 0.119005 0.165502 0.0256682 -0.0546587 -0.0382841 -0.0209034 -0.00199627 -0.00903132 -0.0190557 0.0133828 -0.113314 -0.336169 -0.192314 2.47229 1.41694 0.414483
 3.40566e-06 -2.52238 0.514143 1.14155e-05 0.728322 -0.492443 0.658901 -56.3352 992.102 0.794908 0.13432 -3.25659 -7.74363e-05 1.36674 0.000699363 -3.97289e-05 1.16934 -0.0438394 -2.54235e-06 1.038 -0.403624 -1.69484e-05 1.63025 -0.283497 0.00900611 -7.19957 1.75271 -0.507011 -4.83004 5.0279 -4.24825 1.12039 -3.4947 -4.01659 -2.3396 3.79125 0.266447 0.788937 -0.0233641 -0.416078 0.698682 -0.000423166 -0.115795 2.14452 -0.245623 0.486792 0.703382 -1.27899 -0.713839 1.9485 2.79355 -2.85981 -0.210886 11.5989 -2.61349 1.93133 1.99327 2.60323 -1.63188 0.0130518 0.492464 -0.0497248 -8.01149 0.974493 -0.0085568 -1.10715 -0.0470767 0.0138979 0.0427092 -3.42184e-05 2.45709 -0.587152 0.748237 0.0425953 -1.136 1.29346 0.169058 -4.17252 -0.110481 -0.0234288 0.251762 -1.23574 0.719558 -0.0621221 2.27698 -0.25709 0.429136 -0.0230089 -0.0127489 0.0360224 1.79676 2.08263 0.636887 0.154388 -0.194646 -0.332223 -10.1245 3.47721 5.49868 0.913649 -0.0564082 -6.30762 -2.13357 0.419557 4.18056 0.989437 -2.35721 1.25172 -0.355294 0.169903 0.49059 0.65028 0.779144 0.31447 0.455147 1.42868 -3.87659 3.18168 -0.14156 -0.058184 -0.790526 0.47441 -0.322877 -0.129262 -0.138223 0.262063 1.64621 -0.488593 -0.466177 0.936314 -0.633667 -0.448107 -0.567213 2.01864 -0.4328 0.253268 -0.238982 0.8657 2.40743 -0.942625 -1.63904 -1.92014 0.637101 -1.16289 -0.0962066 1.10634 0.865558 -1.19377 0.444193 -2.0707 -2.88132 -0.449877 0.954903 0.664826 0.363907 0.0314481 0.157909 0.332022 -0.231743 1.96915 5.8715 3.33731 -42.4361 -25.4285 -7.24427
 -6.80712e-05 12.398 -2.43662 1.27499e-05 9.07939 -6.29337 -0.0698825 -0.0388666 0.794908 914.328 -6.8502 136.66 0.000100372 -1.80242 -0.000102759 4.59055e-05 -1.43488 0.0550074 2.4025e-05 -2.26371 0.88471 2.30964e-05 -2.40223 0.420186 5.40194 5.5178 -1.431 1.21097 4.69049 -4.88456 5.25249 0.69472 -2.7366 5.16533 2.92341 -4.76289 1.96232 -0.13796 -0.015362 4.56106 -1.23949 -0.0368916 2.78326 1.04662 -0.19837 0.00838472 0.115715 -0.205498 0.777939 0.366353 -5.7038 4.10034 0.118347 -2.87888 2.82203 -3.10089 -0.434517 2.20496 0.39866 -1.93526 0.891119 -0.0811898 0.159563 3.47366 -0.00891362 -4.68904 -0.2724 0.0954483 -0.0509225 2.41579e-05 -2.27745 0.540545 -0.230721 -0.0071688 0.236038 -0.494149 -0.0217104 0.858466 -0.209158 -0.0967486 0.910716 -1.52957 -4.68551 0.419193 0.259034 -0.0355576 2.39888 -0.00471972 -0.0137798 0.0186085 -0.48934 -4.76455 2.122 3.945 4.124 6.89326 -4.80849 -6.03184 6.18377 3.8471 0.213006 -8.36975 2.92394 -1.40305 -3.01145 3.30471 8.81789 12.5863 -16.562 2.71883 1.8909 0.969475 -0.145326 -0.629823 -0.703512 2.72109 -4.85348 0.627896 3.29953 -3.22675 0.899251 0.173643 -1.49665 0.373308 -0.251306 0.950194 -4.6793 9.23679 -9.42508 6.65863 -1.69381 -0.651465 1.58575 -5.31697 0.713286 -3.30978 -1.00153 1.37019 -0.166008 -0.401033 -0.936556 -0.704341 -1.00535 1.41533 0.199648 -2.45251 0.516882 0.949537 -1.0252 0.39296 -1.64956 1.34491 2.02687 -1.09008 -2.42251 -0.695452 -0.609652 0.0782866 0.0346171 -0.86857 -1.5679 2.37757 37.124 -16.7368 1.75944
 -4.66013e-06 1.09024 -0.214311 1.86302e-06 0.828437 -0.574292 -0.0144648 -0.00690809 0.13432 -6.8502 2.45375 -34.9767 8.0512e-06 -0.142594 -3.60855e-05 4.35003e-06 -0.124868 0.0046968 2.39855e-06 -0.210012 0.081922 2.30784e-06 -0.222632 0.0388128 0.218584 0.837634 -0.207149 0.14374 0.608899 -0.633745 0.358204 0.00300431 -0.0343741 0.136863 0.431098 -0.657621 0.163671 -0.025342 -0.000937072 0.13271 -0.0484101 -0.0013908 0.0442996 0.121115 -0.0173482 -0.0128508 -0.0133794 0.0247524 -0.109694 0.0301022 0.0106968 -0.0159666 0.123486 -0.352973 -0.0450398 0.0913491 -0.0917216 -0.0164138 0.135757 -0.142672 0.0274213 -0.00269772 0.118419 0.0686509 0.00124449 -0.160804 -0.0165019 0.00577945 -0.0019877 2.16754e-06 -0.182247 0.0432997 -0.0334235 -0.00153465 0.0431414 -0.0155784 0.000150546 0.00386367 -0.0172144 -0.00572507 0.0531895 -0.114768 0.380446 -0.0315288 0.0422277 -0.0053651 0.163945 0.00346128 0.00150529 -0.00500441 -0.0524169 -0.0670551 0.324045 0.455943 0.39245 0.582362 -0.241203 -0.250781 -0.0653075 0.130106 -0.0204828 -0.129459 0.438752 0.0112091 -0.522728 -0.267009 0.186313 0.461484 -0.240714 -0.0086044 -0.0397324 -0.0146597 -0.0401837 -0.0537883 -0.064291 0.0781826 -0.16722 -0.0299774 0.127632 -0.103986 -0.00755981 -0.0305312 -0.0625355 0.0119773 0.0637874 -0.0185556 -0.146697 0.334631 -0.294961 0.0290666 -0.00238477 -0.0434296 0.0411408 -0.254974 0.0327549 -0.0658633 -0.030278 -0.0329833 -0.0940971 0.0452924 0.0233912 -0.0602742 -0.0671996 0.00496354 0.027952 -0.0787586 0.0246683 -0.0141113 -0.0927588 0.0136216 0.0634836 0.00388952 -0.0200038 -0.0281476 -0.0386171 -0.0220661 -0.0219566 -0.00156208 0.00414648 -0.0952424 -0.220618 -0.196805 3.25623 -0.601548 0.256543
 0.000101755 -24.0645 4.73057 -3.84779e-05 -18.2366 12.6421 0.366099 0.169065 -3.25659 136.66 -34.9767 775.79 -0.00018357 3.25958 0.000608091 -9.85491e-05 2.87293 -0.108332 -5.22414e-05 4.79487 -1.87065 -5.01463e-05 5.03224 -0.877441 -4.91327 -18.3379 4.53731 -3.14894 -13.3418 13.8863 -8.10112 0.00568235 0.53048 -3.15965 -9.39744 14.3476 -3.63666 0.681049 0.0157231 -2.99119 1.16671 0.030476 -0.987805 -2.51175 0.362946 0.332028 0.362989 -0.669699 2.40071 -0.692422 0.00435026 0.184238 -2.61242 7.78889 0.885384 -1.88493 2.02544 0.2841 -2.95469 3.15253 -0.623646 0.0611604 -2.55894 -1.60385 -0.0275133 3.68274 0.346895 -0.121937 0.0529116 -5.04563e-05 4.19928 -0.998661 0.796516 0.037269 -1.03641 0.296149 -0.00804547 0.0259188 0.375046 0.123601 -1.14937 2.60813 -8.17811 0.676696 -0.927636 0.117945 -3.62424 -0.0751426 -0.032382 0.108345 1.16546 1.44695 -7.11111 -9.86613 -8.37529 -12.5894 5.29446 5.70331 1.32574 -3.57468 0.306129 3.16118 -9.66521 -0.193714 11.5045 5.71962 -4.34859 -10.4904 5.80084 0.0916252 0.805698 0.283867 0.88092 1.19798 1.42591 -1.79932 3.81313 0.628159 -2.8916 2.37402 0.13524 0.660852 1.4132 -0.278139 -1.38353 0.374986 3.35075 -7.60525 6.73736 -0.848198 0.104066 0.965336 -0.950995 5.72759 -0.741803 1.53975 0.692882 0.678995 2.06285 -0.976086 -0.487844 1.32924 1.49603 -0.151628 -0.61665 1.79305 -0.555334 0.275824 2.05331 -0.310884 -1.3344 -0.128425 0.372036 0.646671 0.916978 0.503041 0.497984 0.0321696 -0.0922359 2.10217 4.85344 4.20374 -72.1282 13.6666 -5.64236
 3.9588e-10 -9.91879e-05 2.02263e-05 2.48721e-10 9.44759e-05 -6.51116e-05 1.19754e-05 4.2666e-06 -7.74363e-05 0.000100372 8.0512e-06 -0.00018357 1000 7.2928e-05 -5.63496e-06 -1.02147e-09 4.61422e-05 -1.39e-06 2.02807e-10 3.69923e-05 -1.42849e-05 -2.2627e-10 4.84721e-05 -8.21111e-06 -0.000259869 -0.000597727 0.000150736 -2.53114e-05 -0.000187352 0.000195009 -6.66086e-05 4.02708e-05 -0.000130568 -0.000112848 9.15894e-05 -0.000129798 0.000114845 3.12646e-05 -9.40037e-07 -0.000413695 0.000151052 4.68675e-06 -2.73711e-05 0.000171863 -1.93807e-05 1.99606e-05 3.06293e-05 -5.60918e-05 6.55801e-05 6.30153e-05 -0.000151988 8.65989e-05 1.7309e-05 7.943e-05 1.13689e-05 -2.18126e-05 0.000135189 -8.27868e-06 -4.45845e-05 4.85487e-05 -1.05847e-05 1.12792e-06 -0.000184023 2.63667e-05 7.93733e-07 -7.79303e-05 -2.45515e-07 1.37976e-07 -1.29866e-06 -9.7163e-10 7.66633e-05 -1.7953e-05 1.38297e-05 7.71393e-07 -1.98068e-05 2.73504e-05 3.89029e-06 -0.000103074 1.4099e-06 1.28983e-06 -1.33079e-05 -3.76923e-05 0.000267821 -2.23584e-05 2.3893e-05 -2.56904e-06 5.41889e-06 -7.61217e-07 -1.18084e-07 8.86589e-07 -2.97322e-05 3.43599e-06 4.21063e-05 4.58351e-05 2.14446e-05 9.11712e-06 -4.97823e-07 2.11525e-05 -8.34457e-05 1.03566e-05 1.24632e-05 0.000313627 0.000125569 -0.000204876 -9.01827e-05 3.76347e-05 3.20062e-05 5.3939e-05 5.51478e-05 1.32804e-06 -9.51663e-05 -8.52124e-06 5.29265e-05 1.386e-06 -5.79851e-05 -2.44264e-05 -4.77152e-05 5.6637e-05 4.13542e-05 1.68626e-05 -1.00459e-05 -1.84694e-05 -2.63522e-05 7.67108e-06 -8.34293e-06 -1.9092e-05 -3.03351e-05 -2.77755e-05 -2.29157e-05 -3.18528e-05 -5.48388e-06 1.20255e-05 1.8694e-05 3.18181e-05 2.34353e-05 2.35334e-05 1.01099e-05 -9.26055e-06 -4.82167e-05 -6.36904e-05 -3.24218e-05 7.86195e-06 3.3534e-05 -1.78751e-05 -4.80067e-05 -6.50287e-06 -1.58903e-05 6.82546e-06 -1.93613e-05 -1.50778e-05 2.22836e-06 2.37924e-05 2.19475e-05 -2.4849e-05 -1.04063e-05 -1.43603e-05 -8.67046e-06 8.92194e-07 3.15676e-06 3.35763e-05 9.79096e-05 6.95925e-05 -0.000815168 -0.000292151 -0.000116017
 -1.38357e-05 2.37408 -0.480548 -4.17495e-06 -1.19274 0.819575 -0.216215 -0.0749109 1.36674 -1.80242 -0.142594 3.25958 7.2928e-05 998.493 -1.76267 1.5322e-05 -0.896864 0.0275395 -7.58543e-06 -0.628035 0.241872 -1.55331e-06 -0.808278 0.135546 6.68191 12.5028 -3.1785 0.58934 4.10892 -4.27779 2.19413 -0.741571 2.33547 3.47014 -0.864394 1.05382 -2.92412 -0.719923 0.0253125 7.09461 -2.92343 -0.0854675 0.645628 -4.14724 0.469562 -0.409873 -0.655468 1.19834 -1.24832 -0.194824 2.80234 -1.98513 -0.80891 -1.01282 0.518661 -0.528567 -3.13899 0.827183 0.783131 -1.25876 0.18116 -0.0181865 2.81128 -0.225037 -0.0163415 1.15617 -0.0116983 0.00293874 0.0302075 1.71302e-05 -1.40857 0.327621 -0.223061 -0.0117876 0.307491 -0.546172 -0.0736729 1.96183 -0.0230002 -0.023508 0.246281 0.872597 -7.39714 0.627113 -0.321003 0.0332735 -0.145661 0.0134421 0.00226773 -0.0158378 1.23452 0.10754 -0.971351 -1.10135 -0.510005 -0.211877 0.397872 0.0876 1.34102 -0.172909 -0.200345 -5.18826 -2.99738 3.21101 2.74447 -0.626837 -0.638752 -1.23285 -0.307045 0.215174 1.57189 0.0981591 -1.18274 -0.608489 1.48118 0.776297 1.30303 -0.978816 -0.644589 -0.182158 0.24354 0.360271 0.530903 -0.0351255 0.294493 0.464843 0.613265 0.505237 0.515191 0.556355 0.134639 -0.310284 -0.536779 -0.761113 -0.445968 -0.464219 -0.262947 0.0424946 0.674077 0.799176 0.344596 -0.00685165 -0.306246 0.395031 0.834574 0.0706226 0.227579 -0.244563 0.259384 0.170847 -0.150853 -0.821802 -0.953037 0.124762 0.0699267 0.167447 0.0840948 0.0733808 -0.143228 -0.521772 -1.52013 -1.1181 12.8796 4.23266 1.788
 1.50837e-07 -0.0184977 0.00365631 3.62333e-08 -0.00865927 0.00601244 -0.000139471 -4.95869e-05 0.000699363 -0.000102759 -3.60855e-05 0.000608091 -5.63496e-06 -1.76267 0.819202 2.00607e-07 -0.00582138 0.000253133 1.26906e-08 -0.00276075 0.00109181 3.81681e-08 -0.00396057 0.000710401 -0.0213346 -0.040807 0.010322 -0.00409089 -0.0184508 0.019204 -0.00822651 -0.000348394 0.0017887 -0.0109732 -0.00357977 0.00615885 -0.00150003 -0.00232053 0.000168608 -0.0291293 0.00507028 0.000324326 -0.00840142 0.000981899 0.000134016 -0.000273465 -0.00112007 0.00200424 0.0013132 -0.000611898 -0.00800955 0.00621049 0.00019137 0.000931497 -0.00288673 0.00341604 0.00299446 -0.0028186 -0.00374421 0.00612233 -0.000879075 8.4585e-05 -0.00226173 -0.000590733 2.70176e-05 -0.000490596 -5.84876e-06 2.82089e-06 -2.50904e-05 8.26995e-08 -0.00521881 0.00131763 -0.000454606 -2.52022e-05 0.00057184 0.000309676 -1.43941e-06 -0.000319598 -0.000221306 -0.000155957 0.00134917 -0.00329134 0.0193385 -0.00162716 -0.000421248 5.65524e-05 -0.000420371 -4.5719e-05 -7.62588e-06 5.37817e-05 -0.00337389 -7.63711e-05 0.00144464 0.00189691 0.00102319 0.00080973 -0.000303414 -0.000512416 -0.00347136 -0.00029424 0.00124684 0.0130426 0.00724362 -0.00780913 -0.00678058 0.00114331 0.0012876 0.00287345 0.00089823 -0.000983119 -0.00396786 -2.35631e-06 0.00346327 0.00195566 -0.00381945 -0.00218256 -0.00339442 0.00246089 0.00145542 0.000322557 -0.000767171 -0.000959021 -0.00125355 8.50759e-05 -0.000819076 -0.00124065 -0.00132087 -0.00155133 -0.000777236 -0.001679 -0.000230159 0.000804268 0.00161163 0.00216205 0.00129045 0.00103455 0.000589453 -0.000371411 -0.00195815 -0.0019125 -0.000364815 0.0004885 0.000937771 -0.000893082 -0.00197369 -6.56153e-05 -0.000442527 0.000591443 -0.000420975 -0.000246997 0.00045514 0.00207362 0.00231661 -0.000127812 -0.000123552 -0.000318639 -0.000210145 -0.000256075 0.000396169 0.00133633 0.00302636 0.00272125 -0.0480577 0.0121723 -0.00339563
 -9.43062e-11 -7.37222e-05 1.47616e-05 -4.64577e-11 6.88227e-06 -4.63173e-06 5.94934e-06 2.24994e-06 -3.97289e-05 4.59055e-05 4.35003e-06 -9.85491e-05 -1.02147e-09 1.5322e-05 2.00607e-07 1000 2.16917e-05 -3.19175e-06 -3.86032e-10 2.48734e-05 -9.56346e-06 -5.86931e-10 2.72541e-05 -4.54759e-06 4.12311e-05 2.92267e-05 -7.94512e-06 -7.53834e-06 -5.25608e-05 5.46729e-05 3.42833e-05 1.74182e-05 -6.16544e-05 7.62062e-05 2.1895e-05 -3.86245e-05 -1.86168e-05 3.88925e-06 -7.99442e-09 -0.000126948 3.12328e-05 1.11116e-06 -3.07196e-05 1.08253e-05 -3.49314e-07 6.15417e-06 1.07902e-05 -1.9861e-05 7.30553e-05 3.40004e-06 -0.000217407 0.000159296 -2.71445e-05 8.71535e-05 4.09229e-05 -5.87936e-05 1.69674e-05 3.54659e-05 -4.48296e-05 2.77679e-05 5.04018e-06 -4.54374e-07 -0.000102184 4.04244e-05 -5.15266e-07 -3.66295e-05 -1.9276e-06 6.28722e-07 3.92802e-07 -5.11371e-10 3.21207e-05 -7.50608e-06 8.62882e-06 5.37736e-07 -1.37229e-05 4.77211e-06 1.13845e-06 -3.16545e-05 -9.94915e-07 5.22e-07 -5.99205e-06 2.96885e-06 -0.000278471 2.47334e-05 2.7953e-05 -3.17169e-06 1.47456e-06 -1.2206e-06 -3.89746e-07 1.62296e-06 -1.83975e-05 7.78822e-05 2.977e-05 1.29517e-05 5.31227e-06 3.27226e-06 4.52789e-05 7.86829e-06 -0.00016452 2.0532e-05 2.09882e-05 0.000297718 -2.36999e-05 9.76615e-05 -7.57868e-05 4.9463e-06 6.70347e-05 -2.96863e-05 4.48501e-05 -1.22341e-05 -4.42225e-05 -3.09581e-05 -1.50639e-05 8.05548e-06 9.93845e-06 4.88231e-05 -2.13297e-05 -4.97874e-06 -3.8737e-05 6.59921e-07 1.65663e-05 1.02971e-05 -3.75489e-06 -5.30737e-06 -1.44125e-05 -7.94774e-06 -1.87079e-05 -2.27794e-05 -2.9063e-05 -6.55472e-06 -1.07744e-05 -1.00106e-06 -5.63417e-06 9.49324e-06 4.81456e-06 -8.56756e-06 -1.32129e-05 -7.42326e-06 -1.13131e-05 -3.58206e-05 -4.82665e-05 -2.48561e-06 9.84585e-06 -8.76186e-06 4.29298e-06 6.11895e-06 -1.97983e-05 3.03102e-05 -3.13491e-06 -2.54929e-05 -1.86538e-05 -2.20738e-05 -1.66676e-05 -2.18015e-05 -7.09916e-06 -1.11248e-05 -7.91975e-06 6.64272e-06 1.67389e-06 2.37152e-05 7.21534e-05 4.12198e-05 -0.000518448 -0.000293729 -8.64745e-05
 -1.01243e-05 2.81759 -0.564432 -1.39016e-06 0.112299 -0.0836384 -0.188491 -0.0644209 1.16934 -1.43488 -0.124868 2.87293 4.61422e-05 -0.896864 -0.00582138 2.16917e-05 997.637 -39.659 6.66995e-07 -0.651468 0.250685 4.21235e-06 -0.719337 0.120276 2.93611 3.09624 -0.814508 0.350574 2.62796 -2.73689 1.30478 -0.469863 1.49045 1.94536 -0.0820069 -0.0115234 -1.18069 -0.407607 0.0154199 3.43193 -1.41203 -0.0385031 1.50606 -2.52335 0.260002 -0.277195 -0.472335 0.863772 -1.40087 1.40715 3.92434 -3.4613 -0.267746 -1.46249 0.263742 -0.166794 -1.87338 0.424292 1.33351 -1.72843 -0.141993 0.0166229 2.57435 -0.534394 0.00104691 0.797796 0.0121053 -0.00372183 0.00436419 1.4565e-05 -1.03567 0.241627 -0.240179 -0.0139122 0.361573 -0.347587 -0.0539518 1.47384 -0.0172289 -0.0251242 0.269098 0.236184 -0.0266455 -0.00865541 -0.619502 0.0681936 -0.118608 0.0312214 0.00842245 -0.0399583 1.3559 -1.01531 -0.922743 -0.765088 -0.353143 -0.154592 -0.661636 0.365585 3.66454 -0.43127 -0.500981 -8.0533 -1.96493 0.559115 4.23365 0.907952 -3.21059 -2.54083 2.30994 -0.228437 1.28463 0.62514 0.135833 -0.467324 -0.446861 0.551721 0.649644 0.102125 0.490465 0.388469 -0.123414 -0.0360908 0.2094 0.205799 0.625089 0.444824 0.63143 0.650448 0.835839 0.435003 0.444479 0.155836 -0.229298 -1.23486 -0.25644 0.0277166 0.244849 0.164422 0.279741 0.475553 0.737483 0.290965 0.186679 -0.151254 0.0499703 0.142687 0.508453 -0.729447 -0.612482 0.455109 0.368965 -0.190897 -0.483489 -0.399471 -0.14117 0.0540653 0.0523966 -0.0266804 -0.155741 -0.578536 -1.73165 -1.02516 13.1179 6.45666 2.07367
 5.61404e-07 -0.125394 0.0250652 1.03867e-07 -0.015309 0.0108396 0.00704053 0.00240589 -0.0438394 0.0550074 0.0046968 -0.108332 -1.39e-06 0.0275395 0.000253133 -3.19175e-06 -39.659 2.44426 1.50345e-08 0.0211804 -0.00811434 -7.35932e-08 0.0230237 -0.00379908 -0.121199 -0.132271 0.0346864 -0.0167054 -0.11233 0.116985 -0.0546483 0.0173949 -0.054719 -0.0799707 -0.000863359 0.00684438 0.0441231 0.0144027 -0.000509353 -0.143721 0.0553582 0.00161422 -0.0647738 0.0949013 -0.00954425 0.00986813 0.0164318 -0.0300896 0.0546288 -0.0576667 -0.160089 0.141381 0.00952361 0.0587894 -0.0110096 0.00720039 0.0723461 -0.0175151 -0.0552758 0.0719861 0.00526361 -0.000627633 -0.0998214 0.0206242 -5.28109e-05 -0.0302698 -0.000269482 7.28587e-05 -0.000116105 -4.43274e-07 0.0352391 -0.00814438 0.00881039 0.000508353 -0.013301 0.013402 0.00201329 -0.0554783 8.37476e-05 0.000706502 -0.00802467 -0.0120095 0.000767204 0.00038767 0.0238335 -0.00261798 0.00379784 -0.00127328 -0.000341715 0.00162782 -0.0548852 0.0385627 0.0375869 0.0344095 0.0167638 0.00825228 0.0267898 -0.01519 -0.147491 0.0124796 0.0186961 0.326826 0.0796898 -0.0230838 -0.171541 -0.0370261 0.130089 0.103174 -0.0936493 0.00912928 -0.052223 -0.0251889 -0.00516424 0.019182 0.0181102 -0.0225374 -0.026365 -0.00416295 -0.0199546 -0.0157159 0.00493709 0.0014122 -0.00844622 -0.00833132 -0.0253117 -0.0180609 -0.0254078 -0.0266569 -0.0333867 -0.017884 -0.0179186 -0.0063405 0.00946804 0.0502061 0.0105165 -0.00129839 -0.00997084 -0.00685626 -0.0116403 -0.0193694 -0.0295915 -0.0114197 -0.00739126 0.00612448 -0.00211421 -0.00580871 -0.0205544 0.0293601 0.0248478 -0.0183715 -0.0149325 0.00773649 0.0194554 0.0162625 0.00568684 -0.00217301 -0.00220727 0.00105698 0.00630522 0.0235155 0.0694696 0.0416536 -0.54925 -0.237918 -0.0830254
 -7.38775e-10 1.81035e-06 -3.61606e-07 -1.62186e-10 4.25986e-05 -2.95375e-05 -7.48613e-07 2.35898e-07 -2.54235e-06 2.4025e-05 2.39855e-06 -5.22414e-05 2.02807e-10 -7.58543e-06 1.26906e-08 -3.86032e-10 6.66995e-07 1.50345e-08 1000 6.55993e-06 -2.29624e-06 -5.41445e-10 1.04608e-05 -1.85403e-06 6.85209e-05 -1.21105e-06 -1.19763e-06 9.25578e-06 6.4654e-05 -6.73304e-05 7.7471e-05 9.93363e-06 -3.91968e-05 0.000146538 -4.12297e-05 5.1314e-05 -3.92542e-05 -4.33638e-06 4.08696e-07 -5.43577e-05 2.37259e-06 2.85295e-07 -1.20965e-05 -3.84126e-05 4.96368e-06 -1.11885e-06 -6.40457e-07 1.05628e-06 4.41456e-05 1.13737e-05 -0.000106158 7.37058e-05 -3.78346e-05 1.95518e-05 7.28989e-05 -9.00465e-05 -1.88018e-05 2.24601e-05 -9.69186e-06 -2.33743e-06 -3.54558e-06 4.80524e-07 -4.7444e-05 1.41761e-05 -3.81023e-07 -2.49959e-06 -1.47558e-06 4.81075e-07 3.03461e-07 -1.57389e-10 1.13098e-06 -3.25703e-07 9.77297e-07 1.17496e-07 -3.21968e-06 3.56634e-06 4.63979e-07 -1.04421e-05 4.75025e-07 1.279e-07 -1.14021e-06 2.83435e-06 -0.000347302 3.01701e-05 9.82079e-06 -1.14802e-06 -2.95733e-06 -9.96995e-07 -3.79187e-07 1.38686e-06 -4.38336e-06 -9.05573e-05 -4.52886e-05 -3.04972e-05 -3.39713e-06 2.24139e-05 0.00019829 0.000328256 -0.000210621 -1.38428e-05 -1.21102e-05 -8.03638e-05 -6.44336e-05 0.000120118 1.92395e-05 4.14617e-06 6.1184e-05 -1.67398e-06 -3.26953e-05 7.89893e-06 2.45674e-05 -1.32592e-05 -1.55701e-05 -1.23983e-05 -8.24234e-06 1.49936e-05 2.00157e-05 -1.14188e-05 -2.43192e-06 8.52262e-07 9.45589e-06 8.71412e-06 -1.22487e-06 -3.30607e-06 -1.38071e-05 -6.69242e-06 -3.73004e-06 -2.42064e-06 4.54393e-06 -8.37018e-06 1.12659e-05 5.1819e-07 -4.46091e-06 -4.69474e-06 -7.88228e-07 -1.03722e-05 -2.35694e-07 1.46319e-05 -3.79945e-06 -5.31286e-05 -5.60502e-05 2.37742e-05 1.44035e-05 -8.42313e-06 6.24572e-06 1.55476e-05 -7.96112e-06 2.74923e-05 -8.21252e-06 -2.36543e-06 -9.50892e-06 -2.62937e-05 -2.68235e-05 -2.20488e-05 -6.935e-06 -7.41665e-06 -6.26932e-06 2.7685e-06 3.07012e-08 4.0007e-06 1.28869e-05 2.56001e-06 -8.83077e-05 -4.7646e-05 -1.44595e-05
 -2.28341e-05 2.61166 -0.525428 -2.52099e-07 -2.96225 2.04719 -0.220256 -0.0574596 1.038 -2.26371 -0.210012 4.79487 3.69923e-05 -0.628035 -0.00276075 2.48734e-05 -0.651468 0.0211804 6.55993e-06 863.607 -337.49 1.79616e-05 -1.81041 0.315727 -1.05163 5.09798 -1.21975 -0.201679 -0.445993 0.463901 -0.677193 -0.941082 3.23303 -0.292198 2.75265 -4.11034 0.383154 -0.319086 0.00355224 2.23816 -0.701642 -0.0160202 0.333669 -0.436902 0.0374512 -0.234687 -0.344443 0.629739 -1.13924 -0.524122 3.83406 -2.6232 1.00682 -3.56113 -1.56537 2.27122 -0.777692 -1.94831 1.30056 -0.165181 -0.120722 0.0127792 4.50699 -2.11622 0.0545281 0.666574 -0.0433766 0.0151612 0.00271516 1.40738e-05 -1.09795 0.265516 -0.452349 -0.0301278 0.780082 -0.6474 -0.0874962 2.16487 -0.129923 -0.0470458 0.453551 -1.15871 3.14347 -0.258508 -1.0075 0.114762 0.0170715 0.0491052 0.00203195 -0.0515769 -0.549746 4.19831 0.355006 -0.816722 -1.46401 -0.895679 -33.6504 16.3715 2.86877 2.22965 0.837147 4.14265 -6.72364 1.32253 2.48654 -0.934864 0.277697 -1.20205 -0.258805 -0.0266402 1.33809 0.244239 0.18436 0.700628 1.14283 0.173998 -0.305959 -0.513202 0.946705 -0.221418 -0.290896 0.0458652 0.742111 1.75241 -0.482604 -0.0511787 0.43795 0.176695 0.787589 -0.919086 0.191006 -0.0240296 0.385041 -0.411569 0.192707 0.591704 0.831915 0.386695 0.099233 1.331 1.07013 -0.271289 -0.452179 -0.735539 -0.0566215 0.104946 0.301725 1.14305 -0.0698931 0.521015 1.0763 0.399103 0.307227 -0.956157 -0.405298 -0.0509757 0.0555071 -0.313103 0.0961829 -0.789713 -2.29787 -1.28753 18.054 8.50953 2.80989
 9.07138e-06 -1.03587 0.208335 8.48286e-08 1.15187 -0.796035 0.0856402 0.0223346 -0.403624 0.88471 0.081922 -1.87065 -1.42849e-05 0.241872 0.00109181 -9.56346e-06 0.250685 -0.00811434 -2.29624e-06 -337.49 133.365 -7.05142e-06 0.707362 -0.123356 0.41258 -2.00212 0.479035 0.0782006 0.170612 -0.177463 0.2643 0.367522 -1.26261 0.114441 -1.08261 1.61663 -0.150813 0.122512 -0.00128092 -0.875364 0.2732 0.00627676 -0.130566 0.16647 -0.0140883 0.0907497 0.133272 -0.243668 0.445564 0.205833 -1.50277 1.02804 -0.395183 1.39648 0.614521 -0.89146 0.304273 0.763713 -0.509855 0.0648567 0.0467356 -0.00495443 -1.76132 0.828546 -0.0213898 -0.259036 0.0172444 -0.00602206 -0.00116102 -5.44192e-06 0.428217 -0.103543 0.176451 0.0117395 -0.304092 0.25315 0.0342309 -0.846989 0.049596 0.018211 -0.175536 0.457654 -1.23283 0.101362 0.393506 -0.0448235 -0.00677075 -0.0192523 -0.000792335 0.020217 0.21597 -1.64446 -0.14268 0.317771 0.574208 0.358919 13.1974 -6.42811 -1.12102 -0.875789 -0.331452 -1.62312 2.63642 -0.519278 -0.974662 0.366566 -0.109246 0.471115 0.102066 0.0106168 -0.524925 -0.0956801 -0.0722212 -0.274573 -0.447737 -0.067831 0.119997 0.201188 -0.37128 0.0870885 0.114082 -0.0179782 -0.290853 -0.686909 0.189413 0.0202046 -0.171405 -0.0695658 -0.308309 0.360219 -0.0748293 0.00929923 -0.15087 0.161424 -0.0754561 -0.232248 -0.326199 -0.151773 -0.0391429 -0.521727 -0.419199 0.106551 0.17734 0.288356 0.0220847 -0.0412644 -0.118233 -0.448363 0.0274157 -0.204294 -0.421932 -0.156505 -0.120681 0.37485 0.158774 0.0199882 -0.0218881 0.122746 -0.0377567 0.309671 0.899951 0.505084 -7.09924 -3.30673 -1.1003
 -5.13634e-10 4.61369e-06 -8.72451e-07 -5.66634e-11 6.60833e-05 -4.57881e-05 1.70299e-06 9.62601e-07 -1.69484e-05 2.30964e-05 2.30784e-06 -5.01463e-05 -2.2627e-10 -1.55331e-06 3.81681e-08 -5.86931e-10 4.21235e-06 -7.35932e-08 -5.41445e-10 1.79616e-05 -7.05142e-06 1000 2.31352e-05 -4.61449e-06 0.000119794 -0.000142685 3.20846e-05 1.74465e-05 8.87204e-05 -9.24223e-05 0.00012763 1.88178e-05 -7.0872e-05 0.000184747 5.30471e-05 -9.3074e-05 -5.15569e-05 -5.74017e-06 6.98698e-07 -0.000114261 1.37491e-05 7.75333e-07 -2.90966e-07 -5.38453e-05 6.26434e-06 -7.50317e-08 -1.32199e-06 2.12172e-06 3.12139e-05 7.82605e-05 -7.50685e-05 2.38457e-05 -6.46078e-05 3.93927e-05 0.000137987 -0.000170881 -2.8403e-05 5.54794e-05 -2.48388e-05 -5.996e-06 -1.11653e-06 3.07104e-07 -9.6676e-05 2.72696e-05 -3.26027e-07 -2.3874e-05 -1.97573e-06 6.58817e-07 5.49933e-07 -3.06643e-10 1.46756e-05 -3.73952e-06 3.96936e-06 3.11465e-07 -7.40387e-06 3.61133e-06 8.01736e-07 -1.91246e-05 5.14825e-07 3.91608e-07 -3.76681e-06 1.18247e-05 -0.000291347 2.54812e-05 1.39148e-05 -1.6147e-06 -2.28909e-06 -9.86845e-07 -4.06636e-07 1.40414e-06 1.52761e-05 2.39288e-05 -3.29049e-06 -9.20684e-06 -1.17191e-06 6.26789e-06 0.000103969 8.1832e-05 -0.000137055 -1.39304e-05 -5.05389e-06 1.67237e-06 1.85067e-05 8.67857e-05 6.5013e-05 -2.95588e-05 3.25964e-05 -3.37944e-05 0.000123944 -4.66322e-05 3.67477e-07 -2.21919e-06 -3.29458e-06 -3.54472e-06 6.49689e-06 4.7879e-05 8.61204e-06 -9.24883e-06 -2.6849e-05 2.51225e-05 3.59576e-06 5.2872e-06 1.21651e-06 2.75093e-06 4.59117e-06 6.4449e-06 6.43973e-07 -9.56569e-06 8.42936e-06 -9.49808e-06 3.5744e-07 -7.88929e-06 -1.72971e-05 -4.00319e-06 9.49593e-06 -2.76346e-06 1.40325e-05 9.60916e-06 -2.52639e-05 -0.000118034 -8.26034e-05 3.77735e-05 2.03106e-05 -8.36189e-07 2.67818e-06 1.09186e-05 -1.17284e-05 4.55089e-06 4.60941e-06 -2.10614e-05 -2.23839e-05 -3.51667e-05 -4.41838e-05 -2.51959e-05 -1.15147e-05 -1.15424e-05 -1.0274e-05 7.49108e-06 -2.30339e-06 1.30158e-05 3.83548e-05 1.69309e-05 -0.000295452 -0.000144349 -4.66028e-05
 5.1878e-06 0.675036 -0.142825 -1.16569e-06 -3.3095 2.28832 -0.241762 -0.0914675 1.63025 -2.40223 -0.222632 5.03224 4.84721e-05 -0.808278 -0.00396057 2.72541e-05 -0.719337 0.0230237 1.04608e-05 -1.81041 0.707362 2.31352e-05 968.518 -169.503 -1.22052 13.1118 -3.16082 -0.0687753 0.164985 -0.169317 -4.86121 -1.4884 5.35656 -3.73452 0.352513 -0.256755 0.517192 -0.302515 -0.00516212 4.04778 -1.13889 -0.0344968 -1.7636 0.625548 -0.041202 -0.229953 -0.308847 0.571834 -1.13242 -2.55178 2.61009 -0.895276 1.89301 -5.01381 -3.40024 4.6454 -0.463889 -3.02887 1.07993 0.803711 -0.0608708 0.00278285 5.24126 -1.45121 0.00757936 1.78755 0.0283972 -0.00920017 -0.0154549 1.9248e-05 -1.25443 0.307102 -0.387171 -0.0256065 0.640837 -0.594813 -0.0872696 2.15951 -0.0887775 -0.0404211 0.39937 -0.591579 1.88698 -0.165693 -0.839122 0.0959571 0.0149845 0.0410173 0.00587703 -0.0472824 -1.03639 -0.846562 -0.644263 -0.644958 -0.526262 -0.240799 -8.70677 3.7191 3.33537 0.908659 0.297274 0.421709 -7.14981 0.380883 4.45095 -0.0217406 -2.44597 -6.72504 1.84648 0.756253 -0.672517 -0.420659 -0.14534 0.388506 -0.390009 -1.16531 -0.89043 0.699107 1.37408 -0.691289 -0.260923 -0.0624256 0.14075 0.062036 0.187984 -0.023735 0.18227 0.473685 0.163849 0.107762 0.36611 0.561666 1.04852 0.544333 0.116171 0.0940489 0.113705 0.0184974 0.276054 2.6835 2.04612 -0.442781 -0.648111 0.0072461 0.3382 0.293734 0.649091 0.440434 0.276346 0.585996 2.23609 1.40407 0.787289 -0.502329 -0.013494 0.246016 0.287959 -0.44401 0.145693 -0.882757 -2.56079 -1.40569 20.4176 9.15767 3.12355
