 1000 0.00219583 -0.000423184 -1.22112e-09 -0.000107911 9.07622e-05 4.83999e-07 4.69076e-07 -1.19854e-05 -7.7787e-05 -4.05384e-06 8.96161e-05 -2.05522e-10 -4.08474e-06 1.702e-07 -6.58815e-10 5.73072e-06 -1.11012e-07 -9.50198e-10 -8.83237e-06 3.82687e-06 -7.26479e-10 1.7097e-05 -3.89066e-06 2.80797e-05 -0.000319873 7.26695e-05 -5.63886e-05 -0.000214809 0.000228431 -1.10044e-05 4.09673e-06 -1.78283e-05 9.889e-05 -0.000101564 0.000156872 -7.36218e-05 3.8863e-06 3.90348e-07 -0.000114446 1.78268e-05 8.23439e-07 5.43015e-06 -7.04628e-05 8.60816e-06 -1.81714e-06 -7.75844e-06 8.72176e-06 7.67757e-05 -6.29319e-05 -0.000210416 0.000160206 -6.29639e-05 9.65447e-05 0.000100095 -0.00011644 -3.67952e-05 1.85238e-05 -3.6405e-05 2.55914e-05 -1.07361e-06 -3.42439e-08 4.88501e-05 6.56856e-06 -5.21717e-07 1.14594e-05 -4.00673e-06 8.64617e-07 2.72214e-07 -2.97942e-10 1.5059e-05 -5.41574e-06 7.40118e-06 2.47136e-07 -8.70076e-06 -1.20482e-06 -1.76566e-07 3.01908e-06 3.45976e-06 3.62085e-06 -2.10644e-05 4.49855e-06 -0.000302238 1.71911e-05 6.36345e-06 -6.16785e-07 -7.89353e-06 -1.06118e-06 -4.20345e-07 1.49264e-06 1.63914e-05 2.78737e-05 -5.61706e-05 -0.000183914 -0.000113851 1.19487e-05 1.75329e-05 0.000473548 -0.000199144 -0.000200707 -9.41297e-05 5.48732e-05 -6.76193e-05 -8.36386e-06 9.84897e-05 0.000132896 6.46444e-05 -6.39875e-05 -0.000183398 0.000248355 -0.000148406 3.84019e-05 -1.78849e-05 -1.0667e-05 1.47428e-05 3.85924e-05 2.4132e-05 -1.33464e-05 5.84345e-05 -4.45764e-05 1.24327e-05 -1.11116e-05 -1.07606e-05 8.91801e-06 6.96486e-06 -1.39646e-05 -2.03701e-05 0.000185638 -0.000143058 9.6581e-05 -8.01893e-06 1.1302e-05 2.25094e-05 -5.7936e-06 1.92024e-05 -4.851e-05 2.50043e-05 1.38693e-05 3.14882e-05 -2.02245e-05 -7.38968e-05 4.22412e-05 1.1255e-05 -8.18627e-06 2.94178e-07 -4.37348e-05 3.54493e-05 3.2221e-05 -9.10957e-07 3.56234e-05 8.77898e-06 -5.6596e-05 -1.08472e-05 -3.53504e-05 -3.63445e-06 -9.99251e-07 1.27885e-06 5.09113e-06 -1.26421e-06 2.01644e-05 3.12304e-05 2.32258e-05 -0.00063525 5.63597e-05 -5.71285e-05
 0.00219583 541.933 -103.282 0.000250362 26.8899 -22.6126 0.0394429 0.0351838 -0.310528 18.2406 1.16043 -26.0258 -8.26557e-06 0.951882 -0.0211848 1.01302e-05 0.341222 -0.0296473 3.77322e-05 -0.85689 0.347696 4.64241e-05 -1.65418 0.375 17.5866 35.3697 -8.32821 6.15692 24.4132 -25.9835 15.9034 1.1578 -6.02329 10.4175 14.7433 -24.4339 8.86195 -0.251726 -0.0689009 17.5317 -2.86693 -0.125646 8.36687 5.66553 -0.858837 1.21974 1.98688 -2.26989 0.625645 8.51437 11.0831 -9.90965 0.384136 -2.73167 2.19318 -2.1916 4.9332 4.67863 7.34716 -8.65277 0.304469 -0.0133759 -3.96074 1.53416 0.092119 -3.86516 0.480119 -0.101218 -0.0325936 1.01832e-05 -2.23734 0.796511 -0.303755 -0.00787575 0.313222 0.672645 0.104575 -1.87683 0.192635 -0.106156 0.600792 -2.38752 1.33031 -0.0645984 1.86413 -0.143485 -0.356067 0.100957 0.0131533 -0.11506 1.80095 -3.50575 3.02234 12.2802 10.4622 -0.980267 -28.6601 19.3073 -9.2447 11.9714 7.67856 0.765149 -0.787918 -1.17369 -4.34359 3.77071 3.98449 2.04395 -8.39225 3.87087 -1.18535 1.13022 -1.13097 -0.544228 -0.169115 -0.409829 0.15798 2.14003 0.777972 -0.554624 0.507208 0.463559 0.41109 -0.327317 0.719217 0.305486 -0.722083 3.23282 -6.02897 3.02289 -0.225475 0.0819985 -0.482633 -3.29721 -0.796261 -1.7106 -1.20626 -1.51983 0.35675 -0.0875197 -1.14286 -1.63327 -1.642 -0.265712 -0.22104 -1.94624 0.414733 -1.55842 -3.22308 -0.313457 0.0971512 -2.02632 -0.218486 -0.848321 -0.746492 -0.718367 -0.771122 0.56089 -0.226092 -2.15893 -4.89608 -4.55006 95.1874 -44.756 4.17221
 -0.000423184 -103.282 20.7878 -4.83151e-05 -5.18173 4.35747 -0.0124144 -0.00793997 0.0841768 -3.5112 -0.223617 5.01528 2.42323e-06 -0.202834 0.00413072 -1.61559e-06 -0.0794956 0.00632099 -7.34809e-06 0.149335 -0.0603396 -8.94816e-06 0.304773 -0.0689825 -3.38093 -6.80215 1.60163 -1.18923 -4.69586 4.99791 -3.05302 -0.226992 1.17629 -2.00305 -2.83769 4.70273 -1.70741 0.0380199 0.0136869 -3.37 0.541256 0.0242187 -1.61358 -1.10333 0.166861 -0.24133 -0.39021 0.445781 -0.122518 -1.63532 -2.12966 1.90401 -0.0757459 0.524087 -0.421532 0.421298 -0.949241 -0.899275 -1.41332 1.66417 -0.05889 0.00259774 0.760715 -0.294437 -0.0177647 0.74446 -0.0920281 0.0194004 0.00632737 -1.83099e-06 0.407252 -0.144577 0.0519245 0.00127004 -0.0527673 -0.130803 -0.0204323 0.367446 -0.0380945 0.0199518 -0.112863 0.461354 -0.256319 0.0124385 -0.359001 0.0276331 0.06741 -0.0194052 -0.00252349 0.0221111 -0.346034 0.672814 -0.579765 -2.35775 -2.01294 0.190879 5.50881 -3.71369 1.77787 -2.30068 -1.47474 -0.146724 0.151753 0.225397 0.83417 -0.72534 -0.766191 -0.392524 1.61401 -0.745166 0.228234 -0.21756 0.217575 0.104818 0.0324038 0.0787644 -0.0306782 -0.411057 -0.149971 0.106748 -0.0973152 -0.0890462 -0.0787258 0.0626346 -0.138227 -0.0584049 0.139019 -0.622761 1.15984 -0.581535 0.0433522 -0.0157688 0.0927294 0.633836 0.153052 0.328684 0.231329 0.291686 -0.0689739 0.0164763 0.220314 0.314055 0.315804 0.0508147 0.0423898 0.374238 -0.0800671 0.299806 0.619071 0.0599909 -0.0187861 0.389736 0.0416749 0.163064 0.14329 0.13809 0.148226 -0.107787 0.0434378 0.415025 0.942312 0.875397 -18.3181 8.63189 -0.800637
 -1.22112e-09 0.000250362 -4.83151e-05 1000 -0.00150218 0.00126609 -9.04932e-06 -2.02713e-06 4.72452e-05 9.60476e-05 6.82233e-06 -0.000150793 1.59603e-09 -3.15694e-05 2.75411e-08 6.02397e-10 -2.02432e-05 8.51691e-07 1.83378e-10 -3.78393e-05 1.59027e-05 4.25088e-10 -3.98912e-05 9.27506e-06 0.000114469 8.27796e-05 -2.03368e-05 5.2631e-06 3.89461e-05 -4.16545e-05 0.000217339 4.32197e-06 -3.5417e-05 0.000228866 9.6712e-07 -1.66421e-05 5.41968e-05 -1.68735e-05 4.20719e-07 4.61181e-05 -1.34848e-05 1.11179e-07 9.28675e-05 -4.34872e-06 -6.28737e-07 -4.14989e-06 -6.26513e-06 6.97076e-06 6.42407e-06 4.03348e-05 -2.70844e-05 7.56077e-06 -2.55394e-05 -2.05884e-05 9.2525e-05 -9.91121e-05 3.9758e-05 1.44843e-05 5.77843e-05 -5.83889e-05 -6.6844e-07 -7.76509e-08 -6.39896e-06 -5.74889e-05 6.77717e-06 -0.000161412 -3.08252e-06 6.13977e-07 5.34161e-07 3.43979e-10 -6.96518e-05 2.57248e-05 -1.39841e-05 -4.94131e-07 1.53059e-05 -7.32274e-06 -7.95701e-07 1.7709e-05 2.12436e-06 -3.09373e-07 1.57633e-06 -2.96472e-05 -0.000124702 6.8336e-06 3.34966e-05 -2.56638e-06 -3.57667e-06 -7.57942e-08 -1.14302e-07 1.91322e-07 -1.63324e-05 -4.50751e-05 -1.18569e-05 -1.49064e-05 -1.18586e-05 8.06858e-06 0.000100131 -5.831e-05 -4.60478e-05 7.1679e-05 2.40771e-05 -3.50958e-05 4.76877e-06 4.64886e-05 -3.64541e-05 0.00012234 -3.83689e-05 -1.30544e-06 -1.77561e-05 2.25846e-06 1.1067e-05 5.35873e-06 1.08987e-05 -1.00854e-05 2.65254e-05 -2.24813e-05 -1.12949e-06 7.443e-06 3.94904e-05 -4.51875e-05 -3.32913e-05 4.01485e-05 4.59702e-05 6.14586e-05 -7.39864e-05 -0.000215783 -9.12348e-05 0.000140295 -6.27162e-05 0.00014424 -6.45275e-06 1.62324e-06 2.03178e-05 1.35586e-05 6.30625e-06 -4.75105e-06 1.93649e-05 -1.59515e-05 6.23171e-05 -3.58357e-05 -9.26557e-05 -1.78081e-05 -6.8715e-05 6.53847e-05 6.48808e-05 2.79687e-06 -6.54152e-06 -9.42734e-06 -2.46646e-05 6.57304e-05 4.81912e-05 -0.000117619 4.92151e-05 -3.07958e-05 -4.43623e-06 -3.79106e-06 -4.10619e-06 -3.7494e-06 1.68302e-06 -2.02188e-05 -5.64155e-05 -6.17907e-05 0.000785806 -0.000277655 4.52427e-05
 -0.000107911 26.8899 -5.18173 -0.00150218 423.083 -354.281 -0.860456 -0.209327 4.70312 11.093 0.712593 -15.9227 0.000177906 -3.54741 -0.00217084 7.26282e-05 -2.24553 0.0894605 2.8555e-05 -4.70114 1.97755 5.55188e-05 -4.8201 1.12383 10.4876 20.0408 -4.72753 3.4018 14.3896 -15.3187 15.7079 -0.747245 2.03112 8.86409 8.3769 -14.0682 5.17381 -2.07599 0.0400405 8.2978 -2.81465 -0.0497751 4.95797 0.939244 -0.225111 -0.817773 -0.857485 0.966042 -0.835869 2.73541 -1.48825 0.29595 0.921256 -3.0213 0.986131 -0.853286 3.6334 2.82922 4.91421 -5.66877 0.0698353 0.00237618 -3.97742 -1.85757 0.344833 -9.3578 -0.199317 0.04389 0.0398649 4.04667e-05 -7.30103 2.69939 -1.40246 -0.0493237 1.56201 -0.197136 -0.005212 0.327541 0.13731 -0.0599772 0.344932 -3.90778 -0.344875 0.0315986 2.10478 -0.161237 -0.202058 0.0496879 0.0062745 -0.0564283 0.810711 -0.974378 1.00852 1.70391 -0.263825 0.819482 4.04578 -1.94023 -1.24039 5.81988 1.62502 -1.6982 -0.40307 0.938167 -1.66065 3.07713 -0.431795 -0.684147 -0.861488 1.04641 0.17544 -0.360445 -0.754289 -1.46511 0.346002 0.225437 -0.287204 0.0811438 2.37678 -0.899107 -1.74712 -0.583881 -0.636247 2.66315 2.9036 -1.57281 -1.34673 3.93512 -7.51267 2.80664 0.395249 0.210509 -0.382565 -0.866469 -0.543706 0.106562 -0.10771 -1.39994 0.632332 0.660006 0.274954 -0.794295 -1.42212 -0.00269344 -0.0385742 -0.291565 0.70899 -0.720546 -3.1283 -0.063277 1.51953 -2.05374 0.285453 -0.735661 -0.461137 -0.431611 -0.435874 0.229412 -0.101954 -1.75057 -3.72705 -3.59005 74.4221 -32.4523 3.5688
 9.07622e-05 -22.6126 4.35747 0.00126609 -354.281 299.214 0.721756 0.175558 -3.94514 -9.32876 -0.599353 13.3924 -0.000149353 2.97712 0.00184092 -6.09703e-05 1.88385 -0.0750311 -2.40294e-05 3.94855 -1.66096 -4.6681e-05 4.04867 -0.943962 -8.81661 -16.8494 3.9747 -2.86253 -12.0984 12.8795 -13.2053 0.626802 -1.70163 -7.45268 -7.04345 11.8288 -4.34973 1.74276 -0.0335586 -6.97415 2.36393 0.0418496 -4.16858 -0.792556 0.189603 0.68558 0.718653 -0.809597 0.703623 -2.29947 1.25105 -0.248789 -0.775154 2.54008 -0.82881 0.717099 -3.05439 -2.3783 -4.1318 4.76601 -0.0589134 -0.00198208 3.34317 1.56248 -0.289969 7.86864 0.167779 -0.036943 -0.0335661 -3.39831e-05 6.13083 -2.2667 1.17697 0.041389 -1.31082 0.164966 0.00424891 -0.272679 -0.115815 0.0502658 -0.289077 3.28611 0.288756 -0.0265042 -1.76983 0.135579 0.1698 -0.0417736 -0.00527335 0.0474386 -0.681226 0.819059 -0.847626 -1.43202 0.22178 -0.688908 -3.40131 1.63147 1.04326 -4.89403 -1.36638 1.42807 0.338738 -0.788944 1.39639 -2.58739 0.363152 0.575039 0.72456 -0.879549 -0.14769 0.302926 0.634038 1.23174 -0.290905 -0.18915 0.241428 -0.0682763 -1.99828 0.75606 1.46913 0.490718 0.534809 -2.23916 -2.44048 1.32344 1.13266 -3.30902 6.31607 -2.36013 -0.332248 -0.176966 0.321497 0.728386 0.457078 -0.0896796 0.0903091 1.17684 -0.531941 -0.554901 -0.230659 0.667927 1.19599 0.00182346 0.0320762 0.245092 -0.596118 0.606 2.62973 0.0527996 -1.27765 1.72702 -0.240455 0.618492 0.387575 0.362855 0.366447 -0.1928 0.0856766 1.47181 3.1342 3.0188 -62.5802 27.2975 -2.99985
 4.83999e-07 0.0394429 -0.0124144 -9.04932e-06 -0.860456 0.721756 999.872 -0.0749595 0.676214 -0.300554 -0.0259562 0.635267 1.15459e-05 -0.262593 -6.73605e-05 6.54983e-06 -0.210206 0.00866597 -1.5005e-06 -0.260219 0.109085 9.12043e-07 -0.270715 0.0627159 0.300845 0.641179 -0.15238 0.0334916 0.613729 -0.654448 0.798342 -0.0725713 0.251387 1.06438 -0.0235074 -0.0297285 -0.102108 -0.0971991 0.00298682 0.299163 -0.177617 -0.000567891 0.149398 -0.379908 0.0407802 -0.136324 -0.143284 0.161339 0.194832 -0.118279 -0.478976 0.357695 -0.102591 -1.61092 1.00085 -0.96495 -0.208312 -0.165909 0.0217476 0.0577016 -0.0819415 0.00706728 -0.533918 0.139773 -0.00415742 0.0443205 -0.0181167 0.00379483 -0.000829887 2.08526e-06 -0.393668 0.144458 -0.149545 -0.00573016 0.185894 -0.240872 -0.0311183 0.64454 -0.0100453 -0.00921735 0.0525528 0.102978 -0.821994 0.0438805 -0.217004 0.0163306 0.118051 0.0027252 6.81113e-05 -0.00281736 -0.235107 -0.29476 -0.202837 -0.321257 -0.126323 0.073559 0.333585 0.925307 -1.29686 0.382735 0.21743 0.200441 0.461004 -0.209936 -0.173804 0.0812373 0.255428 -0.250774 0.0254191 -0.00837677 -0.0303769 -0.0506502 -0.0775599 -0.0311367 -0.0604478 -0.109496 0.348887 -0.491804 0.0852173 -0.0219274 0.074553 -0.0593905 0.058312 -0.0633335 -0.0721505 0.0315061 -0.121129 -0.00903924 0.362656 -0.234404 0.0483749 0.0870108 0.100814 -0.638343 0.2231 -0.217999 0.0759751 0.185633 -0.36469 -0.115863 -0.027216 0.317927 -0.137837 0.13663 0.171196 -0.0372984 0.051853 0.0148806 0.128491 -0.00097682 0.375174 0.415295 0.00277021 -0.128208 -0.0870424 0.0250855 0.0298486 -0.0933868 0.0257947 -0.365299 -0.455448 -0.523103 7.48269 4.73151 1.31984
 4.69076e-07 0.0351838 -0.00793997 -2.02713e-06 -0.209327 0.175558 -0.0749595 3.1618 -47.6288 -0.0754922 -0.00670948 0.163739 2.76418e-06 -0.061252 -3.51044e-05 1.71146e-06 -0.0501177 0.00206319 5.27123e-10 -0.050932 0.0213292 4.42032e-07 -0.0683302 0.0158766 0.0438863 0.285083 -0.0662405 0.0176746 0.175784 -0.187284 0.162609 -0.024161 0.0911048 0.198096 0.0614355 -0.111298 -0.0175832 -0.0228229 0.000499232 0.0861308 -0.0447555 -0.000360184 0.015845 -0.0761543 0.00797312 -0.0298732 -0.0337805 0.0379257 0.0524416 -0.0421449 -0.16528 0.123985 0.0147283 -0.456053 0.188466 -0.169897 -0.0538762 -0.0517736 -0.0135052 0.0354693 -0.0204999 0.00217018 -0.207506 0.0837979 -0.000852921 -0.0287451 -0.00472215 0.0009929 -0.000312644 5.77883e-07 -0.0950413 0.0348776 -0.0356457 -0.00135757 0.0441203 -0.0664481 -0.0084205 0.172495 -0.00687965 -0.00334124 0.019028 0.0307182 -0.0724147 0.00380936 -0.0399343 0.00300978 0.0357474 0.00104452 0.000347809 -0.00140316 -0.0605667 -0.0912874 -0.0539724 -0.0612767 -0.00763577 0.0244634 0.307084 -0.00286781 -0.333486 0.120332 0.0754529 0.2094 0.0874781 -0.0447254 -0.169389 -0.0580799 0.106454 -0.0569076 0.019947 -0.00858871 -0.0176407 -0.0227151 -0.032153 -0.0102786 -0.0211455 -0.0788012 0.161705 -0.12038 0.00835915 -0.0252667 0.0569336 -0.0233879 0.0225785 -0.0239755 -0.00143782 0.0186651 -0.0676224 -0.0156789 0.0401491 -0.0524768 0.0226168 0.0367809 0.029436 -0.109432 0.0219328 -0.0155069 0.00532855 -0.0245183 -0.089776 0.0196436 0.0582163 0.0753698 -0.00315517 0.0237701 0.00196435 -0.0477412 -0.0572152 0.106912 -0.0188591 0.0764835 0.151355 0.0414521 -0.0589886 -0.0373339 -0.020961 0.00451321 0.0101002 -0.0254369 0.00661448 -0.0956747 -0.084119 -0.109163 1.97686 1.22726 0.346165
 -1.19854e-05 -0.310528 0.0841768 4.72452e-05 4.70312 -3.94514 0.676214 -47.6288 993.903 1.73924 0.15535 -3.75966 -6.08336e-05 1.35679 0.000372288 -3.65122e-05 1.10147 -0.0456523 1.5952e-06 1.11643 -0.467837 -9.09429e-06 1.47534 -0.343041 -0.903903 -5.73161 1.3324 -0.28752 -3.47247 3.69969 -3.31805 0.545887 -2.08252 -4.0889 -1.13116 2.07646 0.386879 0.546844 -0.0135871 -1.83101 0.991162 0.00723667 -0.31996 1.72369 -0.182791 0.688583 0.761547 -0.857297 -1.13267 0.858525 3.40804 -2.5528 -0.259372 9.37038 -3.92186 3.54458 1.12797 1.06229 0.306456 -0.754468 0.430397 -0.0452902 4.24956 -1.72722 0.0189558 0.549332 0.0990683 -0.0208274 0.00689277 -1.32018e-05 2.1055 -0.773874 0.800182 0.0306976 -0.991441 1.40412 0.177158 -3.62772 0.146249 0.0685663 -0.390661 -0.746 1.60607 -0.0842115 0.839757 -0.0632746 -0.757834 -0.0212677 -0.00716037 0.028649 1.23806 1.89489 1.10416 1.24935 0.168421 -0.523755 -6.30259 0.0219745 6.84999 -2.41288 -1.49422 -4.32162 -1.79867 0.923628 3.46682 1.18958 -2.18456 1.18158 -0.425899 0.168539 0.369229 0.472367 0.664157 0.211964 0.427991 1.60379 -3.32553 2.48102 -0.167812 0.513385 -1.17935 0.478278 -0.473335 0.493999 0.0285318 -0.392116 1.38277 0.3384 -0.850175 1.08542 -0.466693 -0.757719 -0.607668 2.25419 -0.458873 0.326921 -0.104853 0.50573 1.85722 -0.391724 -1.20178 -1.56434 0.0574993 -0.485096 -0.041442 0.981261 1.1804 -2.20777 0.389325 -1.56862 -3.11499 -0.859198 1.22549 0.773275 0.436311 -0.0951211 -0.21006 0.523 -0.135361 1.96531 1.69855 2.22134 -39.9932 -26.0896 -7.15489
 -7.7787e-05 18.2406 -3.5112 9.60476e-05 11.093 -9.32876 -0.300554 -0.0754922 1.73924 876.282 -7.70605 157.287 0.000127688 -2.77046 0.00245898 7.37636e-05 -2.23257 0.0956473 2.24819e-05 -3.06762 1.29198 2.49842e-05 -3.31346 0.775405 5.7348 7.05781 -1.68949 1.68632 6.00728 -6.39848 8.29214 -0.0780359 -0.284934 6.12579 3.37496 -5.83752 4.02776 -0.841654 0.00729974 4.15284 -1.27862 -0.0219504 2.62083 1.28647 -0.204656 -0.0653031 -0.11395 0.123065 1.33744 1.9984 -4.29968 2.38032 -0.450598 -2.60998 2.51751 -2.53782 3.23564 3.09803 0.905099 -2.21545 0.575897 -0.0270893 -4.99322 4.07609 0.119848 -6.48975 0.111792 -0.0236122 -0.0194452 1.14955e-05 -3.7353 1.37726 -0.615752 -0.0174028 0.579296 1.24808 0.150836 -2.79237 -0.235288 -0.275983 1.59248 -1.39223 -3.99354 0.23359 0.307756 -0.0246441 0.344961 0.00825988 -0.00981897 0.00153549 -0.457362 -2.06912 -3.12371 -1.57299 6.82192 8.75591 -9.54254 -2.33347 -3.1105 25.6167 7.10581 -11.7402 3.37642 -1.54503 -3.38747 2.6451 8.39439 14.2585 -16.091 0.588603 2.40735 1.10101 -0.409656 -0.922733 -1.02241 2.45987 -5.22316 0.360868 3.27755 -3.46668 0.723283 -0.0535874 -1.92063 0.066784 -0.431405 1.47586 -5.40196 9.30273 -10.9824 7.15858 -2.13535 -0.921933 1.3845 -5.38541 0.312515 -3.2406 -1.35154 1.17528 -0.102689 -0.15123 -0.58715 -1.36811 -1.50941 1.08787 -0.0716866 -2.73142 0.158071 0.956321 -1.27323 0.141485 -2.11328 1.10145 1.83371 -1.44591 -2.84741 -1.02813 -0.965753 0.191159 -0.0011392 -0.951293 -1.44628 3.04976 48.2224 -28.3214 1.42636
 -4.05384e-06 1.16043 -0.223617 6.82233e-06 0.712593 -0.599353 -0.0259562 -0.00670948 0.15535 -7.70605 2.45982 -35.4595 8.016e-06 -0.174994 0.000104975 4.57323e-06 -0.138553 0.00584874 1.40455e-06 -0.20256 0.0851991 1.57966e-06 -0.217874 0.0508656 0.261776 0.776962 -0.181416 0.146252 0.573211 -0.610275 0.475589 -0.0291239 0.0905584 0.206616 0.378766 -0.623428 0.206575 -0.0623131 0.000758243 0.139135 -0.0628434 -0.000933771 0.034232 0.0753508 -0.0107323 -0.0282696 -0.0256497 0.0288091 -0.0791333 0.0909349 0.00477887 -0.0263244 0.0369386 -0.277085 0.0177827 0.00173924 0.124643 0.0308845 0.143341 -0.143958 0.00303757 5.86756e-05 -0.198766 0.0892919 0.00496015 -0.215884 0.00898715 -0.00186616 -0.00105007 8.86102e-07 -0.226484 0.0834341 -0.0506865 -0.00163922 0.053591 0.0771213 0.0097589 -0.192336 -0.00137152 -0.00530191 0.0301344 -0.120845 0.252442 -0.0136704 0.0452149 -0.00360321 0.0139289 0.00235833 0.00054996 -0.00293164 -0.0276261 -0.325499 -0.129643 0.27684 0.665958 0.660742 -0.469068 -0.0686459 -0.256685 0.541198 0.087015 -0.165015 0.371968 0.0543122 -0.42528 -0.255149 0.108185 0.429705 -0.187204 -0.0146 -0.0237169 -0.00471259 -0.0401846 -0.0499006 -0.0696086 0.0671194 -0.137877 -0.0432578 0.111661 -0.0881079 0.00132477 -0.0217363 -0.0540104 -0.000817829 0.0530181 0.0124249 -0.13332 0.311829 -0.295721 0.0436543 0.00242723 -0.0346191 0.0487585 -0.232997 0.0366617 -0.0493759 -0.0224771 -0.0145092 -0.0643687 0.0344714 -0.0132712 -0.0603465 -0.049458 0.00113832 0.0300943 -0.0680041 0.0236547 0.0172345 -0.0885337 0.0158107 0.064859 0.0106657 -0.0140172 -0.0219702 -0.0294263 -0.016336 -0.0161706 -0.0058601 0.00131992 -0.0955655 -0.165005 -0.180485 3.40571 -0.817515 0.243588
 8.96161e-05 -26.0258 5.01528 -0.000150793 -15.9227 13.3924 0.635267 0.163739 -3.75966 157.287 -35.4595 793.987 -0.000185295 4.05357 -0.00272009 -0.000104996 3.2204 -0.136231 -3.07273e-05 4.68956 -1.97276 -3.47247e-05 5.01872 -1.17191 -5.94017 -17.2636 4.03267 -3.24254 -12.7438 13.5679 -10.8503 0.717634 -2.2892 -4.76946 -8.35694 13.7684 -4.68038 1.51069 -0.0215061 -3.18273 1.5018 0.0206157 -0.782937 -1.53987 0.222987 0.718045 0.644703 -0.726948 1.7579 -2.08149 0.108395 0.454602 -0.734435 6.19106 -0.488636 0.0603808 -2.86756 -0.785915 -3.17013 3.23067 -0.0823616 -0.00068873 4.60261 -2.09657 -0.114771 5.0158 -0.213949 0.0444817 0.0260382 -2.06815e-05 5.24538 -1.93311 1.20403 0.0393248 -1.27998 -1.81899 -0.228496 4.50423 0.0176731 0.113165 -0.643427 2.8365 -5.39115 0.291267 -1.00646 0.0801852 -0.294766 -0.05206 -0.0117777 0.0643514 0.625082 7.32245 2.85616 -6.21963 -14.6521 -14.6242 10.5766 1.60286 5.839 -13.0898 -2.07944 4.07009 -8.32027 -1.14519 9.48804 5.53362 -2.66935 -9.96883 4.67595 0.29901 0.440728 0.0623963 0.89968 1.13562 1.56699 -1.57095 3.22302 0.938033 -2.57031 2.05833 -0.0558812 0.479833 1.25359 0.0106538 -1.15437 -0.32224 3.11992 -7.19137 6.88595 -1.2029 0.0149917 0.791031 -1.12422 5.31188 -0.824666 1.19349 0.541289 0.283531 1.42658 -0.754908 0.303246 1.36654 1.13578 -0.0591931 -0.661888 1.5863 -0.526389 -0.418058 1.99274 -0.354758 -1.36352 -0.274361 0.250198 0.530029 0.74013 0.392809 0.386493 0.123217 -0.02925 2.13494 3.66572 3.85876 -76.5111 18.8611 -5.41251
 -2.05522e-10 -8.26557e-06 2.42323e-06 1.59603e-09 0.000177906 -0.000149353 1.15459e-05 2.76418e-06 -6.08336e-05 0.000127688 8.016e-06 -0.000185295 1000 7.69766e-05 -6.40775e-06 -8.02571e-10 4.11548e-05 -1.40364e-06 2.8118e-10 2.98235e-05 -1.2416e-05 1.33089e-10 3.70042e-05 -8.42321e-06 -0.000283119 -0.000529778 0.000126008 -2.62628e-05 -0.000166677 0.000177457 -7.07044e-05 1.9713e-05 -7.78012e-05 -0.000142907 5.18805e-05 -7.45209e-05 0.000107338 2.16657e-05 -4.80892e-07 -0.000363322 0.000144393 2.81082e-06 -5.55127e-05 0.000153759 -1.61404e-05 3.07636e-05 3.72724e-05 -4.21949e-05 0.000105088 -7.8157e-05 -0.000203707 0.000159612 3.77673e-05 3.96094e-05 -4.41383e-05 4.54107e-05 9.66487e-05 -6.07287e-05 -3.07258e-05 5.05367e-05 -2.91417e-07 -3.03975e-08 2.63745e-05 2.7888e-07 8.71574e-07 -2.94733e-05 4.31204e-07 -1.00201e-07 -4.31864e-07 -2.49175e-10 5.87551e-05 -2.13655e-05 1.31476e-05 4.638e-07 -1.43801e-05 3.34183e-05 4.67316e-06 -9.95281e-05 3.12427e-06 2.39494e-06 -1.45538e-05 -5.5366e-05 0.000245019 -1.29268e-05 2.09649e-06 -8.4404e-08 3.89348e-06 -8.20294e-07 -5.48842e-08 8.82642e-07 -6.16498e-05 -4.61171e-05 8.67681e-06 4.81245e-05 1.26491e-05 -1.29674e-05 7.62983e-07 1.46879e-05 -9.55451e-05 -8.42327e-05 -3.07302e-05 0.00017743 0.000148686 -6.28785e-05 -7.14832e-05 6.70239e-05 4.9795e-05 8.13795e-05 4.70773e-05 -1.72127e-05 -9.92791e-05 -1.63884e-05 6.10368e-05 5.03573e-05 -3.20028e-05 -3.75267e-05 -9.09696e-05 3.16545e-05 3.27475e-05 1.52305e-05 6.3263e-06 6.73237e-06 -2.27479e-05 -5.9677e-07 -1.56721e-05 -3.37468e-05 -3.41567e-05 -1.29366e-05 -3.70357e-05 -3.36361e-05 -1.63833e-05 -4.40642e-08 1.43614e-05 3.01576e-05 2.44359e-05 2.14229e-05 1.48753e-05 7.40099e-06 -3.24078e-05 -3.08033e-05 -1.1224e-05 1.27982e-05 2.32922e-05 2.36318e-06 -2.83833e-05 3.24993e-06 -1.80906e-06 6.8604e-06 1.7258e-06 9.9175e-07 7.00927e-06 2.45382e-05 3.87519e-05 -1.222e-05 -1.12752e-06 -7.18261e-06 -3.61706e-06 -6.96147e-06 6.6752e-06 2.95704e-05 4.46763e-05 4.3702e-05 -0.000702669 -0.000245156 -9.99412e-05
 -4.08474e-06 0.951882 -0.202834 -3.15694e-05 -3.54741 2.97712 -0.262593 -0.061252 1.35679 -2.77046 -0.174994 4.05357 7.69766e-05 997.937 -2.84648 1.3199e-05 -1.00247 0.034998 -1.11394e-05 -0.641742 0.26654 -9.62984e-06 -0.772094 0.174601 8.82358 13.7996 -3.3054 0.733986 4.55174 -4.84719 2.65301 -0.460251 1.74326 5.02774 -0.477333 0.445182 -3.46596 -0.591668 0.0158012 8.01553 -3.5403 -0.066114 1.59515 -4.68443 0.495482 -0.818951 -1.00666 1.1388 -2.36054 2.63521 4.39407 -3.70302 -1.44039 -0.40591 1.75665 -1.89495 -2.99803 2.23035 0.825589 -1.60081 -0.0327534 0.00443267 -0.400533 0.15053 -0.0202446 0.589444 -0.0209355 0.00472046 0.0138714 3.81999e-06 -1.33869 0.485175 -0.270022 -0.00910781 0.284297 -0.855727 -0.117205 2.4961 -0.0400146 -0.0383686 0.239345 1.79648 -9.44362 0.515865 -0.0521863 0.00158616 -0.167322 0.0201967 0.00158897 -0.0219692 2.09886 1.44142 0.0655101 -0.70862 0.147844 0.741821 0.364703 -0.0621759 2.1692 1.31759 0.527543 -3.58607 -4.1589 1.00627 3.29347 -1.14071 -1.28184 -2.19236 -0.387748 0.644487 2.06507 0.38875 -1.55908 -1.69193 1.30084 1.36675 2.33911 -0.80175 -0.750859 -0.0756721 0.0212724 -0.00488314 0.648373 0.234359 0.510109 0.849773 0.840449 0.404478 0.79715 0.790559 0.25546 -0.232061 -0.673853 -0.957173 -0.64242 -0.551908 -0.547869 -0.303345 0.243472 0.225597 -0.0726741 -0.131037 -0.217538 0.0168248 0.488065 -0.218199 -0.185849 -0.442831 -0.193093 -0.139163 -0.319944 -1.11415 -1.62707 -0.278325 -0.221552 -0.0370978 -0.0949174 0.382603 -0.229092 -0.582284 -0.988089 -0.938661 14.1808 4.33889 1.94362
 1.702e-07 -0.0211848 0.00413072 2.75411e-08 -0.00217084 0.00184092 -6.73605e-05 -3.51044e-05 0.000372288 0.00245898 0.000104975 -0.00272009 -6.40775e-06 -2.84648 0.825641 2.57332e-07 -0.0060247 0.000305456 2.13197e-08 -0.00260379 0.00111752 5.37711e-08 -0.00383112 0.00092583 -0.0368014 -0.0598991 0.014281 -0.00623736 -0.0255216 0.0271737 -0.0134039 -0.000237113 0.00200489 -0.0206078 -0.00495675 0.00931889 0.00258958 -0.00170988 0.000149302 -0.0385154 0.0095066 0.000313583 -0.0125166 0.00701574 -0.000508876 -4.09628e-05 -0.00074158 0.00085034 0.00447016 -0.0109514 -0.0192049 0.0161021 0.00306043 -0.000435713 -0.00770106 0.00846852 0.0058653 -0.00908498 -0.00600352 0.00903952 -0.000169917 3.87114e-06 0.00205544 -0.000419364 3.82147e-06 -2.96485e-05 0.000226314 -4.91454e-05 -4.83462e-05 5.75392e-08 -0.00393587 0.0015312 -0.000524282 -1.80878e-05 0.00053294 0.00136203 0.000139607 -0.00328466 -0.000248938 -0.000242112 0.00130121 -0.00504385 0.0348863 -0.00190147 -0.000478115 4.47499e-05 5.5781e-05 -8.27991e-05 -5.55557e-06 8.91035e-05 -0.00778454 -0.00313531 -0.00159223 -3.93281e-05 -0.000323304 -0.000991541 -0.00054416 -0.000250804 -0.00706386 -0.00698793 -0.0021288 0.0133178 0.0144907 -0.00362437 -0.0117521 0.00355045 0.00413905 0.00744896 0.00160482 -0.00266268 -0.00749225 -0.00123454 0.00599417 0.00631584 -0.00486202 -0.00506296 -0.00834577 0.00290569 0.00248502 1.95342e-05 -5.36072e-05 -0.000156358 -0.0021562 -0.00101967 -0.00202079 -0.00291437 -0.00279307 -0.00185172 -0.00212367 -0.00312538 -0.000831201 0.000989573 0.00266431 0.00371825 0.00248128 0.00194941 0.00176465 0.00077148 -0.0011317 -0.000872767 0.000909862 0.000986695 0.00116768 -0.000156119 -0.00165137 0.00098209 0.000639999 0.00216084 0.00081046 0.000683564 0.00130711 0.00418363 0.00560094 0.00106787 0.000810629 0.000293225 0.000521638 -0.00149612 0.000851292 0.0021955 0.00457226 0.00401552 -0.0721841 0.0104254 -0.00598558
 -6.58815e-10 1.01302e-05 -1.61559e-06 6.02397e-10 7.26282e-05 -6.09703e-05 6.54983e-06 1.71146e-06 -3.65122e-05 7.37636e-05 4.57323e-06 -0.000104996 -8.02571e-10 1.3199e-05 2.57332e-07 1000 2.08288e-05 -3.50776e-06 -3.46111e-10 1.76773e-05 -7.34959e-06 -5.1618e-10 2.45408e-05 -5.60057e-06 2.07936e-05 -1.89862e-05 4.00002e-06 -1.13114e-05 -5.43666e-05 5.78499e-05 2.63685e-05 8.97866e-06 -4.04765e-05 5.42569e-05 4.05925e-06 -1.04196e-05 -2.22361e-05 4.79396e-06 -2.68762e-08 -0.000133267 3.55211e-05 7.63318e-07 -3.28556e-05 6.50713e-06 9.10699e-08 7.00727e-06 9.50652e-06 -1.0631e-05 6.91963e-05 -2.74928e-05 -0.000151295 0.00011018 -1.84131e-05 7.70569e-05 4.44221e-06 -1.09604e-05 8.74837e-06 1.43116e-05 -2.41333e-05 1.51436e-05 9.0322e-06 -6.44294e-07 2.58961e-05 1.14338e-05 3.01557e-08 -9.88418e-06 -1.37193e-06 2.7933e-07 2.39445e-07 -3.21378e-10 2.88478e-05 -1.05206e-05 8.51437e-06 3.39421e-07 -1.07299e-05 9.78877e-06 1.67277e-06 -3.62851e-05 5.07789e-06 4.18415e-06 -2.4741e-05 1.48542e-05 -0.000364344 2.10495e-05 1.37522e-05 -1.02723e-06 -4.07494e-06 -6.40462e-07 -3.60702e-08 6.82294e-07 -1.46734e-05 -8.54764e-05 1.47024e-05 0.000100668 8.76638e-05 6.26574e-05 3.37116e-05 -2.25052e-06 -0.00011775 -0.000186675 -5.87687e-05 0.000213335 -1.04337e-05 0.000145607 -3.4496e-05 8.92622e-06 9.77435e-05 -2.02467e-05 4.93963e-05 -1.87687e-05 -1.99185e-05 -1.75046e-05 -1.39151e-05 9.54332e-06 1.43923e-05 4.06149e-05 -1.67793e-05 1.94954e-06 -3.37746e-05 5.72754e-06 9.35849e-06 1.43248e-05 -7.3038e-06 -6.06714e-07 -1.74846e-05 -1.46795e-05 -1.57222e-05 -2.41853e-05 -3.05217e-05 -9.21119e-06 -9.98059e-06 -1.78933e-06 3.05385e-07 1.08174e-05 6.96881e-06 -7.3285e-06 -9.70396e-06 -9.2699e-06 -1.29e-05 -2.48974e-05 -2.7823e-05 1.85558e-06 6.17154e-06 -5.48791e-06 6.7231e-06 7.52584e-06 -1.12671e-05 2.78246e-05 2.15805e-06 -1.75986e-05 -1.01921e-05 -1.68381e-05 -7.12364e-06 -1.83755e-05 -3.55976e-06 -8.33417e-06 -6.97554e-06 8.84764e-06 1.6714e-06 2.43013e-05 3.70112e-05 3.17557e-05 -0.000486076 -0.000330376 -8.85113e-05
 5.73072e-06 0.341222 -0.0794956 -2.02432e-05 -2.24553 1.88385 -0.210206 -0.0501177 1.10147 -2.23257 -0.138553 3.2204 4.11548e-05 -1.00247 -0.0060247 2.08288e-05 997.257 -44.4639 -7.49081e-07 -0.53742 0.223632 1.38608e-06 -0.675453 0.154162 3.68078 4.22157 -1.02852 0.403115 2.50624 -2.6703 1.3885 -0.247643 0.946106 2.58883 0.0625604 -0.264727 -1.09603 -0.308253 0.00797633 3.95939 -1.61134 -0.0299771 1.64139 -2.25304 0.220688 -0.423442 -0.528897 0.595333 -1.27052 2.29512 2.43217 -2.27797 -0.502894 -1.00027 1.13439 -1.16217 -1.55271 1.32631 0.856499 -1.2843 -0.234926 0.0203572 -0.992206 0.279163 -0.00802881 0.103371 0.00206505 -0.000173094 0.00143693 6.54531e-06 -0.926204 0.336979 -0.259107 -0.00985692 0.310975 -0.557765 -0.0792471 1.7009 -0.13662 -0.0937043 0.558107 0.430665 1.24511 -0.077257 -0.234478 0.0161297 0.0516753 0.0221851 0.000894304 -0.0232769 1.48647 2.37933 -0.0691136 -1.9537 -1.40705 -0.704224 -0.591666 0.424053 2.52019 3.54984 1.09536 -5.51489 -2.4307 -0.636658 3.34844 1.16035 -3.56082 -3.58338 2.4552 -0.0380886 0.887005 0.448284 0.143211 -0.221338 -0.51645 0.689995 0.547096 0.0406083 0.470679 0.448276 0.155307 -0.0255207 0.33915 0.204681 0.705318 0.638796 0.594957 0.38722 0.940803 0.443349 0.382039 0.294672 -0.198973 -1.29238 -0.398779 -0.0821537 -0.00894996 0.0169901 0.11076 0.056742 0.289753 0.0696227 0.197716 -0.418136 -0.163853 -0.0598641 0.10546 -0.686279 -0.9768 0.100167 -0.0555291 -0.480151 -0.868814 -0.652685 -0.353267 -0.113669 -0.059815 0.109933 -0.162707 -0.605059 -0.811886 -0.777901 13.1405 6.79661 2.136
 -1.11012e-07 -0.0296473 0.00632099 8.51691e-07 0.0894605 -0.0750311 0.00866597 0.00206319 -0.0456523 0.0956473 0.00584874 -0.136231 -1.40364e-06 0.034998 0.000305456 -3.50776e-06 -44.4639 2.85703 3.12781e-08 0.0203734 -0.00845115 -3.79043e-08 0.0258373 -0.00586303 -0.169521 -0.198526 0.0482877 -0.0213033 -0.119986 0.127837 -0.0655621 0.00986816 -0.0369623 -0.118789 -0.00750157 0.0196158 0.0458161 0.011953 -0.000257428 -0.183003 0.070879 0.00139558 -0.077721 0.0956272 -0.00917857 0.0167993 0.020749 -0.0233178 0.0557741 -0.104953 -0.112666 0.105185 0.0216739 0.0447768 -0.0514503 0.0527573 0.0670343 -0.060656 -0.0410575 0.0605206 0.0103697 -0.000902836 0.0453901 -0.0124926 0.000312556 -0.00318157 2.36437e-05 -1.72504e-05 -5.41827e-05 -2.20576e-07 0.0360406 -0.013047 0.010455 0.000398184 -0.0126206 0.0241272 0.00337549 -0.0727444 0.00540415 0.00373361 -0.0223586 -0.0197035 -0.0576951 0.00356594 0.0100534 -0.000687435 -0.00261705 -0.00101608 -4.05186e-05 0.00106564 -0.0674009 -0.107242 0.000607809 0.0875072 0.0657005 0.033593 0.0268589 -0.0194936 -0.113179 -0.163879 -0.0514065 0.250721 0.110219 0.0284374 -0.151745 -0.0528105 0.161418 0.162655 -0.1113 0.00174142 -0.0404548 -0.0202874 -0.00623798 0.010213 0.0235052 -0.0313092 -0.0247943 -0.00190006 -0.0214291 -0.0203425 -0.00682221 0.00115704 -0.0151462 -0.00936251 -0.032022 -0.0287949 -0.0267821 -0.0179434 -0.0420507 -0.0202978 -0.017252 -0.0132498 0.00920729 0.0588514 0.0182899 0.0037137 0.000290523 -0.000937705 -0.00522201 -0.00275062 -0.0127085 -0.0027417 -0.00858926 0.0188436 0.00739551 0.00280065 -0.00486065 0.0315312 0.0442542 -0.00446448 0.00261843 0.0219643 0.03918 0.0296135 0.0159955 0.00527796 0.00285471 -0.00504332 0.00738315 0.0275728 0.0378847 0.0360312 -0.617201 -0.283403 -0.0960175
 -9.50198e-10 3.77322e-05 -7.34809e-06 1.83378e-10 2.8555e-05 -2.40294e-05 -1.5005e-06 5.27123e-10 1.5952e-06 2.24819e-05 1.40455e-06 -3.07273e-05 2.8118e-10 -1.11394e-05 2.13197e-08 -3.46111e-10 -7.49081e-07 3.12781e-08 1000 -1.04546e-05 5.44743e-06 -4.35292e-10 2.63993e-06 -6.60264e-07 7.42377e-05 -2.02673e-06 -8.05393e-07 4.88002e-06 4.29175e-05 -4.57549e-05 6.59199e-05 4.19986e-06 -2.28887e-05 0.000132898 -4.0006e-05 5.5539e-05 -3.7416e-05 -1.87523e-06 1.90674e-07 -3.39881e-05 -1.08954e-06 3.38004e-08 9.35448e-07 -3.76576e-05 4.38393e-06 -4.62155e-06 -4.30596e-06 4.88005e-06 2.69404e-05 1.41034e-05 -4.72519e-05 2.81081e-05 -3.05122e-05 2.02312e-05 5.47625e-05 -6.11887e-05 -2.54095e-05 2.77678e-05 -1.23272e-06 -1.00223e-05 7.71689e-07 1.16321e-07 -1.08839e-05 3.19947e-06 -7.66705e-08 9.9489e-07 -1.50266e-06 3.10805e-07 2.1503e-07 -1.28206e-10 -2.23829e-06 7.6025e-07 -1.17957e-06 -2.05853e-08 3.86991e-07 -2.48322e-06 -1.44911e-07 3.79084e-06 1.17628e-06 1.31639e-06 -7.38921e-06 1.28511e-05 -0.000291427 1.65298e-05 6.0504e-06 -4.7107e-07 5.71419e-07 -3.76762e-07 -1.29025e-07 5.09712e-07 6.81729e-06 1.65545e-05 -1.44719e-05 -5.58088e-05 -2.14013e-05 1.90144e-05 -5.147e-05 0.000377593 -0.000129952 -0.000115528 -4.78803e-05 -5.29438e-05 -8.803e-05 0.000106392 2.62071e-05 8.32082e-07 6.97388e-05 -2.26343e-06 -2.37301e-05 8.64395e-06 3.70448e-05 -1.00184e-05 -9.49353e-06 -5.46525e-06 1.38227e-06 1.22514e-05 1.53952e-05 -2.42853e-06 4.17499e-06 -2.58577e-06 6.10996e-06 9.38203e-06 4.05607e-06 7.18937e-06 -1.20932e-05 -4.18916e-06 3.4912e-06 -5.4326e-06 9.86851e-06 -3.66638e-06 9.14256e-06 1.18782e-06 -6.1879e-07 -5.76783e-06 5.62926e-07 -9.13938e-06 8.98459e-07 1.206e-05 -4.22256e-07 -3.79518e-05 -3.61469e-05 1.96855e-05 1.02358e-05 -1.28484e-05 7.30034e-06 1.58881e-05 -5.19241e-06 3.73089e-05 -6.95442e-06 2.69866e-06 -7.88369e-06 -2.37292e-05 -2.10246e-05 -2.1074e-05 -5.8847e-06 -3.73991e-06 -2.05264e-06 5.15425e-06 -7.98574e-07 1.14293e-06 6.9736e-06 -1.85726e-06 -1.49756e-05 -2.54756e-05 -4.57768e-06
 -8.83237e-06 -0.85689 0.149335 -3.78393e-05 -4.70114 3.94855 -0.260219 -0.050932 1.11643 -3.06762 -0.20256 4.68956 2.98235e-05 -0.641742 -0.00260379 1.76773e-05 -0.53742 0.0203734 -1.04546e-05 846.019 -356.697 6.35163e-06 -1.42009 0.332035 -0.423119 4.61028 -1.05304 -0.203193 -0.20076 0.212998 -0.417671 -0.472776 2.04041 0.232097 1.93311 -3.12164 0.156524 -0.24012 0.00278852 2.2826 -0.768128 -0.0104305 0.0769615 -0.354078 0.0318097 -0.292986 -0.287358 0.324432 -0.232534 -0.435955 0.679734 -0.340862 0.753434 -2.78719 -0.404262 0.658437 -0.196884 -1.00688 0.151123 0.294164 -0.204467 0.0204084 -2.10684 -0.611456 0.0346292 -0.564961 -0.041897 0.00894593 -0.00177595 5.00582e-06 -1.05239 0.390232 -0.467539 -0.0193002 0.611741 -0.629781 -0.0794765 1.62776 -0.137207 -0.0581513 0.340733 -1.55538 2.32509 -0.122154 -0.259879 0.0207491 0.322456 0.0322478 -0.00669555 -0.0258 -0.221631 -0.56339 1.77857 3.93503 0.292244 -0.51507 -31.0593 12.7791 -0.202069 2.35527 0.799846 3.35819 -5.90716 1.02134 2.26637 -0.932821 0.187635 -1.17484 -0.0519823 0.0111672 1.21879 0.208392 0.12393 0.577517 0.952457 0.370607 -0.0240693 -0.584862 0.85373 -0.11924 0.0786147 -0.0295435 0.637302 1.35824 -0.290327 0.22598 0.435106 0.062446 1.02535 -0.779871 0.197395 0.20514 0.435793 -0.299628 0.23163 0.672292 0.686933 0.539025 0.377936 1.02379 0.73506 -0.367175 -0.0524917 -0.825919 -0.131483 0.15382 -0.106754 1.65692 -0.366427 0.434872 0.936925 0.370302 0.0666362 -0.877018 -0.330893 -0.00564927 0.188386 -0.461304 0.0463575 -0.76721 -0.463581 -0.734428 17.3036 7.777 2.67214
 3.82687e-06 0.347696 -0.0603396 1.59027e-05 1.97755 -1.66096 0.109085 0.0213292 -0.467837 1.29198 0.0851991 -1.97276 -1.2416e-05 0.26654 0.00111752 -7.34959e-06 0.223632 -0.00845115 5.44743e-06 -356.697 151.93 -2.72172e-06 0.598427 -0.139915 0.178354 -1.95396 0.446312 0.0844925 0.0801537 -0.0850237 0.174672 0.198793 -0.857916 -0.0988058 -0.821413 1.32648 -0.0669406 0.0993913 -0.00108606 -0.963558 0.323042 0.0044146 -0.0326169 0.145671 -0.0129666 0.122027 0.119685 -0.135082 0.0982992 0.184896 -0.287808 0.144244 -0.318651 1.179 0.172102 -0.279716 0.0823332 0.425787 -0.0650329 -0.123369 0.0861604 -0.00860865 0.891251 0.258991 -0.0147027 0.240481 0.0177472 -0.00378938 0.000710359 -2.07664e-06 0.442465 -0.164053 0.19648 0.00810725 -0.257059 0.265323 0.0335023 -0.686211 0.0568559 0.0242858 -0.142297 0.660176 -0.983846 0.0516797 0.109382 -0.00873626 -0.135291 -0.0136424 0.00283455 0.0109126 0.093863 0.240063 -0.752234 -1.66701 -0.125798 0.225045 13.1415 -5.41161 0.0873485 -0.995116 -0.340302 -1.41968 2.49862 -0.432769 -0.958374 0.394429 -0.0799668 0.496546 0.0225079 -0.00466885 -0.515941 -0.0882012 -0.0524067 -0.244238 -0.402686 -0.156519 0.0101221 0.247255 -0.361305 0.0504389 -0.0330587 0.0124145 -0.269352 -0.574555 0.122816 -0.0953414 -0.183866 -0.0269392 -0.433217 0.329605 -0.0836148 -0.0868283 -0.184332 0.126751 -0.0979268 -0.284539 -0.290788 -0.228258 -0.160116 -0.433202 -0.310592 0.155363 0.0223226 0.348973 0.0553757 -0.0652284 0.0448654 -0.700508 0.154718 -0.184101 -0.396303 -0.156588 -0.0286365 0.370715 0.139689 0.00234325 -0.0797056 0.195101 -0.0196263 0.324598 0.197239 0.311552 -7.34096 -3.2617 -1.12911
 -7.26479e-10 4.64241e-05 -8.94816e-06 4.25088e-10 5.55188e-05 -4.6681e-05 9.12043e-07 4.42032e-07 -9.09429e-06 2.49842e-05 1.57966e-06 -3.47247e-05 1.33089e-10 -9.62984e-06 5.37711e-08 -5.1618e-10 1.38608e-06 -3.79043e-08 -4.35292e-10 6.35163e-06 -2.72172e-06 1000 1.24878e-05 -2.477e-06 0.000121638 -9.92214e-05 2.07084e-05 9.30464e-06 5.32759e-05 -5.68283e-05 7.82508e-05 6.81227e-06 -3.35054e-05 0.000163528 4.06316e-06 -1.74698e-05 -4.89497e-05 -1.93978e-06 3.2255e-07 -6.15229e-05 3.39085e-06 1.79435e-07 1.00955e-05 -5.04336e-05 5.49008e-06 -3.92396e-06 -4.99111e-06 5.60923e-06 1.2717e-05 5.02278e-05 -2.05013e-05 1.56845e-09 -4.92071e-05 3.38721e-05 9.00008e-05 -0.000100774 -3.15614e-05 4.78989e-05 -5.46283e-07 -1.89632e-05 8.24952e-07 5.9264e-08 4.27795e-06 7.92693e-06 -4.44746e-08 -3.36497e-06 -1.18756e-06 2.53354e-07 2.58903e-07 -1.7813e-10 7.68391e-06 -2.97944e-06 2.18711e-06 1.0969e-07 -3.3757e-06 -1.64539e-06 2.19956e-08 3.3777e-07 2.4525e-06 1.78476e-06 -1.02088e-05 2.62798e-05 -0.000314566 1.79227e-05 3.33647e-06 -2.94556e-07 -2.55799e-06 -3.61108e-07 -1.30534e-07 4.95215e-07 2.51454e-05 -1.61102e-05 -2.86057e-06 5.54527e-06 2.47212e-05 3.48736e-05 4.3351e-05 0.000103913 -5.84549e-05 -9.96044e-05 -3.65393e-05 -2.10019e-05 -3.07227e-05 8.29658e-05 8.55058e-05 -2.47708e-05 2.7096e-05 -4.83871e-05 0.000115153 -1.6418e-05 7.9204e-06 3.51154e-06 -9.53713e-07 1.12735e-06 6.00108e-06 3.79182e-05 6.84066e-06 5.87621e-06 -1.28192e-05 3.23963e-05 1.39519e-06 1.05924e-05 1.94435e-06 9.86576e-06 7.14016e-06 6.72442e-06 5.46776e-06 -6.65892e-06 8.5442e-06 -5.73322e-06 3.32027e-06 -9.35365e-06 -1.69206e-05 -7.35826e-06 4.14562e-07 -9.46048e-06 4.49883e-06 6.42892e-06 -1.74757e-05 -8.18482e-05 -4.93984e-05 2.79172e-05 6.74986e-06 -5.53341e-06 -1.06052e-06 6.69743e-06 -9.55818e-06 -3.50899e-06 4.24451e-06 -1.64621e-05 -1.78426e-05 -3.3488e-05 -4.04268e-05 -2.75583e-05 -1.30906e-05 -1.08163e-05 -9.81607e-06 1.24162e-05 -2.78923e-06 8.4829e-06 6.36538e-06 4.96731e-06 -0.000166746 -0.000121127 -3.1333e-05
 1.7097e-05 -1.65418 0.304773 -3.98912e-05 -4.8201 4.04867 -0.270715 -0.0683302 1.47534 -3.31346 -0.217874 5.01872 3.70042e-05 -0.772094 -0.00383112 2.45408e-05 -0.675453 0.0258373 2.63993e-06 -1.42009 0.598427 1.24878e-05 946.414 -221.997 -0.409152 11.0182 -2.5196 0.0400256 0.651141 -0.691088 -3.10731 -0.745544 3.37553 -2.43983 0.980549 -1.41112 0.433981 -0.300031 -0.000916533 3.3617 -1.05871 -0.0190318 -1.40386 0.501497 -0.040232 -0.290727 -0.298778 0.338727 -0.444289 -1.33321 0.468209 0.0514973 1.40302 -4.21018 -1.61261 2.08732 0.145944 -2.03208 -0.025574 0.877649 -0.183736 0.0157622 -1.54531 -0.0872796 -0.0118611 0.442203 -0.0103707 0.00197155 -0.00479173 8.91581e-06 -1.13504 0.42309 -0.400182 -0.0167551 0.525904 -0.549815 -0.0772116 1.57077 -0.161788 -0.0887161 0.519685 -0.791515 2.39233 -0.137162 -0.177445 0.0153115 0.249089 0.0298644 -0.00253763 -0.0275743 -0.605379 0.290995 -0.116056 -0.863268 -1.18883 -0.825036 -8.42699 2.65287 0.585002 3.59269 1.35132 1.76559 -6.17883 -1.308 4.2172 -0.238106 -1.97932 -6.73085 1.46426 0.67416 -0.793735 -0.671124 -0.544586 0.201582 -0.159557 -0.842889 -1.02854 0.255831 1.13272 -0.577794 -0.0900472 -0.233583 0.17377 -0.309721 0.053764 0.215931 0.125724 0.219376 0.438442 0.0830135 0.281042 0.679187 1.00704 0.66922 0.35861 0.34726 0.230202 0.290374 0.349932 1.96292 1.38161 -0.44264 -0.0755101 -0.0756812 0.326826 0.34204 0.297044 1.03838 0.132363 0.547224 2.03123 1.45795 0.637312 -0.369341 0.0791343 0.305353 0.430889 -0.683741 0.0756113 -0.872474 -0.699538 -0.872798 19.2891 9.3621 3.06272
