 1000 0.00264382 -0.000543325 -1.26019e-09 -0.000136341 0.000113532 -4.6412e-06 -8.75723e-07 1.50907e-05 -8.46205e-05 -4.88179e-06 0.000111796 4.78392e-10 -1.84421e-05 2.16512e-07 -2.30507e-10 -7.85501e-06 5.30736e-07 -9.66321e-10 -2.55022e-05 1.11688e-05 -6.12811e-10 2.29921e-06 -3.82886e-07 1.2633e-05 -0.000334453 8.29677e-05 -6.15216e-05 -0.000221039 0.000248818 -1.79257e-06 -4.14578e-06 1.58677e-05 9.62966e-05 -0.000104586 0.000165656 -6.60404e-05 -4.21928e-06 8.17869e-07 -0.000135403 1.83165e-05 1.19127e-06 -1.34447e-05 -7.50537e-05 1.01896e-05 -6.77861e-06 -1.4076e-05 1.93707e-05 8.07086e-05 -6.83178e-05 -0.000264824 0.000211796 -6.79884e-05 8.41677e-05 0.000112769 -0.000137949 -4.22393e-05 1.32492e-05 -4.97706e-05 4.61495e-05 -2.21588e-06 1.3528e-07 2.75147e-05 4.12115e-06 -1.87501e-07 2.83447e-06 -3.71829e-06 9.56252e-07 3.45604e-07 -6.8324e-11 -1.41241e-05 5.17742e-06 7.75936e-07 -6.46579e-09 -1.13065e-06 9.05686e-06 8.66836e-07 -2.03677e-05 3.62931e-06 2.79269e-06 -2.03235e-05 -1.22189e-05 -0.000308582 2.13384e-05 7.76207e-06 -8.36454e-07 -8.64783e-06 -1.46688e-06 -6.19713e-07 2.10346e-06 1.1191e-05 -1.75946e-05 -0.000116086 -0.000246962 -0.00012733 -1.69257e-08 0.000114977 0.000478238 -0.000219287 -0.000193638 -0.000109505 6.66445e-05 -6.5487e-05 -4.15281e-07 9.84283e-05 0.00012838 6.08488e-05 -6.66699e-05 -0.000171198 0.000246167 -0.000153937 2.80923e-05 -2.56403e-05 -1.45586e-05 1.71826e-05 3.61846e-05 1.66291e-05 -1.59325e-05 5.49e-05 -4.52798e-05 1.24099e-05 -9.86765e-06 -1.12613e-05 1.3095e-05 7.53097e-06 -8.02831e-06 -1.78763e-05 0.000186238 -0.000136394 9.27433e-05 -6.38623e-06 1.50514e-05 2.80201e-05 3.20761e-06 2.77207e-05 -3.6243e-05 3.02186e-05 2.03636e-05 3.10523e-05 -1.88154e-05 -7.55088e-05 5.22293e-05 1.91019e-05 1.49654e-06 6.78354e-06 -3.57419e-05 4.16331e-05 3.56996e-05 -5.09788e-07 3.55213e-05 1.16809e-05 -5.13003e-05 -7.68269e-06 -3.15701e-05 8.36882e-07 1.84718e-06 4.31628e-06 1.45671e-06 -3.53866e-07 1.97434e-05 3.27556e-05 3.81137e-05 -0.00058628 -1.12656e-05 -6.03616e-05
 0.00264382 504.64 -102.553 0.000195824 26.264 -21.8688 1.00605 0.313278 -5.74722 15.6684 1.10894 -25.6676 -0.000129668 3.44815 -0.0264627 -6.91968e-05 2.82263 -0.145928 2.42548e-05 2.51001 -1.1012 1.45563e-05 1.39282 -0.32453 18.9452 36.2873 -9.33503 6.62928 23.3447 -26.3016 12.3033 2.70022 -11.9098 10.2375 14.7019 -25.0182 6.25226 1.07965 -0.12587 21.0547 -3.2175 -0.179232 10.7653 5.68453 -0.983269 1.95883 3.29474 -4.56904 0.960116 8.96256 13.1318 -12.3838 0.86005 -2.81097 2.43667 -2.58475 5.41904 4.01713 7.72287 -10.2977 0.294797 -0.0197554 -1.62268 2.11619 0.00118086 -1.95836 0.267966 -0.0671289 -0.036025 -3.31208e-05 3.24166 -1.17113 0.942144 0.0447081 -1.20937 -1.30261 -0.0796075 2.07556 0.0474531 -0.0985993 0.701669 -0.806254 -0.369955 0.0316434 1.34032 -0.126608 0.153648 0.116244 0.0252171 -0.142669 2.23845 -4.12687 5.87913 16.463 11.0979 0.691375 -30.8321 19.7703 -9.37391 16.7038 10.3851 -0.519285 -1.26121 -1.77241 -4.56826 3.65936 3.93721 1.88744 -8.48089 3.9056 -1.23293 0.635753 -1.43261 -0.819688 -0.322351 -0.323651 0.213589 1.96544 0.643432 -0.645891 0.468687 0.360613 0.318397 -0.766282 0.740439 0.107545 -0.826922 2.9671 -5.9639 2.88479 -0.488384 -0.364841 -0.906574 -3.75914 -1.21492 -2.35155 -1.61109 -1.80967 0.0334912 -0.401085 -1.29883 -1.73413 -1.75083 -0.575302 -0.45766 -2.25989 -0.00648291 -1.6385 -3.67223 -0.710295 -0.148191 -2.26585 -0.847998 -1.24983 -1.17405 -0.960487 -1.01194 0.602175 -0.258344 -2.03501 -4.31478 -4.96542 75.444 -21.3279 5.02459
 -0.000543325 -102.553 21.9668 -4.02463e-05 -5.39235 4.48995 -0.209795 -0.0651813 1.19681 -3.2145 -0.227694 5.27029 2.73118e-05 -0.723873 0.00547365 1.44509e-05 -0.590415 0.0304694 -5.04659e-06 -0.527036 0.231161 -3.00697e-06 -0.295785 0.0688337 -3.88387 -7.44133 1.91429 -1.36298 -4.78792 5.39437 -2.51979 -0.55661 2.45382 -2.09941 -3.01615 5.13251 -1.28922 -0.231072 0.0262709 -4.31722 0.649795 0.0368215 -2.21278 -1.18054 0.203605 -0.406628 -0.681865 0.945637 -0.199629 -1.83627 -2.68994 2.5369 -0.178418 0.574481 -0.500365 0.531011 -1.11221 -0.823932 -1.58354 2.11167 -0.0609404 0.00409105 0.333815 -0.4335 -0.000319761 0.404062 -0.0547819 0.0137224 0.00747124 6.93861e-06 -0.682187 0.246273 -0.197873 -0.00937065 0.253886 0.265204 0.0159641 -0.417548 -0.0107032 0.0198652 -0.141341 0.169067 0.0762998 -0.00653369 -0.275812 0.0260505 -0.0328407 -0.0238231 -0.0051629 0.0292335 -0.458841 0.84541 -1.20326 -3.37244 -2.27621 -0.138082 6.31894 -4.05556 1.92194 -3.42125 -2.1263 0.106349 0.258743 0.362976 0.935462 -0.750872 -0.807445 -0.386448 1.7392 -0.801894 0.253172 -0.130602 0.293844 0.168195 0.0658826 0.0661295 -0.0441691 -0.402637 -0.132192 0.132375 -0.0960541 -0.0739503 -0.0649464 0.156597 -0.151652 -0.0220341 0.169631 -0.609469 1.22317 -0.591784 0.0999962 0.0746681 0.185869 0.770403 0.248965 0.481677 0.329639 0.370479 -0.00721962 0.081921 0.266809 0.355409 0.359053 0.117574 0.0937786 0.463248 0.000891969 0.336293 0.752102 0.145334 0.0303809 0.464762 0.173398 0.256127 0.240284 0.196897 0.207425 -0.123449 0.0529442 0.416908 0.885227 1.01676 -15.4866 4.41563 -1.02691
 -1.26019e-09 0.000195824 -4.02463e-05 1000 -0.00118374 0.000988348 -8.67474e-07 4.45832e-08 3.20535e-06 7.7298e-05 5.8951e-06 -0.000134064 4.65902e-10 -7.35488e-06 1.12414e-09 -2.98979e-12 -8.7762e-07 3.1361e-08 4.48626e-11 -8.98453e-06 3.84591e-06 1.56883e-10 -1.12418e-05 2.46019e-06 8.15965e-05 5.83365e-05 -1.56501e-05 4.36702e-06 1.16832e-05 -1.33833e-05 0.000161722 1.80288e-05 -8.70172e-05 0.000209587 -5.71969e-06 -5.66362e-06 1.64489e-05 -5.01647e-06 1.46195e-07 2.30182e-05 -5.90795e-06 2.0885e-07 8.4486e-05 -1.08977e-05 1.95046e-07 2.9168e-06 4.34833e-06 -6.1414e-06 7.27629e-06 2.77624e-05 -3.23e-05 1.43457e-05 -2.71822e-05 -2.68395e-05 9.50113e-05 -0.000107341 2.84829e-05 -6.39888e-06 4.89821e-05 -4.79964e-05 -2.09732e-06 2.12677e-08 2.80771e-05 -5.54595e-05 4.72399e-06 -0.000111167 -5.74124e-06 1.38884e-06 7.90693e-07 1.0327e-10 -1.73602e-05 5.89097e-06 -2.98719e-06 -1.10489e-07 3.473e-06 -1.6554e-05 -1.69688e-06 3.89599e-05 1.73132e-06 6.94697e-08 -7.91338e-07 -9.76998e-06 -0.000153168 1.03352e-05 2.54027e-05 -2.34866e-06 -1.48781e-06 -2.26518e-07 -1.67572e-07 3.97137e-07 -2.90901e-05 -3.90045e-05 -1.37572e-05 -1.91151e-05 -7.30078e-06 7.81526e-06 6.72283e-05 -3.35013e-05 -3.94731e-05 5.09385e-05 1.8769e-05 -3.21095e-05 4.40422e-06 5.27001e-05 -2.27809e-05 0.000113752 -3.13341e-05 -3.20203e-07 -2.16385e-05 -1.86564e-06 6.04981e-06 -2.01574e-06 1.29852e-05 -8.02246e-06 2.5708e-05 -2.64717e-05 -4.64392e-06 3.71758e-07 3.74103e-05 -3.96456e-05 -2.91258e-05 3.66442e-05 3.89901e-05 4.36059e-05 -8.50682e-05 -0.000213343 -8.34739e-05 0.000132365 -4.0497e-05 0.00013482 -9.74394e-06 2.26254e-06 2.7729e-05 2.02225e-05 1.38332e-05 1.33828e-06 2.15843e-05 -1.17117e-05 5.62328e-05 -4.54933e-05 -0.000106928 -5.95407e-06 -6.05523e-05 6.92867e-05 6.87109e-05 4.38046e-06 -3.95586e-06 -3.37384e-06 -2.29579e-05 6.84232e-05 5.04303e-05 -0.000110569 5.18476e-05 -2.93552e-05 -3.56185e-06 -1.19134e-06 -1.79477e-06 -4.79248e-06 2.66588e-06 -1.77454e-05 -4.95769e-05 -6.69259e-05 0.000531087 -5.69168e-06 5.24465e-05
 -0.000136341 26.264 -5.39235 -0.00118374 408.347 -338.55 0.216876 0.0712181 -1.09761 10.3694 0.741083 -17.103 6.59148e-05 -1.06691 -0.0082574 1.40362e-06 0.0158886 -0.0107021 2.56448e-05 -1.86362 0.801775 3.73153e-05 -2.11083 0.467442 12.0827 21.6002 -5.5705 4.36205 14.2981 -16.1147 12.574 1.03384 -5.16402 9.0464 9.16913 -15.7872 1.69232 -0.960098 0.00669436 10.9509 -3.35979 -0.0815162 6.66682 0.390374 -0.215405 0.171991 0.555023 -0.767236 -1.5716 3.08792 -1.13975 -0.127647 1.09091 -3.17907 1.22385 -1.1457 3.58177 2.39374 5.27244 -6.8415 0.0226591 0.00271774 -1.58187 -1.54476 0.250883 -7.68074 -0.606687 0.154359 0.0867446 1.54879e-05 -1.93801 0.654468 -0.112732 -0.00232316 0.131667 -1.93236 -0.165689 3.98453 0.0619394 -0.04153 0.301821 -2.19795 -2.61608 0.188819 1.67578 -0.156565 0.114703 0.0564142 0.0125019 -0.0695036 1.24128 -1.28078 1.18516 2.52762 1.27685 2.04888 2.29302 -1.19382 -1.59153 7.18043 2.28918 -1.83823 -0.759984 0.701761 -1.78481 3.17787 -0.263802 -0.64565 -0.849587 1.31541 0.0327981 -0.556315 -0.973019 -1.66528 0.454298 0.550106 -0.166335 0.0915791 2.43304 -1.11286 -1.56991 -0.434522 -0.28789 2.71771 3.00502 -1.68093 -1.35804 3.76332 -7.64778 3.13434 0.300921 -0.00199671 -0.546135 -1.1459 -0.69643 -0.318592 -0.356763 -1.54466 0.47795 0.460631 0.071634 -0.799782 -1.3711 -0.132532 -0.118337 -0.492811 0.495712 -0.690871 -3.4845 -0.253719 1.42388 -2.13537 -0.146287 -0.977236 -0.736412 -0.518645 -0.520814 0.269148 -0.133617 -1.73234 -3.40733 -4.33393 59.1078 -10.5825 4.67122
 0.000113532 -21.8688 4.48995 0.000988348 -338.55 283.208 -0.181851 -0.059671 0.92116 -8.63397 -0.617145 14.2427 -5.46886e-05 0.883766 0.00688737 -1.09902e-06 -0.0166144 0.00906917 -2.13715e-05 1.54858 -0.666223 -3.10726e-05 1.75448 -0.388519 -10.0583 -17.9828 4.6376 -3.63346 -11.9037 13.4161 -10.4678 -0.86164 4.30298 -7.53177 -7.63362 13.1434 -1.41024 0.796863 -0.00546057 -9.11524 2.79463 0.0678676 -5.5509 -0.328434 0.179772 -0.144659 -0.463776 0.641129 1.30905 -2.57067 0.949051 0.106092 -0.908841 2.64642 -1.01908 0.954067 -2.9818 -1.99271 -4.38944 5.69564 -0.019114 -0.00224122 1.31696 1.28673 -0.208925 6.39593 0.505241 -0.128547 -0.0722905 -1.285e-05 1.60779 -0.542878 0.0922156 0.0018651 -0.107611 1.60792 0.137803 -3.31414 -0.0518788 0.034472 -0.250533 1.83132 2.17716 -0.15715 -1.39554 0.130382 -0.0957042 -0.0469632 -0.0104056 0.0578579 -1.03304 1.06626 -0.986386 -2.10381 -1.06286 -1.70546 -1.90924 0.994222 1.32518 -5.97847 -1.90554 1.5306 0.632544 -0.584487 1.48601 -2.64601 0.219767 0.53744 0.707476 -1.0949 -0.0274993 0.463042 0.809917 1.38633 -0.378269 -0.45764 0.138427 -0.0762737 -2.02554 0.926541 1.30717 0.361558 0.239606 -2.26273 -2.501 1.40041 1.13095 -3.13363 6.36671 -2.60985 -0.250489 0.00164084 0.454557 0.953811 0.579739 0.265065 0.296743 1.28583 -0.398167 -0.383419 -0.0591012 0.665891 1.14183 0.109872 0.0982065 0.410201 -0.412745 0.575458 2.90055 0.210848 -1.1855 1.77815 0.121298 0.813559 0.612909 0.431786 0.43359 -0.224024 0.111206 1.44214 2.83721 3.60782 -49.2192 8.82924 -3.88767
 -4.6412e-06 1.00605 -0.209795 -8.67474e-07 0.216876 -0.181851 999.832 -0.0911671 0.946239 0.330665 0.00523436 -0.0732727 1.47511e-05 -0.31356 7.92276e-05 8.75055e-06 -0.275751 0.0122428 -1.15652e-06 -0.346082 0.149267 2.13734e-06 -0.355783 0.0789909 0.111585 0.688361 -0.174918 0.0598266 0.82591 -0.93112 1.09922 -0.135899 0.473648 0.957764 0.183105 -0.369308 -0.0580641 -0.144057 0.00535662 -0.423823 -0.00119518 0.00311358 -0.151497 -0.365304 0.0469703 -0.156905 -0.196013 0.270843 0.170132 -0.357595 -0.415762 0.412462 -0.0388666 -1.73451 0.64721 -0.590936 -0.326688 -0.389411 0.180819 0.03406 -0.0534079 0.00450232 -0.0720367 0.0375207 -0.00503969 0.154401 0.00147391 -0.000335105 -0.00446886 4.35267e-06 -0.537771 0.185708 -0.186639 -0.00799875 0.24643 -0.0974729 -0.0192738 0.433771 0.00839664 -0.00332067 0.0211944 0.127549 -0.457056 0.0308621 -0.220561 0.0199649 0.0352516 0.00270128 1.44689e-05 -0.00274065 -0.304633 -0.217716 -0.21578 -0.388915 -0.210326 -0.0335878 0.567636 0.805211 -1.17512 0.236739 0.187862 0.249886 0.445907 -0.139681 -0.194683 0.111252 0.224451 -0.220977 -0.0373386 -0.020371 -0.0197163 -0.0273871 -0.0539015 -0.0334774 -0.0784754 -0.141801 0.341875 -0.507285 0.126013 -0.0304191 0.00967099 -0.0544031 0.0578112 -0.0397667 -0.0419615 -0.0740171 -0.146433 0.109638 0.284979 -0.217926 0.0475722 0.0651636 0.12023 -0.611824 0.22137 -0.192178 0.0859985 0.187495 -0.383471 -0.099066 -0.0366681 0.315601 -0.153409 0.175517 0.207856 -0.0314317 0.0681978 0.0194083 0.0999008 0.0387433 0.370043 0.427631 0.0581632 -0.110865 -0.0861782 0.0297069 0.0328961 -0.0869873 0.0292101 -0.374944 -0.59273 -0.99752 8.18069 4.65641 1.37916
 -8.75723e-07 0.313278 -0.0651813 4.45832e-08 0.0712181 -0.059671 -0.0911671 3.5009 -50.9412 0.0929846 0.00118466 -0.0142078 4.04495e-06 -0.0843695 7.16366e-06 2.56382e-06 -0.0753455 0.00334533 1.26333e-07 -0.081228 0.035025 8.73959e-07 -0.10255 0.0228419 -0.00503572 0.335381 -0.0839519 0.0246806 0.250087 -0.281792 0.262878 -0.0474104 0.174138 0.182168 0.130359 -0.227772 -0.00614935 -0.0391196 0.00119749 -0.106313 -0.00068664 0.000592522 -0.0676184 -0.0811193 0.0105129 -0.0403741 -0.0537429 0.0742295 0.0511049 -0.116367 -0.16946 0.158965 0.0396208 -0.545411 0.0965564 -0.0621766 -0.0938407 -0.120873 0.0335342 0.0331819 -0.0158545 0.00172702 -0.0963968 0.0679104 -0.00159591 -0.00488452 0.000621801 -0.000135008 -0.0015093 1.28705e-06 -0.149598 0.0516853 -0.0513335 -0.00219055 0.0675018 -0.0363389 -0.00641879 0.141937 -0.00263603 -0.00205392 0.0137932 0.0482465 0.0239297 -0.00139092 -0.0453776 0.00410303 0.0152123 0.00123751 0.000465227 -0.00171659 -0.0861536 -0.0888243 -0.0508579 -0.0627835 -0.0258043 -0.00196718 0.403418 -0.0654705 -0.346492 0.116798 0.0912003 0.268389 0.111265 -0.0423854 -0.217597 -0.0683911 0.120318 -0.0548602 0.00741945 -0.0134334 -0.0187167 -0.021945 -0.0329604 -0.0147926 -0.0305773 -0.0957784 0.182245 -0.139373 0.0185214 -0.0282774 0.0454667 -0.0268465 0.0244115 -0.019368 0.00739468 -0.0113226 -0.0874481 0.0134063 0.0211313 -0.0490932 0.0254269 0.035799 0.0355571 -0.12035 0.0241623 -0.014664 0.00801688 -0.0339971 -0.103098 0.0381895 0.0723289 0.0833756 -0.0100541 0.0335003 0.00899628 -0.0547131 -0.0601487 0.120511 -0.0257823 0.0972435 0.168734 0.0454436 -0.0579246 -0.0388286 -0.0251791 0.0057247 0.0115314 -0.0255769 0.00817464 -0.110586 -0.134609 -0.265082 2.42774 1.36694 0.407721
 1.50907e-05 -5.74722 1.19681 3.20535e-06 -1.09761 0.92116 0.946239 -50.9412 991.761 -1.68716 -0.00978817 -0.0294646 -8.18725e-05 1.71689 -0.000456428 -5.05743e-05 1.52084 -0.0677569 -8.70738e-07 1.63409 -0.704825 -1.69903e-05 2.04274 -0.455173 0.115111 -6.31699 1.58127 -0.407697 -4.69378 5.28871 -5.07014 0.969696 -3.58347 -3.50709 -2.39766 4.1998 0.130119 0.836338 -0.0268601 2.05695 0.0651425 -0.0119492 1.34368 1.7137 -0.22259 0.843952 1.10171 -1.52339 -1.0368 2.24581 3.2589 -3.05838 -0.707822 10.4728 -1.87031 1.21252 1.82564 2.32879 -0.625329 -0.661438 0.311269 -0.0337273 1.82752 -1.29563 0.0311704 0.06674 -0.0157207 0.00353995 0.0304105 -2.66196e-05 3.03958 -1.05112 1.05411 0.0452365 -1.38778 0.697429 0.123799 -2.73599 0.0493835 0.0371292 -0.248526 -1.053 -0.409939 0.0239781 0.886128 -0.0801284 -0.300525 -0.0235945 -0.00890769 0.0327664 1.65304 1.70661 0.966093 1.20528 0.525477 0.0487314 -7.73754 1.21214 6.63574 -2.14022 -1.66902 -5.17307 -2.14158 0.812628 4.16479 1.30927 -2.30446 1.06095 -0.15361 0.251577 0.362473 0.421895 0.633277 0.284517 0.582023 1.82853 -3.49862 2.67735 -0.355299 0.53756 -0.875145 0.514101 -0.474708 0.371155 -0.143847 0.215322 1.67304 -0.250619 -0.424972 0.946029 -0.491242 -0.690332 -0.6884 2.3125 -0.472676 0.284999 -0.153405 0.650804 1.98675 -0.727813 -1.39446 -1.61497 0.186756 -0.644037 -0.178031 1.04737 1.15391 -2.32326 0.492372 -1.86781 -3.24548 -0.882187 1.11617 0.746771 0.485312 -0.114297 -0.225619 0.49281 -0.157103 2.12401 2.57023 5.09522 -46.2313 -26.8548 -7.86294
 -8.46205e-05 15.6684 -3.2145 7.7298e-05 10.3694 -8.63397 0.330665 0.0929846 -1.68716 888.469 -7.23194 151.241 6.44943e-05 -1.45174 -0.000135727 3.18499e-05 -1.06154 0.0471233 1.77346e-05 -1.33423 0.576644 9.53093e-06 -1.60411 0.359105 6.9246 7.07795 -1.86867 1.97756 5.30712 -5.98557 5.60012 1.06027 -4.76021 6.08539 3.56326 -6.32225 1.13033 -0.179058 -0.00951775 5.81397 -1.81926 -0.0381446 3.45428 0.17452 -0.100045 0.413124 0.572715 -0.797331 1.17414 1.53662 -4.64736 2.83585 -0.430412 -2.66145 2.76186 -2.95523 2.51547 2.64702 1.13905 -2.68104 0.487821 -0.0310931 -2.61914 4.417 0.0111823 -4.51204 -0.104891 0.0265988 -0.00923708 -6.73443e-06 -0.427638 0.135432 0.190648 0.0134237 -0.339757 -0.837813 -0.0754103 2.00414 -0.397095 -0.267301 1.91346 -0.218336 -6.39925 0.440037 -0.0943532 0.00531351 0.526439 0.00472507 -0.00879729 0.00407452 -0.154976 -5.16156 -1.73681 2.66806 6.33104 7.84873 -8.89396 -2.81963 -0.12772 20.6341 6.8503 -10.9747 2.97504 -1.70634 -3.35829 3.02021 8.7622 13.9641 -16.6009 1.57106 2.13041 0.861664 -0.461814 -0.86211 -0.855964 2.84289 -5.17178 0.297017 3.36894 -3.44545 0.937499 0.0774858 -1.66597 0.0387054 -0.22784 1.28915 -5.19391 9.29229 -10.6841 7.14548 -2.09311 -0.968698 1.38268 -5.54314 0.354481 -3.54417 -1.42268 1.10285 -0.262419 -0.48398 -0.949782 -1.19741 -1.30207 1.07833 -0.0686931 -2.80628 0.102489 1.04556 -1.49861 0.0709291 -2.04453 1.09218 1.62281 -1.54674 -2.9395 -1.01227 -0.954589 0.206699 -0.02623 -0.932354 -1.1982 2.0533 34.6444 -9.54925 2.32681
 -4.88179e-06 1.10894 -0.227694 5.8951e-06 0.741083 -0.617145 0.00523436 0.00118466 -0.00978817 -7.23194 2.34498 -34.0495 5.0541e-06 -0.110635 -2.26712e-05 2.65945e-06 -0.0831024 0.00362318 1.36191e-06 -0.125538 0.0541637 9.54832e-07 -0.139493 0.0311033 0.284236 0.79607 -0.20286 0.165557 0.549611 -0.61943 0.34971 0.0263266 -0.132154 0.180768 0.396483 -0.667679 0.065235 -0.0284181 -8.38039e-05 0.173521 -0.0769726 -0.00138967 0.0498808 0.0312436 -0.00635417 -0.000435062 0.00814658 -0.0113991 -0.0955943 0.0685227 0.0228195 -0.0359788 0.0565847 -0.294736 -0.0148938 0.0434632 0.0916748 -0.00456099 0.162761 -0.169034 0.00282429 -0.000191013 -0.0617678 0.102112 0.000764456 -0.124216 -0.00240566 0.000650124 -0.000541846 6.89593e-08 -0.0625266 0.0208945 -0.0114678 -0.000230486 0.0107166 -0.0113324 -0.000262381 0.0118049 -0.0096175 -0.00708242 0.0499583 -0.0654734 0.197464 -0.0130025 0.0259514 -0.00261997 0.0220536 0.00262508 0.000831272 -0.00348499 -0.0232826 -0.457957 0.0362544 0.587509 0.633835 0.629939 -0.46166 -0.0996054 -0.214617 0.521362 0.127902 -0.168807 0.373811 0.0330852 -0.453516 -0.25288 0.132436 0.42925 -0.203028 -0.00844361 -0.0337164 -0.0161777 -0.046909 -0.054983 -0.0671205 0.0758139 -0.145956 -0.0458813 0.115425 -0.09558 0.000506924 -0.0220958 -0.0499101 -0.00456006 0.0625882 -0.0063641 -0.135655 0.306753 -0.295706 0.0390811 -0.00444533 -0.0440446 0.0412872 -0.242709 0.029633 -0.0672905 -0.032908 -0.027597 -0.0775153 0.0267892 -0.00966617 -0.064031 -0.0520203 -0.00624621 0.0252177 -0.0778261 0.0132267 0.0122931 -0.103209 0.00751032 0.0608747 0.00307483 -0.031147 -0.0331052 -0.043442 -0.0221041 -0.022029 -0.00177774 0.000275714 -0.095431 -0.163007 -0.248027 2.83398 0.0691679 0.293018
 0.000111796 -25.6676 5.27029 -0.000134064 -17.103 14.2427 -0.0732727 -0.0142078 -0.0294646 151.241 -34.0495 788.246 -0.000122071 2.67877 0.000198199 -6.35995e-05 2.03031 -0.0888984 -3.056e-05 3.04248 -1.31303 -2.10705e-05 3.34259 -0.745541 -6.67204 -18.2638 4.65649 -3.8041 -12.6107 14.2129 -8.26309 -0.555461 2.85343 -4.33432 -9.04493 15.2463 -1.513 0.774243 -0.00322288 -4.09358 1.88837 0.0318672 -1.17048 -0.539649 0.123896 0.0800107 -0.123312 0.171673 2.19444 -1.6364 -0.294072 0.680387 -1.19318 6.79848 0.241098 -0.884175 -2.18552 0.0110996 -3.72508 3.92161 -0.080814 0.00538048 1.55367 -2.46924 -0.0192998 3.03328 0.0432009 -0.0119098 0.0160272 -2.65812e-06 1.58346 -0.531265 0.325116 0.00789346 -0.322339 0.19428 -0.000427931 -0.133359 0.212304 0.160197 -1.13044 1.61228 -4.29364 0.281891 -0.592393 0.059872 -0.491785 -0.0597547 -0.0186048 0.0790096 0.544235 10.6224 -0.894235 -13.5534 -14.3658 -14.3641 10.721 2.40759 5.0005 -13.0753 -3.15405 4.29076 -8.61997 -0.690769 10.449 5.65732 -3.31763 -10.2755 5.21462 0.136981 0.694434 0.335802 1.08622 1.28936 1.56134 -1.82774 3.51536 1.03123 -2.742 2.29886 -0.0409829 0.503464 1.1992 0.098677 -1.41252 0.104037 3.27223 -7.31282 7.10524 -1.13435 0.172325 1.03487 -0.988312 5.71464 -0.690133 1.65074 0.799775 0.595087 1.78098 -0.593991 0.245149 1.49215 1.22935 0.107686 -0.570479 1.86597 -0.304583 -0.314909 2.39844 -0.173705 -1.31684 -0.107404 0.653121 0.805429 1.08713 0.539522 0.535378 0.0338075 -0.00598154 2.20026 3.74018 5.55281 -65.7245 -1.02804 -6.72624
 4.78392e-10 -0.000129668 2.73118e-05 4.65902e-10 6.59148e-05 -5.46886e-05 1.47511e-05 4.04495e-06 -8.18725e-05 6.44943e-05 5.0541e-06 -0.000122071 1000 8.27123e-05 -6.29957e-06 -9.85435e-10 4.82173e-05 -1.80377e-06 2.84023e-10 3.71575e-05 -1.59243e-05 1.63549e-11 4.49387e-05 -9.79663e-06 -0.000268829 -0.000553486 0.000143177 -2.97867e-05 -0.000184684 0.000208036 -9.56889e-05 2.76585e-05 -0.000104924 -0.0001326 3.76403e-05 -5.29568e-05 0.000115728 2.97385e-05 -9.60117e-07 -0.000309653 0.00013192 3.1504e-06 -2.23499e-05 0.000167624 -1.95051e-05 3.13663e-05 4.19659e-05 -5.83016e-05 9.86438e-05 -2.22056e-05 -0.000214094 0.000160068 2.81761e-05 5.72383e-05 -4.94103e-06 9.19272e-07 0.000127736 -3.56991e-05 -3.78637e-05 5.24554e-05 -2.29927e-06 2.45995e-07 -2.91678e-05 1.96946e-06 1.25426e-06 -4.9754e-05 -8.08471e-07 2.01839e-07 -4.20878e-07 -5.25325e-10 7.28602e-05 -2.48644e-05 1.58908e-05 6.43251e-07 -1.92206e-05 2.41009e-05 3.80914e-06 -9.04468e-05 1.22639e-06 1.63967e-06 -1.26788e-05 -5.05138e-05 0.000266024 -1.759e-05 6.88936e-06 -5.30526e-07 1.10907e-05 -9.70754e-07 -1.40432e-07 1.12055e-06 -5.44961e-05 -5.71775e-05 1.84254e-05 7.62208e-05 3.91661e-05 9.13098e-06 1.24631e-06 7.83788e-06 -0.000104113 -2.42337e-05 -8.05842e-06 0.000233891 0.000148128 -0.000101313 -8.27677e-05 4.81786e-05 3.97169e-05 6.7528e-05 4.32495e-05 -9.13653e-06 -9.84088e-05 -1.13021e-05 6.29941e-05 3.7381e-05 -3.86012e-05 -3.33087e-05 -8.10489e-05 3.86053e-05 2.94311e-05 1.8538e-05 5.03262e-06 -2.68546e-06 -2.7313e-05 9.3563e-07 -1.96311e-05 -2.50842e-05 -3.08187e-05 -2.73622e-05 -2.78654e-05 -3.55407e-05 -1.33067e-05 4.06366e-06 1.43159e-05 3.24871e-05 2.23946e-05 1.57087e-05 9.94283e-06 -5.70472e-06 -3.90122e-05 -4.32114e-05 -2.07012e-05 8.83032e-06 2.23627e-05 -3.62093e-06 -3.65901e-05 1.6937e-07 -7.06819e-06 7.49094e-07 -6.10709e-06 -7.55169e-06 5.24817e-06 2.5297e-05 3.59614e-05 -1.69953e-05 -3.68608e-06 -1.1614e-05 -7.56574e-06 -3.48561e-06 4.93362e-06 3.3278e-05 6.20449e-05 8.8967e-05 -0.00077809 -0.000335145 -0.000118216
 -1.84421e-05 3.44815 -0.723873 -7.35488e-06 -1.06691 0.883766 -0.31356 -0.0843695 1.71689 -1.45174 -0.110635 2.67877 8.27123e-05 997.906 -2.77679 1.71567e-05 -1.12223 0.042725 -1.03645e-05 -0.745231 0.318627 -6.4839e-06 -0.899219 0.194783 8.34443 13.937 -3.63365 0.813642 4.77457 -5.37956 3.16596 -0.612949 2.24532 4.76428 -0.0990103 -0.171845 -3.51383 -0.782737 0.02822 6.53251 -3.14575 -0.0708404 0.862408 -4.87764 0.566148 -0.780583 -1.05726 1.46753 -2.15731 1.51891 4.46092 -3.6767 -1.23894 -0.671062 0.977625 -1.08332 -3.70486 1.71062 0.888928 -1.66086 0.0322449 -0.00253404 0.655993 0.123325 -0.027342 0.948414 0.00818129 -0.0018472 0.014892 1.02164e-05 -1.6166 0.549999 -0.306735 -0.0118245 0.356606 -0.630943 -0.0922593 2.19406 -0.0202713 -0.0312357 0.246662 1.47811 -8.54167 0.573738 -0.136714 0.00972767 -0.308145 0.021341 0.00335699 -0.0249115 1.98582 1.93648 -0.160298 -1.54933 -0.714406 0.017151 0.713533 0.265116 2.24034 0.294472 0.108059 -4.45081 -3.99708 1.83824 3.28355 -0.914663 -0.89893 -1.79136 -0.396978 0.575225 2.0292 0.358813 -1.45356 -1.40081 1.47834 1.1943 2.11119 -0.8238 -0.655122 -0.187832 0.0649565 0.157823 0.652459 0.123682 0.540896 0.671072 0.78473 0.597371 0.651755 0.801373 0.202444 -0.300999 -0.661205 -0.985752 -0.64373 -0.580742 -0.457984 -0.178085 0.417874 0.448562 0.0302342 -0.0924342 -0.240657 0.125859 0.63853 -0.138673 -0.0583628 -0.35121 -0.0790905 -0.0324006 -0.269148 -1.06872 -1.49589 -0.1595 -0.155985 0.0358203 -0.0288275 0.268933 -0.183991 -0.613038 -1.23826 -1.69147 14.5472 5.85205 2.16043
 2.16512e-07 -0.0264627 0.00547365 1.12414e-09 -0.0082574 0.00688737 7.92276e-05 7.16366e-06 -0.000456428 -0.000135727 -2.26712e-05 0.000198199 -6.29957e-06 -2.77679 0.825151 2.41088e-07 -0.00598498 0.000317419 2.52971e-08 -0.00255541 0.0011256 5.88795e-08 -0.00395646 0.000915032 -0.0351875 -0.0598152 0.0155357 -0.00612725 -0.0254654 0.0286922 -0.0140915 -2.93532e-05 0.00121679 -0.019592 -0.00579479 0.0109563 0.00230838 -0.00159062 0.000152372 -0.0358858 0.00842101 0.000361313 -0.0114057 0.00687588 -0.000529184 0.000143961 -0.000444984 0.000605971 0.0039361 -0.00724227 -0.0184681 0.0156207 0.00228239 0.000147971 -0.00576355 0.00670494 0.00726141 -0.00729914 -0.00592283 0.00963905 -0.000396551 3.0557e-05 -0.000910362 -0.000653265 4.36782e-05 -0.00117721 0.000128638 -3.33897e-05 -4.60633e-05 6.55117e-08 -0.00405333 0.00148439 -0.00038342 -1.52828e-05 0.000400751 0.0011078 0.000105724 -0.00285492 -0.000244851 -0.000204613 0.00134117 -0.0045907 0.0322582 -0.00215871 -0.000215202 2.95318e-05 0.000249451 -8.63481e-05 -1.3047e-05 0.000100258 -0.0074817 -0.00443255 -0.00079682 0.00243308 0.0016171 0.000404631 -0.00142102 -0.00124018 -0.00730505 -0.0035607 -0.000521353 0.0161215 0.0137717 -0.00632659 -0.0115498 0.0026558 0.00272796 0.00604406 0.00147794 -0.0024987 -0.00714196 -0.000938152 0.00568134 0.00530287 -0.00543174 -0.00457033 -0.00749113 0.00300848 0.00220447 0.000330617 -0.000345214 -0.000707237 -0.0021223 -0.000586209 -0.00204788 -0.00243117 -0.00259321 -0.00230157 -0.00172664 -0.00305045 -0.000621152 0.00125336 0.00271841 0.00379378 0.00251355 0.00208718 0.00151184 0.000381616 -0.00162887 -0.00146361 0.000599466 0.000848209 0.00122211 -0.000454012 -0.00201763 0.000728245 0.000284739 0.00185975 0.000476581 0.00041774 0.00122231 0.00405851 0.00522328 0.000746001 0.000620678 0.000109603 0.000347455 -0.00110799 0.000698566 0.00213098 0.0048887 0.00549597 -0.066965 0.00437596 -0.0061962
 -2.30507e-10 -6.91968e-05 1.44509e-05 -2.98979e-12 1.40362e-06 -1.09902e-06 8.75055e-06 2.56382e-06 -5.05743e-05 3.18499e-05 2.65945e-06 -6.35995e-05 -9.85435e-10 1.71567e-05 2.41088e-07 1000 2.52772e-05 -3.61729e-06 -3.57902e-10 2.46038e-05 -1.05353e-05 -5.84326e-10 3.02074e-05 -6.59078e-06 3.03026e-05 -3.01837e-06 2.17019e-07 -1.00863e-05 -5.91715e-05 6.66165e-05 1.39017e-05 1.28837e-05 -5.40733e-05 6.70405e-05 -1.73557e-06 -2.19119e-06 -2.36265e-05 6.65328e-06 -1.03513e-07 -9.23023e-05 2.45855e-05 7.2882e-07 -1.80124e-05 5.97375e-06 -4.83303e-08 8.81628e-06 1.3653e-05 -1.88949e-05 7.22249e-05 -8.28714e-06 -0.000185494 0.000135284 -2.53698e-05 8.0917e-05 3.57984e-05 -4.88502e-05 1.44408e-05 2.83217e-05 -3.51673e-05 2.06611e-05 6.73265e-06 -4.74806e-07 -8.64136e-06 1.66543e-05 -7.03113e-08 -1.3922e-05 -2.41198e-06 5.96803e-07 4.63862e-07 -4.3612e-10 3.66941e-05 -1.25626e-05 1.09473e-05 4.86783e-07 -1.4586e-05 1.05001e-06 9.78405e-07 -2.40903e-05 2.80968e-06 2.61441e-06 -1.95313e-05 -6.14463e-07 -0.000342985 2.39693e-05 1.45818e-05 -1.30949e-06 1.25595e-06 -8.81747e-07 -1.66865e-07 1.05745e-06 -1.64798e-05 -5.54454e-05 4.4115e-05 0.000112531 7.41116e-05 5.59978e-05 4.37654e-05 -2.52608e-06 -0.0001535 -9.84124e-05 -3.2453e-05 0.000244108 -1.03253e-05 0.000143748 -4.7521e-05 4.32296e-06 8.36561e-05 -2.87832e-05 4.16654e-05 -1.07566e-05 -3.32409e-05 -2.31079e-05 -1.83409e-05 7.04983e-06 1.01926e-05 4.94638e-05 -2.40847e-05 -4.22795e-06 -3.66869e-05 4.97121e-06 1.24141e-05 1.06975e-05 -8.84866e-06 -4.3401e-06 -1.83187e-05 -5.39401e-06 -1.36922e-05 -3.16549e-05 -2.33639e-05 -1.29357e-05 -1.30777e-05 -3.76046e-06 -4.12011e-06 9.93975e-06 5.76457e-06 -8.57322e-06 -1.32851e-05 -1.18106e-05 -1.54983e-05 -3.34787e-05 -3.96943e-05 -1.5071e-06 5.2374e-06 -7.55622e-06 4.4177e-06 8.0499e-06 -1.36079e-05 2.27826e-05 -1.97374e-06 -2.41389e-05 -1.53771e-05 -1.83444e-05 -1.20988e-05 -2.1142e-05 -5.30103e-06 -1.08922e-05 -9.66496e-06 8.31324e-06 1.34731e-06 2.4672e-05 4.65068e-05 6.25663e-05 -0.000532186 -0.000314515 -9.11059e-05
 -7.85501e-06 2.82263 -0.590415 -8.7762e-07 0.0158886 -0.0166144 -0.275751 -0.0753455 1.52084 -1.06154 -0.0831024 2.03031 4.82173e-05 -1.12223 -0.00598498 2.52772e-05 996.882 -46.7743 -2.41568e-07 -0.703166 0.301155 3.74444e-06 -0.842391 0.183905 3.48563 4.15597 -1.10382 0.452701 2.84046 -3.20141 1.85454 -0.377007 1.39456 2.36001 0.394463 -0.815198 -1.13988 -0.438176 0.015413 2.75575 -1.33294 -0.0296745 1.18822 -2.43316 0.264214 -0.455971 -0.644085 0.891591 -1.39127 1.79381 3.25841 -2.90835 -0.364983 -1.18621 0.407454 -0.368334 -2.02746 0.890197 1.11979 -1.53755 -0.191099 0.0176036 -0.0223537 0.111475 -0.0127762 0.406633 0.0343784 -0.0082213 -0.00258943 1.11441e-05 -1.20333 0.411228 -0.319264 -0.0135492 0.409083 -0.349497 -0.0617999 1.48558 -0.107566 -0.0720657 0.540591 0.576088 1.49689 -0.108681 -0.30817 0.0261057 -0.104072 0.0267792 0.00380886 -0.0308544 1.538 2.43349 -0.72229 -2.77804 -1.71043 -1.01569 -0.421479 0.761013 3.30425 2.15784 0.701505 -6.48925 -2.47856 -0.394326 3.65073 1.22568 -3.4133 -3.27003 2.51468 -0.0960379 1.09747 0.611241 0.22425 -0.278931 -0.573982 0.649191 0.621578 0.167552 0.598704 0.414641 0.0123322 -0.0272949 0.305026 0.203861 0.784933 0.50692 0.617417 0.629777 0.859883 0.524755 0.39559 0.24221 -0.198534 -1.35758 -0.386978 -0.0740434 0.0773932 0.0730149 0.193158 0.226348 0.418411 0.128586 0.208915 -0.337933 -0.0636607 0.000191889 0.239242 -0.637087 -0.892723 0.235781 0.10783 -0.370818 -0.741113 -0.5807 -0.306922 -0.0443028 0.00313042 0.0568898 -0.141621 -0.636744 -1.09583 -1.61093 14.2358 7.40645 2.31644
 5.30736e-07 -0.145928 0.0304694 3.1361e-08 -0.0107021 0.00906917 0.0122428 0.00334533 -0.0677569 0.0471233 0.00362318 -0.0888984 -1.80377e-06 0.042725 0.000317419 -3.61729e-06 -46.7743 3.07256 2.5153e-08 0.0287676 -0.0122937 -1.23389e-07 0.0344151 -0.00747565 -0.169346 -0.205525 0.0545043 -0.024415 -0.141245 0.159196 -0.090143 0.0163917 -0.0599178 -0.114129 -0.0229693 0.0458611 0.0504013 0.0185908 -0.000607394 -0.13717 0.0617536 0.00147246 -0.0611989 0.109055 -0.0116279 0.0195229 0.027394 -0.0379092 0.0641896 -0.0868155 -0.157492 0.140663 0.0161767 0.0557444 -0.0202088 0.0185431 0.0926871 -0.0431467 -0.0553901 0.0759064 0.00882673 -0.000816612 0.00199216 -0.00544786 0.000572576 -0.0179078 -0.00141866 0.000336188 0.000130857 -4.22163e-07 0.0504105 -0.0171607 0.0139146 0.00059022 -0.0178916 0.0161192 0.00277982 -0.0671552 0.00441026 0.00300341 -0.0227107 -0.0280436 -0.0711948 0.00516927 0.0140962 -0.00118982 0.00435646 -0.00128653 -0.000182553 0.00148187 -0.0734795 -0.11596 0.0319644 0.132221 0.0830428 0.0494393 0.0202593 -0.0364735 -0.156201 -0.107398 -0.0353383 0.310258 0.118336 0.0184214 -0.174087 -0.0586811 0.162719 0.15622 -0.119994 0.00451645 -0.0524799 -0.0289597 -0.0103152 0.0135436 0.0274004 -0.0311594 -0.02967 -0.0079477 -0.0285315 -0.0198411 -0.000516084 0.00127969 -0.0143389 -0.00978246 -0.0374232 -0.0241709 -0.0292887 -0.0302192 -0.0405171 -0.0251572 -0.018775 -0.0113957 0.00977571 0.0650107 0.0187074 0.00358527 -0.00371814 -0.00358379 -0.00932582 -0.0108217 -0.0194813 -0.00571753 -0.00959427 0.0160672 0.00310678 0.00011611 -0.0113878 0.0308339 0.0426015 -0.0110555 -0.00493678 0.0179732 0.0352937 0.0278057 0.0146625 0.00229803 4.72432e-05 -0.00281051 0.00677431 0.0303851 0.0528954 0.0766026 -0.694958 -0.329844 -0.109284
 -9.66321e-10 2.42548e-05 -5.04659e-06 4.48626e-11 2.56448e-05 -2.13715e-05 -1.15652e-06 1.26333e-07 -8.70738e-07 1.77346e-05 1.36191e-06 -3.056e-05 2.84023e-10 -1.03645e-05 2.52971e-08 -3.57902e-10 -2.41568e-07 2.5153e-08 1000 -5.95676e-06 3.37738e-06 -4.65951e-10 4.73647e-06 -1.09711e-06 6.63948e-05 -3.6003e-06 -4.01689e-07 6.73655e-06 4.68449e-05 -5.28327e-05 6.64721e-05 5.13907e-06 -2.6205e-05 0.000136576 -4.21018e-05 5.96076e-05 -3.567e-05 -2.86516e-06 2.89324e-07 -3.93093e-05 2.3795e-07 1.43769e-07 -3.24658e-06 -3.61881e-05 4.62438e-06 -3.07591e-06 -2.7045e-06 3.72857e-06 3.34898e-05 1.38941e-05 -6.6515e-05 4.29214e-05 -3.16888e-05 1.83682e-05 5.97316e-05 -7.07045e-05 -2.54732e-05 2.36731e-05 -5.62619e-06 -5.59763e-06 5.05244e-07 1.33252e-07 -1.99494e-05 6.22653e-06 -6.35683e-08 -2.79684e-06 -1.58064e-06 3.88201e-07 3.01832e-07 -1.21047e-10 -2.41509e-06 7.84221e-07 -4.18819e-07 1.42304e-08 -7.06853e-07 7.58999e-07 2.83234e-07 -5.42493e-06 1.61684e-06 1.03941e-06 -7.25872e-06 4.689e-06 -0.000326049 2.24446e-05 7.08596e-06 -6.58635e-07 8.7628e-07 -5.20906e-07 -1.952e-07 7.21837e-07 3.21052e-06 -2.10511e-05 -4.03588e-05 -7.58712e-05 -2.43253e-05 1.73065e-05 3.90236e-05 0.000380718 -0.000166055 -8.31795e-05 -4.22396e-05 -6.17358e-05 -7.33939e-05 0.000106797 2.9441e-05 -3.25793e-07 6.37452e-05 -2.77279e-06 -2.70962e-05 9.36878e-06 3.44634e-05 -7.82452e-06 -5.71719e-06 -3.39785e-06 -2.37178e-06 1.33963e-05 1.2102e-05 -8.7647e-06 8.17361e-06 1.32987e-06 1.28479e-05 1.53207e-05 8.04346e-06 8.50862e-06 -1.31951e-05 -3.40126e-06 2.80995e-07 2.32207e-06 2.43575e-06 -5.74865e-06 9.92621e-06 5.99123e-07 -8.7174e-07 -2.42038e-06 9.42251e-07 -7.60643e-06 3.14767e-06 1.61448e-05 -1.04129e-06 -4.35971e-05 -4.25078e-05 2.22811e-05 1.30903e-05 -9.92762e-06 7.85737e-06 1.57325e-05 -8.89321e-06 3.20758e-05 -1.00676e-05 -3.00494e-06 -1.27854e-05 -2.39526e-05 -1.97351e-05 -2.09651e-05 -6.80674e-06 -4.88242e-06 -3.08989e-06 3.71966e-06 -3.6373e-07 2.26594e-06 9.53119e-06 3.15141e-06 -3.97014e-05 -4.11739e-05 -8.9256e-06
 -2.55022e-05 2.51001 -0.527036 -8.98453e-06 -1.86362 1.54858 -0.346082 -0.081228 1.63409 -1.33423 -0.125538 3.04248 3.71575e-05 -0.745231 -0.00255541 2.46038e-05 -0.703166 0.0287676 -5.95676e-06 838.439 -363.011 1.17702e-05 -1.75661 0.392715 -0.939673 4.77999 -1.18 -0.1821 0.123978 -0.13906 0.126515 -0.68512 2.7911 -0.265693 2.63721 -4.33143 0.178675 -0.327367 0.00664531 0.606808 -0.345927 -0.00502308 -0.583506 -0.382008 0.0484244 -0.362411 -0.44727 0.620204 -0.528552 -0.965277 1.66879 -0.881622 1.04343 -3.23852 -1.47401 2.00214 -0.578844 -1.60419 0.648976 0.1969 -0.162656 0.0161704 -0.605049 -0.899901 0.0280432 -0.0935916 -0.014733 0.00397902 -0.00898688 1.05566e-05 -1.32027 0.459343 -0.566783 -0.0266306 0.803688 -0.394864 -0.0655415 1.45828 -0.135077 -0.0604833 0.439384 -1.5396 3.57381 -0.228584 -0.374562 0.0349966 0.121708 0.0382287 -0.00422185 -0.0343363 -0.449408 1.74801 2.1087 2.31185 -0.542737 -0.383523 -32.9391 14.3984 0.492453 3.22517 1.2669 3.65559 -6.32021 1.04703 2.20081 -1.04784 0.168918 -1.1304 -0.245228 -0.0810557 1.28132 0.288378 0.188216 0.586755 0.939548 0.159412 -0.180047 -0.524236 0.973164 -0.288399 -0.146118 -0.0453058 0.665178 1.4241 -0.316779 -0.0325858 0.343414 0.228327 0.769677 -0.808301 0.135032 0.110197 0.437371 -0.427859 0.170061 0.607571 0.688689 0.452826 0.289958 1.14013 0.815082 -0.413519 -0.203197 -0.86183 -0.0879639 0.100365 -0.0341344 1.64116 -0.359621 0.469121 1.01769 0.417611 0.14552 -0.939738 -0.423035 -0.0286433 0.160832 -0.404842 0.0578674 -0.849815 -0.88681 -1.91542 19.2549 9.57491 3.08066
 1.11688e-05 -1.1012 0.231161 3.84591e-06 0.801775 -0.666223 0.149267 0.035025 -0.704825 0.576644 0.0541637 -1.31303 -1.59243e-05 0.318627 0.0011256 -1.05353e-05 0.301155 -0.0122937 3.37738e-06 -363.011 158.734 -5.13556e-06 0.760276 -0.169966 0.40708 -2.07998 0.51349 0.0778315 -0.0578368 0.0648928 -0.055867 0.296181 -1.20654 0.114555 -1.14842 1.8863 -0.0782283 0.139783 -0.00277573 -0.263781 0.148888 0.00219534 0.252324 0.161732 -0.0204784 0.155606 0.19226 -0.266567 0.229201 0.419182 -0.72486 0.382981 -0.453176 1.40644 0.640384 -0.86978 0.2502 0.696314 -0.282612 -0.0844769 0.0703343 -0.00699826 0.263604 0.390884 -0.0122197 0.0421149 0.00652294 -0.00175906 0.00383521 -4.5278e-06 0.570401 -0.198438 0.244861 0.0114998 -0.347156 0.171217 0.0284187 -0.632359 0.0574875 0.0260046 -0.188892 0.671305 -1.55101 0.0991898 0.162135 -0.0151506 -0.0520745 -0.0166049 0.00183614 0.0149118 0.195146 -0.756095 -0.916865 -1.00845 0.234066 0.173836 14.3111 -6.26129 -0.211439 -1.39996 -0.552249 -1.58689 2.74523 -0.455526 -0.955788 0.454927 -0.0739775 0.490708 0.106894 0.0351915 -0.556864 -0.125174 -0.0816606 -0.254793 -0.407946 -0.0691801 0.0780876 0.227666 -0.422763 0.125204 0.0634655 0.0195573 -0.288752 -0.618578 0.137644 0.0141816 -0.14905 -0.0994545 -0.334002 0.350895 -0.0587659 -0.0479043 -0.189863 0.18584 -0.0737942 -0.264013 -0.299269 -0.196879 -0.126103 -0.495168 -0.353645 0.179631 0.0883363 0.374034 0.0380876 -0.0437228 0.0146526 -0.712446 0.156007 -0.203804 -0.441918 -0.181246 -0.0634689 0.408013 0.183512 0.0124542 -0.0698264 0.175779 -0.025132 0.369063 0.385818 0.831695 -8.37892 -4.13292 -1.33654
 -6.12811e-10 1.45563e-05 -3.00697e-06 1.56883e-10 3.73153e-05 -3.10726e-05 2.13734e-06 8.73959e-07 -1.69903e-05 9.53093e-06 9.54832e-07 -2.10705e-05 1.63549e-11 -6.4839e-06 5.88795e-08 -5.84326e-10 3.74444e-06 -1.23389e-07 -4.65951e-10 1.17702e-05 -5.13556e-06 1000 1.71796e-05 -3.77373e-06 0.000113247 -0.000119253 2.7583e-05 1.16058e-05 5.4298e-05 -6.12865e-05 8.40919e-05 9.82088e-06 -4.4978e-05 0.00016652 1.16914e-05 -3.134e-05 -4.78219e-05 -2.60043e-06 4.56462e-07 -6.62915e-05 4.5529e-06 3.459e-07 1.08309e-05 -4.96288e-05 5.78965e-06 -1.69545e-06 -2.18946e-06 2.94177e-06 1.92142e-05 6.31819e-05 -4.06753e-05 8.49028e-06 -5.49606e-05 3.12864e-05 0.000112275 -0.000132785 -2.99978e-05 4.66386e-05 -1.23838e-05 -1.04737e-05 5.55449e-07 1.2237e-07 -1.59097e-05 9.40028e-06 3.0423e-08 -8.91654e-06 -1.8548e-06 4.67288e-07 4.16427e-07 -2.20921e-10 1.11156e-05 -4.00694e-06 3.5716e-06 1.94458e-07 -5.60078e-06 -1.45604e-06 2.85235e-07 -5.27378e-06 2.3901e-06 1.45727e-06 -1.03912e-05 1.39767e-05 -0.000332921 2.30066e-05 3.51105e-06 -3.60293e-07 -3.94441e-08 -5.55857e-07 -1.8761e-07 7.49755e-07 1.65564e-05 -1.61415e-06 7.72101e-06 1.14924e-05 1.86785e-05 2.83659e-05 7.21525e-05 9.36515e-05 -8.78813e-05 -8.48755e-05 -3.69709e-05 -2.41323e-05 -1.12475e-05 9.87249e-05 8.20586e-05 -2.11226e-05 3.2482e-05 -4.6509e-05 0.000118466 -3.5584e-05 -1.53522e-07 -1.03403e-06 -2.23802e-06 -1.0887e-06 5.80351e-06 4.16534e-05 4.75354e-06 4.11877e-06 -1.81401e-05 2.38436e-05 -1.39146e-06 3.26814e-06 -4.11872e-06 8.53201e-06 5.28964e-06 6.74742e-06 4.77717e-06 -1.02984e-05 8.71216e-06 -1.09991e-05 1.41711e-06 -9.55758e-06 -1.63887e-05 -4.04899e-06 6.3746e-06 -4.97383e-06 1.22927e-05 1.49765e-05 -1.90441e-05 -9.57502e-05 -6.01056e-05 3.38394e-05 1.30581e-05 -1.22095e-06 7.10803e-07 6.39434e-06 -1.17605e-05 -3.82003e-06 4.66294e-06 -1.87346e-05 -1.93493e-05 -3.27558e-05 -3.88134e-05 -2.50552e-05 -1.04928e-05 -1.05793e-05 -1.0104e-05 9.41119e-06 -1.68745e-06 1.05059e-05 1.28542e-05 2.0886e-05 -0.000223503 -0.000139977 -3.9234e-05
 2.29921e-06 1.39282 -0.295785 -1.12418e-05 -2.11083 1.75448 -0.355783 -0.10255 2.04274 -1.60411 -0.139493 3.34259 4.49387e-05 -0.899219 -0.00395646 3.02074e-05 -0.842391 0.0344151 4.73647e-06 -1.75661 0.760276 1.71796e-05 950.376 -213.178 -0.865839 11.9303 -2.9625 0.0636401 0.98519 -1.10659 -2.99093 -1.00031 4.29165 -3.04085 1.3656 -2.03234 0.390305 -0.3852 0.00185861 2.11406 -0.759959 -0.0183914 -2.12423 0.449933 -0.0224969 -0.358113 -0.445436 0.620913 -0.691048 -2.21149 1.28832 -0.202199 1.71492 -4.5894 -2.83394 3.70068 -0.211018 -2.59454 0.540598 0.815045 -0.124134 0.0093783 0.0621896 -0.315364 -0.0187944 0.984027 0.0328995 -0.00836821 -0.0140298 1.43112e-05 -1.38972 0.485899 -0.483364 -0.0227742 0.67692 -0.354399 -0.0684786 1.5147 -0.154563 -0.0814017 0.593971 -0.539982 3.02411 -0.205414 -0.267495 0.0260535 0.0342435 0.0349256 0.000300214 -0.0355488 -0.739601 0.983561 -0.41463 -1.73242 -1.55471 -1.00268 -8.93305 3.35706 1.47771 3.52446 1.51828 1.47985 -6.71536 -0.949861 4.28997 -0.160579 -2.12514 -6.80486 1.53978 0.736 -0.733883 -0.512328 -0.347264 0.276043 -0.26708 -1.00848 -1.01519 0.481574 1.36549 -0.722165 -0.193906 -0.149648 0.211695 -0.233012 0.183279 -0.00233339 0.096567 0.477623 0.208752 0.16656 0.270699 0.63258 1.04397 0.566962 0.245254 0.230064 0.154383 0.185885 0.343924 2.26129 1.58748 -0.493232 -0.262356 -0.0977336 0.365266 0.297238 0.358856 0.984285 0.105917 0.575584 2.15174 1.48421 0.679419 -0.437708 -0.00456714 0.297829 0.421044 -0.581216 0.0775493 -0.948218 -1.13482 -2.15342 21.3263 10.8881 3.44636
