 1000 0.00528174 -0.000162768 5.6883e-09 -0.000432171 4.80991e-05 -3.1594e-09 -7.81276e-06 3.45388e-05 -9.53586e-05 -6.59021e-05 0.000238522 1.31635e-09 -9.5098e-06 1.05149e-07 1.28576e-09 -1.59082e-05 1.6997e-07 3.72918e-10 -3.01753e-05 1.44042e-06 7.171e-10 -1.7677e-05 4.18622e-07 -0.00029721 -0.000642059 7.3561e-05 -5.23976e-05 -0.00054608 0.000190165 -0.000124647 -0.000143997 0.000172503 -0.000213263 -0.00032079 0.000181873 -9.72467e-06 1.97874e-07 5.97382e-07 -0.000412897 9.64062e-05 2.44148e-06 -0.000126412 3.30531e-05 2.62093e-07 -7.19349e-06 -1.2487e-05 2.98852e-06 3.63814e-05 -0.000208886 -0.000236613 0.000150984 8.46575e-07 4.29275e-05 -4.07641e-05 4.89626e-05 -0.000122989 -0.000102965 -0.000121164 9.20441e-05 2.89073e-06 -2.20098e-07 5.29588e-05 2.34529e-06 -1.96628e-06 4.73053e-05 2.03701e-06 -5.48701e-07 -1.55981e-07 1.07212e-09 -3.15428e-05 9.50359e-07 -7.93713e-06 -9.30161e-06 2.35183e-05 -3.63208e-05 -1.08926e-05 0.000101908 4.44722e-07 9.30666e-07 -2.44843e-06 -0.000110555 0.000384654 -5.16514e-06 -9.98655e-06 5.15331e-07 -5.61757e-06 -1.31983e-06 -2.34371e-07 1.5614e-06 -4.25593e-05 7.42633e-05 -2.20388e-05 -0.000214493 -6.37618e-05 6.25134e-05 -0.000268848 0.000459048 -0.000116513 -0.000362418 -0.000182993 0.00010013 -1.9835e-05 6.89355e-06 -1.41557e-05 -2.49563e-05 1.09178e-05 2.07332e-05 -0.000102375 0.00018351 -0.000164685 1.08247e-05 7.1904e-06 -4.33006e-06 -2.13151e-05 -1.42647e-05 -4.39085e-07 -1.11294e-05 7.285e-05 -5.69785e-05 -2.06851e-05 -3.61898e-05 -2.48234e-05 -1.79255e-05 5.90457e-06 -1.8316e-05 -2.55298e-05 0.000175445 -7.61046e-05 4.24749e-05 -7.49882e-06 8.61623e-06 2.47773e-05 -3.10858e-06 3.41486e-05 1.20243e-05 8.24706e-05 4.81811e-05 3.31037e-05 2.13946e-05 1.45739e-05 2.9389e-05 5.6371e-06 8.03526e-07 3.74717e-05 8.91014e-06 4.98807e-05 7.34914e-05 3.37649e-05 3.74429e-05 3.69996e-05 6.46119e-06 3.64577e-05 6.85641e-06 1.9729e-05 2.11158e-05 2.16294e-05 -2.423e-05 4.77876e-06 1.06717e-05 2.0291e-05 -1.83289e-05 -0.000402969 0.000163222 -4.1365e-05
 0.00528174 632.709 -17.8399 -0.000386196 28.6964 -3.19413 0.000299422 0.908732 -4.05677 6.04063 4.74288 -17.176 -0.000111686 0.817759 -0.00567898 -0.00010481 1.34229 -0.0103116 -6.96044e-05 1.61231 -0.0781286 -6.77438e-05 1.50309 -0.0325959 23.774 39.775 -4.61181 3.06707 32.1994 -11.2133 10.8808 9.42648 -11.3752 18.9112 20.6854 -11.8903 0.546487 0.0810644 -0.0429104 26.3046 -6.04524 -0.154415 10.4427 -2.92917 0.00405549 0.811415 0.86928 -0.209679 -0.500742 12.7826 11.987 -8.09549 -1.30403 -0.705347 5.15733 -6.425 7.72276 8.42946 8.38547 -6.71312 -0.268465 0.0215926 -3.47147 0.770476 0.119944 -3.48601 -0.19655 0.053988 0.00989156 -8.69057e-05 2.36052 -0.068268 0.703571 0.721495 -1.8275 2.23183 0.680448 -6.33831 0.0853083 0.237248 -0.584747 7.96477 -29.3014 0.449746 1.28919 -0.0776173 0.17032 0.0899844 -0.000140137 -0.0902873 4.15751 -3.33073 1.14677 12.5731 4.45093 -6.6302 0.0521701 2.92873 -5.97887 16.497 9.95003 -2.35286 -1.47554 -0.895991 2.0685 7.39262 3.92526 -1.90241 -8.69224 5.08683 0.407902 0.758049 -1.31668 -0.0452044 2.04997 2.32474 0.989865 1.76312 -1.27054 1.60957 2.03934 2.18392 1.63802 1.28075 1.15432 1.11034 0.981091 -2.47486 -2.36805 2.03791 0.0271387 -0.412594 -1.61157 -2.15221 -1.12763 -2.98435 -3.86091 -2.9769 -0.735876 -1.41096 -2.03912 -1.44267 -0.944555 -1.04661 -2.71036 -2.49305 -1.18485 -3.21111 -3.57202 -1.16033 -1.99213 -3.70198 -3.43584 -2.53179 -1.94638 -1.63985 -1.50025 2.17933 -0.416626 -0.494226 -1.07341 0.921174 22.4008 -11.3734 1.90484
 -0.000162768 -17.8399 1.35515 1.13683e-05 -0.842688 0.093796 -9.43233e-06 -0.0285858 0.12771 -0.178304 -0.138988 0.503342 3.96471e-06 -0.0299844 0.000166797 3.392e-06 -0.0454513 0.000320634 2.00889e-06 -0.052203 0.00251139 1.95792e-06 -0.0477268 0.00102375 -0.698427 -1.16713 0.13533 -0.0928386 -0.944851 0.329044 -0.320169 -0.277185 0.334493 -0.555956 -0.607495 0.349214 -0.0279746 -0.00860902 0.00140256 -0.775169 0.170674 0.00455821 -0.31434 0.070794 0.000857655 -0.0295729 -0.031371 0.00737651 0.00912269 -0.374503 -0.35166 0.237469 0.0370371 0.0197181 -0.152275 0.189755 -0.228302 -0.24758 -0.246455 0.197284 0.00788132 -0.000633429 0.10232 -0.0227297 -0.00354605 0.103046 0.0055394 -0.00152133 -0.000231183 2.81005e-06 -0.0776392 0.00218052 -0.0227991 -0.0228422 0.0578775 -0.0654009 -0.0200476 0.186737 -0.00338866 -0.00760794 0.0187894 -0.224746 0.869252 -0.0133381 -0.0378827 0.00228085 -0.00493796 -0.00262448 7.09524e-06 0.0026303 -0.121991 0.100711 -0.0351543 -0.367905 -0.132988 0.198167 -0.000353556 -0.0884258 0.175743 -0.480848 -0.29206 0.0689405 0.0438191 0.026017 -0.0613247 -0.217286 -0.115581 0.0555569 0.255371 -0.149997 -0.0110448 -0.0222476 0.0385867 0.00121992 -0.0604898 -0.0685519 -0.0287829 -0.0511659 0.0369749 -0.0471969 -0.0601724 -0.0642051 -0.0481595 -0.0375742 -0.0339161 -0.0325879 -0.0285986 0.0718362 0.069808 -0.0600043 -0.000720252 0.0121137 0.047203 0.063028 0.0327837 0.087361 0.112851 0.0869671 0.0212858 0.0412614 0.0598113 0.0421939 0.0276316 0.0307083 0.0793575 0.0731802 0.0346922 0.0938813 0.104735 0.0339368 0.0582045 0.10855 0.100828 0.074286 0.0570376 0.0480182 0.0439312 -0.0639814 0.0122162 0.0144098 0.0312058 -0.0271923 -0.655028 0.332631 -0.0556881
 5.6883e-09 -0.000386196 1.13683e-05 1000 0.00280597 -0.000319668 -1.46738e-09 -3.69011e-06 1.63701e-05 -7.03648e-05 -5.37799e-05 0.000194603 -9.80563e-10 9.41427e-06 1.01439e-07 1.54396e-10 2.0957e-06 1.24532e-07 5.41231e-10 1.04317e-07 8.34114e-08 2.77287e-10 3.48589e-06 -1.24281e-08 -0.00022435 -0.000519696 5.95939e-05 -4.20079e-05 -0.000466192 0.000162496 -9.3368e-05 -0.000129006 0.000153981 -0.000155342 -0.000358942 0.000201235 7.03091e-05 1.31267e-05 5.92701e-08 -0.00028873 9.40292e-05 1.98028e-06 -6.56075e-05 9.06697e-05 -3.44182e-06 1.94484e-05 9.48954e-06 -1.67817e-06 3.53205e-05 -9.88895e-05 -2.82285e-05 3.23769e-05 -1.72439e-05 6.4302e-05 -1.84028e-05 1.97522e-05 -9.27516e-05 -9.41872e-05 -7.49755e-05 6.5741e-05 1.32506e-05 -9.55454e-07 5.06173e-05 1.86172e-05 -5.67059e-06 0.000130016 6.62404e-06 -1.88752e-06 -7.54894e-07 -1.20769e-10 6.62286e-06 1.27196e-07 -7.82439e-07 -2.44464e-06 6.08516e-06 -2.12951e-05 -7.82476e-06 7.21846e-05 2.33326e-06 -6.17364e-07 1.33492e-06 -8.00935e-05 0.000179464 -2.56013e-06 -4.56303e-06 2.32185e-07 -8.43425e-06 -1.45204e-06 -1.32661e-07 1.59218e-06 -5.71409e-05 -4.9499e-06 1.11322e-05 -0.000100955 -9.74892e-05 -0.00013245 8.89812e-05 6.71568e-06 -5.90265e-05 -5.24055e-05 5.21853e-06 1.78016e-05 -1.23511e-05 3.38873e-07 -3.80977e-05 6.13438e-05 -2.46195e-05 2.91327e-05 1.37638e-05 -3.75186e-05 -5.3318e-06 9.32977e-06 3.84378e-05 -2.58947e-06 4.6943e-06 -4.0196e-05 3.39422e-06 -1.36221e-05 -1.20926e-05 2.53006e-05 -4.44444e-06 5.16391e-05 -3.949e-06 -6.95618e-05 -0.000130653 -0.00019869 -6.04294e-05 0.000198833 3.24453e-05 6.75505e-05 -1.46542e-05 3.4933e-06 5.52933e-05 -6.98651e-06 2.82779e-05 -1.77188e-05 7.22095e-05 2.24595e-05 4.49536e-05 -3.97555e-05 -3.72908e-05 -2.30214e-05 -2.67645e-05 6.94973e-05 7.47583e-05 1.37537e-05 -2.21437e-07 5.32818e-05 5.3331e-05 6.48862e-05 3.7915e-05 -5.22611e-05 5.43754e-05 1.0517e-05 1.74791e-05 1.72768e-05 1.71934e-05 -2.17709e-05 5.49365e-06 1.34621e-05 7.07852e-06 -3.87441e-05 -0.000375924 5.86413e-05 -5.42825e-05
 -0.000432171 28.6964 -0.842688 0.00280597 780.01 -85.9508 0.000105349 0.295448 -1.29032 5.2354 4.46912 -16.1774 5.6672e-05 -0.566521 -0.00456976 -2.37726e-05 0.0139231 -0.00596852 -4.55195e-05 0.160316 -0.011243 -2.54551e-05 -0.0830127 -0.00118556 18.856 30.5881 -3.55351 2.20719 25.6767 -8.94323 10.9917 7.71379 -9.36418 17.0113 17.2041 -9.92846 -4.83181 -0.735179 -0.00291513 17.5325 -5.74808 -0.103251 7.52857 -7.07637 0.286929 -0.904155 -0.667347 0.122229 -2.26017 7.66607 2.4263 -2.62571 -0.0419734 -1.30156 2.76609 -3.4084 6.48888 7.13229 7.73963 -6.0072 -0.253689 0.0200123 -2.83932 -3.01124 0.522073 -10.9458 -0.540816 0.150284 0.0512818 -6.96474e-07 -0.247518 -0.00959617 0.0948206 0.207851 -0.521557 1.57245 0.537618 -4.99618 -0.0777485 0.12188 -0.293609 6.90004 -19.6272 0.312192 1.74368 -0.105322 0.405137 0.0716656 0.0056689 -0.0777064 3.61372 0.521784 -1.38647 4.59602 3.1204 8.73543 -0.851576 0.34708 -0.495076 6.50329 0.716475 -1.74399 0.21586 1.83769 0.166131 4.10382 -0.401186 -2.33561 0.202156 2.59874 0.0335683 -0.295296 -1.25762 -1.04081 2.5486 2.1996 0.0614881 0.83844 2.25811 -0.841673 -0.499762 1.17342 2.45489 5.86227 3.71191 -1.15869 -0.664813 -0.184249 -5.11904 2.83585 0.837258 -0.57197 -1.7977 -2.39625 -1.02864 -2.07639 -2.05046 -3.31149 -0.415928 -0.0224322 -0.501118 -1.40074 -1.57611 -0.651855 -1.54806 -0.879751 -0.916449 -3.20736 -4.40621 -0.742239 -0.247513 -3.86398 -2.98035 -2.58542 -1.79115 -1.50234 -1.34392 1.69251 -0.352932 -0.626503 -1.35612 0.50019 23.6553 -12.0445 2.01982
 4.80991e-05 -3.19413 0.093796 -0.000319668 -85.9508 10.444 -1.25563e-05 -0.0352527 0.154308 -0.582808 -0.497262 1.79999 -5.69858e-06 0.057674 0.00050874 2.99076e-06 -0.0079768 0.000683387 4.99003e-06 -0.0214518 0.00141268 2.75028e-06 0.00680866 0.000177178 -2.09934 -3.40469 0.395535 -0.248908 -2.85795 0.995434 -1.22393 -0.859 1.04278 -1.89398 -1.91494 1.10512 0.525235 0.0771556 0.000442641 -1.95464 0.634275 0.0115163 -0.845847 0.771862 -0.0309255 0.0957823 0.0687739 -0.0124673 0.249847 -0.853126 -0.270285 0.292352 0.00278648 0.14383 -0.308874 0.380663 -0.723948 -0.793928 -0.861833 0.668874 0.0282095 -0.00222512 0.316308 0.334747 -0.0580862 1.21804 0.0605998 -0.0168385 -0.00576494 3.3267e-07 0.019621 0.00123587 -0.0129576 -0.0250015 0.0628024 -0.175096 -0.0599142 0.556801 0.00754669 -0.0144227 0.0348385 -0.758343 2.19355 -0.0348809 -0.194021 0.0117191 -0.0449582 -0.00796081 -0.000628386 0.0086305 -0.402086 -0.0541417 0.151322 -0.511675 -0.346625 -0.970008 0.094065 -0.0384295 0.0551946 -0.723379 -0.0789984 0.194298 -0.0235653 -0.204591 -0.0190892 -0.457264 0.0442069 0.259593 -0.022427 -0.288891 -0.00376149 0.0328445 0.139757 0.115654 -0.283881 -0.244972 -0.00670026 -0.0928294 -0.251018 0.0932504 0.0551442 -0.130927 -0.273238 -0.651892 -0.412591 0.129167 0.0741066 0.02013 0.569292 -0.315615 -0.0930409 0.0636624 0.199891 0.266459 0.114239 0.230931 0.227943 0.368173 0.0460471 0.00259868 0.0559123 0.155875 0.175332 0.0724054 0.172118 0.0979699 0.102084 0.356677 0.490099 0.0824979 0.0274542 0.429934 0.331614 0.287629 0.199233 0.167102 0.149477 -0.188398 0.039264 0.0696264 0.150682 -0.0557724 -2.63026 1.33943 -0.224552
 -3.1594e-09 0.000299422 -9.43233e-06 -1.46738e-09 0.000105349 -1.25563e-05 1000 -4.94945e-05 0.000127784 0.000187573 0.000116803 -0.000422309 2.44193e-09 -1.9757e-05 -8.36466e-08 1.69908e-09 -2.55607e-05 -3.77488e-08 1.40699e-09 -4.83107e-06 1.23192e-07 8.23542e-10 -2.13794e-05 3.39724e-07 0.00024665 0.000249648 -3.06946e-05 8.62065e-06 0.000174186 -6.14105e-05 0.000215322 2.97064e-05 -4.12232e-05 0.000378753 -0.000150299 7.02176e-05 -2.72878e-05 -1.2746e-05 -1.87343e-07 -0.000136379 1.9624e-05 2.56979e-08 8.0421e-05 -8.76979e-05 3.65291e-06 -1.85186e-05 -1.83326e-05 3.40771e-06 1.30649e-05 5.99527e-05 -9.33567e-05 3.07793e-05 -1.35607e-05 -0.000380901 0.000182458 -0.000209895 -0.000217713 6.649e-05 5.05725e-05 -3.95508e-05 3.61393e-05 -2.15038e-06 -5.18117e-05 6.14294e-06 1.14367e-06 -2.72984e-05 1.28769e-06 -3.39196e-07 1.19294e-07 1.93037e-09 -5.25188e-05 6.0777e-07 -8.99812e-06 -9.47141e-06 2.43114e-05 -6.00969e-05 -1.19258e-05 0.000115374 -1.65748e-05 -1.20664e-05 3.02024e-05 -3.57291e-05 0.000226267 -1.18411e-06 -3.67857e-05 2.52355e-06 2.0847e-05 2.98665e-06 -4.67616e-07 -2.53261e-06 2.0488e-05 0.000164952 4.10358e-05 -0.0001337 -3.50688e-06 0.000142093 0.000744904 -0.00078932 0.000369718 -2.42438e-05 -2.2251e-05 -3.23293e-05 -0.000186138 0.000290026 -0.000211398 0.000255354 -5.95815e-06 -9.52085e-05 1.81992e-05 2.54735e-05 1.01054e-05 -1.02768e-05 -2.06901e-05 -3.92773e-06 -2.26357e-05 8.92074e-06 0.000260973 -0.000328646 9.54942e-05 4.2926e-05 1.73585e-05 -5.15234e-05 1.41369e-05 4.16723e-05 -3.38898e-05 -2.07587e-05 -3.79937e-05 0.000186505 8.4414e-05 3.01929e-05 -9.74533e-05 -6.89209e-06 -1.97199e-05 -3.80421e-05 -6.02184e-05 6.44506e-05 -5.59931e-05 -3.19341e-05 -5.93322e-05 -0.000189113 -8.2569e-05 1.73512e-05 -0.000183542 0.000117834 6.91117e-05 1.71326e-05 2.50306e-05 9.49711e-05 -0.000173571 1.24837e-05 -0.000239717 -1.17967e-05 0.000196919 -9.42434e-05 -4.16753e-05 -3.32647e-05 -2.66552e-05 5.95569e-06 -2.51935e-06 -3.07039e-05 -6.6396e-05 -4.19656e-05 0.00142249 -0.000702734 0.000122922
 -7.81276e-06 0.908732 -0.0285858 -3.69011e-06 0.295448 -0.0352527 -4.94945e-05 47.731 -210.45 0.505824 0.302761 -1.09437 7.55927e-06 -0.0614129 -0.000228896 4.90907e-06 -0.0725854 -2.57267e-05 6.62629e-06 -0.00481955 5.75337e-05 3.61549e-06 -0.0835341 0.00149776 0.556135 1.37059 -0.15922 0.0500564 0.72693 -0.255197 0.382995 -0.000610397 -0.01046 0.850196 0.301547 -0.192901 -0.0749807 -0.0453124 -0.00105331 -0.356061 0.041087 -0.000977661 0.165931 -0.235729 0.00829491 -0.0468185 -0.0626225 0.010968 0.110341 0.175947 -0.50549 0.196716 0.140069 -1.33013 0.199988 -0.185989 -0.660012 0.12079 -0.0529503 0.00668546 0.0517261 -0.00125837 -0.546712 0.296625 0.00812816 -0.37901 -0.00116776 0.00034944 0.000317172 6.31812e-06 -0.167867 0.00226348 -0.0272308 -0.0288159 0.0743112 -0.246333 -0.04935 0.469963 -0.0694647 -0.0544387 0.136273 -0.129879 0.829228 -0.00505167 0.0382448 -0.00172227 0.0717904 0.0083834 0.00191504 -0.010346 0.0518457 0.422244 0.125346 -0.428991 -0.15833 0.611564 3.90739 -3.44904 0.487331 0.619064 0.251932 0.784627 -0.972924 0.535592 -0.983639 0.52016 0.3091 -0.258244 0.114065 0.0483097 -0.0441414 -0.0849267 -0.0758557 0.0067583 -0.0819145 -0.225171 1.16981 -0.828381 0.119578 -0.0356045 0.33945 -0.102309 0.0601739 0.0924927 0.0284413 -0.039605 -0.304105 0.242341 0.0345377 0.178529 -0.238773 0.0255528 -0.11095 0.0786288 -0.243659 0.254747 -0.233639 -0.501959 -0.384163 -0.14375 0.127552 0.155675 -0.209042 0.110425 -0.204859 -0.268135 -0.234791 0.445248 -0.617445 0.447425 -0.0625294 -0.348061 -0.070471 -0.370592 -0.180611 -0.12332 -0.0865831 -0.0181901 -0.00800658 -0.0525831 -0.0199955 0.0131744 4.58423 -2.21723 0.408185
 3.45388e-05 -4.05677 0.12771 1.63701e-05 -1.29032 0.154308 0.000127784 -210.45 950.931 -2.27576 -1.35935 4.91353 -3.45829e-05 0.281468 0.00102799 -2.22908e-05 0.331512 9.9456e-05 -2.97341e-05 0.0237758 -0.000353703 -1.62092e-05 0.377157 -0.00676428 -2.48832 -6.14314 0.71369 -0.219007 -3.2427 1.13849 -1.71575 0.0146765 0.032849 -3.81279 -1.3357 0.856056 0.347577 0.213535 0.00452573 1.62888 -0.184217 0.00426939 -0.729271 1.07892 -0.0386006 0.218587 0.289928 -0.0510607 -0.502527 -0.78744 2.2701 -0.883886 -0.627997 5.98653 -0.893794 0.829179 2.98551 -0.538508 0.243878 -0.0346145 -0.233393 0.00569195 2.44868 -1.33596 -0.0359398 1.69015 0.00505058 -0.00151688 -0.00142878 -2.89611e-05 0.769157 -0.0104818 0.12682 0.13409 -0.34563 1.11699 0.223547 -2.12886 0.316085 0.246068 -0.616078 0.575362 -3.78485 0.0234758 -0.170977 0.00768349 -0.329322 -0.0377696 -0.00861394 0.0465978 -0.231897 -1.91409 -0.566413 1.94286 0.716007 -2.783 -17.5674 15.5157 -2.19317 -2.79038 -1.10953 -3.53351 4.37572 -2.41023 4.42973 -2.33795 -1.38831 1.16193 -0.513993 -0.216746 0.198308 0.382111 0.340621 -0.0303032 0.371214 1.01479 -5.26424 3.7265 -0.538941 0.160932 -1.52505 0.462034 -0.26964 -0.415473 -0.127174 0.178946 1.36789 -1.09197 -0.156635 -0.802643 1.07473 -0.115292 0.498643 -0.353528 1.09682 -1.14698 1.0508 2.25882 1.72953 0.647489 -0.574434 -0.701016 0.941803 -0.497836 0.92065 1.20558 1.05548 -2.00439 2.778 -2.01391 0.28273 1.56533 0.314115 1.66703 0.812219 0.554552 0.389161 0.0828829 0.0359051 0.237143 0.09208 -0.0555326 -20.6308 9.97635 -1.8373
 -9.53586e-05 6.04063 -0.178304 -7.03648e-05 5.2354 -0.582808 0.000187573 0.505824 -2.27576 916.255 -55.1333 194.21 -1.9961e-05 0.184331 -0.000571094 -2.23022e-05 0.37819 -0.00163505 3.12024e-06 0.0734608 -0.00329003 1.89497e-05 -0.279607 0.00604723 4.31588 4.16607 -0.499947 0.610433 2.70971 -0.944178 3.68878 0.36501 -0.533828 5.43055 0.144619 -0.242612 1.58433 0.586717 -0.0209702 4.66792 -0.568453 -0.0298846 3.38446 0.859019 -0.0936901 0.775956 0.742667 -0.158043 1.89587 3.55021 -3.1705 0.728485 -0.499062 -3.20419 4.119 -4.96756 2.10484 4.73409 -0.667274 -0.999495 0.715272 -0.0386321 -0.851516 2.66861 0.160941 -5.61795 -0.279253 0.076707 -0.00318551 -3.54487e-05 0.925272 -0.0239143 0.345874 0.316952 -0.802554 1.18366 0.384237 -3.5278 -0.365001 -0.39744 0.999082 1.00585 -7.71996 0.147626 0.206373 -0.0133636 0.678766 0.00880725 -0.0176357 0.00884208 0.579079 1.19364 -0.97085 -3.18326 3.68386 2.75797 -7.55505 1.31192 -0.341217 14.2143 3.63584 -7.02393 1.78566 -1.25814 -0.222434 3.67088 8.70749 9.85465 -13.9928 0.309915 2.81758 1.6627 0.225962 -0.242015 -0.1015 2.19851 -3.48397 0.765099 1.90709 -2.5267 1.09655 0.661302 -0.798991 0.343852 -0.726642 1.14063 -3.41424 5.91915 -6.80078 5.00002 -1.47791 -0.831392 0.614385 -4.03474 0.0483801 -3.08972 -1.31706 1.08854 0.0540321 -0.0455858 0.612827 -1.44519 -0.980795 0.491189 -0.636612 -2.44642 0.00353979 0.152914 -1.07096 -0.276779 -2.232 0.347076 0.242825 -1.40871 -3.07001 -1.20376 -0.881915 0.56925 -0.0750627 0.276428 0.280728 10.726 6.918 -8.25731 -0.230917
 -6.59021e-05 4.74288 -0.138988 -5.37799e-05 4.46912 -0.497262 0.000116803 0.302761 -1.35935 -55.1333 36.7938 -128.736 -1.05598e-05 0.0913221 -0.000516086 -1.40433e-05 0.22148 -0.00133383 2.6493e-06 0.130634 -0.00626245 1.02718e-05 -0.206608 0.00378963 3.08638 5.62008 -0.648871 0.636579 4.45506 -1.55187 1.28194 1.24381 -1.49609 2.48193 3.20469 -1.82841 0.785089 0.29263 -0.0131041 3.135 -0.532275 -0.0183638 1.64534 0.418267 -0.0501347 0.331522 0.428317 -0.0917846 -0.349986 1.22266 0.896596 -0.654626 -0.395254 -0.459318 0.81584 -1.00188 1.10984 0.94471 1.20737 -0.89255 -0.123481 0.00789046 -0.631814 -0.143973 0.0695617 -1.65462 -0.0867273 0.024165 -0.00645444 -2.2315e-05 0.607156 -0.015075 0.195262 0.207919 -0.527378 0.636723 0.157443 -1.48436 0.0600838 0.0815759 -0.203569 0.207865 -2.80959 0.0420717 0.264963 -0.01637 0.234615 0.010665 0.00361252 -0.0143418 0.504787 -0.805249 -0.602811 0.94695 4.54232 3.23344 -2.44513 -2.03851 0.745939 0.332722 -0.351025 0.191399 1.40838 -0.129446 -1.99287 -0.0168864 1.71686 0.990263 -0.594164 0.342474 -0.108067 -0.0346606 -0.20098 -0.156939 0.336162 0.555949 -0.421484 0.0224049 0.51226 -0.186988 0.334201 0.185014 0.17172 0.390165 0.750903 0.00162111 -0.0607203 0.400802 -0.924912 0.260592 -0.0343664 -0.158192 -0.27012 -0.680603 0.0842391 -0.336312 -0.543142 -0.480983 -0.372987 -0.0893969 -0.550459 -0.18229 -0.0884948 -0.0705982 -0.290179 -0.401989 -0.110115 -0.38064 -0.544036 -0.100219 0.0266553 -0.481675 -0.605055 -0.395276 -0.280518 -0.237171 -0.233741 0.229943 -0.049917 -0.142508 -0.231885 -0.317298 4.22452 -0.887867 0.559771
 0.000238522 -17.176 0.503342 0.000194603 -16.1774 1.79999 -0.000422309 -1.09437 4.91353 194.21 -128.736 466.392 3.77872e-05 -0.32646 0.001868 5.05498e-05 -0.795812 0.00480818 -9.65919e-06 -0.467458 0.0224225 -3.7125e-05 0.752585 -0.0138133 -11.1794 -20.3224 2.34653 -2.30382 -16.1001 5.60831 -4.66996 -4.48423 5.39507 -9.00836 -11.5614 6.59792 -2.8389 -1.04762 0.0472211 -11.3681 1.94246 0.0665592 -5.96071 -1.49068 0.180132 -1.19153 -1.54431 0.33089 1.26018 -4.44713 -3.18901 2.34791 1.45371 1.69516 -2.9898 3.67062 -4.03124 -3.4551 -4.34766 3.22928 0.440045 -0.0281722 2.30613 0.502174 -0.254059 6.05737 0.312419 -0.0870477 0.0236759 8.07262e-05 -2.19553 0.054536 -0.704357 -0.751589 1.90633 -2.3473 -0.577608 5.4457 -0.223853 -0.300593 0.750169 -0.753761 10.267 -0.153916 -0.960029 0.0593092 -0.850114 -0.0385138 -0.0128623 0.0516078 -1.82683 2.91158 2.18404 -3.403 -16.4017 -11.7179 8.90165 7.34249 -2.67433 -1.37744 1.28154 -0.624708 -5.09815 0.477932 7.19077 0.0258813 -6.27416 -3.66279 2.27034 -1.24023 0.365372 0.109617 0.725351 0.570277 -1.21492 -2.02847 1.55416 -0.0862361 -1.86437 0.69672 -1.21866 -0.674232 -0.613906 -1.4126 -2.70346 -0.0169788 0.250429 -1.49863 3.3977 -0.985017 0.136815 0.577603 0.96965 2.49003 -0.305673 1.23977 1.97216 1.72654 1.3451 0.322866 1.98044 0.669076 0.326695 0.250744 1.05277 1.47175 0.397569 1.37134 1.97277 0.36399 -0.0782106 1.73521 2.183 1.43911 1.0387 0.866141 0.851134 -0.835167 0.180779 0.511107 0.830322 1.04047 -15.307 3.27823 -2.01797
 1.31635e-09 -0.000111686 3.96471e-06 -9.80563e-10 5.6672e-05 -5.69858e-06 2.44193e-09 7.55927e-06 -3.45829e-05 -1.9961e-05 -1.05598e-05 3.77872e-05 1000 1.6147e-05 -5.56679e-06 -1.22556e-09 1.94381e-05 2.76176e-07 -4.14911e-10 1.37224e-05 -3.55753e-07 -6.24084e-10 1.97845e-05 -6.87511e-08 -0.000173783 -0.00048368 5.63794e-05 -1.00985e-05 -0.000170165 6.00377e-05 -1.7884e-05 3.62956e-05 -4.1869e-05 -4.32665e-05 7.14483e-05 -3.70859e-05 3.48783e-05 8.18549e-06 3.58212e-07 -0.000179062 5.71872e-05 2.40707e-06 5.01367e-06 4.14197e-05 -1.61524e-06 1.63391e-05 1.27996e-05 -2.09816e-06 6.31152e-05 -2.47362e-05 -0.000115433 5.81074e-05 -8.396e-06 4.8249e-05 3.85311e-05 -5.05624e-05 0.000129055 -2.53524e-05 -1.59903e-05 1.28709e-05 -1.1805e-05 6.11261e-07 -1.46367e-05 1.38084e-05 2.2049e-06 -6.54937e-05 -2.15e-06 5.84032e-07 -8.76828e-08 -9.18626e-10 2.69458e-05 5.07618e-08 5.48151e-06 4.14985e-06 -1.07437e-05 2.07937e-05 6.41849e-06 -6.22877e-05 5.45324e-06 6.90039e-06 -1.75609e-05 1.62108e-05 -0.000117382 4.8762e-08 -1.58769e-05 1.00498e-06 1.64895e-06 -1.1361e-06 2.83039e-07 8.57636e-07 -8.0131e-05 -0.00016803 -4.54184e-05 8.02139e-05 -1.53891e-05 -1.82845e-05 1.41087e-05 3.30489e-05 -0.000130743 -8.3447e-05 -1.40741e-05 0.00028986 -1.00797e-05 -0.000257084 6.23977e-05 0.000172586 0.000196651 1.27466e-05 4.24844e-05 -2.10556e-05 -7.07481e-05 4.24146e-05 7.7302e-05 -3.37967e-05 -5.59705e-06 -6.00859e-05 -2.30387e-05 2.8971e-05 -1.11697e-05 2.19461e-05 3.83792e-05 -5.19254e-06 -1.58249e-05 -7.4067e-06 -2.7773e-05 -3.41478e-05 -4.90666e-05 -3.15428e-05 -3.06297e-05 -4.02829e-05 -1.18112e-05 1.30958e-05 2.75269e-05 1.79637e-05 1.92646e-05 3.19893e-05 3.43408e-05 1.34425e-05 -2.43655e-05 -3.65042e-05 5.11322e-08 1.40013e-05 1.52599e-05 -2.36656e-05 -5.66788e-06 -9.55999e-06 -1.27316e-06 1.35577e-05 -1.58163e-05 -3.76851e-07 5.36881e-05 5.80121e-05 1.88069e-05 -1.3628e-05 -6.26993e-06 -2.58725e-06 -2.67871e-06 -8.18337e-06 7.46924e-06 1.18621e-05 4.28279e-05 3.11294e-05 -0.000564009 0.000385852 -3.18643e-05
 -9.5098e-06 0.817759 -0.0299844 9.41427e-06 -0.566521 0.057674 -1.9757e-05 -0.0614129 0.281468 0.184331 0.0913221 -0.32646 1.6147e-05 999.867 -0.067459 9.79385e-06 -0.159845 -0.00218726 2.67277e-06 -0.105102 0.00253991 4.39706e-06 -0.156442 0.000308706 1.71391 4.0833 -0.479209 0.0729528 1.32176 -0.467323 0.22737 -0.271065 0.309467 0.60565 -0.386115 0.185943 -0.322026 -0.0741767 -0.00315054 1.27392 -0.433823 -0.0194299 0.0332486 -0.412791 0.0157683 -0.142582 -0.112208 0.0187081 -0.553908 0.35215 1.0002 -0.531463 0.0179021 -0.370774 -0.212985 0.284459 -1.17755 0.333837 0.110648 -0.127334 0.0782185 -0.00379144 0.167088 -0.13207 -0.0184577 0.562105 0.0182512 -0.00494366 0.000760774 7.37579e-06 -0.218235 -0.000816692 -0.0464078 -0.0332214 0.086004 -0.19893 -0.0589734 0.572189 -0.047467 -0.0535005 0.136462 -0.103958 0.898257 0.00465604 0.123389 -0.00797237 -0.0261781 0.0108602 -0.0022345 -0.00867189 0.715343 1.64237 0.461804 -0.682769 0.244527 0.291265 0.0767139 -0.170232 0.978802 0.6122 0.105453 -2.17262 -0.200523 1.99196 -0.0605295 -1.49242 -1.70373 -0.256295 -0.0537627 0.185944 0.565994 -0.259311 -0.691808 0.1631 0.26846 0.517019 0.314362 -0.165644 0.0347268 -0.152875 -0.303867 0.0211092 0.166289 0.123375 0.245539 0.277283 0.40983 0.268357 0.227353 0.310681 0.0701795 -0.145263 -0.272857 -0.193045 -0.168357 -0.297948 -0.331019 -0.182666 0.0816046 0.191956 -0.0339293 -0.087923 -0.07888 0.135519 1.75076e-05 -0.00326703 0.0116916 -0.16303 0.0911191 -0.0457039 -0.500952 -0.62763 -0.296834 0.0343392 -0.000766383 -0.0238456 -0.0155557 0.138304 -0.0676316 -0.0944175 -0.355974 -0.257157 4.29881 -2.97927 0.236597
 1.05149e-07 -0.00567898 0.000166797 1.01439e-07 -0.00456976 0.00050874 -8.36466e-08 -0.000228896 0.00102799 -0.000571094 -0.000516086 0.001868 -5.56679e-06 -0.067459 0.81388 1.66601e-07 -0.00254468 9.7718e-06 6.44661e-08 -0.00190317 8.68504e-05 8.11464e-08 -0.00237874 4.62991e-05 -0.00405893 -0.0072719 0.00084081 -0.000793668 -0.00587428 0.00204613 -0.00168549 -0.00162083 0.00195104 -0.00284132 -0.00275004 0.00159089 -0.00142989 -0.000882382 2.62286e-05 -0.00623607 0.000477073 3.69606e-05 -0.0023506 -0.00106526 9.65445e-05 -0.000786872 -0.0013154 0.000269743 -0.000304153 -0.00127377 -0.00157299 0.000986309 1.03682e-05 -0.0001196 -0.000828018 0.00104255 -0.00103832 -0.00109682 -0.00111965 0.000889059 -2.48798e-05 9.06052e-07 0.000538868 -3.51489e-05 -1.53693e-05 0.000403804 4.52746e-05 -1.24786e-05 -1.85775e-06 8.75829e-08 -0.00251866 5.80176e-05 -0.000341042 -0.000310218 0.000787787 -0.000323271 -0.000130608 0.00121185 -0.000194618 -0.000335119 0.000831506 -0.00130324 0.00869956 -0.000129046 -0.000218921 1.32186e-05 -2.00426e-05 -3.30487e-06 3.01176e-06 2.99561e-07 -0.000743981 0.000920504 -0.0001019 -0.00111504 0.000105364 0.000341113 3.46812e-05 8.05768e-05 -0.000536941 -0.000955692 0.000429398 0.00182201 0.0004444 -0.00160902 -0.000673965 0.000495012 0.0008923 0.000177529 9.59965e-05 -0.00031475 -0.000407975 0.000251168 0.000690799 -0.00013202 -0.00067767 -0.000766726 -9.18022e-05 0.000432013 4.20844e-05 -0.000165181 -0.000166353 -0.000308346 -0.000307258 -0.000195002 -0.000267161 -0.000316509 -0.00026738 -6.06168e-05 -8.18762e-05 -0.000361725 -3.26547e-05 0.000141873 0.000260849 0.000124309 5.01685e-05 0.000251386 0.000291868 7.30323e-05 -0.000175644 -9.4372e-05 0.000154105 9.98578e-05 2.86015e-06 -8.38942e-05 6.89194e-05 0.000114716 7.77116e-05 0.000195998 9.04646e-05 0.000115299 0.000329556 0.000535346 0.000452461 0.000126954 9.15674e-05 5.64601e-05 5.23638e-05 -0.000266591 6.65456e-05 4.1834e-05 0.000144657 -0.000142001 -0.00321588 0.00231568 -0.000163813
 1.28576e-09 -0.00010481 3.392e-06 1.54396e-10 -2.37726e-05 2.99076e-06 1.69908e-09 4.90907e-06 -2.22908e-05 -2.23022e-05 -1.40433e-05 5.05498e-05 -1.22556e-09 9.79385e-06 1.66601e-07 1000 1.58791e-05 -7.2335e-06 -5.53089e-10 1.25606e-05 -4.18214e-07 -4.78173e-10 1.29571e-05 -9.4457e-08 -9.03355e-05 -0.000125586 1.51064e-05 -1.06621e-05 -0.000144159 5.05666e-05 -4.05895e-05 -1.31257e-06 2.73841e-06 -6.31521e-05 -1.58921e-05 1.08905e-05 1.70434e-05 5.73085e-06 5.21337e-08 -8.87116e-05 2.94058e-05 1.0063e-06 -4.79414e-05 4.67948e-05 -1.6026e-06 1.04928e-05 8.61386e-06 -1.37116e-06 4.56145e-05 -4.7576e-05 -8.31898e-05 4.7711e-05 -3.81876e-06 4.94739e-05 1.76894e-06 -4.71457e-06 6.48864e-05 -3.8689e-05 -3.3658e-05 2.64989e-05 -6.62834e-06 3.66708e-07 -7.64692e-06 6.06687e-06 7.49557e-07 -2.3996e-05 -1.92048e-06 5.20058e-07 -4.18652e-08 -6.29554e-10 1.81844e-05 -3.33546e-08 3.24864e-06 3.09309e-06 -7.91581e-06 3.39016e-06 1.41338e-06 -1.48091e-05 2.35075e-06 5.3801e-06 -1.36034e-05 3.30181e-05 -0.000158024 2.54598e-06 -3.45358e-06 2.17739e-07 -6.61143e-07 -7.97759e-07 3.37574e-07 4.62881e-07 -6.81084e-05 -8.61328e-05 -3.59976e-05 5.15216e-05 7.94298e-05 6.309e-05 1.03543e-05 -1.64386e-05 -0.00014139 -5.28988e-06 2.08203e-05 0.000361919 -0.000160759 -0.00013947 -5.25136e-05 0.000152508 0.000191903 -0.000110488 5.9923e-05 -3.87427e-05 -6.13409e-05 -1.39007e-05 9.27141e-06 1.4618e-05 -2.96384e-05 7.95331e-06 -1.90897e-05 4.67366e-06 -3.96291e-05 -1.52213e-05 -1.82116e-06 -1.31962e-05 -1.74483e-05 -2.1636e-05 -3.05805e-05 -2.41435e-05 -3.14724e-05 -2.7435e-05 -2.40102e-05 -1.44109e-05 -2.5588e-05 7.87773e-06 1.55072e-05 7.30303e-06 7.55301e-06 3.38084e-06 1.36784e-05 -2.06508e-06 -2.42273e-06 -1.65164e-05 -7.9226e-06 -1.40879e-05 1.65208e-05 -4.38622e-07 1.6356e-06 9.30689e-07 1.26679e-05 5.22433e-05 1.90047e-07 1.11153e-05 6.66285e-05 3.77294e-05 1.39836e-05 -1.6326e-08 3.58595e-06 5.38758e-06 3.34964e-06 -5.17918e-06 5.998e-06 1.05501e-05 3.66034e-05 1.49262e-05 -0.000384063 0.000259585 -2.232e-05
 -1.59082e-05 1.34229 -0.0454513 2.0957e-06 0.0139231 -0.0079768 -2.55607e-05 -0.0725854 0.331512 0.37819 0.22148 -0.795812 1.94381e-05 -0.159845 -0.00254468 1.58791e-05 999.74 -3.03146 6.22395e-06 -0.173414 0.00561812 5.95931e-06 -0.198673 0.00137392 2.06253 2.65145 -0.322322 0.127302 1.98379 -0.698321 0.868673 -0.0677411 0.0528611 1.6049 0.258566 -0.197546 -0.362426 -0.09934 -0.00184847 0.937419 -0.376903 -0.015959 0.846642 -0.861705 0.029813 -0.182739 -0.147185 0.0244284 -0.678862 1.03545 1.2007 -0.759623 -0.0443512 -0.607938 0.0889439 -0.0809615 -1.32467 0.85365 0.473321 -0.450324 0.043835 -0.00185944 0.275172 -0.0600144 -0.0155455 0.451017 0.030503 -0.00822756 0.000825523 9.3026e-06 -0.27185 -0.000121364 -0.0570342 -0.0464839 0.118964 -0.136564 -0.0437962 0.438921 -0.0499699 -0.085338 0.21591 -0.384268 1.9987 -0.0192116 0.0454428 -0.00326591 -0.0234065 0.0174018 -0.0044302 -0.0130426 1.16859 2.09932 0.837187 -0.739511 -0.722317 -0.504928 0.107614 0.437648 1.86428 0.353085 -0.201895 -5.4604 2.04689 2.79721 1.42548 -2.15965 -3.92565 0.980399 0.421014 0.260106 0.894678 0.197139 -0.182557 -0.354608 0.519849 0.303251 0.278181 -0.0163708 0.49496 0.406332 -0.00202307 0.186377 0.255902 0.354775 0.540057 0.386951 0.486155 0.332351 0.382284 0.148259 0.392493 -0.101764 -0.368252 -0.219251 -0.192858 -0.19188 -0.36224 -0.184739 -0.117391 0.0848376 0.0516884 0.189867 -0.260444 -0.263023 -0.049533 -0.00754799 -0.200246 -0.910077 -0.215054 -0.261282 -1.15985 -0.981918 -0.579003 -0.238839 -0.196212 -0.197652 -0.155171 0.235913 -0.107185 -0.176975 -0.578207 -0.240406 5.35921 -3.32306 0.356915
 1.6997e-07 -0.0103116 0.000320634 1.24532e-07 -0.00596852 0.000683387 -3.77488e-08 -2.57267e-05 9.9456e-05 -0.00163505 -0.00133383 0.00480818 2.76176e-07 -0.00218726 9.7718e-06 -7.2335e-06 -3.03146 0.826889 1.86508e-08 -0.00136655 6.9243e-05 3.36972e-08 -0.00154609 3.75728e-05 -0.0103184 -0.014067 0.00168016 -0.00161679 -0.0123792 0.0043345 -0.00479419 -0.00159884 0.00201877 -0.00836116 -0.00416357 0.00255341 -0.000399366 -0.000370162 2.76716e-05 -0.00836851 0.00135805 8.13119e-05 -0.00596489 0.000847824 5.99887e-05 -0.000719413 -0.0011267 0.000255015 0.00198192 -0.00496931 -0.00548057 0.00351979 8.7318e-05 0.00194998 -0.00133815 0.00157826 0.0024613 -0.00406378 -0.00306567 0.00262676 -0.000134859 5.22906e-06 -0.000368102 0.000210992 1.77436e-05 -0.000656854 -9.44169e-06 1.93529e-06 3.67978e-06 7.46634e-08 -0.00203296 6.56719e-05 -0.000295808 -0.000194073 0.000491556 -6.95858e-05 -6.81387e-05 0.000534944 -0.000205244 -0.000269226 0.000657849 0.000352873 -0.000692136 -2.19092e-05 -0.000299453 1.97156e-05 -1.78833e-05 -6.32721e-05 1.72224e-05 4.63044e-05 -0.00456029 -0.00614037 -0.0036587 0.00142346 0.00313335 0.00243059 -0.000622152 -0.00166432 -0.00664985 -0.00252223 0.00234023 0.0202953 -0.007491 -0.0105364 -0.00580636 0.00752191 0.0144467 -0.00368517 -0.00162954 -0.00108478 -0.00335118 -0.000701101 0.000826894 0.0013435 -0.00231918 -0.00150972 -0.000953833 0.00026159 -0.00178916 -0.00170614 -0.00028008 -0.000920272 -0.00111417 -0.00143277 -0.00210568 -0.00154961 -0.00178556 -0.00110139 -0.00132799 -0.00066397 -0.001414 0.000419031 0.00144679 0.000844405 0.000709809 0.000798161 0.00142194 0.000646206 0.000325829 -0.000251916 -1.44942e-05 -0.000592574 0.000953202 0.000998401 0.000267167 0.000140358 0.00082758 0.00342126 0.000964653 0.00105555 0.00426749 0.00374992 0.00238096 0.001033 0.000824719 0.000786081 0.000629401 -0.00103077 0.000416024 0.000630354 0.00202676 0.000521 -0.020081 0.0125626 -0.00132037
 3.72918e-10 -6.96044e-05 2.00889e-06 5.41231e-10 -4.55195e-05 4.99003e-06 1.40699e-09 6.62629e-06 -2.97341e-05 3.12024e-06 2.6493e-06 -9.65919e-06 -4.14911e-10 2.67277e-06 6.44661e-08 -5.53089e-10 6.22395e-06 1.86508e-08 1000 1.77695e-05 -4.81679e-06 -8.32034e-10 1.45731e-05 -3.01859e-07 0.000112722 -9.3284e-05 8.90645e-06 -3.3943e-06 -6.8676e-06 2.17058e-06 6.23533e-05 -1.4773e-06 -2.28525e-07 8.07444e-05 -0.000173535 9.23606e-05 -1.38852e-05 2.61782e-06 -2.92538e-08 -4.47864e-05 9.37147e-06 -3.611e-08 4.00698e-05 -2.65096e-05 1.17006e-06 5.99637e-07 1.19329e-06 -9.82833e-08 2.26907e-05 5.96947e-06 -5.48498e-05 2.39358e-05 -3.5327e-05 5.38327e-05 6.10513e-05 -7.91115e-05 -2.87139e-05 6.32395e-05 -3.75447e-06 -1.49007e-05 -3.63477e-06 2.55135e-07 1.30817e-05 2.0834e-05 -1.12251e-06 1.35888e-05 -1.149e-06 3.24802e-07 4.97131e-08 -3.84348e-10 9.00568e-06 -2.55899e-07 8.19928e-08 1.86708e-06 -4.78368e-06 -1.05105e-05 -1.80702e-06 1.74057e-05 1.78921e-06 6.67948e-06 -1.65482e-05 5.69374e-05 -0.000181772 4.37892e-06 -9.20806e-06 4.96024e-07 -4.1812e-06 -7.05673e-07 1.3432e-07 5.74497e-07 2.23941e-05 1.93173e-05 -9.45613e-05 -0.000110869 0.000382168 0.000311999 -7.86208e-05 0.000369957 -0.000180742 -0.000215969 -6.90343e-05 6.25828e-05 -0.000102397 6.1613e-05 7.77928e-06 -4.09365e-05 4.83864e-05 2.32362e-05 3.33643e-05 -2.43975e-05 9.43708e-06 -1.67424e-05 -2.1028e-05 -3.64408e-05 -2.56396e-05 -1.11895e-06 2.73823e-05 5.05133e-06 -3.85287e-07 8.36849e-06 6.39317e-06 -2.12144e-06 -3.49951e-05 -2.11454e-05 2.82876e-06 -1.75086e-05 -1.40717e-05 -1.56634e-05 7.9371e-06 -1.16406e-05 2.72732e-06 -9.69242e-06 -1.13455e-05 -2.58136e-05 -2.35114e-05 -3.55088e-05 -3.14211e-05 -1.73511e-05 -2.92181e-05 -4.66453e-05 -1.30817e-05 3.09459e-05 2.22993e-05 -1.80562e-06 1.40979e-05 2.09099e-05 -1.6658e-05 1.98208e-05 1.16687e-06 -1.99195e-05 -1.64181e-05 -2.46286e-05 -3.60695e-05 -9.74541e-06 -6.06509e-06 -5.07327e-06 -6.68193e-06 3.99904e-05 -2.58983e-06 7.14504e-06 1.46654e-05 -6.89849e-06 -0.000339992 0.000178141 -2.80523e-05
 -3.01753e-05 1.61231 -0.052203 1.04317e-07 0.160316 -0.0214518 -4.83107e-06 -0.00481955 0.0237758 0.0734608 0.130634 -0.467458 1.37224e-05 -0.105102 -0.00190317 1.25606e-05 -0.173414 -0.00136655 1.77695e-05 997.223 -44.6101 1.19495e-05 -0.355913 0.00647493 -0.395282 3.50064 -0.38819 0.0289387 0.30775 -0.109904 -0.500263 -0.138051 0.175825 0.627058 2.86627 -1.59325 0.00619751 -0.0923072 -0.00188365 -0.281912 0.0152735 -0.00271439 -0.548905 0.120173 -0.00870026 -0.105573 -0.0878317 0.0134436 -0.431681 0.575575 1.02012 -0.584908 0.483156 -1.17739 -0.837828 1.10848 -0.65389 -0.508979 0.0468208 0.125783 -0.0281753 0.00416041 -0.342428 -0.544762 0.0127473 0.084179 0.0220457 -0.00638157 -0.00147233 7.80128e-06 -0.227633 0.00335218 -0.0930608 -0.086534 0.220989 -0.0809193 -0.0296799 0.286231 -0.124393 -0.140913 0.352963 -1.11536 3.66746 -0.0454106 0.239839 -0.0142626 0.0569956 0.0352024 -0.00758691 -0.0277637 0.31526 1.39034 2.65346 2.80642 -6.96601 -7.77613 -10.1187 8.39569 -0.707946 2.75344 0.861152 -0.885183 -1.44533 2.15971 0.959069 0.188459 0.292111 -1.95697 -0.0221592 0.757566 1.01017 0.37086 0.478845 0.823294 0.859769 0.496794 -0.0714225 0.0681911 0.753561 -0.0221288 0.150561 0.495512 1.2397 1.39682 -0.291754 0.367385 0.618791 0.520681 0.190416 -0.0302961 0.231993 0.113894 0.0625631 -0.105687 0.305675 0.478031 0.429872 0.337725 0.311658 0.536651 -0.0607692 -0.487955 -0.346887 -0.800468 -0.398796 -0.192254 0.0405848 0.0813324 -0.483193 0.21729 -0.163184 -0.932688 -0.629092 -0.8771 -0.398044 -0.253642 -0.0877104 -0.545571 -0.0158646 -0.190802 -0.350817 -0.0432605 8.80041 -4.60096 0.723879
 1.44042e-06 -0.0781286 0.00251139 8.34114e-08 -0.011243 0.00141268 1.23192e-07 5.75337e-05 -0.000353703 -0.00329003 -0.00626245 0.0224225 -3.55753e-07 0.00253991 8.68504e-05 -4.18214e-07 0.00561812 6.9243e-05 -4.81679e-06 -44.6101 2.87037 -5.97148e-07 0.0158717 -0.000288256 0.016065 -0.16224 0.0180032 -0.00154553 -0.0171853 0.0061066 0.0219876 0.00472003 -0.0061432 -0.0304987 -0.133207 0.0740755 -0.000782328 0.00285666 0.000112616 0.0102176 -0.000667077 0.000136834 0.0231041 -0.00755214 0.000541109 0.00364289 0.00265969 -0.000334629 0.0190351 -0.02696 -0.0469062 0.0269995 -0.0213323 0.0535544 0.0375804 -0.0497563 0.0286323 0.0225099 -0.00272234 -0.00522311 0.00131535 -0.0001908 0.0164255 0.0248385 -0.000619599 -0.00285729 -0.00110034 0.000317345 3.68852e-05 -3.09049e-07 0.00925259 -0.000128246 0.00382839 0.00359173 -0.0091763 0.00296335 0.00120124 -0.0116107 0.00474153 0.00573163 -0.0143458 0.0520107 -0.161735 0.0019886 -0.0110077 0.000654396 -0.00229933 -0.00159828 0.000345455 0.00125955 -0.0146372 -0.0607369 -0.121044 -0.130739 0.313734 0.365658 0.459256 -0.385079 0.0337542 -0.125825 -0.0414118 0.0406366 0.0662312 -0.0987247 -0.043993 -0.00886511 -0.0137064 0.0891237 0.000918169 -0.0345548 -0.046084 -0.016853 -0.0217092 -0.0374704 -0.0393849 -0.0228696 0.00323043 -0.00301905 -0.0343518 0.000848234 -0.00709205 -0.0227331 -0.0565159 -0.063648 0.0131527 -0.0168103 -0.0281648 -0.0236308 -0.00868322 0.00127972 -0.0105948 -0.00517904 -0.00281187 0.00481422 -0.0139118 -0.0216841 -0.0194846 -0.015414 -0.0142631 -0.0243534 0.00287296 0.0221646 0.0156711 0.036375 0.0181258 0.00873862 -0.00178974 -0.00370307 0.0220447 -0.00983988 0.00741349 0.042489 0.0287829 0.039944 0.0181205 0.011538 0.00399529 0.024651 0.000744378 0.00864302 0.0158343 0.00170266 -0.4004 0.209684 -0.0328804
 7.171e-10 -6.77438e-05 1.95792e-06 2.77287e-10 -2.54551e-05 2.75028e-06 8.23542e-10 3.61549e-06 -1.62092e-05 1.89497e-05 1.02718e-05 -3.7125e-05 -6.24084e-10 4.39706e-06 8.11464e-08 -4.78173e-10 5.95931e-06 3.36972e-08 -8.32034e-10 1.19495e-05 -5.97148e-07 1000 1.39914e-05 -3.58773e-06 9.79267e-05 -0.000237342 2.50835e-05 -3.61214e-06 -3.2176e-05 1.10006e-05 8.6008e-05 7.79591e-05 -9.41501e-05 0.000132754 -3.60979e-05 1.5429e-05 -7.83886e-06 3.14921e-07 8.32632e-08 -5.88497e-05 1.284e-05 1.9145e-07 8.21574e-05 -4.46184e-05 1.34862e-06 2.63333e-07 2.49901e-07 1.52223e-07 1.07508e-05 3.0426e-05 -2.37486e-05 4.68704e-06 -3.88057e-05 5.67597e-05 7.76389e-05 -0.000100054 -2.81947e-05 8.28306e-05 2.35557e-06 -2.33033e-05 -5.19162e-06 3.24859e-07 1.65338e-05 7.86679e-06 -4.4101e-07 5.90484e-06 -4.79149e-07 1.30249e-07 2.7516e-08 -2.94459e-10 7.81873e-06 -3.01002e-07 3.67692e-07 1.38681e-06 -3.50298e-06 -8.73643e-06 -1.35131e-06 1.30822e-05 3.86703e-06 5.62695e-06 -1.40889e-05 2.65543e-05 -6.53888e-05 2.33646e-06 -1.25888e-05 7.11335e-07 -4.16137e-06 -6.79311e-07 1.65257e-07 5.16534e-07 2.41386e-05 4.50366e-05 -3.99e-06 6.42712e-06 0.000162568 0.000125876 -1.46606e-05 7.2245e-05 -7.98386e-05 -0.000129803 -3.45413e-05 0.000156483 -2.4929e-05 -0.000125973 6.36908e-05 2.76529e-05 0.000126457 -3.38793e-05 0.000104402 -2.64388e-05 5.02622e-06 1.97759e-05 1.47365e-05 8.34576e-07 2.1833e-05 6.54956e-05 1.09706e-05 -4.17749e-06 -3.75769e-05 3.16196e-05 6.29844e-06 1.83235e-05 1.11405e-05 7.27304e-06 4.00184e-06 -3.55621e-06 -4.86386e-06 -8.26687e-06 -2.40751e-06 -2.13497e-05 -2.54475e-05 -3.5094e-05 -3.65383e-05 -1.75429e-05 -3.1107e-06 -1.83474e-05 -1.00274e-05 -1.58003e-05 -4.73398e-05 -6.73693e-05 -2.28192e-05 2.03129e-05 2.93978e-06 -1.2616e-05 -5.87893e-06 -5.8011e-06 -1.58693e-05 -9.7595e-06 6.75782e-07 -4.29789e-05 -4.40196e-05 -4.13475e-05 -4.86649e-05 -2.19804e-05 -1.88255e-05 -1.69209e-05 -1.5857e-05 4.69981e-05 -2.47995e-06 5.17887e-06 5.76683e-06 -6.06119e-06 -0.00032113 0.000155318 -2.84517e-05
