 1000 0.00511992 -0.000223184 7.75907e-09 -0.000420524 6.10046e-05 -3.63064e-09 -6.24266e-06 3.2373e-05 -8.99806e-05 -4.84627e-05 0.000237219 1.72937e-09 -1.21095e-05 1.01909e-07 1.78862e-09 -1.87377e-05 2.06606e-07 2.20128e-10 -3.72471e-05 2.48635e-06 7.52498e-10 -1.78823e-05 5.27604e-07 -0.000276345 -0.000620342 9.43897e-05 -5.59036e-05 -0.000507521 0.000231889 -0.000113121 -0.000128739 0.00017956 -0.000189502 -0.000293969 0.000204306 -4.72508e-05 3.83939e-06 7.39788e-07 -0.000426357 9.05701e-05 3.67734e-06 -0.000156026 6.40365e-06 2.84567e-06 -1.0329e-05 -2.13941e-05 7.2349e-06 2.10021e-05 -0.00019926 -0.000259606 0.000206943 -1.37206e-06 3.66005e-05 -3.91005e-05 5.53871e-05 -0.000131931 -8.79236e-05 -0.000114053 0.000121584 -2.37108e-06 1.89924e-07 5.32243e-05 -1.36039e-06 -1.68324e-06 5.69873e-05 6.86712e-07 -2.30383e-07 -2.47202e-08 1.93774e-09 -3.5859e-05 1.36912e-06 -8.63313e-06 -7.76551e-06 2.63677e-05 -4.0463e-05 -8.87868e-06 0.00010945 4.1954e-06 4.41995e-06 -1.77183e-05 -5.73414e-05 0.000206526 -5.06343e-06 -8.92214e-06 6.67028e-07 -5.04468e-06 -1.38179e-06 -4.92156e-07 1.88532e-06 -5.40354e-05 7.74674e-05 -5.0003e-05 -0.000220925 -0.000121639 1.52933e-05 -0.000142385 0.000470577 -0.000143345 -0.000367437 -0.000193648 0.000109058 -1.18664e-05 2.12347e-05 -1.68715e-05 -5.93683e-06 1.54504e-05 1.00103e-06 -8.99758e-05 0.000163358 -0.000146378 2.99036e-06 -6.72199e-07 -1.39757e-06 -6.49548e-06 -1.61783e-05 -6.16224e-06 -2.12009e-05 5.98378e-05 -5.1856e-05 -1.69704e-05 -3.14128e-05 -1.92816e-05 -1.44141e-05 2.12488e-06 -2.1548e-05 -2.47938e-05 0.000153949 -7.0822e-05 3.64544e-05 -5.0503e-06 1.30057e-05 2.92447e-05 8.51128e-06 4.49252e-05 2.00064e-05 7.33117e-05 4.38042e-05 2.69136e-05 1.45916e-05 4.62708e-06 3.17488e-05 1.17315e-05 2.87213e-06 3.30517e-05 9.69957e-06 5.0757e-05 7.04543e-05 3.61461e-05 4.61421e-05 4.27768e-05 1.5015e-05 3.93497e-05 9.29599e-06 2.08608e-05 2.22752e-05 2.25448e-05 -2.06418e-05 4.00979e-06 7.54134e-06 1.57255e-05 -2.4615e-05 -0.000353331 0.000181606 -2.83104e-05
 0.00511992 587.833 -24.136 -0.000608325 32.0791 -4.65456 0.000386895 0.855796 -4.48538 6.43949 4.01467 -19.6623 -0.000151798 1.03091 -0.00652092 -0.000163585 1.67998 -0.0148729 -5.69373e-05 2.14766 -0.145133 -9.61025e-05 1.74604 -0.0481863 26.778 44.4876 -6.87103 3.68596 34.4609 -15.7474 12.1368 10.145 -14.2789 20.7907 22.0357 -15.5977 2.63317 -0.222281 -0.0567874 31.6856 -6.80761 -0.274234 14.1305 -2.1152 -0.133615 0.976618 1.67129 -0.56742 0.964962 14.2411 14.3891 -12.4622 -1.51461 -0.462943 5.95762 -8.77805 9.66232 8.66072 8.90077 -10.2239 -0.024781 0.0071828 -4.42528 1.29495 0.100211 -4.77354 -0.176498 0.0620271 0.00506959 -0.000178037 2.976 -0.111145 0.798316 0.660827 -2.24893 2.9254 0.654562 -8.033 -0.102107 -0.0772665 0.318588 5.67921 -28.1638 0.776082 1.37198 -0.114243 0.188742 0.0966219 0.018824 -0.116179 4.96897 -4.22507 3.66425 13.9469 6.96978 -3.01578 -4.57361 1.90681 -5.29781 23.2347 13.0673 -4.0512 -1.7011 -1.7671 2.09767 7.6705 4.22406 -1.44311 -9.24197 5.43775 0.558357 0.388382 -1.74538 -0.542162 1.80292 2.57384 1.27071 1.69951 -1.49471 1.68394 2.01415 1.96027 1.28915 0.796514 1.16295 1.16331 0.77233 -2.34237 -2.52777 2.07005 -0.164252 -0.762118 -2.14947 -2.95414 -1.90259 -3.69222 -4.19091 -3.11442 -0.733104 -1.44003 -2.16865 -1.66879 -1.27082 -1.29856 -2.94478 -2.99017 -1.68402 -3.532 -4.06674 -1.78141 -2.45697 -4.20223 -4.10068 -2.99729 -2.31534 -1.98173 -1.83201 1.98414 -0.35419 -0.345263 -0.806849 1.46005 21.8584 -13.4727 1.37424
 -0.000223184 -24.136 1.86122 2.57962e-05 -1.35761 0.196983 -1.71316e-05 -0.037899 0.198749 -0.273788 -0.169686 0.83107 7.29998e-06 -0.0504707 0.000276443 7.40194e-06 -0.0782867 0.00066081 2.38085e-06 -0.0965717 0.0065072 4.04945e-06 -0.0782312 0.00214526 -1.1339 -1.88237 0.290737 -0.158426 -1.45808 0.666294 -0.514365 -0.429923 0.605113 -0.880745 -0.932924 0.660378 -0.124723 0.00124134 0.00265241 -1.34439 0.279865 0.0116543 -0.606852 0.0714049 0.00713878 -0.0468148 -0.0784446 0.0265051 -0.0467294 -0.60163 -0.608279 0.526846 0.0623433 0.018552 -0.253095 0.372989 -0.409679 -0.366577 -0.376652 0.432709 0.00107032 -0.000305413 0.187514 -0.0548982 -0.00425295 0.202538 0.007204 -0.00253168 -0.000109564 8.05527e-06 -0.135877 0.00500152 -0.0359718 -0.0293496 0.0999257 -0.12355 -0.0277367 0.340378 0.00322247 0.00257932 -0.0107239 -0.231492 1.19799 -0.0330272 -0.0580877 0.00483703 -0.00810646 -0.00407496 -0.000791703 0.00489756 -0.210339 0.18161 -0.155514 -0.591316 -0.294912 0.133819 0.193748 -0.0843293 0.224602 -0.978707 -0.551949 0.170919 0.0723162 0.0742679 -0.0892476 -0.324969 -0.179198 0.0607656 0.39131 -0.230978 -0.0227676 -0.0164841 0.0737584 0.0227806 -0.0766216 -0.109284 -0.0536468 -0.0714794 0.062827 -0.0712264 -0.0855807 -0.0831084 -0.0547064 -0.0337717 -0.0493305 -0.049295 -0.0325567 0.0981827 0.107248 -0.0878667 0.00696577 0.0321718 0.0907787 0.124808 0.0801261 0.155917 0.176785 0.131322 0.0306749 0.0607978 0.091787 0.0704488 0.0536517 0.0548992 0.12437 0.126482 0.0711025 0.149049 0.171932 0.0751976 0.103698 0.177694 0.173441 0.126752 0.0978285 0.0836943 0.0773677 -0.0839463 0.0149818 0.0145347 0.0338965 -0.0618581 -0.922582 0.56873 -0.0579876
 7.75907e-09 -0.000608325 2.57962e-05 1000 0.00532094 -0.000782251 -4.52471e-09 -8.86281e-06 4.66022e-05 -0.000104209 -6.26243e-05 0.000306512 -1.08152e-09 9.52308e-06 1.59727e-07 9.89231e-10 -5.14325e-06 2.35789e-07 5.51183e-10 -4.94166e-06 4.53122e-07 4.36383e-10 3.02202e-06 1.07812e-08 -0.000380096 -0.000808222 0.000123601 -7.58189e-05 -0.000698846 0.000319498 -0.000155396 -0.000189237 0.00026341 -0.000245174 -0.00052496 0.000361305 5.63041e-05 3.44178e-05 -1.64206e-07 -0.000494347 0.000149441 4.66698e-06 -0.000158607 0.000121597 -4.62286e-06 1.86526e-05 9.11737e-06 -2.54056e-06 5.57716e-05 -0.000166518 -6.91722e-05 8.76893e-05 -2.17628e-05 5.79285e-05 -3.37616e-05 4.58688e-05 -0.000174775 -0.000150985 -0.000121849 0.000155751 1.01922e-05 -1.04385e-06 8.9204e-05 1.40569e-05 -6.94455e-06 0.000214682 1.22255e-05 -4.38634e-06 -1.87068e-06 2.05242e-10 8.33847e-07 4.33002e-07 -4.88639e-06 -5.39374e-06 1.81127e-05 -4.41676e-05 -1.15281e-05 0.000139996 3.1148e-06 9.27314e-07 -4.17712e-06 -8.08877e-05 0.000298086 -8.16977e-06 -1.06165e-05 8.27309e-07 -1.14866e-05 -2.21195e-06 -6.08086e-07 2.8376e-06 -0.000108834 6.6243e-05 -3.1364e-05 -0.000210378 -0.000179289 -0.000161742 0.000145929 3.9747e-05 -8.85906e-05 -0.000136513 -2.73756e-05 2.83095e-05 -1.31862e-05 4.13943e-05 -4.52273e-05 7.37081e-05 -3.70782e-05 3.51288e-05 1.27339e-05 -7.55783e-05 4.17475e-06 2.59852e-05 7.40103e-05 5.38612e-06 5.41341e-06 -7.40022e-05 -7.6779e-06 -3.4359e-05 -9.61307e-06 4.91197e-05 -1.85763e-05 4.35152e-05 -3.33918e-05 -0.000109981 -0.000190902 -0.000263124 -7.61027e-05 0.000270736 4.73521e-05 8.19623e-05 -2.2844e-05 1.6319e-05 9.17435e-05 8.93815e-06 5.432e-05 -9.86655e-06 0.00010817 3.60903e-05 5.96377e-05 -6.11262e-05 -5.96141e-05 -1.90801e-05 -2.87693e-05 0.000101098 0.000109097 2.94508e-05 1.25175e-05 7.65237e-05 7.51615e-05 0.000103406 6.73663e-05 -5.97058e-05 8.6981e-05 1.83454e-05 2.96336e-05 2.93039e-05 2.87516e-05 -3.26407e-05 7.29902e-06 1.40247e-05 4.33051e-06 -6.43588e-05 -0.000501997 0.000149851 -5.83674e-05
 -0.000420524 32.0791 -1.35761 0.00532094 704.912 -101.404 0.00021165 0.447576 -2.32019 5.55838 3.69466 -18.0864 4.57797e-05 -0.427113 -0.00530875 -6.25211e-05 0.361348 -0.00859664 -3.8598e-05 0.511935 -0.0377867 -3.27478e-05 0.0230978 -0.00397735 21.9956 35.371 -5.47364 2.98939 28.3614 -12.9616 12.5054 8.72216 -12.3499 19.2228 18.9215 -13.4501 -2.77144 -1.62383 0.0120008 22.6782 -6.87761 -0.193239 10.7703 -6.88957 0.282881 -0.623643 -0.412738 0.117159 -2.20686 9.14297 2.92487 -4.33666 -0.333414 -0.879393 3.9362 -5.76684 8.70539 7.44743 8.16338 -9.16185 -0.0526485 0.00903213 -4.04482 -2.28437 0.45027 -12.1683 -0.704648 0.24895 0.0953177 -2.13542e-05 0.108911 -0.0210674 0.252262 0.281795 -0.950223 2.20837 0.563884 -6.90208 -0.0916865 0.0113939 -0.027079 5.35003 -24.612 0.68292 1.89744 -0.157911 0.395389 0.0699962 0.0182991 -0.0888457 4.37655 -2.83127 0.204687 5.66706 7.40657 8.67126 -1.34807 -0.532304 -0.00355883 7.18789 1.58162 -2.51294 -0.119893 1.2895 0.220319 4.7659 0.148577 -2.13086 0.254548 2.83534 -0.0609273 -0.597014 -1.78416 -1.54876 2.71235 2.76338 0.353828 0.825341 1.80272 -1.08629 0.11439 1.58169 2.74758 5.66217 3.56001 -0.978874 -0.890687 -0.263578 -5.09262 3.26245 0.701025 -0.765782 -2.18107 -2.78374 -1.43715 -2.48193 -2.2736 -3.17285 -0.231145 0.0671886 -0.544232 -1.41344 -1.66773 -0.763859 -1.69076 -1.1669 -1.23603 -3.33018 -4.58443 -1.14991 -0.562971 -4.03614 -3.47391 -2.89013 -1.98687 -1.66586 -1.49235 1.56589 -0.296498 -0.45965 -1.01293 1.12951 22.9683 -14.0888 1.46274
 6.10046e-05 -4.65456 0.196983 -0.000782251 -101.404 15.6136 -3.16631e-05 -0.066971 0.347422 -0.806891 -0.535969 2.62372 -5.86733e-06 0.0558256 0.000770734 9.57147e-06 -0.0597928 0.0012795 5.53705e-06 -0.078444 0.00575022 4.65569e-06 -0.00637421 0.000651091 -3.19197 -5.1323 0.794224 -0.436601 -4.11504 1.88064 -1.81488 -1.26597 1.7925 -2.78965 -2.74543 1.95157 0.388761 0.228986 -0.0015265 -3.29379 0.991048 0.0280819 -1.57151 0.98104 -0.0395254 0.0859461 0.0527013 -0.0146952 0.318153 -1.32639 -0.424803 0.629454 0.0460043 0.126641 -0.572058 0.838184 -1.26368 -1.08054 -1.18448 1.32935 0.00762508 -0.00130878 0.586899 0.33114 -0.0653058 1.76507 0.102472 -0.0362025 -0.0138959 3.59408e-06 -0.0250218 0.00333341 -0.0389746 -0.0423578 0.142924 -0.320423 -0.0818396 1.00174 0.012163 -0.00230263 0.00653058 -0.765812 3.57545 -0.0992285 -0.275225 0.0229051 -0.0572942 -0.0101457 -0.00265179 0.0128773 -0.634901 0.412691 -0.0308976 -0.822698 -1.0732 -1.25673 0.194832 0.0773735 0.000656959 -1.04293 -0.228632 0.364724 0.0176907 -0.187299 -0.0322988 -0.691872 -0.0218911 0.308793 -0.0368891 -0.411012 0.00872305 0.0865485 0.258588 0.224496 -0.393663 -0.400983 -0.051272 -0.119386 -0.261376 0.157183 -0.016911 -0.229704 -0.398588 -0.820986 -0.516028 0.142272 0.129314 0.0377837 0.738514 -0.473317 -0.101572 0.1111 0.316252 0.403717 0.208314 0.35995 0.329596 0.460027 0.0333568 -0.00956105 0.0792104 0.205128 0.241969 0.110714 0.245151 0.169373 0.179432 0.48296 0.664926 0.166731 0.0816396 0.585579 0.503922 0.41922 0.28818 0.24163 0.216458 -0.227199 0.0430098 0.0666239 0.146819 -0.163857 -3.33036 2.04304 -0.212061
 -3.63064e-09 0.000386895 -1.71316e-05 -4.52471e-09 0.00021165 -3.16631e-05 1000 -6.42148e-05 0.000208184 0.000166553 9.78749e-05 -0.000477725 4.95336e-09 -3.74616e-05 -9.80597e-08 3.2514e-09 -4.28283e-05 5.496e-08 7.46483e-10 -1.48429e-06 -1.76554e-08 9.5408e-10 -3.16892e-05 6.93328e-07 0.000269562 0.000326213 -5.24287e-05 1.42953e-05 0.000284367 -0.000130802 0.000256524 6.1522e-05 -9.35892e-05 0.000503262 -0.000160506 8.56837e-05 -0.000132885 -1.38367e-05 3.77572e-07 -0.000231959 1.90607e-05 9.91438e-07 4.10702e-05 -0.000185759 1.23048e-05 -3.21333e-05 -4.73458e-05 1.46891e-05 3.28746e-05 7.86904e-05 -0.000155167 6.3812e-05 -2.59824e-05 -0.000550287 0.00023983 -0.000315784 -0.000214599 4.8393e-05 7.98532e-05 -6.64889e-05 5.27364e-05 -4.35575e-06 -8.10933e-05 2.02706e-05 3.20254e-07 -2.52458e-05 -2.80137e-06 1.00759e-06 4.246e-07 4.84199e-09 -8.50752e-05 1.95416e-06 -1.4663e-05 -1.1256e-05 3.91583e-05 -9.08425e-05 -1.39834e-05 0.000179419 -2.19384e-05 -1.02853e-05 4.11981e-05 8.6686e-05 -0.000200344 7.49308e-06 -3.51187e-05 3.33604e-06 3.17357e-05 2.44237e-06 -1.03419e-07 -2.35484e-06 1.19354e-06 0.000144878 -1.45316e-05 -0.000157289 3.95956e-06 0.000115354 0.000894584 -0.00108438 0.000397127 4.01219e-05 5.09912e-06 -9.13482e-05 -0.000267106 0.000351563 -0.000170039 0.000316301 -2.33928e-05 -0.00011791 1.25939e-05 2.49035e-05 -2.63402e-06 -2.73518e-05 -2.37116e-05 -9.78378e-06 -1.07315e-05 1.47989e-05 0.000278093 -0.000416629 9.78362e-05 6.56229e-05 1.94696e-05 -5.31678e-05 1.86759e-05 4.80022e-05 -3.99645e-05 -3.00076e-05 -4.24101e-05 0.000230607 9.64919e-05 3.61292e-05 -0.000114838 -1.19776e-05 -1.83755e-05 -3.31596e-05 -4.88571e-05 7.62096e-05 -5.13677e-05 -6.24373e-06 -7.68258e-05 -0.000253381 -9.77503e-05 5.51709e-05 -0.000203968 0.000164455 0.000107207 3.87647e-05 4.40532e-05 0.000123449 -0.000188039 3.10292e-05 -0.000266437 9.69218e-06 0.000276915 -9.86251e-05 -3.76665e-05 -2.95007e-05 -2.07317e-05 -6.56863e-07 -4.07474e-07 -3.12166e-05 -7.59887e-05 -4.73089e-05 0.0017126 -0.00101777 0.000112841
 -6.24266e-06 0.855796 -0.037899 -8.86281e-06 0.447576 -0.066971 -6.42148e-05 35.2023 -181.175 0.318109 0.18106 -0.883641 1.12518e-05 -0.085208 -0.000196416 6.62519e-06 -0.0874636 0.000182452 2.8474e-06 0.0301523 -0.00203047 3.28564e-06 -0.0836196 0.00203704 0.469006 1.36096 -0.208056 0.052689 0.796527 -0.365588 0.358611 0.0130346 -0.0311504 0.83596 0.361578 -0.278355 -0.30182 -0.0369904 0.000200491 -0.413562 0.0114418 0.000475367 0.0478662 -0.409508 0.0256982 -0.0642275 -0.1139 0.0345127 0.143208 0.170156 -0.607198 0.29092 0.124147 -1.34289 0.18327 -0.177902 -0.466001 0.0892221 0.0045263 -0.0215991 0.068068 -0.00399007 -0.551039 0.313342 0.000941534 -0.36487 -0.0106987 0.00380285 0.000756877 1.17865e-05 -0.201391 0.00489094 -0.0330017 -0.0246546 0.0863636 -0.276389 -0.0428752 0.539962 -0.0662872 -0.0332279 0.132508 0.219427 -0.289451 0.0129194 0.0663252 -0.00491058 0.0787902 0.00528136 0.00237526 -0.00770227 0.0249651 0.212274 -0.104081 -0.367736 0.171861 0.513803 3.4778 -3.63504 0.475026 0.494959 0.255798 0.835898 -0.86084 0.412967 -0.875175 0.479474 0.307347 -0.229641 0.0983372 0.0391362 -0.0652937 -0.107221 -0.0898822 -0.00540579 -0.0590421 -0.161305 1.01023 -0.784313 0.0650297 0.00911795 0.316028 -0.0759423 0.0633232 0.0796598 0.0113361 -0.0491033 -0.284659 0.23647 0.0141075 0.191991 -0.199122 0.0249461 -0.0931797 0.082911 -0.187877 0.227237 -0.195088 -0.428916 -0.332374 -0.0798842 0.179441 0.201541 -0.160349 0.118152 -0.165327 -0.222667 -0.19072 0.411986 -0.493939 0.425732 -0.0161997 -0.290933 -0.0480389 -0.317454 -0.144506 -0.0918783 -0.0559518 -0.0113298 -0.0030076 -0.0301514 0.00527819 0.0523209 4.11104 -2.37501 0.284412
 3.2373e-05 -4.48538 0.198749 4.66022e-05 -2.32019 0.347422 0.000208184 -181.175 962.514 -1.6781 -0.954192 4.6567 -6.0302e-05 0.457224 0.00103538 -3.52571e-05 0.468342 -0.000993136 -1.48622e-05 -0.159034 0.0107091 -1.72147e-05 0.442436 -0.0107797 -2.46115 -7.16398 1.0952 -0.271388 -4.17792 1.91767 -1.88729 -0.0544184 0.14461 -4.40495 -1.88637 1.45418 1.61478 0.209184 -0.00148526 2.22597 -0.0588121 -0.00282399 -0.225983 2.19599 -0.138614 0.349647 0.615748 -0.186874 -0.767298 -0.891687 3.2066 -1.53812 -0.652727 7.10189 -0.960794 0.928322 2.48184 -0.465774 -0.0182739 0.107007 -0.360649 0.0211463 2.89922 -1.6587 -0.00434189 1.90996 0.0562371 -0.0199915 -0.003963 -6.35107e-05 1.08309 -0.0264154 0.179612 0.134553 -0.471015 1.47455 0.22835 -2.87593 0.35508 0.176363 -0.703578 -1.18573 1.48592 -0.0670837 -0.3495 0.0258662 -0.425565 -0.0279488 -0.0125563 0.0407467 -0.129796 -1.13904 0.549965 1.95737 -0.904372 -2.73891 -18.3756 19.2096 -2.51385 -2.60754 -1.31758 -4.42528 4.5499 -2.18438 4.62988 -2.5326 -1.62207 1.21442 -0.520837 -0.2064 0.344877 0.566659 0.473884 0.028025 0.314571 0.854574 -5.3417 4.14615 -0.345165 -0.0478615 -1.66871 0.402996 -0.333821 -0.420591 -0.0591803 0.260406 1.50424 -1.25236 -0.0763829 -1.01472 1.05292 -0.132616 0.491454 -0.438917 0.993012 -1.20295 1.03051 2.26776 1.75828 0.422841 -0.950003 -1.06716 0.848544 -0.626567 0.872206 1.17559 1.00658 -2.1801 2.61072 -2.25257 0.0864281 1.53661 0.249705 1.67746 0.763036 0.48482 0.294764 0.0610772 0.0157416 0.160088 -0.0252751 -0.271274 -21.7405 12.557 -1.50451
 -8.99806e-05 6.43949 -0.273788 -0.000104209 5.55838 -0.806891 0.000166553 0.318109 -1.6781 926.139 -39.0878 184.355 -3.08623e-06 0.0216041 -0.000764154 -1.5863e-05 0.205491 -0.0015354 -3.67994e-06 0.144487 -0.00919244 1.86795e-05 -0.352637 0.00941779 5.44753 4.92439 -0.794369 0.528581 3.29237 -1.50543 3.95289 0.859376 -1.32172 6.24133 0.63284 -0.682748 1.06983 0.49033 -0.0241734 5.44574 -0.905752 -0.0495773 3.72198 0.271707 -0.0880362 0.574272 0.771985 -0.252897 2.1966 2.75805 -3.8934 1.3369 -0.563654 -2.80966 3.84739 -5.45479 2.33859 4.44799 -0.366565 -1.73067 0.708027 -0.0539976 -1.52494 2.81844 0.0740275 -5.47935 -0.344874 0.121305 0.000306032 -4.81638e-05 0.711653 -0.0264325 0.284873 0.221002 -0.751825 0.856115 0.245589 -2.91984 -0.353742 -0.265175 1.06432 1.59944 -12.4768 0.365066 0.353674 -0.0302891 0.693169 -0.00642616 -0.0141676 0.0206958 0.716368 -0.596156 -2.12213 -2.92953 4.91444 4.14302 -6.23785 -0.875757 4.07249 6.741 1.7999 -7.00768 1.48194 -1.25029 0.270347 4.65604 9.47146 10.1545 -15.4042 1.73043 2.59652 1.46154 0.21049 -0.129619 0.136256 2.5464 -3.54602 0.65951 1.88972 -2.40653 1.34356 0.795829 -0.664225 0.3313 -0.637867 0.943984 -3.32875 6.09843 -6.77054 5.22913 -1.41843 -0.758368 0.623078 -4.06447 0.240276 -3.03829 -1.25658 1.15419 0.0819181 -0.152617 0.33838 -1.17 -0.770117 0.678821 -0.485841 -2.33277 0.108336 0.263695 -1.02355 -0.16178 -2.04273 0.484637 0.280946 -1.37038 -2.85909 -1.05089 -0.777661 0.461011 -0.0539011 0.294398 0.372328 9.36067 7.34245 -8.81074 -0.267607
 -4.84627e-05 4.01467 -0.169686 -6.26243e-05 3.69466 -0.535969 9.78749e-05 0.18106 -0.954192 -39.0878 21.4163 -99.413 -3.16522e-06 0.0236381 -0.000444085 -9.46457e-06 0.119971 -0.00110506 -3.46649e-07 0.119395 -0.00804908 9.44462e-06 -0.207863 0.00506064 2.57992 4.75698 -0.730673 0.50534 3.61997 -1.65449 1.03938 0.989751 -1.38724 2.01645 2.54428 -1.7848 0.634436 0.186326 -0.0125588 2.85178 -0.528402 -0.0246786 1.50634 0.278763 -0.0516091 0.206941 0.374398 -0.122833 -0.252645 1.08662 0.776003 -0.759551 -0.274721 -0.430844 0.6656 -0.956986 0.95564 0.730268 0.930949 -0.992249 -0.0597195 0.00530582 -0.601403 -0.0394888 0.0416656 -1.3423 -0.091315 0.0323675 -0.00258577 -2.69265e-05 0.432466 -0.0149369 0.127782 0.118226 -0.4032 0.480646 0.0954188 -1.18659 0.00273292 -0.000679047 0.00183982 0.154454 -2.12456 0.0583755 0.222988 -0.0188716 0.185664 0.0101018 0.00440767 -0.0145962 0.460829 -1.504 -0.538259 2.0303 4.52707 3.09239 -2.62591 -1.78415 0.592229 0.461074 -0.0179894 0.082928 1.2354 -0.354723 -1.80136 -0.0337132 1.4933 0.961101 -0.560944 0.267293 -0.116943 -0.0815013 -0.228743 -0.18638 0.250204 0.487948 -0.366062 0.0191516 0.393074 -0.17692 0.243008 0.111955 0.095561 0.284959 0.553681 -0.000202884 -0.101068 0.352138 -0.751203 0.204306 -0.0382306 -0.164607 -0.25341 -0.633321 0.00590137 -0.336525 -0.454238 -0.377433 -0.309584 -0.056364 -0.369384 -0.16745 -0.108996 -0.0777387 -0.238561 -0.355646 -0.125072 -0.320593 -0.459005 -0.120655 -0.0252193 -0.407727 -0.538229 -0.345098 -0.262003 -0.220082 -0.211824 0.163594 -0.0327436 -0.0884766 -0.15289 -0.116488 3.27862 -1.11891 0.35137
 0.000237219 -19.6623 0.83107 0.000306512 -18.0864 2.62372 -0.000477725 -0.883641 4.6567 184.355 -99.413 487.195 1.46265e-05 -0.108284 0.00217436 4.56905e-05 -0.576481 0.00535935 1.72276e-06 -0.575459 0.0388167 -4.5952e-05 1.02286 -0.0249121 -12.6464 -23.258 3.57288 -2.4734 -17.6895 8.08495 -5.12938 -4.82805 6.7692 -9.90952 -12.4095 8.70823 -3.09349 -0.891463 0.0609483 -13.9837 2.61125 0.120945 -7.37665 -1.32274 0.249544 -1.00085 -1.8192 0.596807 1.22826 -5.33944 -3.71738 3.67816 1.37586 2.14645 -3.30048 4.74412 -4.69537 -3.61699 -4.53104 4.8578 0.284093 -0.025326 2.97293 0.168019 -0.205487 6.64872 0.445163 -0.157789 0.0130367 0.000131435 -2.10954 0.0729183 -0.621379 -0.576994 1.9677 -2.39866 -0.473799 5.89188 -0.0203281 -0.000521315 0.00624077 -0.759271 10.5422 -0.289833 -1.09369 0.0925529 -0.909199 -0.0491569 -0.0213199 0.0708986 -2.25486 7.36095 2.64127 -9.8899 -22.0948 -15.1373 12.8799 8.71076 -2.90654 -2.44536 0.0984912 -0.310892 -6.04212 1.7447 8.78091 0.10989 -7.39132 -4.80603 2.91639 -1.32535 0.541656 0.380662 1.1168 0.914263 -1.22308 -2.41124 1.82892 -0.0994549 -1.93662 0.891389 -1.20243 -0.554567 -0.459003 -1.39461 -2.69207 -0.0103224 0.532843 -1.78619 3.74131 -1.05538 0.203084 0.81136 1.22987 3.13407 -0.0315729 1.67548 2.23102 1.82893 1.50934 0.277366 1.7977 0.829272 0.539999 0.372926 1.16991 1.76127 0.60993 1.56027 2.25108 0.591088 0.145372 1.98395 2.62436 1.69962 1.3103 1.08585 1.04269 -0.803405 0.160299 0.427271 0.736618 0.448686 -16.0746 5.55942 -1.71045
 1.72937e-09 -0.000151798 7.29998e-06 -1.08152e-09 4.57797e-05 -5.86733e-06 4.95336e-09 1.12518e-05 -6.0302e-05 -3.08623e-06 -3.16522e-06 1.46265e-05 1000 2.72553e-05 -6.10473e-06 -2.35361e-09 3.13759e-05 2.85059e-07 -1.70897e-10 2.20342e-05 -1.09119e-06 -8.4125e-10 2.88953e-05 -3.22245e-07 -0.000230671 -0.000619807 9.56533e-05 -1.45804e-05 -0.000239766 0.000110444 -4.55482e-05 3.99171e-05 -5.24872e-05 -9.88438e-05 5.44412e-05 -3.13519e-05 0.000105091 1.10666e-05 1.36127e-07 -0.000175955 7.05543e-05 3.46128e-06 3.09924e-05 0.000107038 -7.09814e-06 2.53162e-05 3.22192e-05 -9.68729e-06 6.06893e-05 1.25434e-05 -0.000118012 6.25331e-05 1.4214e-07 4.3634e-05 4.04199e-05 -6.28752e-05 0.000147019 -4.10568e-05 -2.63213e-05 2.98444e-05 -1.82288e-05 1.40114e-06 -2.37487e-05 -5.31788e-06 2.68356e-06 -8.45998e-05 -1.17315e-06 4.05124e-07 -3.04111e-07 -2.44158e-09 4.57031e-05 -5.24644e-07 9.04974e-06 5.37873e-06 -1.89094e-05 3.35539e-05 7.63726e-06 -9.85834e-05 2.71244e-06 2.12139e-06 -9.21169e-06 -4.44026e-05 8.48494e-05 -3.97386e-06 -1.77176e-05 1.5361e-06 1.68581e-06 -1.12022e-06 3.8283e-08 1.08924e-06 -9.64234e-05 -0.000183927 -3.28483e-05 8.98222e-05 4.44997e-05 5.16168e-06 -5.98481e-05 -2.80146e-06 -0.000161076 3.22499e-05 3.25559e-05 0.00041655 -3.41792e-05 -0.000329868 2.53465e-05 0.000138321 0.000161307 4.31725e-07 3.86718e-05 -2.25678e-05 -7.66955e-05 3.52086e-05 5.94737e-05 -6.10321e-05 -2.45302e-05 -8.78907e-05 -3.24596e-06 4.03195e-05 3.04679e-06 1.12826e-05 1.57228e-05 -2.12016e-05 -1.75562e-05 -8.58146e-06 -3.56756e-05 -4.0061e-05 -5.75046e-05 -3.6962e-05 -3.16175e-05 -4.20335e-05 -4.1507e-06 2.50036e-05 3.98878e-05 2.53942e-05 3.47612e-05 4.89794e-05 4.60413e-05 1.11733e-05 -3.36133e-05 -4.4731e-05 -3.55958e-06 1.43654e-05 2.03486e-05 -2.51734e-05 -3.26485e-06 -7.17409e-06 3.94587e-06 1.96504e-05 -1.63191e-05 8.25826e-06 7.36214e-05 7.61972e-05 2.82996e-05 -1.28778e-05 -4.29271e-06 -6.10246e-07 -1.80309e-06 -1.40102e-05 6.10015e-06 1.1684e-05 4.94367e-05 3.98222e-05 -0.000644886 0.000495341 -2.45279e-05
 -1.21095e-05 1.03091 -0.0504707 9.52308e-06 -0.427113 0.0558256 -3.74616e-05 -0.085208 0.457224 0.0216041 0.0236381 -0.108284 2.72553e-05 999.791 -0.114589 1.69336e-05 -0.236273 -0.00198621 3.00622e-07 -0.1589 0.00777139 4.58416e-06 -0.206532 0.00203946 1.97564 4.64748 -0.721616 0.0931886 1.714 -0.790324 0.42433 -0.245682 0.317194 0.974346 -0.164024 0.0610603 -0.882379 -0.0911511 -0.000631709 1.03458 -0.48701 -0.0241033 -0.173021 -0.93121 0.0609603 -0.201908 -0.260125 0.0786221 -0.475832 0.0899269 0.93445 -0.552329 -0.0534211 -0.290194 -0.222614 0.350237 -1.20508 0.445384 0.173989 -0.261298 0.116064 -0.00863025 0.202983 0.0571004 -0.0206898 0.636655 0.00544756 -0.00186212 0.00265806 1.7654e-05 -0.338224 0.00356114 -0.0702874 -0.040021 0.140773 -0.284132 -0.0628108 0.809655 -0.0193279 -0.0117563 0.05291 0.449633 -1.28564 0.0508578 0.129011 -0.0113334 -0.0256338 0.00874053 -0.000150686 -0.00864816 0.779465 1.65407 0.356065 -0.658173 -0.315237 0.00278783 0.488088 0.0379567 1.094 -0.218304 -0.212956 -2.81031 -0.103748 2.34053 0.284573 -1.05299 -1.27633 -0.156132 -0.0221595 0.156761 0.524937 -0.224091 -0.499872 0.347795 0.443621 0.582038 0.240604 -0.274185 -0.0498574 -0.0652048 -0.110948 0.157307 0.175239 0.0949227 0.266574 0.285187 0.407722 0.24174 0.224753 0.282503 0.00338211 -0.220308 -0.338967 -0.230161 -0.219407 -0.36525 -0.366907 -0.15296 0.15006 0.258013 0.00271515 -0.0594797 -0.0687716 0.148002 -0.00420221 -0.0327689 -0.0177139 -0.186916 0.0882133 -0.102237 -0.588515 -0.694759 -0.366037 0.012987 -0.0162734 -0.0312422 -0.0186683 0.151843 -0.0498899 -0.0809893 -0.358793 -0.291188 4.35171 -3.37698 0.159776
 1.01909e-07 -0.00652092 0.000276443 1.59727e-07 -0.00530875 0.000770734 -9.80597e-08 -0.000196416 0.00103538 -0.000764154 -0.000444085 0.00217436 -6.10473e-06 -0.114589 0.813948 2.3597e-07 -0.00284906 1.51721e-05 4.48965e-08 -0.00212852 0.000138883 1.14795e-07 -0.00272472 6.91876e-05 -0.00486171 -0.00875816 0.00134829 -0.000846953 -0.00669123 0.00305835 -0.00200924 -0.00189973 0.00266471 -0.00345957 -0.00331201 0.00235893 -0.00193567 -0.00106931 4.27793e-05 -0.00767172 0.00052776 6.89248e-05 -0.00314438 -0.00147729 0.000171194 -0.000737451 -0.00160438 0.00051306 -0.000202056 -0.0011881 -0.00149138 0.00120856 -5.22976e-06 -0.000210343 -0.00103531 0.00154498 -0.00125317 -0.0012331 -0.00122433 0.0014214 -6.43622e-05 4.7328e-06 0.000664826 -0.000173027 -1.14371e-05 0.00057208 2.67074e-05 -9.39813e-06 1.88003e-06 1.71362e-07 -0.00302136 9.68129e-05 -0.000367351 -0.000264112 0.000903332 -0.000406347 -0.000126371 0.00153692 -0.000186154 -0.000225869 0.000883539 -0.000832936 0.00836475 -0.000229278 -0.000238683 1.99485e-05 -3.78006e-05 -5.32857e-06 1.22229e-06 4.13716e-06 -0.000950553 0.000965244 -0.000129009 -0.0011123 -0.000372584 -2.66382e-05 4.29583e-05 9.64446e-06 -0.000817793 -0.000565177 0.000717923 0.0024734 0.000276787 -0.00198529 -0.000811282 0.000230228 0.000638349 8.99645e-05 7.60176e-05 -0.000367554 -0.00042268 0.000277395 0.000665456 -0.000188614 -0.000790269 -0.000915338 -0.00012128 0.000487364 0.000118036 -0.000215565 -0.000299681 -0.000392461 -0.000316165 -0.000174479 -0.000319148 -0.000365422 -0.000280332 -6.27522e-05 -7.07305e-05 -0.000358582 2.02172e-05 0.000221109 0.000371925 0.000247714 0.000184184 0.000380192 0.000369484 6.47091e-05 -0.00022238 -0.000105685 0.000211367 0.000158775 5.85495e-05 -5.07161e-05 0.000115799 0.000195281 0.000157718 0.000272877 0.000154215 0.000228479 0.000496764 0.000687699 0.000593679 0.000194201 0.000147548 0.000110426 0.00010137 -0.000273105 5.95897e-05 3.01983e-05 0.000139025 -0.000210772 -0.00353513 0.00286089 -0.000111409
 1.78862e-09 -0.000163585 7.40194e-06 9.89231e-10 -6.25211e-05 9.57147e-06 3.2514e-09 6.62519e-06 -3.52571e-05 -1.5863e-05 -9.46457e-06 4.56905e-05 -2.35361e-09 1.69336e-05 2.3597e-07 1000 2.65697e-05 -9.24441e-06 -4.88598e-10 1.9528e-05 -1.02901e-06 -9.65622e-10 2.14235e-05 -2.91197e-07 -0.000126658 -0.000183666 2.9277e-05 -1.69211e-05 -0.000205672 9.44644e-05 -5.48925e-05 3.85728e-06 -3.17134e-06 -9.1309e-05 -2.24147e-05 1.92141e-05 4.50793e-05 7.41642e-06 -3.87593e-08 -8.39567e-05 3.4219e-05 1.58119e-06 -5.01887e-05 7.86293e-05 -4.01485e-06 1.51826e-05 2.02569e-05 -5.89284e-06 6.643e-05 -4.63991e-05 -0.000139557 9.20587e-05 -4.02636e-06 6.87806e-05 8.35646e-06 -1.73353e-05 7.45114e-05 -4.55502e-05 -5.37609e-05 5.34777e-05 -1.22541e-05 9.82798e-07 -1.77159e-05 6.8895e-06 9.18175e-07 -4.07598e-05 -2.68186e-06 9.28072e-07 -7.40672e-08 -1.77558e-09 3.21241e-05 -4.13276e-07 5.39068e-06 4.00208e-06 -1.39065e-05 7.25684e-06 2.1958e-06 -3.06296e-05 7.79429e-07 2.85577e-06 -1.18325e-05 1.57422e-05 -0.000185773 5.10135e-06 -4.05013e-06 3.48578e-07 -1.27712e-06 -1.25935e-06 6.41395e-08 1.20363e-06 -9.3038e-05 -0.000153282 -1.20851e-05 0.000135886 9.54549e-05 5.60453e-05 -2.58434e-05 -5.85465e-05 -0.000203511 7.61382e-05 6.21042e-05 0.000580883 -0.000256744 -0.000195076 -7.63839e-05 0.000181259 0.000215396 -0.000173427 9.97475e-05 -6.13496e-05 -8.83712e-05 -2.49995e-05 1.64634e-05 2.32217e-05 -4.72709e-05 1.90583e-05 -2.58142e-05 4.54086e-06 -5.09038e-05 -2.67288e-05 6.92948e-06 -9.05328e-06 -1.57035e-05 -2.37484e-05 -4.2476e-05 -3.35251e-05 -4.79586e-05 -3.93691e-05 -3.0333e-05 -2.33715e-05 -2.67335e-05 1.57625e-05 2.32497e-05 1.24375e-05 1.7578e-05 1.10557e-05 2.4433e-05 3.38222e-06 -6.5321e-06 -2.93351e-05 -1.76458e-05 -2.19584e-05 2.46861e-05 -3.14744e-06 -7.14239e-07 -5.26906e-07 1.29774e-05 6.45309e-05 -8.93512e-06 1.04781e-05 8.50798e-05 4.73989e-05 1.47184e-05 1.26312e-07 4.25838e-06 6.02885e-06 3.03957e-06 -7.46826e-06 5.6675e-06 1.31867e-05 4.94914e-05 2.19423e-05 -0.000532745 0.000393576 -2.28521e-05
 -1.87377e-05 1.67998 -0.0782867 -5.14325e-06 0.361348 -0.0597928 -4.28283e-05 -0.0874636 0.468342 0.205491 0.119971 -0.576481 3.13759e-05 -0.236273 -0.00284906 2.65697e-05 999.638 -4.42147 2.88407e-06 -0.220885 0.011561 7.67106e-06 -0.256967 0.00339304 2.38104 3.02061 -0.487426 0.154605 2.32757 -1.0714 1.04247 -0.0623675 0.0443029 1.94009 0.405402 -0.3604 -0.877848 -0.111594 0.000765277 0.509495 -0.376931 -0.0183433 0.703428 -1.33472 0.072998 -0.230124 -0.303195 0.0904273 -0.701591 0.916249 1.45469 -1.09029 -0.0971951 -0.585064 0.0143709 0.0217543 -1.2364 0.921293 0.604006 -0.758258 0.0822643 -0.00588238 0.331961 0.0310906 -0.0169452 0.560795 0.0232292 -0.00796732 0.00210662 2.11578e-05 -0.397675 0.00479629 -0.0811431 -0.0503095 0.175074 -0.204858 -0.0497633 0.665176 -0.0217915 -0.0319208 0.133834 0.161734 0.418794 -0.000527863 0.0492033 -0.00476599 -0.0252423 0.0161543 -7.30365e-05 -0.0161898 1.30617 2.49971 0.469153 -1.35945 -0.914458 -0.416345 0.598123 0.77311 2.16565 -0.680869 -0.6194 -6.74394 2.34167 3.1909 1.72469 -1.96098 -3.44211 1.13868 0.353964 0.261204 1.05121 0.290377 -0.142536 -0.361481 0.597901 0.356165 0.38916 0.00389607 0.481625 0.4443 -0.0177724 0.177117 0.223956 0.324332 0.58165 0.439905 0.560001 0.3468 0.40713 0.140027 0.347922 -0.183507 -0.457191 -0.266125 -0.265835 -0.259991 -0.431355 -0.201282 -0.0738707 0.159 0.124975 0.226266 -0.245217 -0.244327 -0.026994 0.0074492 -0.1882 -0.902617 -0.173443 -0.248835 -1.18338 -1.01974 -0.651521 -0.264417 -0.209097 -0.197124 -0.149984 0.221138 -0.0823201 -0.167755 -0.589326 -0.265086 5.4887 -3.73628 0.285245
 2.06606e-07 -0.0148729 0.00066081 2.35789e-07 -0.00859664 0.0012795 5.496e-08 0.000182452 -0.000993136 -0.0015354 -0.00110506 0.00535935 2.85059e-07 -0.00198621 1.51721e-05 -9.24441e-06 -4.42147 0.839048 1.97297e-08 -0.00137209 0.00010188 5.62137e-08 -0.00156004 5.31995e-05 -0.0155872 -0.0208481 0.00331951 -0.00202669 -0.0175898 0.00807353 -0.00720041 -0.00186109 0.00281278 -0.0127792 -0.00577378 0.00442965 0.00182703 -0.000352591 3.40255e-05 -0.00935224 0.00193273 0.000144554 -0.00756169 0.00357853 -6.67176e-05 -0.000195638 -0.000717109 0.000265107 0.00297471 -0.00596842 -0.00845603 0.00654632 0.000363823 0.0026279 -0.00138921 0.0018611 0.00361003 -0.00566167 -0.00440837 0.00530364 -0.00039535 2.80718e-05 -0.000823517 -0.000177683 4.7019e-05 -0.00151651 -4.5134e-06 5.07661e-07 -1.1696e-06 1.10637e-07 -0.00172548 8.94369e-05 -0.000147804 -6.5096e-05 0.000211783 0.000288388 1.52282e-05 -0.00044704 -0.000266857 -0.000229928 0.000865561 -0.00130296 0.00433467 -0.000166973 -0.000406365 3.69128e-05 -1.71378e-05 -8.26344e-05 9.60211e-07 8.22271e-05 -0.00702156 -0.0109668 -0.00315243 0.00548323 0.00474604 0.00245548 -0.00299725 -0.00393763 -0.0109427 0.00200374 0.00478624 0.034648 -0.0119397 -0.0165026 -0.00934095 0.00946259 0.0174265 -0.00587404 -0.00187657 -0.00151446 -0.00541918 -0.00141673 0.000981265 0.00196691 -0.00348856 -0.00232487 -0.00194449 0.000198976 -0.00237796 -0.00250298 -0.000251038 -0.00115812 -0.00132577 -0.00177711 -0.00309798 -0.00240103 -0.00282994 -0.00163456 -0.00196725 -0.000858087 -0.00173017 0.000994077 0.00246362 0.00145948 0.00140971 0.00146993 0.00231093 0.000981191 0.000253052 -0.00071391 -0.000387345 -0.000986624 0.00127544 0.00130639 0.000260311 0.000131761 0.00110347 0.00470103 0.00112202 0.00142713 0.00606927 0.00538582 0.00365482 0.00155604 0.00120778 0.00109913 0.00085954 -0.00128955 0.000441747 0.000821208 0.00285375 0.000836664 -0.0282744 0.0194095 -0.00144382
 2.20128e-10 -5.69373e-05 2.38085e-06 5.51183e-10 -3.8598e-05 5.53705e-06 7.46483e-10 2.8474e-06 -1.48622e-05 -3.67994e-06 -3.46649e-07 1.72276e-06 -1.70897e-10 3.00622e-07 4.48965e-08 -4.88598e-10 2.88407e-06 1.97297e-08 1000 7.29305e-06 -3.30981e-06 -8.38991e-10 9.29907e-06 -2.51896e-07 8.38478e-05 -7.14825e-05 9.04986e-06 -3.43872e-06 3.86476e-06 -1.92378e-06 4.87868e-05 9.55351e-06 -1.49867e-05 7.12946e-05 -0.000118515 7.6124e-05 -2.95782e-05 1.90923e-06 1.03809e-07 -5.38555e-05 7.74879e-06 2.43814e-07 1.54655e-05 -3.28784e-05 2.24813e-06 -1.76116e-06 -1.17993e-06 5.1616e-07 2.18248e-05 1.08719e-05 -5.21917e-05 2.6015e-05 -2.87699e-05 3.98804e-05 4.34298e-05 -6.68657e-05 -2.05623e-05 4.13322e-05 -8.88849e-06 -1.0496e-05 -3.3383e-06 3.03128e-07 1.09162e-05 1.39157e-05 -8.81076e-07 1.27353e-05 -1.60954e-06 5.75193e-07 1.15554e-07 -4.94721e-10 5.68756e-06 -2.11955e-07 -1.64833e-07 8.89536e-07 -3.0737e-06 -6.59829e-06 -8.84265e-07 1.14226e-05 3.64539e-06 4.4396e-06 -1.75243e-05 4.32468e-05 -0.000253517 7.91261e-06 -6.86238e-06 5.27505e-07 -3.47132e-06 -7.31453e-07 -3.48564e-08 7.71816e-07 1.14246e-05 -9.34893e-05 -1.66e-05 8.82696e-05 9.47964e-05 9.00266e-05 6.4466e-05 0.000267778 -0.000196042 -9.70308e-05 -3.64666e-05 2.86923e-05 -5.95153e-05 5.90645e-05 1.08814e-05 -2.82354e-05 3.48983e-05 2.02252e-05 2.20001e-05 -1.71371e-05 7.00325e-07 -1.28718e-05 -1.00566e-05 -1.86646e-05 -1.75248e-05 4.8716e-06 2.47871e-05 -1.82244e-06 8.09376e-07 7.79507e-06 4.22695e-06 -4.21023e-06 -2.60365e-05 -1.5972e-05 3.2679e-06 -1.04855e-05 -8.92768e-06 -1.39322e-05 1.01408e-05 -1.33075e-05 3.25251e-06 -4.45598e-06 -2.84564e-06 -9.38617e-06 -6.98891e-06 -1.95293e-05 -1.37086e-05 -2.5674e-06 -1.71858e-05 -3.59195e-05 -1.35632e-05 2.58236e-05 2.09717e-05 1.51921e-06 1.28399e-05 1.44002e-05 -1.14647e-05 1.27187e-05 -2.77485e-06 -1.68439e-05 -1.72355e-05 -2.06019e-05 -2.79208e-05 -8.6779e-06 -3.37473e-06 -2.99623e-06 -4.41805e-06 1.8628e-05 -9.00977e-07 4.19841e-06 9.49348e-06 -9.20739e-06 -0.000252925 0.000157835 -1.55591e-05
 -3.72471e-05 2.14766 -0.0965717 -4.94166e-06 0.511935 -0.078444 -1.48429e-06 0.0301523 -0.159034 0.144487 0.119395 -0.575459 2.20342e-05 -0.1589 -0.00212852 1.9528e-05 -0.220885 -0.00137209 7.29305e-06 994.967 -63.9151 1.30947e-05 -0.389317 0.00929614 -0.209725 4.33746 -0.638605 0.050518 0.546592 -0.25273 -0.37289 -0.29895 0.421694 0.779327 3.25423 -2.21428 -0.196699 -0.114522 -0.00162363 -0.190182 -0.0662184 -0.00470774 -0.508951 -0.154019 0.00909464 -0.137406 -0.190309 0.0550774 -0.483224 0.455337 1.27747 -0.855904 0.53498 -1.30592 -0.924003 1.45826 -0.668013 -0.436746 0.245059 0.0398106 0.0247357 0.000829647 -0.491166 -0.426049 0.0147308 0.0566738 0.0160785 -0.00607711 -0.000594167 1.75433e-05 -0.317547 0.00753287 -0.132604 -0.092934 0.321364 -0.180893 -0.0398895 0.508337 -0.167187 -0.109162 0.439515 -0.587704 2.80343 -0.0658627 0.269324 -0.0220155 0.0847917 0.0352037 -0.00221053 -0.0332212 0.327923 4.89684 1.55961 -2.12268 -3.63032 -3.99966 -14.0473 10.13 0.765419 1.39197 0.426222 -0.963275 -2.3395 2.31161 1.18874 0.193794 0.489209 -2.23225 -0.253903 0.832617 1.09972 0.391567 0.462167 0.817517 0.916138 0.428422 -0.106342 0.0560831 0.713852 -0.0985664 0.180815 0.560217 1.30736 1.42376 -0.412345 0.344238 0.59117 0.503316 0.160287 -0.103517 0.181972 0.0246433 -0.0645704 -0.298975 0.15863 0.388251 0.318971 0.221811 0.262042 0.681331 0.0924615 -0.532307 -0.412605 -0.870592 -0.437222 -0.199331 0.0161333 0.13267 -0.464148 0.248981 -0.0279535 -0.854866 -0.713443 -1.05527 -0.510921 -0.314847 -0.123038 -0.349647 -0.0144439 -0.154051 -0.291997 0.0829192 9.39839 -5.89297 0.572239
 2.48635e-06 -0.145133 0.0065072 4.53122e-07 -0.0377867 0.00575022 -1.76554e-08 -0.00203047 0.0107091 -0.00919244 -0.00804908 0.0388167 -1.09119e-06 0.00777139 0.000138883 -1.02901e-06 0.011561 0.00010188 -3.30981e-06 -63.9151 5.00877 -9.23066e-07 0.0248946 -0.000593676 0.0112682 -0.285739 0.0420929 -0.00360305 -0.0391988 0.0181022 0.0233095 0.0177505 -0.0250818 -0.0528415 -0.214575 0.146054 0.0115845 0.0057659 0.000152569 0.00866897 0.00424264 0.000336014 0.0304512 0.00710944 -0.000330555 0.00768732 0.0104791 -0.0029704 0.0306078 -0.0305732 -0.0836414 0.0562854 -0.0341562 0.0848763 0.0593639 -0.0937554 0.0419548 0.0276749 -0.0166371 -0.0017344 -0.00157596 -5.59653e-05 0.0329701 0.0277613 -0.000994781 -0.00250419 -0.00119209 0.000446998 -4.05474e-06 -1.03947e-06 0.0191764 -0.000444456 0.0081638 0.00572506 -0.0198064 0.0107744 0.00244026 -0.0311296 0.00972405 0.00655415 -0.026387 0.0407288 -0.177507 0.00414598 -0.0176144 0.00143973 -0.00511953 -0.00228798 0.000144514 0.00215828 -0.0217289 -0.314294 -0.104423 0.130916 0.240014 0.275778 0.912967 -0.664029 -0.0471408 -0.093565 -0.0307945 0.063343 0.1526 -0.150951 -0.0777113 -0.0129791 -0.0323388 0.145161 0.016367 -0.054293 -0.0717024 -0.0254761 -0.0299822 -0.0531751 -0.0599004 -0.0282262 0.00681541 -0.00362758 -0.0465284 0.00619339 -0.0120716 -0.0366687 -0.0851728 -0.0927242 0.0266171 -0.0225551 -0.0384997 -0.0327084 -0.0104869 0.00657321 -0.011921 -0.00164156 0.00420835 0.0194303 -0.0103352 -0.0251973 -0.0207057 -0.0145412 -0.0171856 -0.0442468 -0.00589017 0.0345589 0.0266895 0.0565381 0.0283837 0.012939 -0.00100017 -0.00864147 0.0302404 -0.0161406 0.00181328 0.0556465 0.0465635 0.0686345 0.033204 0.0204471 0.00798341 0.0225972 0.000959561 0.00997249 0.0188328 -0.00573977 -0.611154 0.383599 -0.0371488
 7.52498e-10 -9.61025e-05 4.04945e-06 4.36383e-10 -3.27478e-05 4.65569e-06 9.5408e-10 3.28564e-06 -1.72147e-05 1.86795e-05 9.44462e-06 -4.5952e-05 -8.4125e-10 4.58416e-06 1.14795e-07 -9.65622e-10 7.67106e-06 5.62137e-08 -8.38991e-10 1.30947e-05 -9.23066e-07 1000 2.0764e-05 -4.89346e-06 0.000123045 -0.000361859 5.10506e-05 -5.80816e-06 -3.15049e-05 1.4158e-05 0.000110484 0.00013028 -0.000181757 0.000173448 -1.43189e-05 1.97907e-06 -3.33223e-05 2.38578e-07 3.64066e-07 -0.000114572 2.02317e-05 8.71816e-07 8.4368e-05 -7.16706e-05 3.54934e-06 -1.64948e-06 -2.7021e-06 1.19337e-06 2.01956e-05 6.36101e-05 -4.1116e-05 3.84997e-06 -5.39862e-05 6.39799e-05 0.000101706 -0.000154612 -2.78901e-05 9.30786e-05 -1.14165e-05 -3.01998e-05 -9.2558e-06 7.9917e-07 1.77784e-05 1.05764e-05 -5.70181e-07 6.87963e-06 -1.85011e-06 6.49044e-07 1.7476e-07 -8.06871e-10 1.13011e-05 -5.09345e-07 4.87949e-08 1.24467e-06 -4.15079e-06 -1.06839e-05 -1.07969e-06 1.38909e-05 7.3859e-06 6.23845e-06 -2.49647e-05 5.1499e-05 -0.000253968 8.2761e-06 -1.54792e-05 1.22786e-06 -5.99513e-06 -1.15792e-06 -5.63738e-08 1.22223e-06 1.85526e-05 -2.44018e-05 2.7294e-05 0.000130349 9.5377e-05 7.04259e-05 -8.63299e-06 8.36104e-05 -0.000190979 -8.03997e-05 -1.74584e-05 0.000241346 -4.17539e-05 -0.000167655 0.000100244 5.00751e-05 0.000165462 -6.1923e-05 0.000144645 -5.44754e-05 -7.42708e-06 9.89937e-06 3.39963e-06 1.59325e-06 4.18064e-05 9.27012e-05 6.02033e-06 -3.00479e-05 -5.43533e-05 4.54193e-05 8.66747e-06 1.90405e-05 8.99943e-06 3.54194e-06 1.99511e-06 -3.93415e-06 -7.56304e-06 -1.16918e-05 3.46567e-06 -2.84377e-05 -2.711e-05 -3.84779e-05 -3.40602e-05 -5.42411e-06 1.92937e-05 -7.01362e-06 -3.62936e-06 -1.44946e-05 -5.95235e-05 -0.000100228 -3.59496e-05 3.81817e-05 1.63024e-05 -9.80458e-06 -2.68384e-06 -3.06063e-06 -1.6898e-05 -8.28384e-06 1.58696e-07 -5.55058e-05 -5.23741e-05 -4.76284e-05 -5.77362e-05 -2.35641e-05 -1.88385e-05 -1.69113e-05 -1.77543e-05 3.86453e-05 -1.30855e-06 5.42538e-06 8.09958e-06 -1.42219e-05 -0.000443407 0.000264762 -2.91355e-05
