 1000 0.00511057 -0.000228762 7.7047e-09 -0.000416241 6.15586e-05 -3.45802e-09 -5.95392e-06 3.11856e-05 -8.98083e-05 -4.75966e-05 0.000238413 1.70749e-09 -1.21635e-05 1.01612e-07 1.82831e-09 -1.90102e-05 2.11813e-07 2.18593e-10 -3.81174e-05 2.60895e-06 7.62043e-10 -1.80338e-05 5.38796e-07 -0.000277225 -0.000617089 9.58048e-05 -5.54104e-05 -0.000500284 0.000232902 -0.000114799 -0.000127144 0.000179178 -0.000189141 -0.000288704 0.000203571 -4.72897e-05 3.50123e-06 7.70352e-07 -0.000427501 9.0364e-05 3.81043e-06 -0.00015826 5.41672e-06 3.02906e-06 -1.04475e-05 -2.20151e-05 7.69922e-06 1.99113e-05 -0.000198257 -0.00026366 0.000213212 -1.43613e-06 3.04779e-05 -3.61684e-05 5.2057e-05 -0.000130266 -9.03759e-05 -0.00011244 0.000124899 -2.21646e-06 1.8136e-07 5.28587e-05 -1.90769e-06 -1.63459e-06 5.73152e-05 5.98497e-07 -2.05485e-07 -1.04855e-08 1.9838e-09 -3.62148e-05 1.40497e-06 -8.60272e-06 -7.60934e-06 2.64503e-05 -3.99626e-05 -8.56339e-06 0.000107879 4.32417e-06 4.44074e-06 -1.8443e-05 -5.68216e-05 0.000206915 -5.35541e-06 -7.36201e-06 5.54424e-07 -4.99657e-06 -1.45237e-06 -5.13334e-07 1.97804e-06 -5.29669e-05 6.39913e-05 -5.96612e-05 -0.000227515 -0.000119597 1.67115e-05 -0.000131744 0.00048685 -0.000156589 -0.000365278 -0.000194593 0.000106353 -1.40088e-05 1.62083e-05 -1.40071e-05 -9.48113e-06 1.21416e-05 -3.75714e-06 -9.71934e-05 0.000162129 -0.000149871 6.11417e-06 3.39597e-06 -3.46721e-06 -8.01575e-06 -1.62602e-05 -9.19829e-06 -1.75216e-05 6.15082e-05 -5.61085e-05 -1.48112e-05 -2.68717e-05 -1.69771e-05 -1.15157e-05 1.57693e-06 -2.15906e-05 -2.4036e-05 0.000154185 -6.64564e-05 3.29733e-05 -4.12105e-06 1.32579e-05 3.11381e-05 1.20025e-05 4.60042e-05 2.31278e-05 7.28702e-05 4.18119e-05 3.24806e-05 1.49793e-05 6.78909e-06 3.39996e-05 1.56979e-05 5.48343e-06 3.50923e-05 1.27767e-05 5.24143e-05 7.11362e-05 3.42698e-05 4.36013e-05 4.10574e-05 1.31942e-05 3.82689e-05 9.31739e-06 2.15341e-05 2.31564e-05 2.31487e-05 -2.00784e-05 5.66279e-06 7.53806e-06 1.58949e-05 -2.57918e-05 -0.000347548 0.000181657 -2.7255e-05
 0.00511057 584.304 -24.6789 -0.000614796 32.2628 -4.77211 0.000376028 0.847752 -4.49073 6.4403 3.95386 -19.8166 -0.000150602 1.05088 -0.00656091 -0.000169205 1.71803 -0.0153265 -5.82257e-05 2.19496 -0.152149 -9.77035e-05 1.76305 -0.0494878 26.9507 44.7934 -7.05608 3.72523 34.5537 -16.088 12.2021 10.1536 -14.433 20.8804 22.0685 -15.8429 2.74304 -0.204401 -0.0587956 32.0546 -6.83772 -0.285559 14.4209 -1.98819 -0.152387 0.997282 1.76259 -0.617406 1.14837 14.3105 14.5864 -12.8667 -1.51937 -0.469292 5.99303 -8.92615 9.71354 8.6299 8.89287 -10.5006 -0.00293124 0.00534304 -4.49055 1.34579 0.0963582 -4.84543 -0.173282 0.0621835 0.00401702 -0.000184198 3.03724 -0.115408 0.805556 0.655186 -2.28325 2.9638 0.647521 -8.11785 -0.132436 -0.104943 0.443788 5.50327 -27.7927 0.798617 1.37485 -0.117495 0.187601 0.0987999 0.0204663 -0.120032 5.02908 -4.28025 3.91318 14.2834 6.95789 -2.89916 -4.8404 1.7312 -5.19019 23.8223 13.4171 -4.16837 -1.73774 -1.84461 2.09087 7.66594 4.22593 -1.41429 -9.30096 5.43445 0.589157 0.407222 -1.78803 -0.622746 1.75576 2.57934 1.29773 1.70131 -1.52165 1.68343 1.99651 1.91845 1.23481 0.729997 1.1441 1.1597 0.749246 -2.3189 -2.53693 2.06296 -0.182943 -0.792146 -2.1943 -3.02116 -1.96699 -3.74674 -4.21089 -3.12137 -0.731589 -1.43661 -2.16994 -1.68331 -1.29553 -1.31234 -2.95247 -3.01813 -1.71008 -3.54501 -4.09446 -1.81701 -2.48007 -4.22917 -4.13825 -3.02707 -2.34076 -2.00765 -1.8588 1.95427 -0.514612 -0.333489 -0.787553 1.49991 21.835 -13.6714 1.33225
 -0.000228762 -24.6789 1.91424 2.67973e-05 -1.40369 0.207623 -1.70946e-05 -0.0385514 0.204331 -0.28148 -0.171811 0.861125 7.43005e-06 -0.0525997 0.000285949 7.84962e-06 -0.0820035 0.000699367 2.50908e-06 -0.101238 0.00699872 4.23256e-06 -0.0810792 0.00226203 -1.17321 -1.94849 0.306944 -0.164474 -1.50302 0.699805 -0.531613 -0.442359 0.628797 -0.909337 -0.960525 0.689574 -0.132755 0.000589219 0.00281659 -1.39811 0.289149 0.0124748 -0.636329 0.068191 0.00815561 -0.0488079 -0.0845478 0.0294926 -0.0558459 -0.621525 -0.63388 0.559185 0.0643158 0.0193721 -0.261721 0.38989 -0.423357 -0.375514 -0.386861 0.456877 0.00015151 -0.000234147 0.1956 -0.0586448 -0.00420396 0.211332 0.0072746 -0.00261054 -6.5193e-05 8.54978e-06 -0.142174 0.00532915 -0.0372267 -0.0298634 0.104116 -0.128695 -0.0282069 0.353608 0.00463169 0.00386835 -0.0164211 -0.230683 1.21513 -0.034933 -0.0598409 0.00511414 -0.00829618 -0.00428437 -0.000885309 0.0052029 -0.218855 0.18898 -0.170621 -0.622499 -0.30265 0.132315 0.2108 -0.0790555 0.226227 -1.03175 -0.582544 0.180801 0.0759133 0.0797195 -0.0914307 -0.333874 -0.184295 0.061225 0.404839 -0.237301 -0.0247683 -0.017766 0.0776871 0.0269288 -0.0767127 -0.112582 -0.0563374 -0.0735779 0.0657657 -0.0732036 -0.0872073 -0.0836189 -0.0538767 -0.0318281 -0.049896 -0.0505231 -0.0324711 0.0999327 0.110646 -0.090021 0.00797119 0.0343781 0.0952753 0.131225 0.0851808 0.162665 0.182623 0.135316 0.031477 0.0623614 0.0944241 0.0730606 0.056233 0.0570372 0.128197 0.131243 0.074231 0.153803 0.177962 0.0788576 0.107619 0.183853 0.17994 0.131603 0.10168 0.0871712 0.0807045 -0.085 0.0223784 0.0144332 0.0340159 -0.0653237 -0.947492 0.593332 -0.0577955
 7.7047e-09 -0.000614796 2.67973e-05 1000 0.00543967 -0.000814808 -4.55004e-09 -9.07361e-06 4.82389e-05 -0.000104574 -6.15643e-05 0.000308387 -1.01994e-09 8.88668e-06 1.61797e-07 1.08613e-09 -6.18545e-06 2.43823e-07 5.05873e-10 -5.28272e-06 4.82859e-07 4.29547e-10 2.92695e-06 1.04084e-08 -0.000386122 -0.000815255 0.000127177 -7.74653e-05 -0.000704318 0.000328073 -0.000156139 -0.000188911 0.000265532 -0.000246789 -0.000527406 0.000368007 5.31428e-05 3.47787e-05 -1.69964e-07 -0.000503518 0.000150759 4.86612e-06 -0.000162038 0.000117618 -4.33142e-06 1.75732e-05 8.07081e-06 -2.28032e-06 5.44446e-05 -0.000169871 -6.77208e-05 9.00261e-05 -2.38915e-05 5.59166e-05 -2.98457e-05 4.06412e-05 -0.000177378 -0.000155017 -0.000121668 0.000162085 9.67747e-06 -1.02055e-06 9.04246e-05 1.17354e-05 -6.85708e-06 0.000219049 1.23744e-05 -4.52969e-06 -1.9455e-06 2.33023e-10 -2.88764e-07 4.71219e-07 -5.17751e-06 -5.47415e-06 1.88278e-05 -4.56016e-05 -1.16254e-05 0.000144205 3.39709e-06 1.2037e-06 -5.45924e-06 -7.53477e-05 0.000285047 -8.09471e-06 -1.02065e-05 8.12926e-07 -1.16292e-05 -2.20541e-06 -6.26747e-07 2.85003e-06 -0.000116274 8.06644e-05 -3.08964e-05 -0.000215029 -0.000172952 -0.000154862 0.000152404 5.23514e-05 -9.29504e-05 -0.000141855 -3.09032e-05 2.6437e-05 -1.31479e-05 4.4898e-05 -4.84212e-05 7.42558e-05 -4.11395e-05 3.58263e-05 7.90362e-06 -7.34036e-05 1.9004e-06 2.34456e-05 6.65519e-05 6.94617e-06 4.59298e-06 -6.77367e-05 -2.02081e-05 -3.7008e-05 -1.13637e-05 4.59246e-05 -2.25229e-05 4.24091e-05 -3.50649e-05 -0.000112284 -0.000191292 -0.000264905 -7.53135e-05 0.000270493 4.54279e-05 8.21596e-05 -1.90237e-05 1.89514e-05 9.28033e-05 1.00301e-05 5.70995e-05 -9.06349e-06 0.000107679 3.13301e-05 5.67095e-05 -6.36211e-05 -6.29675e-05 -1.75065e-05 -2.76371e-05 0.000101408 0.000112005 3.14417e-05 1.49417e-05 7.92161e-05 7.67834e-05 0.00010756 6.82234e-05 -5.87921e-05 8.88586e-05 1.95219e-05 3.02876e-05 2.97352e-05 2.89358e-05 -3.26375e-05 1.0987e-05 1.35573e-05 3.17847e-06 -6.79379e-05 -0.000502708 0.000158178 -5.69544e-05
 -0.000416241 32.2628 -1.40369 0.00543967 699.135 -102.533 0.00021235 0.456661 -2.39386 5.56388 3.62771 -18.1734 4.40031e-05 -0.401405 -0.00534809 -6.76095e-05 0.404582 -0.00890961 -3.81838e-05 0.528761 -0.0398707 -3.35971e-05 0.0298031 -0.00419334 22.1672 35.6614 -5.62858 3.04353 28.4668 -13.2555 12.5876 8.75134 -12.5148 19.3353 18.9807 -13.6844 -2.65259 -1.64352 0.012385 22.9916 -6.921 -0.201616 11.036 -6.77416 0.272627 -0.583279 -0.362143 0.105195 -2.18025 9.2258 2.9572 -4.49049 -0.342935 -0.872332 3.99417 -5.9161 8.74632 7.42646 8.13692 -9.39754 -0.0338719 0.00754007 -4.12095 -2.21455 0.442971 -12.2313 -0.713593 0.257298 0.0996652 -2.30024e-05 0.156385 -0.0228032 0.267599 0.286272 -0.988622 2.23033 0.558697 -6.98468 -0.0936647 0.00456282 -6.95592e-05 5.09091 -24.596 0.711683 1.90595 -0.162762 0.388884 0.0711761 0.0194117 -0.0911597 4.43983 -3.15161 0.413125 6.16403 7.19263 8.37234 -1.25588 -0.609684 0.0506988 7.19701 1.65516 -2.53976 -0.145149 1.23667 0.21671 4.78664 0.181695 -2.10937 0.263292 2.83912 -0.0607161 -0.59917 -1.81977 -1.59717 2.70011 2.79461 0.398756 0.847059 1.77838 -1.11544 0.15922 1.60395 2.76085 5.63065 3.53258 -0.971067 -0.911091 -0.245871 -5.07559 3.29511 0.695944 -0.773525 -2.2036 -2.81021 -1.46602 -2.5043 -2.27789 -3.1525 -0.210226 0.0852559 -0.533225 -1.4042 -1.66759 -0.761252 -1.6865 -1.17304 -1.2429 -3.32283 -4.58088 -1.16428 -0.571622 -4.03122 -3.49021 -2.89913 -1.99067 -1.67037 -1.49655 1.53993 -0.430292 -0.446994 -0.990089 1.17114 22.9402 -14.2834 1.41998
 6.15586e-05 -4.77211 0.207623 -0.000814808 -102.533 16.0681 -3.23314e-05 -0.0695528 0.36485 -0.82338 -0.53648 2.68756 -5.72863e-06 0.0531948 0.00079153 1.05084e-05 -0.0672592 0.00135114 5.58922e-06 -0.082424 0.00617552 4.87421e-06 -0.00746135 0.000696438 -3.27932 -5.27491 0.832563 -0.452994 -4.21053 1.96063 -1.86227 -1.29487 1.8517 -2.86046 -2.80749 2.02413 0.378913 0.236343 -0.0016088 -3.40408 1.01675 0.0298674 -1.6412 0.983211 -0.0387663 0.0817976 0.0462581 -0.013131 0.320417 -1.36439 -0.437825 0.664427 0.0483253 0.128075 -0.591729 0.876536 -1.29424 -1.09841 -1.20355 1.39002 0.00499786 -0.00111364 0.609548 0.327253 -0.0654946 1.80865 0.105769 -0.038136 -0.0148087 3.90973e-06 -0.0324243 0.00365839 -0.0419403 -0.043781 0.151288 -0.329906 -0.0826606 1.03341 0.0127093 -0.00131114 0.0026521 -0.742658 3.64223 -0.105408 -0.281828 0.0240672 -0.0574516 -0.0105175 -0.00286781 0.0134699 -0.656584 0.467869 -0.062138 -0.911956 -1.06273 -1.23719 0.185081 0.0903287 -0.00735031 -1.06457 -0.243963 0.375778 0.0217602 -0.183123 -0.0323715 -0.708353 -0.0271997 0.311619 -0.0388952 -0.419554 0.00886232 0.0885483 0.268883 0.236022 -0.399487 -0.413378 -0.0589105 -0.124919 -0.262854 0.164552 -0.0238528 -0.237441 -0.408279 -0.832267 -0.521997 0.143877 0.134842 0.0359071 0.750346 -0.48733 -0.10279 0.114406 0.325731 0.41548 0.216638 0.370253 0.336636 0.46596 0.0309205 -0.0124113 0.0791294 0.207751 0.246653 0.112485 0.249288 0.173574 0.183935 0.49126 0.677321 0.1721 0.0845123 0.596228 0.516123 0.428698 0.294345 0.246995 0.221288 -0.22777 0.0636302 0.0660481 0.146297 -0.173194 -3.3909 2.11149 -0.209861
 -3.45802e-09 0.000376028 -1.70946e-05 -4.55004e-09 0.00021235 -3.23314e-05 1000 -6.22097e-05 0.000204631 0.000156439 9.15287e-05 -0.000457092 4.86409e-09 -3.6866e-05 -9.4951e-08 3.23453e-09 -4.2252e-05 6.18946e-08 7.34508e-10 -2.15905e-06 3.10083e-08 9.38e-10 -3.13527e-05 7.01478e-07 0.000258442 0.000324421 -5.30131e-05 1.50551e-05 0.000285169 -0.000133601 0.000251624 6.31716e-05 -9.66403e-05 0.000495415 -0.000151956 8.1224e-05 -0.000131478 -1.43801e-05 4.17297e-07 -0.000226828 1.78246e-05 1.0231e-06 3.70536e-05 -0.000184515 1.24918e-05 -3.13055e-05 -4.78079e-05 1.53909e-05 3.31476e-05 7.81268e-05 -0.000156362 6.53191e-05 -2.39804e-05 -0.000535805 0.000229202 -0.000303821 -0.000202064 5.00268e-05 7.79158e-05 -6.7892e-05 5.16547e-05 -4.36801e-06 -8.27118e-05 2.46598e-05 1.33187e-07 -2.56381e-05 -2.83482e-06 1.03768e-06 4.19003e-07 4.83226e-09 -8.41505e-05 2.00393e-06 -1.43911e-05 -1.0814e-05 3.8539e-05 -8.8891e-05 -1.33607e-05 0.00017532 -2.16436e-05 -9.81046e-06 4.07639e-05 8.32629e-05 -0.000186145 7.12693e-06 -3.41405e-05 3.31518e-06 3.1338e-05 2.25635e-06 -1.37942e-07 -2.13345e-06 1.16769e-05 0.000115834 -2.48861e-05 -0.000156789 -4.71622e-06 9.91621e-05 0.000860167 -0.00104064 0.000373472 3.17847e-05 2.70479e-06 -8.56938e-05 -0.000258167 0.000350818 -0.00015519 0.000311629 -1.29233e-05 -0.000111522 1.29841e-05 3.3186e-05 4.23689e-06 -2.09977e-05 -1.80075e-05 -1.82028e-06 -1.07621e-05 2.35888e-05 0.0002801 -0.000407656 9.07309e-05 6.44672e-05 2.83106e-05 -4.72965e-05 1.95297e-05 4.48485e-05 -4.13581e-05 -2.81327e-05 -4.03738e-05 0.000223188 9.48344e-05 3.82505e-05 -0.000111481 -1.32304e-05 -1.97085e-05 -3.57692e-05 -5.06621e-05 6.83935e-05 -5.25365e-05 -2.5823e-06 -7.58802e-05 -0.000245566 -9.84496e-05 5.34481e-05 -0.00020153 0.000154392 0.000100513 3.69336e-05 4.13375e-05 0.000118252 -0.000180531 2.97068e-05 -0.00025549 9.69249e-06 0.000266979 -9.65102e-05 -3.7808e-05 -2.95704e-05 -2.09375e-05 -1.52013e-07 -1.34021e-06 -2.9471e-05 -7.17289e-05 -4.05405e-05 0.00165324 -0.000998576 0.000105884
 -5.95392e-06 0.847752 -0.0385514 -9.07361e-06 0.456661 -0.0695528 -6.22097e-05 34.4923 -179.348 0.306329 0.173246 -0.865114 1.13143e-05 -0.0860693 -0.000193319 6.80285e-06 -0.088221 0.000199756 2.87061e-06 0.0317994 -0.00218842 3.28021e-06 -0.0837932 0.00208582 0.459083 1.35999 -0.211825 0.053475 0.799572 -0.373849 0.354537 0.0137603 -0.0324061 0.833362 0.364382 -0.284175 -0.307299 -0.038686 0.000330229 -0.421579 0.0112075 0.000643718 0.0397399 -0.417642 0.0268958 -0.0641617 -0.117215 0.0369476 0.143785 0.166563 -0.619007 0.302596 0.124191 -1.34894 0.181985 -0.176051 -0.452236 0.0847188 0.00816837 -0.0230444 0.0695792 -0.00427842 -0.553284 0.315214 0.000414155 -0.365456 -0.011107 0.00402902 0.000777383 1.2056e-05 -0.203792 0.00512091 -0.0330748 -0.0241698 0.0867813 -0.281302 -0.0426731 0.549198 -0.0639649 -0.0304449 0.125879 0.22688 -0.339281 0.0145491 0.0686609 -0.00524952 0.0795848 0.00516047 0.00238904 -0.0075951 0.023513 0.188603 -0.101617 -0.339127 0.159552 0.477267 3.45438 -3.65126 0.491393 0.42379 0.228959 0.850475 -0.842059 0.403011 -0.864887 0.475967 0.307878 -0.224866 0.0991668 0.0389283 -0.0653056 -0.107846 -0.0903491 -0.00492376 -0.0563655 -0.155125 1.00253 -0.782189 0.0631419 0.0126197 0.316439 -0.0726875 0.0652753 0.0803823 0.011174 -0.0485872 -0.282609 0.239161 0.0138234 0.194676 -0.195035 0.0266344 -0.0903811 0.0847945 -0.182976 0.227253 -0.190635 -0.422869 -0.328094 -0.0738409 0.185252 0.206872 -0.155896 0.120622 -0.160857 -0.217921 -0.186426 0.411852 -0.484059 0.426721 -0.0113079 -0.285329 -0.0440744 -0.312392 -0.140257 -0.0880338 -0.0520977 -0.0117092 -0.00383781 -0.0285475 0.00706436 0.0554168 4.0908 -2.39813 0.276239
 3.11856e-05 -4.49073 0.204331 4.82389e-05 -2.39386 0.36485 0.000204631 -179.348 963.15 -1.63302 -0.922764 4.60777 -6.12779e-05 0.466779 0.00102997 -3.65965e-05 0.477435 -0.00109704 -1.51518e-05 -0.169724 0.0116794 -1.73502e-05 0.448008 -0.0111536 -2.43459 -7.23604 1.12705 -0.278568 -4.23938 1.98226 -1.88593 -0.0588829 0.152686 -4.43871 -1.92174 1.50075 1.66181 0.220768 -0.00221148 2.29352 -0.0581371 -0.00377015 -0.184489 2.26393 -0.146625 0.353082 0.640454 -0.20218 -0.778871 -0.881789 3.30457 -1.61739 -0.659938 7.21103 -0.964239 0.928216 2.43495 -0.446743 -0.038058 0.115757 -0.372625 0.0229174 2.9425 -1.68667 -0.00157912 1.93367 0.0590036 -0.0214055 -0.0041097 -6.5648e-05 1.10774 -0.0279471 0.181928 0.133329 -0.47839 1.51708 0.229733 -2.95679 0.346466 0.1633 -0.675474 -1.23919 1.76952 -0.0764932 -0.365773 0.0279556 -0.434566 -0.0276029 -0.0127653 0.0406119 -0.123437 -1.02479 0.54247 1.82517 -0.847316 -2.57131 -18.4496 19.5031 -2.62901 -2.25229 -1.18705 -4.55146 4.49873 -2.15493 4.62476 -2.54133 -1.6425 1.202 -0.53095 -0.207595 0.348612 0.576093 0.481403 0.0256285 0.30356 0.830727 -5.35831 4.17959 -0.338884 -0.0671759 -1.68904 0.389862 -0.347951 -0.429084 -0.0590274 0.260412 1.50948 -1.28034 -0.0757591 -1.04012 1.04239 -0.143148 0.481723 -0.453841 0.977447 -1.21613 1.01778 2.25989 1.75436 0.395055 -0.991418 -1.1073 0.833828 -0.646634 0.857665 1.16285 0.994427 -2.20305 2.58606 -2.28231 0.0611177 1.52318 0.231112 1.66847 0.748498 0.469429 0.277265 0.0637647 0.02027 0.153249 -0.0350816 -0.290663 -21.8675 12.8164 -1.4771
 -8.98083e-05 6.4403 -0.28148 -0.000104574 5.56388 -0.82338 0.000156439 0.306329 -1.63302 927.031 -38.021 183.355 3.29393e-07 0.00911353 -0.000772069 -1.493e-05 0.189827 -0.00149274 -5.29924e-06 0.14959 -0.0097696 1.85559e-05 -0.359834 0.00976851 5.51734 4.95987 -0.816746 0.522799 3.31669 -1.5452 3.9623 0.887974 -1.37553 6.28784 0.659334 -0.714299 1.03653 0.482223 -0.0243216 5.48276 -0.924045 -0.0512819 3.74324 0.241861 -0.0882282 0.561127 0.780644 -0.264777 2.19217 2.67056 -3.97732 1.41947 -0.569566 -2.78551 3.8318 -5.48999 2.33766 4.41154 -0.354332 -1.7866 0.707698 -0.0554667 -1.57426 2.83293 0.0671827 -5.46233 -0.34947 0.125502 0.000608164 -4.79848e-05 0.688008 -0.0262647 0.280209 0.214756 -0.74807 0.813639 0.235563 -2.85463 -0.333863 -0.240056 0.999879 1.57523 -12.6634 0.384726 0.365536 -0.0320719 0.69204 -0.00720553 -0.0142133 0.021528 0.738692 -0.859697 -2.15334 -2.69352 4.79105 4.066 -6.00649 -1.07877 4.53386 5.66079 1.41834 -6.90453 1.44238 -1.24 0.321445 4.74949 9.5176 10.1713 -15.4671 1.81959 2.60568 1.50932 0.247007 -0.131115 0.147532 2.58071 -3.53232 0.669584 1.90708 -2.3927 1.37514 0.813013 -0.643463 0.339408 -0.621554 0.940013 -3.31135 6.13119 -6.753 5.252 -1.39962 -0.739384 0.637227 -4.05628 0.267383 -3.02152 -1.23872 1.17271 0.0938819 -0.153463 0.322746 -1.1358 -0.741354 0.707249 -0.459395 -2.30934 0.130949 0.285226 -1.00663 -0.138672 -2.01425 0.50978 0.299756 -1.35157 -2.82821 -1.02693 -0.757084 0.446612 -0.0779447 0.295287 0.377294 9.25388 7.39402 -8.87281 -0.270339
 -4.75966e-05 3.95386 -0.171811 -6.15643e-05 3.62771 -0.53648 9.15287e-05 0.173246 -0.922764 -38.021 20.5425 -97.3987 -1.91584e-06 0.0189524 -0.000435792 -8.91849e-06 0.113044 -0.00107934 -4.24506e-07 0.113157 -0.00784699 9.74808e-06 -0.210722 0.00523546 2.53454 4.68407 -0.733724 0.494869 3.54924 -1.6528 1.01607 0.966404 -1.36777 1.97619 2.4899 -1.77118 0.614439 0.182487 -0.0125079 2.8145 -0.523684 -0.0250781 1.48975 0.271135 -0.051682 0.199194 0.37075 -0.12597 -0.241599 1.07284 0.76843 -0.768078 -0.265438 -0.430985 0.650491 -0.944386 0.932907 0.710553 0.907826 -0.994314 -0.055396 0.0050582 -0.596395 -0.0319596 0.0397899 -1.31736 -0.0920564 0.0333018 -0.00227715 -2.64339e-05 0.419933 -0.0148373 0.123333 0.112783 -0.39387 0.467136 0.0909866 -1.15607 -0.00102117 -0.00466438 0.0181493 0.142029 -2.0448 0.0586652 0.219608 -0.0190634 0.181755 0.0102038 0.00449836 -0.0147914 0.457067 -1.59267 -0.480389 2.21866 4.40025 3.00165 -2.60272 -1.76586 0.577866 0.47352 0.013218 0.0785247 1.21545 -0.368868 -1.78024 -0.0367709 1.47173 0.955379 -0.554174 0.259366 -0.121317 -0.0805211 -0.225662 -0.187873 0.242358 0.480417 -0.360793 0.0206222 0.386882 -0.17667 0.236258 0.105198 0.0891266 0.276178 0.539216 -0.00170288 -0.103952 0.350491 -0.737522 0.199878 -0.0380438 -0.164143 -0.251309 -0.628652 0.00145617 -0.334907 -0.446605 -0.36984 -0.304964 -0.0527295 -0.355321 -0.164966 -0.1093 -0.0769884 -0.233288 -0.350287 -0.124059 -0.314729 -0.451033 -0.11964 -0.0263658 -0.400542 -0.531004 -0.339799 -0.258937 -0.217596 -0.209181 0.157726 -0.046484 -0.0850361 -0.148145 -0.106146 3.21747 -1.13506 0.33802
 0.000238413 -19.8166 0.861125 0.000308387 -18.1734 2.68756 -0.000457092 -0.865114 4.60777 183.355 -97.3987 488.5 8.70822e-06 -0.0872411 0.00218363 4.39876e-05 -0.555036 0.00535341 2.14826e-06 -0.557448 0.0386811 -4.85387e-05 1.06097 -0.0263695 -12.7149 -23.436 3.67155 -2.47878 -17.7487 8.2652 -5.1324 -4.82442 6.83033 -9.9396 -12.4275 8.84347 -3.06499 -0.892672 0.0620948 -14.1232 2.64883 0.125772 -7.46554 -1.31476 0.255633 -0.985508 -1.84299 0.626156 1.20181 -5.39425 -3.76573 3.80566 1.36158 2.19681 -3.30144 4.79182 -4.6909 -3.60216 -4.52135 4.9818 0.269174 -0.0246677 3.01751 0.134276 -0.200785 6.67796 0.459271 -0.166141 0.0117953 0.000132008 -2.09569 0.0741068 -0.613574 -0.563197 1.96675 -2.38602 -0.46242 5.87537 -0.00193583 0.0195571 -0.0752695 -0.714344 10.3884 -0.29821 -1.10239 0.0956877 -0.910787 -0.0508051 -0.0222709 0.0735197 -2.28873 7.97743 2.41316 -11.0633 -21.9735 -15.0338 13.0603 8.82533 -2.90703 -2.55728 -0.0542036 -0.296992 -6.08271 1.85594 8.87986 0.127068 -7.45579 -4.88904 2.9506 -1.31756 0.576242 0.384196 1.12712 0.9432 -1.21232 -2.42998 1.84494 -0.109189 -1.95089 0.910789 -1.19687 -0.53377 -0.437739 -1.38326 -2.68273 -0.0028765 0.559333 -1.81956 3.75974 -1.05772 0.206685 0.82779 1.24801 3.18363 -0.0102769 1.70622 2.24474 1.83361 1.52144 0.265791 1.76971 0.835872 0.553864 0.377696 1.17063 1.77527 0.618925 1.56724 2.2636 0.599619 0.154168 1.99417 2.64933 1.71258 1.32512 1.09852 1.05362 -0.792652 0.232885 0.420075 0.730121 0.40935 -16.1443 5.76991 -1.68367
 1.70749e-09 -0.000150602 7.43005e-06 -1.01994e-09 4.40031e-05 -5.72863e-06 4.86409e-09 1.13143e-05 -6.12779e-05 3.29393e-07 -1.91584e-06 8.70822e-06 1000 2.78391e-05 -6.0902e-06 -2.38313e-09 3.18591e-05 2.78856e-07 -1.5422e-10 2.26239e-05 -1.16916e-06 -8.32044e-10 2.93625e-05 -3.44948e-07 -0.000223952 -0.000617555 9.70923e-05 -1.4656e-05 -0.00024122 0.000113183 -4.38464e-05 4.09895e-05 -5.45118e-05 -9.73773e-05 5.34324e-05 -3.11254e-05 0.000108294 1.15583e-05 9.36651e-08 -0.000168943 6.96484e-05 3.47141e-06 3.4655e-05 0.00011065 -7.56066e-06 2.52809e-05 3.36478e-05 -1.0526e-05 5.96264e-05 1.56236e-05 -0.000117689 6.23011e-05 -1.83172e-06 4.51702e-05 4.58697e-05 -7.18535e-05 0.000147082 -4.06371e-05 -2.62e-05 3.02045e-05 -1.91633e-05 1.52369e-06 -2.45638e-05 -8.26274e-06 2.67291e-06 -8.2569e-05 -9.70307e-07 3.41721e-07 -3.31508e-07 -2.50458e-09 4.63842e-05 -5.72699e-07 9.16191e-06 5.35413e-06 -1.92874e-05 3.38164e-05 7.55726e-06 -9.97392e-05 1.83529e-06 1.48116e-06 -6.89529e-06 -5.05356e-05 0.000130199 -5.44589e-06 -1.78342e-05 1.58255e-06 1.40308e-06 -1.10891e-06 3.00877e-08 1.08629e-06 -9.71893e-05 -0.000172968 -2.35304e-05 0.00010426 5.19236e-05 9.92796e-06 -4.82389e-05 -1.54232e-06 -0.000154357 3.8772e-05 3.45541e-05 0.000415442 -3.69566e-05 -0.000330161 2.18842e-05 0.000137432 0.000160533 -5.96013e-07 3.91037e-05 -1.87066e-05 -6.95315e-05 3.99941e-05 5.49173e-05 -6.74318e-05 -2.49165e-05 -8.68472e-05 -1.14625e-05 3.69181e-05 5.73087e-06 1.12912e-05 1.41822e-05 -2.31028e-05 -1.90578e-05 -7.04264e-06 -3.80262e-05 -3.95444e-05 -5.63786e-05 -4.21408e-05 -2.98557e-05 -4.41449e-05 -2.868e-06 2.49704e-05 3.92107e-05 2.49661e-05 3.13321e-05 4.52288e-05 4.16284e-05 9.56215e-06 -3.63715e-05 -4.93751e-05 -5.91085e-06 1.25918e-05 1.88822e-05 -2.71373e-05 -4.37447e-06 -6.58181e-06 2.83456e-06 1.74162e-05 -1.87442e-05 5.83019e-06 7.24305e-05 7.11531e-05 2.53553e-05 -1.39246e-05 -5.64076e-06 -2.44682e-06 -3.19261e-06 -1.27489e-05 8.60473e-06 1.14298e-05 4.91445e-05 3.85199e-05 -0.000651173 0.000503472 -2.40425e-05
 -1.21635e-05 1.05088 -0.0525997 8.88668e-06 -0.401405 0.0531948 -3.6866e-05 -0.0860693 0.466779 0.00911353 0.0189524 -0.0872411 2.78391e-05 999.786 -0.117878 1.73518e-05 -0.241909 -0.00195199 3.42185e-07 -0.164424 0.00840207 4.63383e-06 -0.21122 0.00223063 1.98373 4.68691 -0.741761 0.0965424 1.74287 -0.818521 0.434993 -0.240342 0.312346 0.992554 -0.14949 0.0509837 -0.906483 -0.0977523 -0.000287687 1.02001 -0.490957 -0.0244499 -0.193573 -0.964406 0.0647868 -0.203758 -0.272055 0.0856393 -0.467988 0.0586748 0.917235 -0.541596 -0.0563032 -0.285214 -0.225813 0.358919 -1.19098 0.444958 0.180703 -0.27276 0.119559 -0.00918142 0.2037 0.0702714 -0.0207787 0.637089 0.00509235 -0.00177682 0.00283067 1.84209e-05 -0.347463 0.00401508 -0.0715471 -0.0400625 0.144437 -0.286249 -0.0620608 0.818142 -0.0164132 -0.00951397 0.0456635 0.466812 -1.42415 0.056084 0.129878 -0.0116886 -0.0251699 0.00865736 -5.39707e-05 -0.00866246 0.779261 1.66836 0.345153 -0.697678 -0.351218 -0.0237907 0.508273 0.0580521 1.07892 -0.273202 -0.237048 -2.85328 -0.0940206 2.35473 0.307259 -1.01683 -1.24348 -0.148556 -0.0204419 0.153766 0.519536 -0.226945 -0.488185 0.36103 0.454483 0.583957 0.232309 -0.281899 -0.0556847 -0.0590119 -0.0961063 0.166406 0.174495 0.0920204 0.266514 0.283905 0.406368 0.240222 0.224764 0.27948 -0.000240807 -0.223576 -0.341207 -0.230183 -0.220987 -0.366557 -0.36494 -0.145921 0.159631 0.266178 0.00678269 -0.0576054 -0.0675681 0.152638 -0.000143893 -0.0304758 -0.0162995 -0.184595 0.0919034 -0.102116 -0.590683 -0.693853 -0.364773 0.0146838 -0.0145093 -0.0296056 -0.0173387 0.148724 -0.0707093 -0.0798788 -0.358388 -0.293251 4.36008 -3.41212 0.154177
 1.01612e-07 -0.00656091 0.000285949 1.61797e-07 -0.00534809 0.00079153 -9.4951e-08 -0.000193319 0.00102997 -0.000772069 -0.000435792 0.00218363 -6.0902e-06 -0.117878 0.813952 2.37497e-07 -0.00286459 1.56197e-05 4.53907e-08 -0.00214088 0.000143494 1.15115e-07 -0.00274439 7.10086e-05 -0.00490351 -0.00885483 0.00139018 -0.00084739 -0.00673369 0.00313586 -0.00202556 -0.00191269 0.00270916 -0.00348965 -0.00333693 0.00241037 -0.00196157 -0.00108688 4.42614e-05 -0.00777395 0.000531041 7.19398e-05 -0.00319459 -0.00151009 0.000177842 -0.000726139 -0.00162486 0.000538696 -0.000187307 -0.00116366 -0.0014651 0.00121033 -6.9217e-06 -0.000213447 -0.00104399 0.00157529 -0.0012566 -0.00123108 -0.00122209 0.00145989 -6.82277e-05 5.20582e-06 0.000672683 -0.000185722 -1.07707e-05 0.000582116 2.53125e-05 -9.09403e-06 2.25199e-06 1.74432e-07 -0.00305301 0.00010006 -0.000366899 -0.000258979 0.000907199 -0.000409799 -0.000125184 0.00155452 -0.000184577 -0.000218317 0.000884423 -0.000807488 0.00830932 -0.000237713 -0.00023979 2.05668e-05 -3.7781e-05 -5.53087e-06 1.08297e-06 4.48125e-06 -0.000963002 0.000969271 -0.000132967 -0.00112119 -0.000387174 -4.41573e-05 3.47333e-05 5.25121e-06 -0.00083616 -0.000492005 0.000755596 0.00251357 0.000260381 -0.00200301 -0.000818069 0.000208167 0.000618514 8.31742e-05 7.35248e-05 -0.000369011 -0.000422501 0.00027936 0.00066429 -0.000191483 -0.000795308 -0.000923739 -0.000122988 0.000491431 0.000123875 -0.000220079 -0.000310834 -0.000396967 -0.000313563 -0.000169912 -0.000320954 -0.000368117 -0.000280538 -6.55604e-05 -7.15369e-05 -0.000357683 2.28334e-05 0.000224944 0.000377825 0.00025455 0.000192476 0.000386888 0.00037118 5.98974e-05 -0.000229791 -0.000110249 0.000212637 0.000161979 6.13447e-05 -5.21783e-05 0.000114592 0.000196385 0.00015921 0.000273842 0.000154165 0.000232262 0.000504835 0.000693579 0.00059809 0.000195602 0.000148472 0.000111863 0.000102877 -0.000268945 8.61709e-05 2.91612e-05 0.000138438 -0.000215526 -0.00355973 0.0029073 -0.000106838
 1.82831e-09 -0.000169205 7.84962e-06 1.08613e-09 -6.76095e-05 1.05084e-05 3.23453e-09 6.80285e-06 -3.65965e-05 -1.493e-05 -8.91849e-06 4.39876e-05 -2.38313e-09 1.73518e-05 2.37497e-07 1000 2.72361e-05 -9.24351e-06 -5.30513e-10 2.00964e-05 -1.09641e-06 -1.01944e-09 2.21164e-05 -3.15981e-07 -0.000131134 -0.000187585 3.05116e-05 -1.75089e-05 -0.000210156 9.83309e-05 -5.57756e-05 3.26204e-06 -2.33231e-06 -9.45739e-05 -2.36521e-05 2.04852e-05 4.65557e-05 7.84089e-06 -5.54051e-08 -8.5508e-05 3.50696e-05 1.63165e-06 -5.6658e-05 8.39054e-05 -4.35144e-06 1.53961e-05 2.13804e-05 -6.48918e-06 6.58931e-05 -4.55765e-05 -0.000138267 9.26977e-05 -5.18243e-06 6.58348e-05 1.26189e-05 -2.37235e-05 7.43299e-05 -4.74031e-05 -5.3851e-05 5.56968e-05 -1.31926e-05 1.09114e-06 -1.742e-05 2.15748e-06 9.91038e-07 -3.86205e-05 -2.82864e-06 9.99522e-07 -6.41981e-08 -1.88654e-09 3.32752e-05 -4.62116e-07 5.5706e-06 4.02951e-06 -1.43605e-05 7.14076e-06 2.15925e-06 -3.09265e-05 1.22942e-06 2.9796e-06 -1.27953e-05 1.56543e-05 -0.000200804 5.79245e-06 -2.7352e-06 2.49518e-07 -1.50324e-06 -1.2018e-06 3.52408e-08 1.17466e-06 -0.000102757 -0.00014885 -5.52565e-06 0.000142768 9.49682e-05 5.49535e-05 -3.55721e-05 -5.71607e-05 -0.000200338 7.47794e-05 6.14801e-05 0.000584986 -0.000255125 -0.000202676 -7.53961e-05 0.000182864 0.000210917 -0.000169307 0.000104436 -6.16123e-05 -9.05448e-05 -2.04057e-05 1.2929e-05 2.42291e-05 -4.87721e-05 1.85866e-05 -3.47402e-05 -9.71538e-06 -5.48504e-05 -3.09555e-05 2.68241e-06 -1.259e-05 -1.67076e-05 -2.46157e-05 -4.87196e-05 -3.9511e-05 -5.02368e-05 -3.82626e-05 -3.56353e-05 -2.23984e-05 -2.92087e-05 1.60458e-05 2.45315e-05 1.52283e-05 2.16611e-05 1.39453e-05 2.5393e-05 4.09621e-06 1.22316e-06 -2.70083e-05 -1.53718e-05 -1.9524e-05 2.70628e-05 8.91369e-07 2.51478e-06 2.67946e-06 1.46062e-05 6.64159e-05 -6.94226e-06 1.2808e-05 8.7482e-05 4.77781e-05 1.75329e-05 9.51013e-07 5.48107e-06 7.458e-06 4.64517e-06 -7.45744e-06 8.84741e-06 1.32323e-05 4.95949e-05 2.02785e-05 -0.000539118 0.000399753 -2.27319e-05
 -1.90102e-05 1.71803 -0.0820035 -6.18545e-06 0.404582 -0.0672592 -4.2252e-05 -0.088221 0.477435 0.189827 0.113044 -0.555036 3.18591e-05 -0.241909 -0.00286459 2.72361e-05 999.63 -4.54201 3.03086e-06 -0.226717 0.0123004 7.87705e-06 -0.262418 0.00361313 2.39467 3.0388 -0.500019 0.157513 2.35301 -1.10332 1.0526 -0.0592575 0.0397031 1.9586 0.413838 -0.372435 -0.906132 -0.117851 0.00114883 0.475753 -0.377526 -0.0184207 0.687375 -1.37244 0.0771309 -0.232192 -0.317752 0.0987666 -0.70172 0.897525 1.46734 -1.11267 -0.0989121 -0.585563 0.00711734 0.0336292 -1.21763 0.916791 0.613812 -0.784119 0.0856378 -0.0063338 0.332421 0.0384026 -0.0169337 0.564155 0.0227325 -0.00795688 0.00224875 2.21852e-05 -0.408423 0.00533241 -0.0827847 -0.0503356 0.179528 -0.204876 -0.0489721 0.670461 -0.0190916 -0.0285701 0.12509 0.192939 0.27111 0.00309308 0.0500579 -0.00495276 -0.0244597 0.0162576 0.000198071 -0.0165678 1.31469 2.51479 0.428819 -1.43425 -0.934429 -0.426182 0.633627 0.801771 2.15162 -0.74712 -0.647485 -6.84133 2.34846 3.21001 1.74898 -1.93877 -3.39802 1.147 0.344275 0.264792 1.06378 0.289268 -0.142232 -0.361719 0.604792 0.35964 0.396964 0.00414126 0.48104 0.44739 -0.017649 0.176737 0.220929 0.320784 0.582968 0.443419 0.564982 0.349386 0.410661 0.14046 0.346647 -0.186922 -0.460978 -0.265708 -0.266979 -0.259529 -0.430573 -0.196892 -0.0651289 0.169636 0.135077 0.231884 -0.240341 -0.238832 -0.0211511 0.0136381 -0.181363 -0.896615 -0.165463 -0.240754 -1.17765 -1.01605 -0.650556 -0.262304 -0.206667 -0.194555 -0.148164 0.215734 -0.11755 -0.166831 -0.589307 -0.264919 5.50505 -3.77734 0.279698
 2.11813e-07 -0.0153265 0.000699367 2.43823e-07 -0.00890961 0.00135114 6.18946e-08 0.000199756 -0.00109704 -0.00149274 -0.00107934 0.00535341 2.78856e-07 -0.00195199 1.56197e-05 -9.24351e-06 -4.54201 0.840285 1.98638e-08 -0.0013537 0.000103614 5.59043e-08 -0.00154133 5.40317e-05 -0.0159975 -0.021391 0.00347396 -0.00206528 -0.0180421 0.00843683 -0.0073999 -0.00188603 0.00288407 -0.0131392 -0.00589278 0.00459111 0.00202896 -0.000326906 3.35896e-05 -0.00937775 0.00198279 0.000150082 -0.00765437 0.00385875 -8.41077e-05 -0.000146206 -0.000657765 0.000254821 0.00306133 -0.00598292 -0.00868674 0.00681118 0.000381993 0.00270053 -0.00137259 0.00184776 0.00366365 -0.00574951 -0.00452422 0.00556647 -0.000423473 3.11444e-05 -0.000850569 -0.000222366 4.94373e-05 -0.00158143 -3.63646e-06 1.86126e-07 -1.88534e-06 1.09684e-07 -0.00167003 9.02884e-05 -0.000130684 -5.37003e-05 0.000176056 0.000305581 1.83505e-05 -0.000507507 -0.000276745 -0.00022991 0.000895209 -0.0014542 0.00498752 -0.000191626 -0.000417923 3.88998e-05 -1.92973e-05 -8.52891e-05 -4.94855e-07 8.637e-05 -0.00723507 -0.0113583 -0.00301441 0.00602849 0.00493109 0.00252551 -0.0032402 -0.0041749 -0.0111697 0.0024933 0.00504208 0.0359747 -0.0122643 -0.0169928 -0.00967504 0.00958101 0.0176105 -0.00605581 -0.00187039 -0.00156879 -0.00561584 -0.00144682 0.00100442 0.00202056 -0.00359792 -0.00239511 -0.00203848 0.00019716 -0.00243084 -0.00257639 -0.000253961 -0.00117807 -0.00133652 -0.00179624 -0.0031769 -0.00247669 -0.00292347 -0.00169261 -0.00203503 -0.00087988 -0.00176618 0.00103448 0.00254184 0.00149477 0.0014526 0.00150307 0.0023606 0.000981337 0.000214642 -0.000787094 -0.000451099 -0.00104 0.00128174 0.00130884 0.000234445 0.000101268 0.00109325 0.00478082 0.00110484 0.00141906 0.00618641 0.00549442 0.0037344 0.0015802 0.00122248 0.00111159 0.000870216 -0.0012867 0.000646316 0.000835923 0.00292234 0.000857075 -0.0290269 0.0200856 -0.00144822
 2.18593e-10 -5.82257e-05 2.50908e-06 5.05873e-10 -3.81838e-05 5.58922e-06 7.34508e-10 2.87061e-06 -1.51518e-05 -5.29924e-06 -4.24506e-07 2.14826e-06 -1.5422e-10 3.42185e-07 4.53907e-08 -5.30513e-10 3.03086e-06 1.98638e-08 1000 7.30179e-06 -3.30645e-06 -8.66746e-10 9.38087e-06 -2.56902e-07 7.39103e-05 -8.32977e-05 1.11451e-05 -3.98544e-06 -4.87698e-07 7.97891e-08 4.54416e-05 8.32958e-06 -1.33362e-05 7.00148e-05 -0.000123286 8.04268e-05 -2.91487e-05 2.03289e-06 1.17183e-07 -5.5619e-05 8.32044e-06 2.75848e-07 1.03538e-05 -3.0446e-05 2.19618e-06 -1.40673e-06 -9.49291e-07 4.60202e-07 2.38338e-05 8.79532e-06 -5.35515e-05 2.77534e-05 -2.84211e-05 3.69574e-05 4.36649e-05 -6.77589e-05 -1.94611e-05 3.80685e-05 -1.00409e-05 -8.68706e-06 -4.21057e-06 3.90658e-07 1.1012e-05 1.38844e-05 -8.4387e-07 1.1549e-05 -1.78501e-06 6.48766e-07 1.30646e-07 -5.43143e-10 6.10475e-06 -2.25428e-07 -1.26225e-07 8.74851e-07 -3.0923e-06 -6.43499e-06 -8.67115e-07 1.14543e-05 3.64648e-06 4.14883e-06 -1.69811e-05 4.47168e-05 -0.000285247 9.16581e-06 -5.65471e-06 4.39854e-07 -3.38189e-06 -6.89723e-07 -4.66522e-08 7.41325e-07 8.24317e-06 -9.61213e-05 -1.69969e-05 8.13132e-05 8.73151e-05 8.64419e-05 6.59179e-05 0.000270678 -0.000200779 -8.04122e-05 -3.01393e-05 2.28373e-05 -6.03618e-05 6.33693e-05 1.33654e-05 -1.72022e-05 3.20312e-05 2.16806e-05 2.14318e-05 -1.41251e-05 6.74568e-06 -1.144e-05 -1.34381e-05 -1.75432e-05 -2.1339e-05 4.79549e-06 1.20859e-05 -1.05427e-05 -8.14616e-06 1.22474e-05 3.11494e-06 -3.77065e-06 -2.67052e-05 -1.74478e-05 5.5467e-07 -1.52142e-05 -1.2777e-05 -1.4301e-05 6.83862e-06 -8.75897e-06 3.59285e-06 -2.28953e-06 -1.76253e-06 -8.23499e-06 -3.53784e-06 -1.7668e-05 -1.68418e-05 -3.7416e-06 -1.25958e-05 -3.82216e-05 -1.45143e-05 2.67841e-05 2.14401e-05 1.7227e-06 1.23213e-05 1.4507e-05 -1.10111e-05 1.40177e-05 -4.28889e-07 -1.52145e-05 -1.46496e-05 -1.83636e-05 -2.46456e-05 -6.56567e-06 -2.30611e-06 -1.8989e-06 -3.50321e-06 1.70825e-05 -1.06937e-06 3.98701e-06 9.32606e-06 -9.71972e-06 -0.00025002 0.000157891 -1.5016e-05
 -3.81174e-05 2.19496 -0.101238 -5.28272e-06 0.528761 -0.082424 -2.15905e-06 0.0317994 -0.169724 0.14959 0.113157 -0.557448 2.26239e-05 -0.164424 -0.00214088 2.00964e-05 -0.226717 -0.0013537 7.30179e-06 994.718 -65.6591 1.3268e-05 -0.394145 0.00960374 -0.203908 4.4011 -0.660577 0.0504479 0.555122 -0.261412 -0.363559 -0.316964 0.45032 0.787275 3.28296 -2.2643 -0.220118 -0.118079 -0.00148618 -0.184998 -0.0745702 -0.00484711 -0.508997 -0.186356 0.0117029 -0.140367 -0.201672 0.0610013 -0.496142 0.434674 1.29901 -0.877112 0.538878 -1.31956 -0.934908 1.49283 -0.665548 -0.437366 0.261184 0.0323181 0.0301088 0.000354079 -0.505826 -0.410941 0.0146013 0.0547366 0.0149529 -0.00580316 -0.000435138 1.84799e-05 -0.328007 0.00806144 -0.135657 -0.0933808 0.330872 -0.197029 -0.0412313 0.536932 -0.161315 -0.0994774 0.416091 -0.544469 2.66139 -0.065198 0.273193 -0.0229099 0.0880895 0.035517 -0.00186579 -0.0338865 0.338018 5.01256 1.46886 -2.33831 -3.58398 -3.88799 -14.214 10.2731 0.949826 1.08095 0.29353 -0.937637 -2.41175 2.33016 1.22755 0.212968 0.509503 -2.25026 -0.266895 0.846733 1.11651 0.395238 0.461594 0.82523 0.932492 0.4304 -0.104975 0.0589779 0.717589 -0.0986633 0.196802 0.576325 1.3219 1.43107 -0.418867 0.349246 0.594186 0.510472 0.165473 -0.102351 0.185041 0.0251641 -0.0665773 -0.305227 0.156943 0.391853 0.320678 0.22127 0.266459 0.703631 0.116528 -0.527925 -0.410836 -0.868499 -0.431837 -0.19044 0.0247081 0.147149 -0.453622 0.26106 -0.00641342 -0.839993 -0.712284 -1.06279 -0.513372 -0.313256 -0.120538 -0.339605 -0.0202415 -0.150611 -0.286384 0.0957783 9.45833 -6.01732 0.559284
 2.60895e-06 -0.152149 0.00699872 4.82859e-07 -0.0398707 0.00617552 3.10083e-08 -0.00218842 0.0116794 -0.0097696 -0.00784699 0.0386811 -1.16916e-06 0.00840207 0.000143494 -1.09641e-06 0.0123004 0.000103614 -3.30645e-06 -65.6591 5.23958 -9.59824e-07 0.0259059 -0.000630458 0.0112277 -0.297722 0.0447107 -0.00369331 -0.0407648 0.0191744 0.0233384 0.0194764 -0.0277087 -0.0547611 -0.22227 0.153355 0.0134374 0.00617432 0.000148263 0.00857756 0.00490715 0.000355334 0.0312941 0.00945903 -0.000508943 0.00812788 0.0115212 -0.00342336 0.0322948 -0.030021 -0.087363 0.0592521 -0.0353681 0.0881049 0.0617181 -0.0986199 0.042953 0.0284901 -0.0181511 -0.00127608 -0.00197871 -2.5716e-05 0.0348358 0.0275096 -0.00101208 -0.00245724 -0.00115151 0.000442744 -1.49155e-05 -1.12803e-06 0.020416 -0.000491359 0.00860191 0.00592268 -0.0209954 0.012142 0.00259996 -0.0338898 0.00961838 0.00611887 -0.025595 0.0389805 -0.173106 0.0042153 -0.0183497 0.00153867 -0.00547879 -0.0023716 0.000125396 0.00226191 -0.0229773 -0.33085 -0.101286 0.149185 0.243539 0.275343 0.949199 -0.691708 -0.060694 -0.075621 -0.0228385 0.063388 0.161574 -0.15628 -0.0823973 -0.0145963 -0.0345551 0.150322 0.0176895 -0.056705 -0.0747687 -0.0264123 -0.0307532 -0.0551261 -0.0626063 -0.0291119 0.00691377 -0.00391878 -0.0480384 0.00638156 -0.0134519 -0.0387277 -0.0884512 -0.0957277 0.0277873 -0.0234953 -0.0397425 -0.0340726 -0.0111115 0.00668459 -0.0124426 -0.00171363 0.00446462 0.0203871 -0.0104937 -0.0261164 -0.0213785 -0.0148944 -0.0179401 -0.0469339 -0.00765057 0.0352178 0.0273103 0.0579479 0.0288051 0.012706 -0.00159343 -0.00983591 0.0303681 -0.0173796 0.000433967 0.0561772 0.047759 0.071013 0.03428 0.0209065 0.00804257 0.0225476 0.00138153 0.0100152 0.0189731 -0.00675305 -0.631813 0.402352 -0.0372968
 7.62043e-10 -9.77035e-05 4.23256e-06 4.29547e-10 -3.35971e-05 4.87421e-06 9.38e-10 3.28021e-06 -1.73502e-05 1.85559e-05 9.74808e-06 -4.85387e-05 -8.32044e-10 4.63383e-06 1.15115e-07 -1.01944e-09 7.87705e-06 5.59043e-08 -8.66746e-10 1.3268e-05 -9.59824e-07 1000 2.13285e-05 -4.92252e-06 0.000120824 -0.000370636 5.33796e-05 -6.1461e-06 -3.35693e-05 1.53908e-05 0.000110002 0.000135175 -0.000190218 0.00017439 -1.58566e-05 2.94793e-06 -3.43663e-05 2.85606e-08 3.89647e-07 -0.000118927 2.0885e-05 9.37401e-07 7.81141e-05 -7.07135e-05 3.62813e-06 -1.72028e-06 -2.78645e-06 1.25058e-06 2.17799e-05 6.41049e-05 -4.29464e-05 4.48181e-06 -5.55856e-05 6.65543e-05 0.000103941 -0.000159856 -2.67581e-05 9.1303e-05 -1.21809e-05 -3.00176e-05 -9.64561e-06 8.63805e-07 1.53568e-05 8.58103e-06 -5.7018e-07 9.14343e-06 -2.00379e-06 7.1725e-07 1.92806e-07 -8.5741e-10 1.1716e-05 -5.31832e-07 7.484e-08 1.2491e-06 -4.26295e-06 -1.08211e-05 -1.12202e-06 1.46672e-05 7.67593e-06 6.0134e-06 -2.49847e-05 5.3433e-05 -0.000282233 9.39219e-06 -1.56303e-05 1.27469e-06 -5.98034e-06 -1.18389e-06 -8.61698e-08 1.27852e-06 1.09029e-05 -1.61689e-05 3.59359e-05 0.000138219 9.31643e-05 6.79813e-05 -1.51473e-05 7.79853e-05 -0.000190701 -6.30252e-05 -1.05161e-05 0.000244886 -3.65462e-05 -0.00017371 0.000100102 5.53512e-05 0.000172345 -6.13824e-05 0.000138858 -5.64064e-05 -1.12402e-05 8.77838e-06 3.87401e-06 1.0484e-06 4.267e-05 8.97075e-05 4.97398e-07 -2.34034e-05 -5.11658e-05 3.93441e-05 3.40125e-06 1.47611e-05 5.41179e-06 -3.21787e-06 -2.87142e-06 -8.165e-06 -9.64035e-06 -1.24132e-05 3.63868e-06 -3.20153e-05 -2.72466e-05 -3.88302e-05 -3.48368e-05 -4.17334e-06 2.05453e-05 -6.62917e-06 -2.74307e-06 -1.27074e-05 -5.6836e-05 -0.000104359 -3.67023e-05 3.92168e-05 1.82666e-05 -8.28615e-06 -3.59781e-06 -5.81156e-06 -1.86356e-05 -7.77005e-06 2.01544e-06 -5.3567e-05 -5.10216e-05 -4.62177e-05 -5.67812e-05 -2.30165e-05 -1.79101e-05 -1.63957e-05 -1.7138e-05 3.73507e-05 -1.39834e-06 5.7104e-06 8.56693e-06 -1.58151e-05 -0.000449107 0.000270781 -2.89633e-05
