 1000 0.00276896 -0.000581928 -1.02396e-09 -0.00013911 0.000112934 -2.04011e-06 -1.08478e-07 4.45182e-08 -8.09768e-05 -4.67434e-06 0.000107354 2.78006e-10 -1.43371e-05 1.9967e-07 -3.12341e-10 -5.09338e-06 4.10728e-07 -9.94379e-10 -1.75823e-05 7.77845e-06 -6.76758e-10 9.74923e-06 -1.94778e-06 2.23006e-05 -0.000325618 8.22402e-05 -5.77516e-05 -0.00021934 0.000248103 -7.77416e-06 -1.1287e-06 3.92057e-06 9.86785e-05 -9.64266e-05 0.000150326 -7.86909e-05 -5.53653e-06 9.6689e-07 -0.000134722 1.41899e-05 1.26545e-06 -1.48736e-05 -8.68052e-05 1.18321e-05 -4.34316e-06 -1.09791e-05 1.6886e-05 7.60568e-05 -6.12762e-05 -0.000283436 0.000229237 -7.22528e-05 8.0398e-05 0.00011626 -0.000144591 -5.25136e-05 1.29786e-05 -5.45585e-05 5.57911e-05 -3.96272e-06 3.23414e-07 2.68602e-05 4.07083e-06 -2.52002e-07 5.43433e-06 -4.61506e-06 1.30744e-06 7.10503e-07 -1.58664e-10 -2.3739e-06 1.03889e-06 4.01704e-06 1.37528e-07 -5.32803e-06 1.00717e-05 8.58079e-07 -2.16669e-05 2.99781e-06 1.95721e-06 -1.62609e-05 -8.55519e-06 -0.000354009 2.73242e-05 7.60458e-06 -8.99059e-07 -9.93017e-06 -1.7289e-06 -7.40956e-07 2.48992e-06 2.75653e-06 -7.62015e-05 -0.000152467 -0.000237405 -0.000113016 -3.66324e-06 0.000165479 0.000457192 -0.000240189 -0.000132581 -8.85748e-05 6.48761e-05 -6.1052e-05 -1.10732e-06 9.5109e-05 0.000121366 6.35352e-05 -6.953e-05 -0.000165115 0.000239477 -0.000137789 2.47045e-05 -2.46035e-05 -1.35887e-05 1.86353e-05 4.18641e-05 1.38803e-05 -1.91079e-05 5.24708e-05 -4.41456e-05 9.81454e-06 -8.36837e-06 -7.85734e-06 1.32922e-05 9.8012e-06 -9.49261e-06 -1.82558e-05 0.000171963 -0.000123405 7.81647e-05 -4.17524e-06 1.54693e-05 2.87526e-05 6.64377e-06 2.96249e-05 -3.24597e-05 2.72965e-05 1.59414e-05 2.91177e-05 -2.82479e-05 -8.09624e-05 5.00248e-05 1.98015e-05 -6.22887e-07 5.24134e-06 -3.21848e-05 4.35783e-05 3.94068e-05 9.03426e-07 3.54173e-05 1.34322e-05 -4.65422e-05 -9.61313e-06 -3.03918e-05 1.06098e-06 1.8619e-06 4.358e-06 6.9084e-07 2.6628e-07 2.02518e-05 3.71996e-05 3.64807e-05 -0.000657369 8.37744e-05 -5.61212e-05
 0.00276896 490.192 -101.882 0.000152029 28.0335 -22.7559 0.44514 0.161615 -2.60569 15.7676 1.14688 -26.6739 -8.19616e-05 2.43879 -0.0236413 -4.32821e-05 2.07325 -0.111882 2.78933e-05 1.30791 -0.583293 2.51968e-05 0.00498068 -0.0144166 16.8077 35.8124 -9.38469 6.1499 23.7421 -26.8774 13.6867 2.15248 -9.39176 9.13783 14.735 -24.7777 7.9716 1.08434 -0.137662 18.8726 -2.21176 -0.179636 9.73884 7.39807 -1.2045 1.32929 2.66374 -4.14156 1.84335 8.18348 14.2065 -13.4079 2.03186 -3.54035 1.25838 -1.14771 6.64483 2.94106 7.88598 -10.8402 0.626878 -0.0528347 -1.82719 2.19863 0.00205949 -2.48726 0.368384 -0.101887 -0.105664 -1.51059e-05 0.933842 -0.34643 0.249029 0.0176852 -0.377832 -0.820988 -0.0230967 0.87054 -0.0538115 -0.121399 0.98226 -1.42227 2.96545 -0.213676 1.72996 -0.179775 0.460514 0.126776 0.0306623 -0.158782 1.48445 -3.9455 9.05792 18.0363 10.6808 1.48054 -31.1153 18.2328 -8.50686 17.3552 11.3608 -0.923307 -1.35948 -1.99418 -4.81647 3.31582 3.5596 1.64882 -8.82134 3.45489 -1.17744 0.473795 -1.46959 -0.948373 -0.830892 -1.04778 -0.00511907 2.00697 0.446658 -0.896347 0.0693298 0.0587534 -0.146402 -1.12365 0.301583 -0.251644 -1.18437 3.03457 -6.01396 2.65962 -0.612254 -0.43955 -0.986914 -3.75712 -1.31649 -2.1611 -1.43647 -1.68111 0.134289 -0.0393141 -0.997653 -1.79606 -2.02134 -0.486223 -0.33643 -2.14664 0.130511 -1.74005 -3.35819 -0.578644 -0.0308696 -2.01169 -0.366472 -1.09001 -1.02946 -0.957615 -1.00349 0.457257 -0.165911 -2.19551 -5.04571 -5.18632 90.8151 -37.6679 4.62945
 -0.000581928 -101.882 22.3093 -3.19984e-05 -5.88786 4.7794 -0.0974336 -0.0351123 0.568908 -3.31018 -0.240917 5.60332 1.79954e-05 -0.52922 0.0050045 9.38523e-06 -0.447774 0.0240736 -5.89464e-06 -0.288847 0.128661 -5.26825e-06 -0.0133196 0.00565939 -3.52415 -7.51162 1.9684 -1.29373 -4.98059 5.63834 -2.86606 -0.45544 1.98496 -1.9164 -3.09268 5.20041 -1.6767 -0.237521 0.0293451 -3.95766 0.454042 0.0377433 -2.04705 -1.56569 0.254518 -0.283829 -0.565176 0.878822 -0.388731 -1.71433 -2.97611 2.80887 -0.427572 0.741664 -0.26443 0.241388 -1.3928 -0.616862 -1.65341 2.27292 -0.131803 0.0111104 0.384464 -0.460666 -0.000495421 0.523773 -0.0770351 0.0213044 0.0222239 3.38124e-06 -0.217086 0.0796188 -0.0575436 -0.00396115 0.0863007 0.170255 0.00450714 -0.174584 0.0101394 0.025088 -0.202972 0.300533 -0.620893 0.0447223 -0.363614 0.0377842 -0.0975739 -0.0265735 -0.00642108 0.0332763 -0.311091 0.8268 -1.89619 -3.77951 -2.24032 -0.306248 6.52262 -3.82644 1.78447 -3.63669 -2.3795 0.193545 0.28527 0.417678 1.0089 -0.695981 -0.746729 -0.345296 1.8504 -0.725771 0.247299 -0.0996538 0.308328 0.199064 0.173982 0.219478 0.000701848 -0.420461 -0.094044 0.188029 -0.0145329 -0.0123482 0.0308428 0.235151 -0.0632031 0.0528613 0.248479 -0.637548 1.26171 -0.558164 0.128294 0.0920128 0.206794 0.787646 0.275862 0.452816 0.300569 0.351961 -0.0286264 0.00794659 0.209754 0.376548 0.423839 0.101645 0.0703978 0.450096 -0.0277715 0.36484 0.703581 0.120972 0.00628459 0.421919 0.0764817 0.228489 0.215542 0.200712 0.210301 -0.0958272 0.0347631 0.460312 1.05861 1.08708 -19.0603 7.92685 -0.969121
 -1.02396e-09 0.000152029 -3.19984e-05 1000 -0.000972235 0.000791748 -4.3256e-06 -1.07379e-06 2.37739e-05 4.97395e-05 4.23682e-06 -9.55597e-05 7.08084e-10 -1.17924e-05 2.2723e-08 1.86506e-10 -6.60897e-06 3.14032e-07 5.38191e-11 -1.58065e-05 6.83074e-06 2.40924e-10 -1.81972e-05 3.83816e-06 5.98631e-05 3.67797e-05 -1.01903e-05 -3.74942e-06 -8.39901e-06 9.30172e-06 0.000158939 1.3397e-05 -6.54867e-05 0.000202715 -2.00422e-05 1.78731e-05 2.57411e-05 -5.15836e-06 1.35132e-07 1.0036e-05 -5.75661e-07 3.17143e-07 7.47089e-05 -3.10947e-06 -6.03084e-07 -4.02491e-07 5.86039e-07 -1.00989e-06 1.29994e-05 2.24046e-05 -3.90778e-05 2.08049e-05 -2.95723e-05 -2.59775e-05 0.00010535 -0.000121196 3.40096e-05 -1.72632e-05 4.31496e-05 -3.92192e-05 -6.64649e-07 -1.01669e-07 3.27903e-05 -5.33579e-05 4.0848e-06 -9.46654e-05 -5.41447e-06 1.44976e-06 7.58336e-07 2.79815e-10 -3.18701e-05 1.02701e-05 -6.65687e-06 -2.86985e-07 8.37332e-06 -1.5099e-05 -1.48622e-06 3.57919e-05 1.23084e-06 8.32762e-08 -1.06691e-06 -1.29977e-05 -0.000120422 9.07925e-06 2.49204e-05 -2.56959e-06 -5.26501e-07 -4.7086e-07 -2.91365e-07 7.68272e-07 -2.84547e-05 -6.31511e-05 -2.65462e-05 -2.83043e-05 -9.83804e-06 3.86069e-06 7.7996e-05 -1.92654e-05 -3.86701e-05 2.15501e-05 6.74091e-06 -1.4647e-05 1.14097e-05 5.39459e-05 -2.81726e-05 0.00010871 -3.45351e-05 -4.48755e-06 -1.43352e-05 -4.35848e-06 5.89077e-06 -1.84688e-06 1.43813e-05 1.32162e-08 2.65101e-05 -2.55506e-05 -3.42495e-06 2.93766e-06 2.94622e-05 -3.44549e-05 -2.2483e-05 4.17317e-05 4.24672e-05 3.88933e-05 -8.30425e-05 -0.000205152 -7.57399e-05 0.000135639 -2.8009e-05 0.000131676 -8.36588e-06 4.92583e-06 3.08116e-05 2.24736e-05 1.07826e-05 -3.77892e-06 2.72335e-05 -8.36806e-06 5.77835e-05 -4.98359e-05 -0.000115528 -7.35549e-07 -6.13528e-05 6.70342e-05 6.69507e-05 4.74719e-06 -4.60799e-06 -6.94997e-06 -2.11025e-05 6.68214e-05 4.95638e-05 -0.00010877 5.27769e-05 -2.67519e-05 -2.31429e-06 -8.32e-07 -2.20626e-06 -4.93388e-06 2.31025e-06 -1.60334e-05 -4.98209e-05 -6.46409e-05 0.000517419 -7.12126e-05 4.32466e-05
 -0.00013911 28.0335 -5.88786 -0.000972235 406.971 -328.901 -0.371704 -0.11369 2.41103 10.1167 0.757988 -17.5672 0.000130638 -2.16795 -0.00635532 3.87838e-05 -1.04411 0.0380325 3.98027e-05 -3.90727 1.69275 6.41564e-05 -4.12507 0.877695 10.6915 21.6184 -5.67526 4.04437 14.9393 -16.9172 14.8804 0.15438 -1.73096 8.59903 9.23605 -15.7332 4.19588 -1.22684 0.00485388 9.42064 -2.60237 -0.0790018 6.33548 2.32419 -0.464814 -0.356196 -0.0416368 0.0796455 -1.22137 2.57164 -1.34626 0.132978 2.15576 -3.3231 0.551171 -0.334801 5.38852 1.72614 5.59009 -7.50769 0.337937 -0.0260773 -1.83414 -1.551 0.254403 -8.47197 -0.689545 0.194455 0.0841381 5.18671e-05 -5.27514 1.69943 -0.853668 -0.0363324 1.10295 -1.66709 -0.116083 3.06229 -0.0501704 -0.0639837 0.528304 -3.49843 -0.643191 0.068951 2.13443 -0.220493 0.435538 0.0594298 0.0135264 -0.0735813 0.787089 -1.43834 1.65002 2.62495 1.18021 1.94362 1.97935 -1.80797 -0.785501 4.68175 1.12699 -1.30034 -0.730821 0.742405 -1.84208 3.11005 -0.408636 -0.729956 -0.888801 1.12113 0.079275 -0.535734 -0.919235 -1.68253 0.249217 0.212583 -0.209771 0.300588 2.35585 -1.28572 -1.66879 -0.43731 -0.379093 2.801 2.71266 -1.85311 -1.54487 3.8661 -7.65273 3.25381 0.367653 0.0932702 -0.50466 -0.966468 -0.626478 0.0116637 -0.0942726 -1.33089 0.652692 0.839368 0.33986 -0.715791 -1.48865 0.0912654 0.0621347 -0.286763 0.743725 -0.793882 -3.10608 -0.037586 1.56507 -1.85898 0.381176 -0.717191 -0.469683 -0.416974 -0.411776 0.161903 -0.0714283 -1.82077 -4.05183 -4.37276 73.3588 -28.4993 3.96993
 0.000112934 -22.7559 4.7794 0.000791748 -328.901 268.275 0.300035 0.0917466 -1.94715 -8.21265 -0.615405 14.2627 -0.000105788 1.75416 0.00517212 -3.13873e-05 0.843176 -0.0306684 -3.23209e-05 3.16701 -1.37203 -5.20643e-05 3.34395 -0.711487 -8.67598 -17.5455 4.60603 -3.28454 -12.1249 13.7302 -12.0755 -0.126865 1.41084 -6.97902 -7.49643 12.7698 -3.4057 0.992769 -0.00380961 -7.64357 2.10929 0.0641183 -5.14201 -1.88982 0.377692 0.287385 0.0318132 -0.061525 0.992174 -2.0868 1.09284 -0.108231 -1.75007 2.69727 -0.447361 0.271734 -4.3722 -1.40066 -4.53663 6.0927 -0.27448 0.0211842 1.48868 1.25944 -0.20652 6.87704 0.559836 -0.157874 -0.0684047 -4.20228e-05 4.27355 -1.37672 0.69081 0.0293944 -0.892551 1.35199 0.094063 -2.48179 0.0403326 0.0518192 -0.427871 2.8403 0.521123 -0.0558988 -1.73265 0.178987 -0.353594 -0.0482291 -0.0109746 0.0597111 -0.638329 1.1672 -1.33865 -2.12974 -0.957645 -1.57705 -1.60639 1.46742 0.637902 -3.80101 -0.914679 1.05568 0.592965 -0.60281 1.49514 -2.52438 0.331777 0.592314 0.721623 -0.909682 -0.0645536 0.434651 0.745892 1.36547 -0.202315 -0.172132 0.170218 -0.243941 -1.91197 1.04356 1.35455 0.35474 0.307568 -2.27334 -2.20082 1.50497 1.25415 -3.13827 6.21063 -2.64117 -0.2983 -0.07572 0.409394 0.784249 0.508364 -0.00959962 0.0762388 1.07998 -0.530004 -0.681132 -0.275232 0.581011 1.20849 -0.0745068 -0.0507716 0.232687 -0.603628 0.644461 2.52052 0.0301066 -1.27034 1.50906 -0.309826 0.58206 0.381054 0.338395 0.334171 -0.131334 0.0579336 1.47774 3.28898 3.54893 -59.5478 23.1441 -3.2213
 -2.04011e-06 0.44514 -0.0974336 -4.3256e-06 -0.371704 0.300035 999.848 -0.0905996 0.888823 -0.140691 -0.0220037 0.571151 1.38697e-05 -0.283718 2.48713e-06 7.75957e-06 -0.244718 0.0108572 -1.02977e-06 -0.309107 0.133763 2.19988e-06 -0.332274 0.0704807 0.186423 0.712355 -0.185463 0.0560081 0.757624 -0.85838 0.997088 -0.128205 0.426362 1.04457 0.087747 -0.217482 -0.0310241 -0.137915 0.00501001 0.0326518 -0.111305 0.00104172 0.0685347 -0.404457 0.0489195 -0.125623 -0.154582 0.240663 0.163759 -0.313314 -0.460207 0.447087 -0.110973 -1.72217 0.796621 -0.768161 -0.209587 -0.406145 0.203023 0.0268795 -0.0679968 0.00633444 -0.0244989 0.0385275 -0.00588046 0.203158 0.000704685 -0.000133218 -0.0048013 4.64158e-06 -0.49137 0.158407 -0.167928 -0.00775351 0.232376 -0.226556 -0.0325473 0.776063 0.0243519 0.00301398 -0.0280771 0.131749 -0.668941 0.0497645 -0.256052 0.0257769 0.0348848 0.0020858 -0.00017609 -0.00192805 -0.323554 -0.345521 -0.256784 -0.315557 -0.120795 0.0228057 0.711617 0.698707 -1.07597 0.0538122 0.0959405 0.289952 0.389434 -0.0977953 -0.136661 0.150647 0.19433 -0.252539 -0.015068 -0.0163226 -0.031578 -0.0496575 -0.062475 -0.03123 -0.0711426 -0.114339 0.349015 -0.549297 0.109939 -0.0108239 0.0332189 -0.0477003 0.0755405 -0.0399266 -0.0492992 -0.0582194 -0.142262 0.106413 0.303217 -0.234157 0.0436959 0.0596526 0.116544 -0.576587 0.222254 -0.170018 0.080675 0.192236 -0.395274 -0.117562 -0.0383258 0.326744 -0.156732 0.178364 0.211069 -0.0272206 0.0552249 0.0345754 0.0728514 0.0485015 0.352595 0.428404 0.0621901 -0.112005 -0.086503 0.028212 0.0295491 -0.0761715 0.0262366 -0.381724 -0.58412 -0.95849 7.80203 5.16788 1.39868
 -1.08478e-07 0.161615 -0.0351123 -1.07379e-06 -0.11369 0.0917466 -0.0905996 3.80033 -53.7339 -0.0506908 -0.00765997 0.196167 4.13463e-06 -0.082485 -1.34929e-05 2.47057e-06 -0.0718075 0.00318243 1.9178e-07 -0.0767741 0.0332134 9.86221e-07 -0.105223 0.0224138 0.014337 0.369714 -0.0946111 0.0235937 0.24387 -0.276143 0.2496 -0.0510307 0.1805 0.217615 0.114375 -0.202148 0.00463936 -0.0404934 0.00115605 0.0300654 -0.0352456 -3.55683e-05 -0.00521848 -0.0974038 0.0116311 -0.0346999 -0.0456081 0.0710593 0.0522478 -0.114873 -0.200203 0.187283 0.0251467 -0.592671 0.141615 -0.108474 -0.0620481 -0.136345 0.0441114 0.0348706 -0.022737 0.00252947 -0.0904421 0.0764556 -0.00223397 0.00604658 0.000663866 -0.000145947 -0.00188876 1.50256e-06 -0.149364 0.0481817 -0.0506497 -0.00232777 0.0697588 -0.0845467 -0.011598 0.273428 0.00292641 0.000209411 -0.0030949 0.0553577 -0.0329219 0.0024527 -0.0601504 0.00603983 0.0161472 0.00121109 0.000516078 -0.00174114 -0.0996943 -0.127398 -0.0559747 -0.0412405 -0.00167099 0.0164384 0.478855 -0.120431 -0.341337 0.0492968 0.0637991 0.320262 0.118595 -0.0415731 -0.231662 -0.0691359 0.128639 -0.0689143 0.017144 -0.0142062 -0.0247965 -0.0322037 -0.0400255 -0.0162723 -0.0321395 -0.0942197 0.202261 -0.164343 0.0138688 -0.0224982 0.0571479 -0.0288906 0.0320053 -0.020637 0.00539844 -0.00749134 -0.0962721 0.0121869 0.0287404 -0.0547102 0.0268509 0.0384295 0.0361023 -0.123198 0.0280487 -0.0112161 0.00781179 -0.0391508 -0.112629 0.0442912 0.0859195 0.0938004 -0.0133572 0.0348324 0.00967348 -0.0584854 -0.0685705 0.136634 -0.0327773 0.108958 0.179086 0.0487345 -0.0650629 -0.042694 -0.0278248 0.0063751 0.0120737 -0.0242903 0.0080211 -0.123607 -0.144805 -0.276292 2.54824 1.65828 0.453534
 4.45182e-08 -2.60569 0.568908 2.37739e-05 2.41103 -1.94715 0.888823 -53.7339 991.561 1.07361 0.155448 -3.94692 -7.91235e-05 1.58807 -3.86912e-05 -4.59935e-05 1.37238 -0.0610521 -1.88891e-06 1.46068 -0.632119 -1.81353e-05 1.97778 -0.421461 -0.276884 -6.61674 1.69382 -0.365817 -4.32082 4.89253 -4.55139 0.989682 -3.52113 -3.99104 -1.96397 3.48846 -0.0746942 0.821528 -0.0248682 -0.604951 0.71058 0.000530741 0.0992673 1.94206 -0.233632 0.691148 0.890828 -1.3893 -1.00525 2.08955 3.65186 -3.41274 -0.390634 10.7752 -2.62032 2.02577 1.13966 2.4817 -0.788642 -0.6511 0.424945 -0.0470612 1.61804 -1.38432 0.0413378 -0.145837 -0.0169954 0.00401876 0.0359649 -2.93884e-05 2.87361 -0.927958 0.984403 0.0455271 -1.3575 1.55506 0.213278 -5.02674 -0.0564875 -0.00701868 0.0819908 -1.14117 0.68741 -0.0505198 1.11696 -0.112159 -0.302223 -0.0218651 -0.00938913 0.0315069 1.80511 2.32087 1.00872 0.750099 0.0536177 -0.287676 -8.71545 2.1341 6.19424 -0.76294 -1.05835 -5.85464 -2.16276 0.755452 4.20087 1.2517 -2.33869 1.26337 -0.329853 0.248801 0.455572 0.588804 0.730548 0.29633 0.575907 1.6976 -3.68562 2.99548 -0.251788 0.400565 -1.04718 0.522889 -0.591666 0.374459 -0.102736 0.130035 1.74346 -0.211731 -0.547271 0.999563 -0.492583 -0.70201 -0.661362 2.24446 -0.518785 0.209904 -0.139326 0.712039 2.0598 -0.796975 -1.56782 -1.72413 0.234752 -0.633654 -0.179552 1.06281 1.25012 -2.49788 0.597454 -1.98265 -3.26442 -0.89412 1.19468 0.780682 0.510173 -0.119802 -0.223212 0.442627 -0.145505 2.2486 2.61217 5.0276 -45.8002 -30.9849 -8.29215
 -8.09768e-05 15.7676 -3.31018 4.97395e-05 10.1167 -8.21265 -0.140691 -0.0506908 1.07361 896.341 -7.02579 147.278 0.000117158 -2.42589 0.00179399 5.81729e-05 -1.97779 0.0898551 2.7446e-05 -2.94555 1.27939 2.50708e-05 -3.05096 0.653203 5.70696 6.32732 -1.70111 1.55763 5.32397 -6.03203 6.90848 0.403725 -2.11004 5.57919 3.30812 -5.82042 2.53907 -0.430206 -0.0052083 4.36061 -1.33035 -0.0308271 2.71252 1.09031 -0.205267 -0.0771012 -0.00837207 0.0170999 1.50559 0.798291 -5.29725 3.59265 0.184526 -2.77145 2.44331 -2.59919 3.42309 2.2027 1.177 -2.79317 0.692716 -0.0534669 -2.87042 4.49339 -0.00235037 -4.90028 -0.0896491 0.0257593 -0.0382879 2.09345e-05 -3.03723 0.97831 -0.388292 -0.0121713 0.403493 -1.08159 -0.0876658 2.43787 -0.425541 -0.235423 1.90374 -1.43029 -5.25654 0.411298 0.24123 -0.0274583 0.706014 0.000992892 -0.0115574 0.0106164 -0.48296 -7.92868 0.267908 5.854 6.57928 8.12882 -7.97872 -4.42153 2.78934 12.9116 4.24468 -9.71876 2.97643 -1.61243 -3.31593 3.10489 8.74241 13.5548 -16.837 1.89992 2.05503 0.809286 -0.358059 -0.729421 -0.959229 2.65415 -5.1987 0.40953 3.30206 -3.44474 0.920113 0.0649834 -1.74387 0.0671488 -0.379054 1.1889 -5.17665 9.3557 -10.3632 7.0048 -1.9738 -0.814118 1.48276 -5.38503 0.49569 -3.2898 -1.17589 1.28542 -0.167455 -0.347368 -0.899599 -1.045 -1.27957 1.27613 0.0771026 -2.61684 0.319595 1.00964 -1.20015 0.255268 -1.87793 1.32309 2.04142 -1.3177 -2.67717 -0.892408 -0.830699 0.124743 0.0111459 -0.967344 -1.56082 2.16527 43.8671 -21.9323 1.78165
 -4.67434e-06 1.14688 -0.240917 4.23682e-06 0.757988 -0.615405 -0.0220037 -0.00765997 0.155448 -7.02579 2.31864 -33.6598 8.23701e-06 -0.168223 8.71419e-05 4.43027e-06 -0.140646 0.00630117 2.13601e-06 -0.225348 0.0977528 1.98084e-06 -0.230877 0.0493065 0.212671 0.775303 -0.200753 0.144565 0.559582 -0.63364 0.432946 -0.0148454 0.0264956 0.147337 0.394472 -0.655956 0.153832 -0.0422477 7.37103e-05 0.0966426 -0.0500252 -0.000912468 0.0134429 0.0876464 -0.0128888 -0.0252094 -0.024528 0.0385949 -0.0744524 0.036223 0.014249 -0.0208002 0.101927 -0.32075 -0.0509126 0.091115 0.150471 -0.0352909 0.172461 -0.178497 0.0126233 -0.00112365 -0.0650037 0.103553 0.000716528 -0.145582 -0.00234202 0.000726265 -0.00202556 1.6827e-06 -0.213465 0.0687742 -0.0443298 -0.00175674 0.0541143 -0.015024 -0.000389568 0.0166373 -0.0170935 -0.00909427 0.0726455 -0.127236 0.288663 -0.0211965 0.0386439 -0.00417999 0.0331751 0.0027819 0.000921412 -0.00373409 -0.0516052 -0.512855 0.218059 0.742188 0.615363 0.654711 -0.41952 -0.18485 -0.160853 0.392679 0.10325 -0.155392 0.38689 0.0242455 -0.474903 -0.261243 0.138143 0.424792 -0.219818 -0.0205056 -0.0383187 -0.0199358 -0.0470398 -0.0567996 -0.0779137 0.0595698 -0.159541 -0.0434819 0.111202 -0.105007 -0.00835593 -0.0305583 -0.0617984 -0.0077013 0.0520941 -0.0190195 -0.147419 0.308989 -0.29671 0.0292905 -0.00746708 -0.0437598 0.0397902 -0.241333 0.0293073 -0.0596447 -0.0278184 -0.0269402 -0.0795808 0.0371135 0.00508795 -0.0669459 -0.0630893 -0.00389009 0.0271732 -0.0752949 0.0166556 0.00369353 -0.0946055 0.0113781 0.0628127 0.00798243 -0.0167009 -0.0286519 -0.039408 -0.0232199 -0.0230803 -0.00335944 0.00225636 -0.101823 -0.190778 -0.25266 3.38833 -0.528199 0.277265
 0.000107354 -26.6739 5.60332 -9.55597e-05 -17.5672 14.2627 0.571151 0.196167 -3.94692 147.278 -33.6598 784.152 -0.000198026 4.053 -0.00238372 -0.000105765 3.40318 -0.152772 -4.87824e-05 5.41973 -2.35129 -4.53633e-05 5.51608 -1.17823 -5.03764 -17.8615 4.62731 -3.32819 -12.906 14.6142 -10.2778 0.41994 -0.889613 -3.58118 -9.03764 15.043 -3.61473 1.11135 -0.00727858 -2.3171 1.26904 0.020885 -0.326496 -1.86353 0.277334 0.658901 0.647976 -1.02 1.70215 -0.8919 -0.0815798 0.317477 -2.25201 7.43908 1.0708 -1.984 -3.58777 0.729221 -3.97214 4.16704 -0.310013 0.0272949 1.64904 -2.51725 -0.0177415 3.55172 0.0388568 -0.0125609 0.0524621 -4.10763e-05 5.16701 -1.66571 1.10359 0.0441981 -1.3524 0.285548 0.00311533 -0.252788 0.390513 0.209072 -1.67077 3.06804 -6.45237 0.472683 -0.895327 0.0968437 -0.755017 -0.0635621 -0.0207073 0.0849709 1.2083 11.9641 -5.12401 -17.1775 -14.0189 -15.0089 9.77088 4.4412 3.71751 -10.0713 -2.60153 3.98146 -8.96628 -0.491772 11.0027 5.88252 -3.465 -10.2184 5.63858 0.402056 0.809718 0.42669 1.09392 1.33624 1.82198 -1.45972 3.8494 0.979477 -2.65839 2.53006 0.163871 0.702811 1.48122 0.171625 -1.17552 0.399404 3.56076 -7.40649 7.15946 -0.90983 0.240301 1.03099 -0.961938 5.71357 -0.690089 1.47999 0.682619 0.579838 1.83764 -0.835092 -0.0911245 1.56394 1.48996 0.0512289 -0.621733 1.81471 -0.388993 -0.119783 2.20938 -0.267087 -1.37317 -0.226272 0.316627 0.702999 0.995286 0.56581 0.560057 0.0724833 -0.0524687 2.36113 4.40485 5.68852 -79.0202 12.8968 -6.39695
 2.78006e-10 -8.19616e-05 1.79954e-05 7.08084e-10 0.000130638 -0.000105788 1.38697e-05 4.13463e-06 -7.91235e-05 0.000117158 8.23701e-06 -0.000198026 1000 8.10119e-05 -6.07122e-06 -1.01943e-09 4.82679e-05 -1.80201e-06 2.44309e-10 3.67677e-05 -1.58072e-05 -7.99075e-11 4.72556e-05 -9.84737e-06 -0.000283198 -0.000567878 0.000150201 -2.88531e-05 -0.000177778 0.000201232 -7.94581e-05 2.9794e-05 -0.000109305 -0.000141864 5.95016e-05 -8.73357e-05 0.000110926 3.10558e-05 -1.00014e-06 -0.000375714 0.000146605 3.82133e-06 -4.46597e-05 0.000173264 -2.00671e-05 2.72115e-05 3.71158e-05 -5.81935e-05 8.77806e-05 -1.43149e-06 -0.000199051 0.000145568 3.31192e-05 5.00095e-05 -1.24301e-05 1.01131e-05 0.000126022 -3.24414e-05 -4.09535e-05 5.7905e-05 -2.6976e-06 3.04918e-07 -3.83107e-05 -3.71682e-06 1.47819e-06 -5.73835e-05 -1.24409e-06 3.54813e-07 -6.12642e-07 -6.76331e-10 7.65863e-05 -2.43866e-05 1.51334e-05 6.57259e-07 -1.90634e-05 3.4689e-05 4.83213e-06 -0.000120396 1.78307e-07 1.1504e-06 -1.03227e-05 -4.41993e-05 0.00025139 -1.8499e-05 1.0773e-05 -9.81925e-07 1.15106e-05 -9.16505e-07 -1.54531e-07 1.0803e-06 -5.68302e-05 -5.01505e-05 4.23797e-05 9.19478e-05 4.26653e-05 1.55934e-05 -1.37751e-05 -4.08492e-06 -0.000101913 2.03502e-06 6.94862e-06 0.000253737 0.000139953 -0.000133997 -8.35516e-05 4.43015e-05 3.09723e-05 6.0937e-05 4.11076e-05 -1.26418e-05 -9.76687e-05 -1.24921e-05 5.83752e-05 2.60019e-05 -4.43435e-05 -3.1288e-05 -6.99619e-05 4.88852e-05 3.74803e-05 1.59792e-05 -6.31115e-06 -1.29847e-05 -2.94012e-05 4.77157e-06 -1.42049e-05 -2.86992e-05 -3.2232e-05 -3.02426e-05 -3.04088e-05 -3.69938e-05 -9.54942e-06 7.54788e-06 1.83368e-05 3.35796e-05 2.53898e-05 1.89997e-05 8.47419e-06 -6.14504e-06 -4.28877e-05 -4.803e-05 -2.25413e-05 7.88431e-06 2.57412e-05 -4.47489e-06 -4.00894e-05 -2.74521e-06 -7.00408e-06 2.93474e-06 -7.71625e-06 -7.02583e-06 3.61347e-06 2.60007e-05 3.34725e-05 -1.90751e-05 -5.09654e-06 -1.1816e-05 -7.82435e-06 -2.75322e-06 4.16254e-06 3.36096e-05 6.42047e-05 8.59843e-05 -0.00077949 -0.000318479 -0.000116113
 -1.43371e-05 2.43879 -0.52922 -1.17924e-05 -2.16795 1.75416 -0.283718 -0.082485 1.58807 -2.42589 -0.168223 4.053 8.10119e-05 998.034 -2.57577 1.75163e-05 -1.08209 0.0410744 -9.45971e-06 -0.692375 0.29688 -4.5978e-06 -0.907686 0.187771 8.16343 13.7912 -3.67293 0.769711 4.47829 -5.07035 2.72533 -0.628111 2.22436 4.64028 -0.502569 0.489631 -3.30094 -0.798882 0.0293219 7.49302 -3.29927 -0.0812926 1.17216 -4.81096 0.559909 -0.649894 -0.904573 1.41665 -1.86101 1.01857 4.0522 -3.31278 -1.27957 -0.55003 1.07248 -1.22039 -3.59979 1.47632 0.820029 -1.59001 0.0508949 -0.00464564 0.827302 0.210395 -0.0306061 1.06498 0.0125039 -0.00351134 0.0192123 1.31245e-05 -1.61939 0.513755 -0.27949 -0.0114865 0.337194 -0.80362 -0.107326 2.68452 0.00511272 -0.0213471 0.197919 1.23593 -8.50982 0.639171 -0.182285 0.0155814 -0.305892 0.0193152 0.0035465 -0.0230588 1.81456 1.83196 -0.800509 -2.14441 -0.980157 -0.298753 0.904363 0.294721 2.05157 -0.193158 -0.193044 -4.88007 -3.8359 2.3996 3.30164 -0.771516 -0.742991 -1.64455 -0.284027 0.489451 1.92293 0.25116 -1.39581 -1.13941 1.57547 1.10016 1.91165 -0.910192 -0.670303 -0.189077 0.203204 0.269368 0.655217 0.0290768 0.468406 0.65891 0.756024 0.569967 0.699024 0.727562 0.189968 -0.298067 -0.647752 -0.90408 -0.585817 -0.511468 -0.361962 -0.0567225 0.556155 0.595154 0.1526 -0.021097 -0.238333 0.210902 0.742772 -0.0299304 0.0446913 -0.260616 0.0596469 0.0592827 -0.20892 -0.975104 -1.3478 -0.0474493 -0.0598868 0.100667 0.0311588 0.19166 -0.138029 -0.603192 -1.24211 -1.59277 14.2645 5.31549 2.06363
 1.9967e-07 -0.0236413 0.0050045 2.2723e-08 -0.00635532 0.00517212 2.48713e-06 -1.34929e-05 -3.86912e-05 0.00179399 8.71419e-05 -0.00238372 -6.07122e-06 -2.57577 0.823805 2.25668e-07 -0.00610049 0.000320387 2.04986e-08 -0.00273255 0.00120553 5.40452e-08 -0.0040556 0.000895957 -0.0321904 -0.0564153 0.0149567 -0.00570207 -0.0237815 0.0269252 -0.0124082 -0.000150216 0.00155623 -0.0178088 -0.00483255 0.00919084 0.00107642 -0.00181433 0.000164544 -0.0366023 0.00804212 0.000383027 -0.0114571 0.00540922 -0.000347509 -2.55036e-05 -0.000714959 0.00109141 0.00305112 -0.00471093 -0.0157958 0.0132691 0.00189775 0.000235377 -0.00531425 0.00627581 0.00629541 -0.00578204 -0.00536841 0.00903514 -0.000494524 4.33957e-05 -0.00110357 -0.000935943 5.34469e-05 -0.00128709 6.41587e-05 -1.83878e-05 -4.10632e-05 6.8791e-08 -0.00449593 0.00153664 -0.000404773 -1.81172e-05 0.000452422 0.00132686 0.000120517 -0.00336437 -0.000296848 -0.000203068 0.00150815 -0.00416017 0.0293413 -0.00219599 -0.000196545 2.95015e-05 0.000177877 -7.69285e-05 -1.3102e-05 9.08123e-05 -0.00632316 -0.00396396 0.000978427 0.00422035 0.00228301 0.00111837 -0.00169384 -0.00115555 -0.00646601 -0.0014178 0.000704123 0.0165404 0.0124146 -0.00778266 -0.0108226 0.00208914 0.00209504 0.00518739 0.00117174 -0.00204976 -0.00640085 -0.000554788 0.0051902 0.00421576 -0.00534605 -0.00384786 -0.00638888 0.0030773 0.00208595 0.000398936 -0.00068853 -0.00096529 -0.00195273 -0.000190153 -0.00166374 -0.00215261 -0.00226339 -0.00219262 -0.00164658 -0.00267386 -0.000527371 0.00115559 0.00247142 0.00334982 0.00217179 0.00170704 0.00105705 -9.21217e-05 -0.00207187 -0.00194584 0.000122685 0.000638822 0.00116606 -0.000726655 -0.00230406 0.000308246 -0.000116894 0.00136316 -3.10589e-05 2.62893e-05 0.00086292 0.00342315 0.00432927 0.000300388 0.000247028 -0.000139926 9.12686e-05 -0.000741404 0.000486022 0.00208596 0.00480389 0.00516569 -0.0666469 0.0070588 -0.00584396
 -3.12341e-10 -4.32821e-05 9.38523e-06 1.86506e-10 3.87838e-05 -3.13873e-05 7.75957e-06 2.47057e-06 -4.59935e-05 5.81729e-05 4.43027e-06 -0.000105765 -1.01943e-09 1.75163e-05 2.25668e-07 1000 2.39017e-05 -3.44153e-06 -3.4692e-10 2.48224e-05 -1.06596e-05 -5.63078e-10 2.94852e-05 -6.12518e-06 2.15367e-05 -2.51655e-06 1.94666e-07 -8.67677e-06 -5.27787e-05 5.97057e-05 2.5391e-05 1.38238e-05 -5.61796e-05 6.03709e-05 7.60162e-06 -1.718e-05 -2.16856e-05 6.63885e-06 -9.32016e-08 -0.000128229 3.41558e-05 9.92282e-07 -3.53086e-05 1.35735e-05 -6.80772e-07 7.96341e-06 1.23579e-05 -1.93677e-05 7.29223e-05 -9.71327e-06 -0.000197486 0.000147598 -1.91706e-05 7.1865e-05 2.71697e-05 -3.91211e-05 8.46646e-06 2.8288e-05 -3.90431e-05 2.61799e-05 7.18984e-06 -5.88002e-07 -1.16502e-05 1.58504e-05 3.72331e-08 -2.00483e-05 -2.31081e-06 6.31051e-07 4.23109e-07 -4.3811e-10 3.52034e-05 -1.12254e-05 9.94767e-06 4.78759e-07 -1.39229e-05 8.24843e-06 1.67921e-06 -4.25493e-05 5.60636e-07 1.40603e-06 -1.23057e-05 -4.17276e-06 -0.000300942 2.37171e-05 1.84244e-05 -1.85063e-06 1.11385e-06 -9.95156e-07 -2.34727e-07 1.24043e-06 -2.42865e-05 8.68676e-06 5.83418e-05 8.00564e-05 4.35033e-05 3.52556e-05 4.42364e-05 -8.88322e-06 -0.000165787 -3.67404e-05 -6.89504e-06 0.00025286 -6.90821e-06 0.000135273 -6.24274e-05 9.94002e-07 7.566e-05 -2.38189e-05 4.24951e-05 -2.17534e-05 -4.12704e-05 -2.88439e-05 -1.96453e-05 1.0013e-05 1.1457e-05 5.11345e-05 -1.95837e-05 4.13175e-07 -3.36504e-05 6.31296e-07 9.78902e-06 7.88457e-06 -9.87723e-06 -3.29775e-06 -1.89279e-05 -1.13743e-05 -1.6381e-05 -2.50697e-05 -3.68557e-05 -9.06619e-06 -1.05437e-05 -2.02398e-06 -2.37366e-06 9.83968e-06 3.63234e-06 -1.26531e-05 -1.42891e-05 -9.92582e-06 -1.20661e-05 -2.93675e-05 -3.82846e-05 -3.07136e-06 6.11072e-06 -7.24404e-06 2.07031e-06 5.84037e-06 -1.68299e-05 2.10658e-05 -2.28587e-06 -2.37926e-05 -1.83649e-05 -2.19279e-05 -1.48348e-05 -1.95487e-05 -5.21464e-06 -1.13869e-05 -9.91619e-06 6.88241e-06 1.7053e-06 2.47909e-05 4.57653e-05 5.84915e-05 -0.000507711 -0.000332667 -9.05783e-05
 -5.09338e-06 2.07325 -0.447774 -6.60897e-06 -1.04411 0.843176 -0.244718 -0.0718075 1.37238 -1.97779 -0.140646 3.40318 4.82679e-05 -1.08209 -0.00610049 2.39017e-05 996.916 -46.7793 -2.05826e-08 -0.681708 0.292686 3.96957e-06 -0.8261 0.171739 3.60958 3.93992 -1.07484 0.419754 2.64343 -2.99398 1.49643 -0.379836 1.36239 2.42199 0.0666024 -0.279118 -1.09545 -0.448879 0.0162244 3.81626 -1.5867 -0.0374653 1.70055 -2.5827 0.276504 -0.388647 -0.566205 0.885166 -1.41829 1.79453 3.57566 -3.24167 -0.491936 -1.05335 0.604297 -0.612012 -1.88478 0.779427 1.1634 -1.65168 -0.201773 0.0203504 0.124046 0.117989 -0.0150112 0.526066 0.0330915 -0.00878455 -0.000918836 1.22355e-05 -1.16985 0.372497 -0.290246 -0.0132195 0.387558 -0.582934 -0.084485 2.1238 -0.0540164 -0.0457975 0.399323 0.539462 0.681536 -0.0629668 -0.378354 0.0361668 -0.113805 0.0286187 0.00553976 -0.0344529 1.56431 1.2433 -1.28012 -2.43305 -1.26821 -0.800966 -0.459126 0.743923 3.70223 0.847489 0.127384 -7.04072 -2.48828 -0.191779 3.97069 1.26051 -3.32823 -3.11204 2.61386 -0.130982 1.17955 0.612881 0.207209 -0.324104 -0.550176 0.68647 0.67481 0.150366 0.573531 0.431405 0.0353525 -0.01487 0.307903 0.175696 0.749035 0.546345 0.648759 0.635879 0.940909 0.510356 0.41733 0.238131 -0.215389 -1.32864 -0.337852 -0.00867113 0.152733 0.13891 0.261135 0.315084 0.544492 0.214959 0.241479 -0.292664 -0.00995051 0.0742991 0.325822 -0.57768 -0.80539 0.32626 0.228577 -0.264805 -0.656386 -0.518784 -0.242172 0.0108605 0.0524928 0.0244894 -0.118068 -0.63625 -1.10236 -1.50548 13.7826 7.47633 2.27375
 4.10728e-07 -0.111882 0.0240736 3.14032e-07 0.0380325 -0.0306684 0.0108572 0.00318243 -0.0610521 0.0898551 0.00630117 -0.152772 -1.80201e-06 0.0410744 0.000320387 -3.44153e-06 -46.7793 3.07296 2.44818e-08 0.0274901 -0.0117717 -1.17909e-07 0.0332993 -0.0068791 -0.174451 -0.195153 0.0531336 -0.022813 -0.132186 0.149717 -0.0735371 0.016511 -0.0585788 -0.116635 -0.00772176 0.0208369 0.0482995 0.0190794 -0.000642981 -0.186266 0.0734473 0.00183909 -0.0848066 0.115672 -0.0121457 0.0165848 0.0238948 -0.0373635 0.0653553 -0.0863192 -0.172495 0.156363 0.0218766 0.0500065 -0.0289902 0.0294125 0.0860074 -0.0375025 -0.0573769 0.0812733 0.00926624 -0.000938773 -0.00475015 -0.00575842 0.000679505 -0.0234457 -0.00134505 0.00035318 6.55725e-05 -4.61672e-07 0.0486677 -0.0154226 0.0126658 0.000575645 -0.016962 0.0269349 0.00382937 -0.0966137 0.00191025 0.00180518 -0.0160192 -0.0268714 -0.0333573 0.00306785 0.0172977 -0.00164908 0.00478163 -0.00137483 -0.000264769 0.00165374 -0.074496 -0.0606212 0.0590218 0.117537 0.0625476 0.0395409 0.0220162 -0.0356263 -0.175166 -0.0456977 -0.00814028 0.336601 0.118774 0.00872152 -0.189281 -0.0602856 0.158736 0.148675 -0.124601 0.00623264 -0.0564313 -0.0291011 -0.00953652 0.0157174 0.0263435 -0.0327731 -0.0321719 -0.00718263 -0.0273811 -0.0205642 -0.00153598 0.000722288 -0.0144467 -0.00841645 -0.0356857 -0.0259575 -0.0307188 -0.0306258 -0.0442774 -0.0245109 -0.0198141 -0.0112425 0.0105001 0.0636302 0.0163229 0.000394743 -0.00738806 -0.00678787 -0.0126613 -0.0151775 -0.0255861 -0.00980252 -0.0111406 0.0138607 0.000453761 -0.00347013 -0.0155899 0.0278971 0.0383696 -0.0154659 -0.0108036 0.0128012 0.0311073 0.024787 0.0115238 -0.000388347 -0.00237056 -0.00121101 0.00562812 0.0304722 0.0534204 0.0719044 -0.678137 -0.331536 -0.107548
 -9.94379e-10 2.78933e-05 -5.89464e-06 5.38191e-11 3.98027e-05 -3.23209e-05 -1.02977e-06 1.9178e-07 -1.88891e-06 2.7446e-05 2.13601e-06 -4.87824e-05 2.44309e-10 -9.45971e-06 2.04986e-08 -3.4692e-10 -2.05826e-08 2.44818e-08 1000 -1.33405e-06 1.25191e-06 -4.97838e-10 7.18654e-06 -1.57432e-06 6.82451e-05 -6.38414e-06 2.08545e-07 8.34717e-06 5.35139e-05 -6.06341e-05 7.25237e-05 7.02533e-06 -3.30078e-05 0.000145234 -4.18279e-05 5.76205e-05 -3.83348e-05 -3.3737e-06 3.52864e-07 -5.09857e-05 2.50279e-06 2.40351e-07 -1.15373e-05 -3.63807e-05 4.87361e-06 -2.35292e-06 -2.01471e-06 3.09218e-06 3.65507e-05 1.55192e-05 -7.65717e-05 5.02726e-05 -3.51635e-05 1.96945e-05 6.80538e-05 -8.19566e-05 -3.12506e-05 2.24521e-05 -7.07919e-06 -3.73503e-06 -4.39382e-07 2.20407e-07 -2.12944e-05 6.77212e-06 -1.0456e-07 -2.57191e-06 -1.71084e-06 4.63266e-07 3.68273e-07 -1.2856e-10 -5.374e-07 1.13102e-07 1.06013e-07 4.53368e-08 -1.52802e-06 3.91785e-06 5.82323e-07 -1.29244e-05 6.85156e-07 4.66617e-07 -3.59753e-06 3.86047e-06 -0.000329685 2.54336e-05 8.7109e-06 -9.00372e-07 7.50575e-07 -6.87245e-07 -2.45495e-07 9.4028e-07 2.65031e-06 -5.4055e-05 -5.5432e-05 -7.35059e-05 -2.18991e-05 1.49272e-05 0.000100446 0.000375791 -0.00019307 -4.603e-05 -2.79757e-05 -7.17017e-05 -7.37174e-05 0.000114172 2.41097e-05 -2.25858e-06 6.87111e-05 1.3911e-06 -2.5329e-05 1.81004e-06 3.24191e-05 -1.47675e-05 -1.19076e-05 -1.10709e-05 -1.10273e-06 1.18008e-05 8.15258e-06 -1.25139e-05 2.3381e-06 3.0698e-06 1.19715e-05 1.33531e-05 5.24514e-06 6.04436e-06 -1.26479e-05 -5.6821e-06 1.38089e-06 1.09729e-07 3.79835e-06 -6.48452e-06 1.19521e-05 1.99145e-06 -1.09913e-06 -3.92762e-06 8.00092e-07 -9.54203e-06 2.63536e-06 1.59522e-05 -4.1512e-07 -4.76171e-05 -4.84673e-05 2.39385e-05 1.70235e-05 -7.63762e-06 1.05112e-05 1.86704e-05 -5.04652e-06 3.48723e-05 -7.12124e-06 8.1748e-07 -6.03976e-06 -2.33102e-05 -2.28362e-05 -2.42618e-05 -6.68789e-06 -5.30698e-06 -2.84732e-06 2.82852e-06 -2.69938e-07 2.72324e-06 1.0556e-05 2.31898e-06 -5.47522e-05 -3.65668e-05 -9.85695e-06
 -1.75823e-05 1.30791 -0.288847 -1.58065e-05 -3.90727 3.16701 -0.309107 -0.0767741 1.46068 -2.94555 -0.225348 5.41973 3.67677e-05 -0.692375 -0.00273255 2.48224e-05 -0.681708 0.0274901 -1.33405e-06 837.337 -363.791 1.47165e-05 -1.86069 0.397698 -0.83375 4.79934 -1.20864 -0.240925 -0.30255 0.342887 -0.3759 -0.754779 2.97347 -0.165824 2.36211 -3.84412 0.479603 -0.303058 0.00361876 2.10472 -0.657757 -0.0135978 0.186333 -0.323694 0.0282773 -0.297367 -0.361231 0.565839 -0.663754 -0.767426 2.16368 -1.30909 0.921119 -3.1387 -1.20959 1.7357 -0.0895892 -1.71246 0.82056 0.100284 -0.187856 0.0197181 -0.401258 -0.923212 0.0273863 0.0367596 -0.0222097 0.00656806 -0.00856957 1.19187e-05 -1.30026 0.423058 -0.543884 -0.0279169 0.815704 -0.786759 -0.106415 2.51897 -0.115586 -0.0492774 0.40628 -1.54462 3.29172 -0.238102 -0.472185 0.0486135 0.12455 0.0406244 -0.00271852 -0.038268 -0.533188 3.42778 1.60629 0.466258 -1.1637 -0.513207 -33.4048 15.3544 1.28293 2.98234 1.16959 3.98476 -6.62725 1.08044 2.38237 -1.04042 0.156917 -1.23609 -0.146901 -0.110706 1.29427 0.248623 0.191141 0.638762 1.00079 0.157653 -0.215172 -0.55913 0.938179 -0.290607 -0.105587 -0.0183756 0.733036 1.45935 -0.401423 0.0211854 0.355679 0.143915 0.850864 -0.892069 0.123982 0.0917339 0.404117 -0.407423 0.17578 0.649426 0.714926 0.440979 0.247931 1.17599 0.914038 -0.36211 -0.261336 -0.896273 -0.0766668 0.116807 0.00748972 1.66542 -0.303382 0.480277 1.05789 0.47331 0.173825 -0.965013 -0.433485 -0.0261056 0.161017 -0.363923 0.055569 -0.86498 -0.908359 -1.79705 18.9837 9.87179 3.08162
 7.77845e-06 -0.583293 0.128661 6.83074e-06 1.69275 -1.37203 0.133763 0.0332134 -0.632119 1.27939 0.0977528 -2.35129 -1.58072e-05 0.29688 0.00120553 -1.06596e-05 0.292686 -0.0117717 1.25191e-06 -363.791 159.621 -6.43348e-06 0.808238 -0.172745 0.363313 -2.09544 0.527711 0.103768 0.127448 -0.144445 0.162333 0.327535 -1.2903 0.0719803 -1.03299 1.68117 -0.209436 0.129639 -0.00146559 -0.91535 0.284802 0.00592665 -0.0810673 0.136588 -0.0117469 0.128004 0.1556 -0.243719 0.288725 0.334892 -0.943091 0.570475 -0.4018 1.36851 0.528087 -0.7576 0.0383586 0.746235 -0.358222 -0.0429455 0.0814767 -0.00855826 0.17589 0.402409 -0.0119758 -0.014404 0.00982022 -0.0029011 0.00365998 -5.13144e-06 0.563836 -0.183437 0.235863 0.0120995 -0.353652 0.342181 0.0462897 -1.09578 0.0491564 0.0212353 -0.175057 0.676005 -1.43463 0.103756 0.205084 -0.0211163 -0.0534814 -0.0177069 0.00118817 0.0166766 0.232645 -1.49038 -0.702293 -0.208131 0.505921 0.230866 14.5636 -6.69994 -0.556226 -1.29964 -0.512046 -1.73573 2.8885 -0.471698 -1.03807 0.453382 -0.0689127 0.538451 0.0646422 0.0483535 -0.564436 -0.108325 -0.0832406 -0.278296 -0.435897 -0.0683952 0.0937703 0.243635 -0.408996 0.126751 0.046163 0.00796605 -0.319252 -0.636019 0.175074 -0.00904112 -0.154786 -0.0631008 -0.37035 0.388622 -0.0541071 -0.0400288 -0.176088 0.177615 -0.0765495 -0.283195 -0.311779 -0.192416 -0.108274 -0.512582 -0.398026 0.157934 0.114037 0.390334 0.0332473 -0.0510378 -0.00346345 -0.725532 0.132021 -0.209428 -0.461041 -0.206226 -0.0761471 0.420408 0.188693 0.0113824 -0.0701634 0.158601 -0.0242392 0.377075 0.39681 0.783391 -8.29523 -4.27465 -1.34192
 -6.76758e-10 2.51968e-05 -5.26825e-06 2.40924e-10 6.41564e-05 -5.20643e-05 2.19988e-06 9.86221e-07 -1.81353e-05 2.50708e-05 1.98084e-06 -4.53633e-05 -7.99075e-11 -4.5978e-06 5.40452e-08 -5.63078e-10 3.96957e-06 -1.17909e-07 -4.97838e-10 1.47165e-05 -6.43348e-06 1000 1.97541e-05 -4.37399e-06 0.000113734 -0.000122547 2.88629e-05 1.55505e-05 6.96744e-05 -7.89757e-05 9.87716e-05 1.23782e-05 -5.40231e-05 0.000171373 2.75291e-05 -5.77204e-05 -5.11669e-05 -3.49198e-06 5.56015e-07 -9.75826e-05 1.14905e-05 5.89647e-07 -4.31019e-06 -4.81384e-05 5.93889e-06 -1.09255e-06 -1.91087e-06 2.8187e-06 2.3199e-05 6.78059e-05 -5.27486e-05 1.4423e-05 -5.65288e-05 3.27003e-05 0.000116647 -0.000140563 -4.05396e-05 4.8565e-05 -1.58174e-05 -8.84114e-06 5.5761e-07 1.11026e-07 -1.68612e-05 8.4958e-06 -2.00031e-09 -8.4991e-06 -1.95747e-06 5.48589e-07 4.9788e-07 -2.41483e-10 1.32722e-05 -4.47485e-06 4.04876e-06 2.37274e-07 -6.54201e-06 4.17118e-06 8.97074e-07 -2.03331e-05 1.05878e-06 8.13029e-07 -6.56756e-06 1.12207e-05 -0.000299894 2.32714e-05 4.90436e-06 -5.37344e-07 -2.76903e-07 -7.06512e-07 -2.61643e-07 9.75872e-07 1.07632e-05 2.40944e-05 1.2752e-05 6.88933e-06 1.04969e-05 2.01002e-05 9.46884e-05 0.000100724 -0.000111135 -5.08263e-05 -2.37344e-05 -1.69926e-05 -4.66401e-06 9.98133e-05 7.5934e-05 -3.05527e-05 3.07186e-05 -4.77658e-05 0.000112883 -3.55891e-05 -2.93054e-06 3.80577e-06 2.59948e-06 3.95199e-06 9.82729e-06 4.60432e-05 7.81282e-06 7.0402e-08 -2.62495e-05 2.39469e-05 -2.53938e-06 4.309e-06 -3.98848e-06 7.88077e-06 4.26584e-06 5.29008e-06 3.55034e-06 -1.02057e-05 1.36919e-05 -1.31884e-05 3.07156e-06 -8.3073e-06 -1.58088e-05 -5.21926e-06 5.82134e-06 -6.57784e-06 1.23674e-05 3.5261e-06 -2.29171e-05 -0.000105109 -6.79685e-05 3.29454e-05 1.37645e-05 -6.91474e-07 5.43523e-07 8.33087e-06 -1.36232e-05 -7.98543e-06 2.4054e-06 -2.05378e-05 -2.17072e-05 -3.49966e-05 -4.31716e-05 -2.77796e-05 -1.25282e-05 -1.26764e-05 -1.15888e-05 8.66232e-06 -1.03879e-06 1.16934e-05 1.41265e-05 2.04999e-05 -0.000245727 -0.000149807 -4.253e-05
 9.74923e-06 0.00498068 -0.0133196 -1.81972e-05 -4.12507 3.34395 -0.332274 -0.105223 1.97778 -3.05096 -0.230877 5.51608 4.72556e-05 -0.907686 -0.0040556 2.94852e-05 -0.8261 0.0332993 7.18654e-06 -1.86069 0.808238 1.97541e-05 954.21 -204.617 -0.723912 12.4524 -3.15612 -0.0222575 0.54034 -0.608564 -3.79936 -1.14597 4.73294 -3.078 0.794522 -1.06612 0.60313 -0.372378 -0.00100177 3.89076 -1.16742 -0.0300348 -1.47835 0.444398 -0.0310071 -0.311248 -0.375793 0.593423 -0.788453 -2.25534 1.58277 -0.353779 1.62256 -4.5133 -2.68946 3.61521 0.304513 -2.69796 0.706818 0.787227 -0.14014 0.0116958 0.288983 -0.296406 -0.019833 1.13683 0.0373887 -0.0104817 -0.0159119 1.64534e-05 -1.44066 0.47158 -0.470681 -0.0241122 0.689453 -0.755044 -0.109809 2.59312 -0.114159 -0.0597719 0.497234 -0.563095 2.20409 -0.171449 -0.347484 0.0367538 0.0307807 0.0365161 0.00188853 -0.0387532 -0.804738 0.320314 -0.796398 -1.61012 -1.16974 -0.699133 -9.11454 3.62269 2.26951 2.52603 1.10807 1.32522 -7.10112 -0.65287 4.51106 -0.0519022 -2.22882 -6.93166 1.7649 0.770973 -0.734123 -0.514635 -0.276426 0.336782 -0.300884 -1.00553 -0.964266 0.524848 1.36724 -0.730025 -0.0898916 -0.0877637 0.261205 -0.202269 0.169923 0.0665043 0.121856 0.433505 0.274968 0.132761 0.279694 0.638413 1.02595 0.585682 0.209762 0.229133 0.115809 0.146062 0.347571 2.40724 1.77406 -0.462314 -0.362522 -0.135623 0.360054 0.311828 0.388358 0.980319 0.127614 0.572208 2.2143 1.5225 0.680004 -0.483546 -0.0218629 0.29492 0.416191 -0.517962 0.0707684 -0.963419 -1.15392 -2.00506 21.1731 10.9219 3.42668
