 1000 0.00187914 -0.000337281 -1.35357e-09 -0.000104469 8.59185e-05 1.56249e-06 6.41804e-07 -1.65698e-05 -8.27045e-05 -3.9544e-06 8.40152e-05 -3.83992e-10 2.56998e-07 1.51702e-07 -7.86846e-10 8.74969e-06 -2.2092e-07 -8.94929e-10 -6.07709e-06 2.54779e-06 -6.80094e-10 1.83059e-05 -4.19076e-06 3.58107e-05 -0.000300629 6.1821e-05 -5.43092e-05 -0.000216002 0.000212583 -1.17024e-05 4.69364e-06 -2.04364e-05 0.000100483 -0.000105699 0.000156512 -6.42965e-05 7.21669e-06 1.69249e-07 -9.88015e-05 1.81147e-05 6.15052e-07 1.86629e-05 -6.07013e-05 6.71969e-06 6.0338e-07 -5.43852e-06 5.24558e-06 7.90774e-05 -5.76305e-05 -0.000184934 0.000133255 -6.23793e-05 0.000107208 9.5245e-05 -0.000104614 -2.48366e-05 2.2045e-05 -2.82098e-05 1.48607e-05 4.68606e-07 -1.98284e-07 6.09239e-05 8.66156e-06 -4.95895e-07 8.5098e-06 -3.32048e-06 6.36354e-07 1.7419e-07 -3.26894e-10 1.8251e-05 -6.63253e-06 9.26716e-06 3.0314e-07 -1.05344e-05 -1.44496e-06 -2.64297e-07 4.59525e-06 3.14033e-06 3.98406e-06 -1.94565e-05 9.62738e-06 -0.000286221 1.39626e-05 7.86199e-06 -6.5721e-07 -9.65197e-06 -8.72666e-07 -3.21047e-07 1.20248e-06 2.61344e-05 2.95853e-05 -3.2716e-05 -0.000139993 -0.000105335 1.15193e-05 -4.81528e-05 0.000468128 -0.000179235 -0.000177263 -7.63897e-05 3.63804e-05 -8.11478e-05 -9.69459e-06 0.000105885 0.000128277 7.07286e-05 -6.2248e-05 -0.000183539 0.000258194 -0.000155351 3.95149e-05 -2.42342e-05 -1.02895e-05 1.82239e-05 4.45953e-05 2.12012e-05 -1.12012e-05 6.56601e-05 -4.09867e-05 1.93119e-05 -3.69295e-06 -9.76514e-06 1.44858e-05 1.06755e-05 -9.8907e-06 -1.97696e-05 0.000187923 -0.000149948 9.96925e-05 -1.0084e-05 7.52257e-06 1.83922e-05 -8.14896e-06 1.76819e-05 -5.18691e-05 2.13329e-05 1.14851e-05 3.08751e-05 -1.96102e-05 -7.08157e-05 4.16025e-05 6.41524e-06 -1.10463e-05 -5.36166e-06 -4.85197e-05 3.33916e-05 2.29144e-05 -3.78365e-06 2.80368e-05 1.15428e-06 -6.55747e-05 -1.61224e-05 -4.13954e-05 -7.04685e-06 -4.49316e-06 -2.13384e-06 8.77363e-06 -3.28338e-06 2.35577e-05 3.10521e-05 2.59891e-05 -0.000655786 -6.05615e-05 -7.33724e-05
 0.00187914 573.994 -101.862 0.000308075 28.2533 -23.2297 0.147229 0.063796 -0.911529 20.3052 1.26083 -27.2593 5.84846e-06 0.575491 -0.0203517 1.42365e-05 0.1589 -0.0213179 3.63759e-05 -0.92194 0.357511 4.38664e-05 -1.52303 0.34473 17.3212 34.9881 -7.45847 6.38864 25.4169 -25.0363 16.3371 1.34801 -6.78609 10.8459 15.7409 -24.8865 7.72482 -0.643927 -0.0423195 16.5331 -3.21812 -0.0984417 6.80109 4.53648 -0.642238 1.27449 1.81053 -1.78866 -0.0181535 8.14246 9.88043 -8.35205 0.413949 -4.50661 2.27947 -2.03941 3.5357 4.84658 6.73059 -7.07694 -0.0874265 0.0182656 -5.93384 1.39069 0.121614 -3.99457 0.455086 -0.0848913 -0.0118692 9.45598e-06 -2.05645 0.730345 -0.232222 -0.00594347 0.244104 0.440712 0.0840494 -1.32662 0.138018 -0.145976 0.7 -1.81225 1.40517 -0.0625564 1.73328 -0.114811 -0.316195 0.0950242 0.00649317 -0.102325 1.3699 -2.87783 1.45242 9.27572 11.1101 -0.989905 -27.9426 19.0479 -9.8488 10.5385 6.72076 1.38606 -0.761862 -0.938917 -4.2718 3.77009 4.00024 2.10712 -8.53258 3.78295 -1.34063 1.47477 -1.03369 -0.455666 -0.136063 -0.556782 0.0253372 2.02619 0.95347 -0.791405 0.64546 0.374381 0.661545 -0.415982 0.737156 0.376962 -0.760537 3.37323 -6.38321 3.17768 -0.239457 0.342442 -0.0470392 -3.23379 -0.469621 -1.56743 -1.0603 -1.36375 0.713795 0.00827077 -1.02147 -1.68048 -1.4046 -0.282089 0.0235177 -1.84274 0.538866 -0.791812 -3.32569 0.00692067 0.552711 -1.66382 -0.0928896 -0.709001 -0.689632 -0.493146 -0.541545 0.425399 -0.229854 -2.7007 -4.99895 -4.94902 100.554 -29.2979 6.57288
 -0.000337281 -101.862 19.1587 -5.53783e-05 -5.07243 4.17052 -0.0317407 -0.0126451 0.189858 -3.63962 -0.226355 4.89387 -2.00748e-07 -0.123569 0.0037008 -2.17958e-06 -0.0429613 0.00441583 -6.63039e-06 0.149096 -0.057558 -7.89637e-06 0.258722 -0.0584291 -3.10087 -6.26658 1.33584 -1.15057 -4.55323 4.48509 -2.92071 -0.245875 1.23386 -1.94214 -2.82168 4.46099 -1.38666 0.104784 0.00798371 -2.95874 0.566017 0.0176779 -1.22276 -0.826815 0.116647 -0.236032 -0.333176 0.32905 0.000855219 -1.45634 -1.76855 1.49474 -0.075556 0.805637 -0.407503 0.364589 -0.63507 -0.867508 -1.20642 1.2681 0.0152531 -0.00324313 1.0609 -0.248292 -0.021841 0.716671 -0.0812957 0.0151641 0.00217613 -1.60033e-06 0.344699 -0.121948 0.0341876 0.000806655 -0.0355818 -0.0806475 -0.0154468 0.2449 -0.0258625 0.0255575 -0.122522 0.327104 -0.253355 0.0112702 -0.31092 0.0205954 0.0561488 -0.0170105 -0.0011579 0.018313 -0.245044 0.513939 -0.259311 -1.65766 -1.99038 0.179095 5.00157 -3.41143 1.7637 -1.88646 -1.20194 -0.247616 0.136606 0.167889 0.763996 -0.675254 -0.716258 -0.376824 1.52811 -0.678093 0.240285 -0.264315 0.185186 0.08176 0.0243045 0.0997554 -0.00483478 -0.362435 -0.171094 0.141775 -0.115265 -0.0669127 -0.118019 0.0741838 -0.131902 -0.0671048 0.136371 -0.605165 1.14354 -0.569222 0.0428707 -0.0612773 0.00842073 0.578905 0.0841293 0.28043 0.189249 0.243648 -0.128154 -0.00191138 0.183476 0.300955 0.251688 0.0501966 -0.00429379 0.329981 -0.0968199 0.142155 0.594755 -0.0014769 -0.0990058 0.298097 0.0162332 0.126894 0.123223 0.0883037 0.0969704 -0.076121 0.0411138 0.483436 0.89626 0.88679 -18.024 5.27973 -1.17478
 -1.35357e-09 0.000308075 -5.53783e-05 1000 -0.00160779 0.00132498 -9.28703e-06 -1.87053e-06 4.66494e-05 0.000134629 8.81626e-06 -0.000188761 1.77105e-09 -3.71102e-05 1.11276e-08 6.97476e-10 -2.26744e-05 8.56738e-07 1.30734e-10 -4.02296e-05 1.61539e-05 3.72702e-10 -4.16059e-05 9.6927e-06 0.000128173 0.000102488 -2.26291e-05 9.7128e-06 6.06775e-05 -5.99643e-05 0.000236828 5.39993e-06 -4.02982e-05 0.000235569 1.91545e-05 -4.36259e-05 4.71986e-05 -2.09181e-05 5.42978e-07 5.181e-05 -1.95831e-05 1.12441e-07 8.34631e-05 -1.37401e-05 5.99958e-07 -5.1422e-06 -8.4737e-06 7.99319e-06 2.19235e-06 3.94607e-05 -2.35987e-05 6.06175e-06 -1.89442e-05 -3.24641e-05 8.29524e-05 -8.26447e-05 2.70638e-05 2.52263e-05 5.57988e-05 -5.3135e-05 -3.19887e-06 1.20064e-07 -3.49783e-05 -6.00877e-05 8.16452e-06 -0.000180862 -2.54404e-06 4.47016e-07 4.94355e-07 2.65175e-10 -7.05358e-05 2.60816e-05 -1.54003e-05 -5.06721e-07 1.62152e-05 -9.2613e-06 -1.11032e-06 2.24573e-05 1.70852e-06 -7.70741e-07 3.62062e-06 -2.67605e-05 -0.000128083 5.94541e-06 3.45251e-05 -2.28238e-06 -1.78799e-06 8.59561e-08 -8.65872e-08 2.2396e-10 -2.02293e-05 -3.55139e-05 -2.13352e-06 -4.6529e-06 -2.19083e-05 4.73305e-06 9.79808e-05 -5.41963e-05 -5.24849e-05 9.73289e-05 3.32999e-05 -4.03314e-05 2.2583e-06 3.92593e-05 -3.73502e-05 0.000123306 -3.33443e-05 -4.97625e-06 -1.88353e-05 -9.60646e-07 9.25731e-06 1.7725e-06 8.55864e-06 -6.39501e-06 2.21595e-05 -1.9784e-05 -4.79195e-06 1.27264e-05 4.28227e-05 -5.19715e-05 -4.0957e-05 3.30126e-05 4.35111e-05 6.24754e-05 -6.36605e-05 -0.000214665 -9.36008e-05 0.000142135 -7.24163e-05 0.000143038 -5.49077e-07 2.37242e-06 1.92945e-05 1.0282e-05 4.97456e-06 -6.71173e-06 1.67122e-05 -1.96961e-05 7.27522e-05 -2.64592e-05 -7.93687e-05 -2.54074e-05 -7.48517e-05 5.58937e-05 6.0085e-05 1.20619e-07 -6.56952e-06 -3.03298e-06 -2.7656e-05 6.67267e-05 5.03703e-05 -0.000115088 4.68066e-05 -3.27233e-05 -6.65071e-06 -2.70149e-06 -3.76947e-06 -4.00404e-06 2.69219e-06 -2.78005e-05 -5.99631e-05 -6.90232e-05 0.000923509 -0.000150793 7.43925e-05
 -0.000104469 28.2533 -5.07243 -0.00160779 446.195 -365.341 -0.782107 -0.170493 4.10835 12.8328 0.784326 -16.8978 0.000170973 -3.57368 -0.00298982 7.29253e-05 -2.17414 0.0783582 1.97049e-05 -4.20395 1.68956 4.26058e-05 -4.30521 1.0056 10.136 19.5875 -4.18258 3.38006 14.884 -14.6649 15.7482 -0.462112 0.896435 9.05183 9.13276 -14.597 3.89485 -2.16341 0.0458319 7.78886 -3.03037 -0.0371737 3.70456 -0.070746 -0.0772962 -0.819705 -0.922181 0.877401 -0.872887 2.40463 -1.64398 0.517397 1.11547 -4.80535 1.06662 -0.779457 2.04938 2.90662 4.22635 -4.39203 -0.284278 0.0295757 -6.02753 -1.82119 0.387086 -9.46305 -0.152535 0.0299624 0.0365875 2.77784e-05 -6.42037 2.37753 -1.34897 -0.0442634 1.44386 -0.429356 -0.0379891 0.916964 0.0793899 -0.0907577 0.442104 -3.30446 0.0439517 0.00363257 1.93601 -0.127773 -0.0112078 0.0491213 0.00264007 -0.0521754 0.454682 -1.25022 1.10108 1.83738 -1.41593 0.140963 4.10927 -1.7057 -1.80931 6.36905 1.968 -1.75189 -0.390013 0.977822 -1.67194 3.00573 -0.507686 -0.654608 -1.07146 0.893167 0.171423 -0.234801 -0.683644 -1.37615 0.261421 -0.0304165 -0.402774 -0.0967255 2.48014 -1.00542 -1.72046 -0.766321 -0.601779 2.32938 2.96506 -1.54747 -1.42821 4.06712 -7.71244 2.70965 0.317147 0.349479 -0.0931208 -0.929523 -0.374121 0.129006 -0.0382375 -1.31276 0.927062 0.714925 0.446478 -0.90245 -1.27381 -0.10594 0.134519 -0.247951 0.712063 0.0008513 -3.29837 0.138451 1.90674 -1.79084 0.304431 -0.677335 -0.485537 -0.279064 -0.279869 0.0941834 -0.0845842 -2.26768 -3.74579 -3.9269 78.2856 -15.8687 5.95677
 8.59185e-05 -23.2297 4.17052 0.00132498 -365.341 301.635 0.640846 0.139657 -3.36642 -10.5508 -0.644996 13.8961 -0.000140281 2.93122 0.0024752 -5.98231e-05 1.78225 -0.0642089 -1.62272e-05 3.45101 -1.38694 -3.50303e-05 3.53432 -0.825531 -8.33079 -16.1009 3.43807 -2.78146 -12.2349 12.0549 -12.9435 0.378219 -0.730044 -7.44057 -7.50775 11.9997 -3.20156 1.77532 -0.0375629 -6.39983 2.48804 0.0305591 -3.04548 0.0545073 0.0639354 0.671277 0.75519 -0.718444 0.718375 -1.97625 1.35086 -0.425082 -0.917465 3.94962 -0.876202 0.640166 -1.68483 -2.38881 -3.47447 3.61042 0.233435 -0.0242936 4.95322 1.49778 -0.318233 7.77956 0.125587 -0.0246669 -0.0301173 -2.27999e-05 5.26895 -1.95111 1.10611 0.0362899 -1.18387 0.351972 0.0310489 -0.750432 -0.0657199 0.0743554 -0.36221 2.71692 -0.0378775 -0.00290864 -1.5916 0.105042 0.00936952 -0.040376 -0.0021684 0.0428847 -0.37338 1.02725 -0.904646 -1.50945 1.16343 -0.116122 -3.37739 1.4023 1.48758 -5.23603 -1.61784 1.44033 0.320414 -0.803897 1.37453 -2.47087 0.417408 0.53789 0.880973 -0.733927 -0.141118 0.192877 0.561818 1.13112 -0.214854 0.0254056 0.331016 0.0794091 -2.0386 0.826556 1.41445 0.629725 0.494569 -1.91482 -2.43646 1.27309 1.17435 -3.34361 6.3392 -2.22769 -0.260645 -0.287221 0.0764439 0.763966 0.307517 -0.106134 0.0311793 1.07887 -0.762327 -0.587717 -0.366493 0.741954 1.04742 0.0866191 -0.110909 0.203773 -0.585344 -0.000387719 2.71072 -0.114186 -1.56735 1.47237 -0.25072 0.556721 0.398954 0.229376 0.23005 -0.0773399 0.0694746 1.86397 3.07978 3.22835 -64.3607 13.0612 -4.89538
 1.56249e-06 0.147229 -0.0317407 -9.28703e-06 -0.782107 0.640846 999.82 -0.0841431 0.93747 -0.072053 -0.0201476 0.486587 1.45339e-05 -0.326675 -7.27084e-05 1.02047e-05 -0.293407 0.0112038 -1.57769e-06 -0.363816 0.145963 1.69249e-06 -0.377905 0.0879973 0.184062 0.510087 -0.109803 -0.0348088 0.612356 -0.604643 0.939077 -0.115157 0.425869 0.99049 0.00317991 -0.0622613 -0.056856 -0.117411 0.0033004 0.0568069 -0.109944 0.000497952 0.00805827 -0.329942 0.034242 -0.198619 -0.200775 0.193655 0.171869 -0.19213 -0.423704 0.319648 0.00484597 -1.65241 0.919008 -0.827262 -0.248821 -0.186289 -0.00700388 0.0769641 -0.0797886 0.0068387 -0.534944 0.158535 -0.00589811 0.0868568 -0.0253889 0.00468144 -0.00148882 2.57658e-06 -0.528432 0.195013 -0.221266 -0.00801006 0.262404 -0.216379 -0.0313457 0.596281 -0.0249451 -0.0204322 0.0990632 0.0413379 -0.615673 0.027292 -0.219328 0.0143849 0.158027 0.00306799 -0.000143892 -0.00294838 -0.27332 -0.278018 -0.154393 -0.299158 -0.276802 -0.0413831 0.154133 0.984968 -1.3707 0.458427 0.239527 0.152946 0.498607 -0.23857 -0.190503 0.0323712 0.260124 -0.231308 0.00912752 -0.0388696 -0.02056 -0.0297638 -0.0632983 -0.0234435 -0.081761 -0.161949 0.312002 -0.442528 0.0899761 -0.0551605 0.0604844 -0.0758934 0.0446016 -0.103612 -0.0805958 0.0236183 -0.128355 -0.0232407 0.338325 -0.213632 0.0437559 0.111826 0.142676 -0.649361 0.240938 -0.226916 0.105201 0.21697 -0.302029 -0.0647173 0.00144255 0.302216 -0.124387 0.127669 0.197088 -0.0288417 0.0736927 0.0518969 0.163724 0.0136003 0.431507 0.452024 0.025498 -0.101724 -0.0734919 0.0515412 0.0547113 -0.126683 0.0409 -0.427827 -0.532368 -0.624116 8.68101 5.72076 1.56232
 6.41804e-07 0.063796 -0.0126451 -1.87053e-06 -0.170493 0.139657 -0.0841431 2.95668 -45.4477 -0.0110057 -0.00459323 0.111253 3.27624e-06 -0.0718116 -3.47549e-05 2.46676e-06 -0.0663446 0.00253093 -3.57803e-08 -0.0731766 0.0293436 5.80087e-07 -0.0886331 0.0206715 0.0130529 0.230309 -0.048374 0.00158916 0.168292 -0.166009 0.189407 -0.0317939 0.122413 0.173212 0.0634032 -0.107474 -0.00615178 -0.0261062 0.000572871 0.0172747 -0.0241985 -3.69038e-05 -0.019929 -0.0591439 0.00605735 -0.0423795 -0.0450898 0.0433618 0.0434024 -0.057677 -0.137981 0.103066 0.0370209 -0.437265 0.162167 -0.136122 -0.0603139 -0.0552686 -0.0203604 0.0367359 -0.0179454 0.00195494 -0.191961 0.0800774 -0.00102681 -0.0126386 -0.00626295 0.00115569 -0.000407888 6.66225e-07 -0.120039 0.0442968 -0.0500408 -0.00180686 0.0592151 -0.0555952 -0.00783173 0.147511 -0.00967173 -0.00569879 0.0275819 0.00910664 -0.0173875 0.000609993 -0.0385935 0.00254337 0.0431526 0.00101818 0.000224899 -0.00125241 -0.0673179 -0.0727869 -0.0425004 -0.0671619 -0.0489358 -0.00393882 0.243045 0.0311519 -0.320705 0.106036 0.0646414 0.17076 0.0835671 -0.0425218 -0.147831 -0.0578561 0.0948414 -0.0485592 0.0124562 -0.0155118 -0.0131326 -0.0144403 -0.0243792 -0.00633055 -0.0239806 -0.0864385 0.139276 -0.101012 0.0108087 -0.0329096 0.048754 -0.0248558 0.017941 -0.0327505 -0.00404975 0.01618 -0.0619809 -0.0152362 0.0334228 -0.0467718 0.0194659 0.0393653 0.0391929 -0.10311 0.0257261 -0.0146408 0.0132911 -0.0104909 -0.0704023 0.0238457 0.0550953 0.0668173 0.000546554 0.0227614 0.0115155 -0.0397209 -0.046277 0.107317 -0.00980187 0.0734447 0.15358 0.052124 -0.043855 -0.027103 -0.0152126 0.0112533 0.0159565 -0.0327322 0.0101334 -0.104244 -0.0977108 -0.125214 2.12889 1.38547 0.381224
 -1.65698e-05 -0.911529 0.189858 4.66494e-05 4.10835 -3.36642 0.93747 -45.4477 992.846 0.431229 0.118283 -2.81699 -7.53457e-05 1.66317 0.000354675 -5.52807e-05 1.52134 -0.0583849 2.32376e-06 1.67184 -0.670743 -1.26444e-05 2.00841 -0.468728 -0.270293 -4.80979 1.01067 0.0622768 -3.46298 3.41607 -4.05333 0.743298 -2.88571 -3.72967 -1.21506 2.08268 0.143847 0.64276 -0.015463 -0.414395 0.585935 0.000550406 0.438395 1.42331 -0.147028 1.0037 1.04951 -1.01169 -0.984546 1.23707 2.97736 -2.22152 -0.766446 9.38727 -3.52954 2.9712 1.32195 1.19044 0.466535 -0.813711 0.390479 -0.0423571 4.08756 -1.72999 0.0240517 0.221938 0.138961 -0.025646 0.00922633 -1.56632e-05 2.77136 -1.02401 1.16204 0.0421069 -1.37526 1.23345 0.173159 -3.25963 0.214751 0.124658 -0.603393 -0.285482 0.493685 -0.0182687 0.84696 -0.0557803 -0.957296 -0.021669 -0.00485421 0.0267221 1.4426 1.58636 0.906025 1.434 1.07486 0.0586599 -5.22448 -0.695627 6.89151 -2.22604 -1.34545 -3.68803 -1.79827 0.920228 3.16466 1.24092 -2.0362 1.05647 -0.283672 0.327293 0.28897 0.316672 0.526704 0.136248 0.510312 1.84439 -2.99592 2.17837 -0.227168 0.701927 -1.05645 0.531343 -0.393456 0.705529 0.0872898 -0.355159 1.3262 0.344345 -0.744703 1.01356 -0.420659 -0.848125 -0.845356 2.22157 -0.561544 0.322498 -0.282324 0.227395 1.52694 -0.501896 -1.19111 -1.45268 -0.0181837 -0.486847 -0.248745 0.854028 0.998382 -2.31413 0.209607 -1.57578 -3.30623 -1.12814 0.954109 0.587788 0.331631 -0.244355 -0.345505 0.70402 -0.217335 2.23907 2.0753 2.67332 -45.1662 -30.5625 -8.22899
 -8.27045e-05 20.3052 -3.63962 0.000134629 12.8328 -10.5508 -0.072053 -0.0110057 0.431229 869.602 -8.00116 158.536 0.000103133 -2.29074 0.000404957 6.04612e-05 -1.69023 0.0652106 1.59207e-05 -2.40007 0.965383 1.54357e-05 -2.5833 0.605517 5.53295 7.34114 -1.58506 2.0171 6.48174 -6.39025 8.28843 0.271988 -1.72839 6.32895 4.02864 -6.58096 3.43235 -0.805337 0.00821889 4.06472 -1.34753 -0.0176929 2.1363 1.01019 -0.150826 0.172519 0.143072 -0.150432 0.986112 2.40848 -3.99728 2.02004 -0.350839 -3.82224 2.71823 -2.52063 2.61515 3.3748 0.326759 -1.51344 0.347298 -0.00307953 -6.8798 4.08796 0.182377 -7.10804 0.118061 -0.0222756 -0.0102154 1.80082e-06 -2.53858 0.932793 -0.392668 -0.00881105 0.318648 1.51417 0.207274 -3.59841 -0.169688 -0.256459 1.25102 -0.593413 -3.11421 0.158618 0.210258 -0.0143778 0.483737 0.0135614 -0.0107059 -0.00291702 -0.635246 0.713054 -4.59141 -5.64503 9.69036 12.011 -11.5178 -1.6545 -5.4726 28.2599 7.16076 -11.9548 3.48496 -1.4959 -3.4779 2.34802 8.08371 14.3367 -15.6895 -0.0635094 2.48629 1.30461 -0.401149 -1.01993 -1.12412 2.22548 -5.2401 0.280056 3.29434 -3.62731 0.737349 -0.189689 -1.89613 -0.0934925 -0.481092 1.71922 -5.55618 9.26923 -11.3436 7.20394 -2.26147 -0.915171 1.45877 -5.47795 0.297297 -3.27444 -1.44247 1.16598 0.0500229 -0.0675825 -0.373024 -1.56803 -1.53268 0.929645 -0.0736951 -2.7828 0.0403214 1.31183 -1.44808 0.172273 -2.02706 1.15455 1.67856 -1.50872 -2.9686 -1.02037 -0.949267 0.146127 0.0154525 -1.21743 -1.29455 3.6123 50.0134 -19.4989 2.6667
 -3.9544e-06 1.26083 -0.226355 8.81626e-06 0.784326 -0.644996 -0.0201476 -0.00459323 0.118283 -8.00116 2.59804 -37.1158 7.10364e-06 -0.156552 -8.80608e-06 4.33429e-06 -0.120344 0.00458095 1.08757e-06 -0.174196 0.0699712 1.17607e-06 -0.19092 0.0446354 0.258949 0.776568 -0.164257 0.156818 0.609731 -0.600857 0.490977 -0.0138138 0.0270008 0.22867 0.418975 -0.658557 0.179031 -0.0629764 0.000843765 0.125633 -0.0633353 -0.000719047 0.00338732 0.0615345 -0.00803328 -0.0238683 -0.0171994 0.0161176 -0.0921956 0.0921989 0.00315785 -0.0223741 0.0444644 -0.339174 0.0321095 -0.010283 0.0841152 0.0355889 0.119662 -0.10835 -0.009775 0.001115 -0.294301 0.0883765 0.0068536 -0.234022 0.00899595 -0.00165812 -0.000780439 4.42192e-07 -0.179074 0.0658522 -0.0465153 -0.00142719 0.0481078 0.0921451 0.0125744 -0.227967 -0.000668379 -0.00478985 0.0231624 -0.083078 0.290575 -0.013594 0.0408047 -0.00281061 0.0239411 0.00239241 0.00038023 -0.00279395 -0.0430063 -0.1732 -0.249033 -0.0164796 0.800296 0.821698 -0.541588 -0.0501802 -0.330938 0.627298 0.0989922 -0.176752 0.364201 0.0628176 -0.414307 -0.263967 0.0890008 0.434004 -0.191266 -0.0232418 -0.0236013 0.00215811 -0.0382159 -0.0500697 -0.0769416 0.05341 -0.139625 -0.0499917 0.114402 -0.0975933 0.00110272 -0.0287577 -0.0520141 -0.013467 0.048739 0.0175924 -0.141314 0.321289 -0.316577 0.0510244 -0.0018187 -0.031938 0.0621561 -0.241761 0.0425174 -0.051174 -0.0200929 -0.00639935 -0.050663 0.0374167 -0.0171919 -0.0662019 -0.044517 -0.00330396 0.0378575 -0.0682811 0.0238287 0.0477884 -0.0959328 0.0236344 0.0782809 0.0240892 -0.01274 -0.0196927 -0.0310239 -0.0107983 -0.0105663 -0.0137367 0.00397405 -0.118442 -0.16946 -0.197212 3.66409 -0.205425 0.343565
 8.40152e-05 -27.2593 4.89387 -0.000188761 -16.8978 13.8961 0.486587 0.111253 -2.81699 158.536 -37.1158 801.138 -0.000158687 3.50728 -0.000140025 -9.62854e-05 2.70881 -0.103463 -2.27783e-05 3.90247 -1.56788 -2.4807e-05 4.25659 -0.995442 -5.66292 -16.6513 3.52336 -3.35062 -13.076 12.8858 -10.7832 0.35826 -0.823516 -5.06993 -8.92454 14.0394 -3.91612 1.46666 -0.022078 -2.79004 1.4598 0.0153164 -0.0907148 -1.18784 0.158188 0.603192 0.435308 -0.412184 1.98319 -2.03909 0.135557 0.362162 -0.87801 7.31578 -0.785355 0.316446 -1.88049 -0.867257 -2.53487 2.3376 0.199114 -0.0237881 6.52804 -2.00084 -0.15329 5.24672 -0.205562 0.0379265 0.0189922 -1.00063e-05 4.022 -1.48004 1.0729 0.0332518 -1.11542 -2.08999 -0.28304 5.13238 -0.000706083 0.0958471 -0.463932 1.91954 -6.00795 0.280739 -0.875626 0.0602838 -0.505241 -0.0510657 -0.00772558 0.0592444 0.932265 3.76257 5.35747 0.339192 -17.1028 -17.6359 11.7996 1.12509 7.26274 -14.4376 -2.22593 4.1631 -7.86349 -1.28875 8.91634 5.53246 -2.15556 -9.70326 4.57367 0.492604 0.419884 -0.0921567 0.825159 1.10083 1.66793 -1.21863 3.14291 1.05071 -2.53597 2.18791 -0.0510245 0.613945 1.16446 0.282115 -1.02165 -0.428995 3.18099 -7.13324 7.09015 -1.31654 0.106386 0.704966 -1.37094 5.30902 -0.92046 1.18737 0.472465 0.100816 1.07965 -0.794038 0.368394 1.44663 0.989617 0.0410436 -0.803957 1.53547 -0.508816 -1.06242 2.08245 -0.509839 -1.60387 -0.551565 0.218651 0.463091 0.748986 0.259784 0.251941 0.287216 -0.0849882 2.55158 3.62426 4.05823 -79.3229 4.96791 -7.37467
 -3.83992e-10 5.84846e-06 -2.00748e-07 1.77105e-09 0.000170973 -0.000140281 1.45339e-05 3.27624e-06 -7.53457e-05 0.000103133 7.10364e-06 -0.000158687 1000 7.52069e-05 -6.36988e-06 -9.99798e-10 4.28356e-05 -1.3471e-06 2.76856e-10 3.48481e-05 -1.3892e-05 8.84352e-11 4.14419e-05 -9.50661e-06 -0.000258643 -0.000503358 0.000108345 -2.00543e-05 -0.00016685 0.000164462 -7.48362e-05 2.06273e-05 -8.18701e-05 -0.000120651 4.58464e-05 -6.36368e-05 9.47027e-05 1.92852e-05 -2.81311e-07 -0.000335174 0.00013482 2.26384e-06 -4.12453e-05 0.000133166 -1.29314e-05 3.37677e-05 3.79594e-05 -3.66568e-05 0.000104912 -7.66803e-05 -0.000188789 0.000140267 2.40737e-05 5.77767e-05 -3.56026e-05 3.27831e-05 8.57908e-05 -5.22007e-05 -3.02869e-05 4.0813e-05 1.46675e-06 -1.98048e-07 3.75718e-05 4.19185e-06 1.02251e-06 -3.20584e-05 9.96233e-07 -1.95837e-07 -2.55111e-07 -1.97493e-10 6.11514e-05 -2.23629e-05 1.76407e-05 6.02262e-07 -1.91723e-05 3.02185e-05 4.61093e-06 -8.95602e-05 4.24248e-06 3.18843e-06 -1.60614e-05 -5.44983e-05 0.00020759 -9.08325e-06 1.98192e-06 -7.19754e-08 -5.3389e-07 -7.47114e-07 2.59073e-08 7.27454e-07 -5.29366e-05 -5.73377e-05 5.71202e-06 5.07866e-05 1.40773e-05 -1.18447e-05 1.98111e-05 2.298e-05 -8.35415e-05 -0.000104411 -3.69257e-05 0.000151496 0.000145173 -4.25995e-05 -5.58193e-05 7.79381e-05 5.86675e-05 8.67228e-05 4.24795e-05 -6.52971e-06 -9.70631e-05 -2.11617e-05 6.27892e-05 5.43279e-05 -2.29921e-05 -2.54723e-05 -9.00476e-05 3.39051e-05 2.8238e-05 1.26585e-05 1.35453e-05 1.54999e-05 -2.14156e-05 3.58961e-06 -9.60296e-06 -2.94777e-05 -3.31007e-05 -2.08715e-05 -3.05437e-05 -3.4722e-05 -1.65644e-05 -3.06017e-06 9.52155e-06 3.01216e-05 2.26764e-05 1.57558e-05 1.28569e-05 1.12788e-06 -3.07883e-05 -3.53836e-05 -1.73488e-05 9.84917e-06 1.66489e-05 -1.11392e-06 -3.38148e-05 4.34491e-07 -3.3669e-06 -1.131e-06 1.41436e-06 -3.92757e-06 -9.48139e-07 1.821e-05 3.18605e-05 -1.51666e-05 -3.27797e-06 -9.90328e-06 -6.54225e-06 -4.64379e-06 7.79188e-06 3.46912e-05 4.8714e-05 5.03962e-05 -0.000787718 -0.000344844 -0.000120704
 2.56998e-07 0.575491 -0.123569 -3.71102e-05 -3.57368 2.93122 -0.326675 -0.0718116 1.66317 -2.29074 -0.156552 3.50728 7.52069e-05 997.964 -2.69956 1.67354e-05 -1.03202 0.0329763 -1.13028e-05 -0.751438 0.298888 -8.90943e-06 -0.864106 0.197033 8.43389 13.2309 -2.87081 0.565336 4.54545 -4.4815 2.72913 -0.47666 1.82117 4.64737 -0.477551 0.461744 -3.20289 -0.508044 0.00897074 7.66374 -3.4027 -0.0557067 1.38841 -4.233 0.412718 -0.898182 -1.02571 0.990084 -2.41044 2.73339 4.2195 -3.37899 -1.17679 -0.709727 1.62394 -1.6233 -2.67302 2.12462 0.859786 -1.38219 -0.0622777 0.00714274 -0.621893 0.084771 -0.0215722 0.602185 -0.0340542 0.00666961 0.0095419 1.86138e-06 -1.3754 0.501171 -0.363001 -0.0120714 0.383778 -0.823147 -0.122351 2.37464 -0.0651755 -0.0532158 0.272239 1.96413 -9.11646 0.422197 -0.0305826 5.38298e-05 -0.0682563 0.0189766 -0.000314408 -0.018815 1.88414 1.46298 -0.00792505 -0.759839 0.437317 0.990507 -0.0777999 -0.304003 1.80789 2.01198 0.80388 -2.93668 -4.07994 0.540502 3.07579 -1.36939 -1.61816 -2.3693 -0.530908 0.558619 2.05542 0.466306 -1.54878 -1.82061 1.07869 1.25338 2.35216 -0.746346 -0.720339 -0.0907445 -0.0879164 -0.155683 0.619859 0.229186 0.475604 0.810153 0.799279 0.398413 0.742989 0.82513 0.292902 -0.12656 -0.525223 -0.903949 -0.541342 -0.473724 -0.500737 -0.300155 0.254748 0.229969 -0.0252864 -0.163811 -0.167355 0.0151401 0.532648 -0.191827 -0.157477 -0.312294 -0.201969 -0.0620709 -0.164421 -0.949247 -1.51804 -0.250196 -0.206252 0.00883013 -0.0478807 0.368452 -0.278347 -0.704682 -1.07436 -1.09618 16.3746 6.47503 2.42534
 1.51702e-07 -0.0203517 0.0037008 1.11276e-08 -0.00298982 0.0024752 -7.27084e-05 -3.47549e-05 0.000354675 0.000404957 -8.80608e-06 -0.000140025 -6.36988e-06 -2.69956 0.824637 2.54385e-07 -0.00589711 0.000277321 1.43058e-08 -0.00243999 0.00100342 3.99313e-08 -0.00352809 0.000856126 -0.0340507 -0.0556329 0.0120097 -0.00594668 -0.0249161 0.0245574 -0.0131571 -0.000251402 0.00198453 -0.0187162 -0.0050631 0.00890269 0.00194703 -0.00178686 0.000140124 -0.0351698 0.00862539 0.000249279 -0.0109006 0.00553851 -0.000348168 -0.000217013 -0.000984384 0.000976285 0.0042953 -0.0110194 -0.0180962 0.0143754 0.00223553 0.000812217 -0.00683682 0.00697111 0.0048317 -0.00851692 -0.00591783 0.00759034 4.72917e-06 -1.18675e-05 0.0027935 -6.7554e-05 -6.35052e-06 2.48255e-05 0.00026308 -5.03688e-05 -4.09747e-05 4.93018e-08 -0.00370564 0.00144629 -0.000508272 -1.46763e-05 0.000458873 0.00118334 0.000129582 -0.00278453 -0.000193729 -0.000247863 0.00113157 -0.00515592 0.0324278 -0.00149648 -0.000495396 3.91311e-05 -0.000101721 -7.44329e-05 1.8072e-06 7.32237e-05 -0.00669833 -0.0027897 -0.00149429 -0.000161896 -0.00073011 -0.0010671 0.000731361 0.000413572 -0.00549417 -0.00873412 -0.00299536 0.0104966 0.0136026 -0.0019364 -0.0105597 0.00414484 0.00508153 0.00770308 0.0020189 -0.00223496 -0.00716418 -0.0014932 0.00566301 0.00642387 -0.00392584 -0.00445077 -0.00802136 0.00260885 0.00226405 7.33452e-05 0.00029877 0.000344284 -0.00199745 -0.000974924 -0.00182326 -0.00266646 -0.00253546 -0.00177364 -0.00182704 -0.00311789 -0.000927591 0.000570331 0.0020189 0.0033621 0.00200929 0.00157299 0.00151639 0.000711984 -0.00115146 -0.000883022 0.000699269 0.00104127 0.000936601 -0.000162217 -0.00175096 0.000838414 0.000499872 0.00160132 0.000800007 0.000370048 0.000691948 0.00342384 0.00496454 0.0009083 0.000708724 0.000106201 0.000322815 -0.00138878 0.000989355 0.00255031 0.00473535 0.00441939 -0.0777814 0.00317339 -0.00742921
 -7.86846e-10 1.42365e-05 -2.17958e-06 6.97476e-10 7.29253e-05 -5.98231e-05 1.02047e-05 2.46676e-06 -5.52807e-05 6.04612e-05 4.33429e-06 -9.62854e-05 -9.99798e-10 1.67354e-05 2.54385e-07 1000 2.58e-05 -3.74751e-06 -3.65479e-10 2.4072e-05 -9.60452e-06 -5.70613e-10 3.15211e-05 -7.27027e-06 3.14467e-05 -2.22716e-05 4.19547e-06 -9.31669e-06 -6.23244e-05 6.13928e-05 1.30312e-05 1.15712e-05 -5.05428e-05 5.73543e-05 -2.35975e-06 -9.72777e-08 -2.6384e-05 7.03123e-06 -1.12562e-07 -0.000118311 3.20558e-05 5.65039e-07 -1.89155e-05 2.18415e-06 3.45462e-07 1.0676e-05 1.25688e-05 -1.20058e-05 6.96074e-05 -2.67016e-05 -0.000133928 9.28488e-05 -2.62202e-05 8.54112e-05 9.70492e-06 -1.58842e-05 1.26833e-05 1.52007e-05 -2.13968e-05 1.12082e-05 8.50885e-06 -5.7918e-07 3.1044e-05 6.60472e-06 1.52478e-07 -8.70087e-06 -9.84629e-07 1.77613e-07 2.96657e-07 -3.74706e-10 3.80488e-05 -1.39988e-05 1.35452e-05 5.03001e-07 -1.62125e-05 7.69187e-06 1.54542e-06 -3.06112e-05 5.82807e-06 5.46151e-06 -2.69433e-05 3.17822e-05 -0.000402718 1.99134e-05 1.41828e-05 -9.29761e-07 -7.55954e-06 -5.10274e-07 5.01181e-08 4.64099e-07 -1.29427e-05 -8.00061e-05 3.13927e-06 9.23151e-05 0.000115543 8.74875e-05 4.841e-05 2.83024e-05 -9.23538e-05 -0.000220012 -6.47884e-05 0.000199476 -2.04227e-05 0.000145323 -2.55135e-05 1.39474e-05 0.000107013 -1.83908e-05 5.66334e-05 -1.51555e-05 -2.11383e-05 -2.20024e-05 -1.90123e-05 6.34886e-07 1.12022e-05 5.68302e-05 -1.43816e-05 2.95062e-06 -4.29968e-05 -1.04875e-09 4.56556e-06 1.39902e-05 -7.16924e-06 3.77921e-06 -1.18133e-05 -1.10016e-05 -1.1286e-05 -1.54399e-05 -3.42113e-05 -9.82421e-06 -9.9695e-06 -5.7503e-06 -4.24473e-06 9.99333e-06 4.83196e-06 -1.05766e-05 -1.36985e-05 -1.54402e-05 -1.67465e-05 -2.91532e-05 -3.52416e-05 -2.08719e-06 8.45574e-07 -9.38895e-06 2.37671e-06 7.37622e-06 -1.09196e-05 2.46863e-05 1.508e-06 -1.78159e-05 -1.20362e-05 -1.99397e-05 -1.1043e-05 -2.31736e-05 -6.30735e-06 -1.06585e-05 -9.47828e-06 1.28091e-05 1.67271e-06 2.88378e-05 4.12777e-05 3.71629e-05 -0.00057107 -0.000405188 -0.00010627
 8.74969e-06 0.1589 -0.0429613 -2.26744e-05 -2.17414 1.78225 -0.293407 -0.0663446 1.52134 -1.69023 -0.120344 2.70881 4.28356e-05 -1.03202 -0.00589711 2.58e-05 997.478 -41.0508 -8.53821e-07 -0.680302 0.271415 2.36779e-06 -0.81164 0.186938 3.24941 3.92845 -0.865447 0.275917 2.51796 -2.48397 1.63367 -0.297297 1.14738 2.38464 0.144073 -0.359911 -0.919297 -0.304624 0.00631071 3.41991 -1.43905 -0.023496 1.29349 -1.97922 0.180324 -0.51026 -0.58081 0.557874 -1.20436 2.08336 1.99008 -1.78184 -0.273245 -1.2421 1.01249 -0.953319 -1.45414 1.23372 0.797199 -1.03976 -0.235501 0.0196387 -1.09818 0.304118 -0.00952834 0.138293 -0.0128693 0.00257916 -0.000557133 6.53961e-06 -1.07797 0.395097 -0.372534 -0.0134945 0.434043 -0.500518 -0.0777103 1.52172 -0.152564 -0.115085 0.57141 0.237905 1.72443 -0.0888301 -0.210955 0.0125913 0.143036 0.0199396 -0.00131758 -0.0187781 1.25456 2.23954 0.196286 -1.51874 -1.4811 -0.821367 -0.809322 0.170379 1.89651 3.9542 1.16486 -4.80508 -2.27141 -0.67917 3.05815 1.03845 -3.65876 -3.65436 2.2428 -0.0660155 0.76789 0.381671 0.122847 -0.169478 -0.502545 0.555255 0.430803 -0.0120808 0.449917 0.385636 0.165556 -0.0449 0.354144 0.152044 0.657912 0.584162 0.523128 0.360474 0.862244 0.451539 0.379863 0.3756 -0.0637808 -1.21515 -0.323067 -0.031033 0.0437219 0.0717442 0.18127 0.09283 0.302378 0.033751 0.22594 -0.403252 -0.0924168 -0.0344369 0.120994 -0.56043 -0.968947 0.139714 0.000744791 -0.392456 -0.792431 -0.597429 -0.328213 -0.0708118 -0.017992 0.0676407 -0.184717 -0.725249 -0.916898 -0.943855 15.32 8.86777 2.60926
 -2.2092e-07 -0.0213179 0.00441583 8.56738e-07 0.0783582 -0.0642089 0.0112038 0.00253093 -0.0583849 0.0652106 0.00458095 -0.103463 -1.3471e-06 0.0329763 0.000277321 -3.74751e-06 -41.0508 2.5591 2.62902e-08 0.0244692 -0.00974031 -8.74804e-08 0.0293046 -0.00672212 -0.13886 -0.171645 0.037745 -0.0149448 -0.112013 0.110495 -0.0709102 0.0109737 -0.041639 -0.10153 -0.0108734 0.0226286 0.0352004 0.0107956 -0.000174265 -0.146564 0.0582743 0.00101335 -0.0572236 0.076895 -0.00685216 0.018669 0.0209673 -0.0200912 0.0488739 -0.0882989 -0.0857318 0.0764369 0.0106078 0.0517701 -0.0424519 0.0399938 0.0578255 -0.0523486 -0.0355733 0.045563 0.00968955 -0.000811682 0.0467068 -0.0125052 0.00033793 -0.00423937 0.000606202 -0.000120821 2.82274e-05 -2.09601e-07 0.0391724 -0.0142998 0.0140079 0.000509122 -0.0164171 0.0198923 0.00303827 -0.0597512 0.00560316 0.00424378 -0.0211549 -0.0102964 -0.0736369 0.00378144 0.0083396 -0.000494861 -0.00607435 -0.000845667 5.55928e-05 0.000796697 -0.0525905 -0.0928322 -0.0106553 0.062179 0.0638926 0.0362563 0.0338776 -0.00756339 -0.0785136 -0.167792 -0.0505619 0.201887 0.0951787 0.0280443 -0.128065 -0.0437147 0.153274 0.153288 -0.0939708 0.00277727 -0.0324233 -0.0159932 -0.0049212 0.00724232 0.0211347 -0.0232805 -0.0180524 0.000446996 -0.0189656 -0.0161689 -0.00674244 0.00189618 -0.0146452 -0.00644773 -0.0276263 -0.0243398 -0.0217385 -0.0154906 -0.0355306 -0.01912 -0.0158476 -0.0156497 0.00282735 0.0511754 0.0137324 0.00129265 -0.00193345 -0.00317182 -0.00781219 -0.00406292 -0.0122529 -0.00100957 -0.00912056 0.0167977 0.00383428 0.001525 -0.00514006 0.0238197 0.0405986 -0.00579343 3.48121e-05 0.0166158 0.0330136 0.0250581 0.0137404 0.00307721 0.000881236 -0.00288821 0.00774898 0.0305699 0.0394442 0.0402886 -0.662927 -0.349109 -0.108732
 -8.94929e-10 3.63759e-05 -6.63039e-06 1.30734e-10 1.97049e-05 -1.62272e-05 -1.57769e-06 -3.57803e-08 2.32376e-06 1.59207e-05 1.08757e-06 -2.27783e-05 2.76856e-10 -1.13028e-05 1.43058e-08 -3.65479e-10 -8.53821e-07 2.62902e-08 1000 -1.21434e-05 6.09579e-06 -4.10914e-10 1.62213e-06 -4.20923e-07 7.92329e-05 -5.53063e-06 -4.69489e-08 3.47666e-06 4.13826e-05 -4.08548e-05 6.35269e-05 3.68078e-06 -2.03173e-05 0.000131273 -4.28188e-05 5.7909e-05 -3.6348e-05 -8.56034e-07 1.01584e-07 -2.54889e-05 -2.77695e-06 -4.23256e-08 6.54123e-06 -3.71211e-05 3.90115e-06 -5.04746e-06 -4.61243e-06 4.47184e-06 2.65285e-05 1.00639e-05 -4.0838e-05 2.38822e-05 -3.0063e-05 2.51156e-05 5.23927e-05 -5.52763e-05 -2.28141e-05 3.07897e-05 1.90976e-06 -1.20383e-05 1.25719e-06 9.71988e-08 -8.17115e-06 6.02626e-06 -3.16187e-08 -1.6305e-06 -1.37991e-06 2.50673e-07 1.64651e-07 -1.47665e-10 -2.3599e-06 8.03125e-07 -1.38443e-06 -2.88489e-08 6.50007e-07 -5.1348e-06 -5.33379e-07 1.05799e-05 7.21815e-07 1.37645e-06 -6.53281e-06 2.06358e-05 -0.000285315 1.38382e-05 5.03219e-06 -3.45062e-07 4.37865e-07 -2.76734e-07 -9.96777e-08 3.79182e-07 1.55793e-05 1.50723e-05 -1.23994e-05 -5.37853e-05 -2.33575e-05 1.63963e-05 -0.000107287 0.000370926 -0.000111293 -0.000111401 -4.09182e-05 -3.67385e-05 -9.49347e-05 0.000104219 2.9047e-05 2.49906e-06 7.78369e-05 5.08046e-07 -2.7747e-05 3.83729e-06 4.23065e-05 -9.00312e-06 -1.13142e-05 -4.43496e-06 2.83125e-07 9.50133e-06 1.32852e-05 -9.48834e-06 1.14091e-05 7.80699e-06 1.23729e-05 1.4646e-05 6.71232e-06 1.09141e-05 -9.7801e-06 -2.00579e-06 5.3978e-06 -4.38304e-06 1.23211e-05 -5.002e-06 1.13435e-05 2.14591e-07 -2.95304e-06 -9.56637e-06 -3.90222e-06 -1.06695e-05 -4.40738e-07 9.55778e-06 -6.57885e-07 -3.60795e-05 -3.15326e-05 1.74341e-05 9.08018e-06 -1.27069e-05 7.19955e-06 1.55175e-05 -9.35364e-06 3.45944e-05 -1.02919e-05 1.27083e-06 -7.6495e-06 -2.35904e-05 -1.97292e-05 -2.18089e-05 -6.46378e-06 -4.04572e-06 -2.53464e-06 7.42775e-06 -2.16402e-06 8.38437e-07 5.90524e-06 -2.7993e-06 -2.8204e-06 -3.07836e-05 -4.01316e-06
 -6.07709e-06 -0.92194 0.149096 -4.02296e-05 -4.20395 3.45101 -0.363816 -0.0731766 1.67184 -2.40007 -0.174196 3.90247 3.48481e-05 -0.751438 -0.00243999 2.4072e-05 -0.680302 0.0244692 -1.21434e-05 857.241 -345.707 6.15299e-06 -1.49626 0.350858 -0.642691 4.28118 -0.884921 -0.296889 -0.0933825 0.0905733 -0.00790031 -0.505123 2.15006 0.22031 2.00637 -3.09654 0.192778 -0.286244 0.00446837 1.58432 -0.597011 -0.00538544 -0.336434 -0.247226 0.0235206 -0.403956 -0.382914 0.369296 -0.139856 -0.618068 0.353431 -0.0799991 0.944483 -2.97959 -0.487079 0.702559 -0.320591 -1.05314 -0.025678 0.39534 -0.199702 0.0204407 -2.36007 -0.511936 0.033084 -0.540951 -0.0521972 0.00976399 -0.00320963 5.73066e-06 -1.27025 0.472431 -0.586341 -0.0220734 0.716631 -0.553164 -0.075806 1.4261 -0.156402 -0.0747293 0.366444 -1.51141 2.48517 -0.112662 -0.231308 0.0164661 0.426348 0.029635 -0.0085186 -0.0213185 -0.282652 -1.52166 1.55127 4.41208 0.0617102 -1.36315 -29.3281 11.6892 -0.583678 1.76083 0.597563 3.1088 -5.49717 1.0499 2.17675 -0.884741 0.19849 -1.09153 -0.0957585 -0.00689152 1.2065 0.234901 0.140295 0.589514 0.887224 0.324491 0.00213646 -0.570261 0.868631 -0.119907 0.113995 -0.0538418 0.604718 1.25131 -0.244613 0.223062 0.425542 0.121293 1.00748 -0.677005 0.218552 0.287829 0.561241 -0.226576 0.328299 0.729788 0.77575 0.664717 0.542944 1.08233 0.750742 -0.368059 0.0498715 -0.75944 -0.0311367 0.220058 -0.0712971 1.81473 -0.345255 0.517346 1.02068 0.470628 0.142942 -0.761438 -0.251265 0.0818393 0.273158 -0.582967 0.0794138 -0.890894 -0.562332 -0.895416 19.4842 10.0185 3.1668
 2.54779e-06 0.357511 -0.057558 1.61539e-05 1.68956 -1.38694 0.145963 0.0293436 -0.670743 0.965383 0.0699712 -1.56788 -1.3892e-05 0.298888 0.00100342 -9.60452e-06 0.271415 -0.00974031 6.09579e-06 -345.707 140.919 -2.52528e-06 0.602815 -0.141348 0.25916 -1.73635 0.358914 0.118309 0.0327359 -0.0316743 0.00137493 0.203012 -0.86404 -0.0900485 -0.815846 1.25919 -0.0784344 0.113592 -0.00172137 -0.6394 0.239812 0.00218339 0.135956 0.0960854 -0.00908092 0.161193 0.152849 -0.147362 0.0566448 0.250424 -0.14334 0.0325044 -0.381855 1.20584 0.198136 -0.28536 0.12865 0.425901 0.00921677 -0.158942 0.080577 -0.00825568 0.955311 0.207592 -0.013455 0.22054 0.0211067 -0.00394829 0.00126189 -2.27948e-06 0.510654 -0.189905 0.235602 0.00886682 -0.287949 0.222771 0.0305459 -0.574702 0.0621223 0.0298718 -0.146476 0.613482 -1.00603 0.0455997 0.0931084 -0.00663169 -0.171248 -0.0119935 0.00344884 0.0086264 0.114461 0.616619 -0.626914 -1.78638 -0.0285716 0.557609 11.8704 -4.73506 0.237799 -0.711521 -0.243826 -1.25712 2.22425 -0.425495 -0.880449 0.357866 -0.0808871 0.441284 0.0392494 0.00284948 -0.488561 -0.0950976 -0.056724 -0.238468 -0.358805 -0.131051 -0.000921462 0.230631 -0.351648 0.0485302 -0.0459196 0.0217407 -0.244465 -0.506322 0.098993 -0.0900159 -0.171994 -0.0495812 -0.407128 0.273674 -0.0885238 -0.116498 -0.227059 0.0917338 -0.13275 -0.295416 -0.31406 -0.269182 -0.219926 -0.438068 -0.303418 0.149004 -0.0200398 0.30694 0.0123879 -0.0891754 0.0285926 -0.733943 0.139469 -0.20946 -0.412968 -0.190356 -0.058235 0.307876 0.10143 -0.0331376 -0.110523 0.235838 -0.0321501 0.360572 0.228634 0.36316 -7.90522 -4.02693 -1.28029
 -6.80094e-10 4.38664e-05 -7.89637e-06 3.72702e-10 4.26058e-05 -3.50303e-05 1.69249e-06 5.80087e-07 -1.26444e-05 1.54357e-05 1.17607e-06 -2.4807e-05 8.84352e-11 -8.90943e-06 3.99313e-08 -5.70613e-10 2.36779e-06 -8.74804e-08 -4.10914e-10 6.15299e-06 -2.52528e-06 1000 1.2588e-05 -2.25979e-06 0.000123526 -8.94797e-05 1.67773e-05 8.3785e-06 5.00987e-05 -4.94882e-05 6.97244e-05 6.44388e-06 -3.12838e-05 0.000160085 -2.79766e-07 -9.33247e-06 -4.75102e-05 -3.65294e-07 1.8497e-07 -4.26524e-05 -7.84783e-07 2.75472e-08 1.84631e-05 -4.95091e-05 4.84436e-06 -3.4897e-06 -4.3132e-06 4.1574e-06 9.43242e-06 4.93988e-05 -1.11442e-05 -4.74502e-06 -4.82714e-05 3.4312e-05 8.63826e-05 -9.08367e-05 -2.71289e-05 5.14459e-05 4.11463e-06 -2.09769e-05 1.02797e-06 3.49584e-08 7.91774e-06 6.55184e-06 2.42634e-08 -3.44833e-06 -9.60803e-07 1.84736e-07 2.29829e-07 -2.00094e-10 9.19411e-06 -3.55192e-06 3.13458e-06 1.3284e-07 -4.3243e-06 -4.19293e-06 -3.42795e-07 7.12624e-06 2.08673e-06 1.94521e-06 -9.34822e-06 3.56288e-05 -0.000306083 1.49476e-05 2.17361e-06 -1.84281e-07 -3.33752e-06 -2.30572e-07 -6.3993e-08 2.96793e-07 2.56804e-05 4.50458e-06 4.92931e-06 1.74107e-05 4.33043e-05 4.77996e-05 2.67923e-05 0.000105847 -3.90923e-05 -9.48333e-05 -3.17015e-05 -2.13742e-05 -4.37982e-05 7.06403e-05 8.67842e-05 -2.41252e-05 3.14436e-05 -5.5721e-05 0.000110564 -1.7112e-05 9.33878e-06 6.06466e-06 3.31272e-06 -3.02489e-07 5.34312e-06 3.92979e-05 1.14186e-05 9.29554e-06 -1.38109e-05 2.70355e-05 5.22836e-07 8.63596e-06 2.00043e-06 1.34899e-05 9.37092e-06 8.87937e-06 6.38761e-06 -9.53291e-06 4.81313e-06 -2.5742e-06 -8.89451e-07 -1.143e-05 -1.97497e-05 -9.32962e-06 -1.43414e-06 -1.202e-05 2.70763e-06 1.44051e-06 -1.79037e-05 -7.65772e-05 -4.15642e-05 2.44156e-05 2.20859e-06 -8.66664e-06 -5.75354e-06 3.816e-06 -1.38517e-05 -6.77391e-06 -7.3775e-07 -1.91641e-05 -2.14859e-05 -3.78417e-05 -4.48482e-05 -3.12953e-05 -1.57572e-05 -1.29562e-05 -1.18242e-05 1.54869e-05 -4.16288e-06 8.57257e-06 6.12179e-06 5.53538e-06 -0.000162551 -0.000132508 -3.23512e-05
 1.83059e-05 -1.52303 0.258722 -4.16059e-05 -4.30521 3.53432 -0.377905 -0.0886331 2.00841 -2.5833 -0.19092 4.25659 4.14419e-05 -0.864106 -0.00352809 3.15211e-05 -0.81164 0.0293046 1.62213e-06 -1.49626 0.602815 1.2588e-05 945.953 -222.655 -0.70196 10.1915 -2.11046 -0.068687 0.747204 -0.734896 -2.49031 -0.753949 3.36219 -2.44593 1.19356 -1.68471 0.493031 -0.348702 0.00167039 2.36586 -0.799847 -0.0110737 -1.85099 0.640508 -0.0469272 -0.404427 -0.399944 0.386271 -0.378475 -1.37884 0.200844 0.202409 1.60988 -4.46581 -1.66126 2.00586 0.0101179 -2.16987 -0.256076 0.967147 -0.187412 0.0166662 -1.8733 -0.0386404 -0.0141259 0.42288 -0.0311067 0.00555287 -0.00546366 9.68574e-06 -1.35573 0.506294 -0.540993 -0.0207021 0.669346 -0.4429 -0.0688828 1.28536 -0.174304 -0.107712 0.528209 -0.959617 2.89397 -0.141921 -0.15847 0.0125112 0.370302 0.0276005 -0.00475524 -0.0230481 -0.75681 -0.113037 0.00155495 -0.463029 -1.43311 -1.2085 -8.02546 2.21373 0.0599121 3.25578 1.17642 1.84864 -5.67506 -1.42184 4.00882 -0.338792 -1.88048 -6.48957 1.22795 0.536391 -0.789948 -0.701199 -0.625546 0.165855 -0.170638 -0.93735 -1.11458 0.163559 1.06573 -0.588163 -0.147937 -0.33502 0.125384 -0.42456 0.00179124 0.170276 0.0710042 0.229577 0.402778 0.114733 0.281807 0.745479 1.13322 0.730166 0.508045 0.459935 0.390821 0.448101 0.490822 1.92894 1.34249 -0.430134 0.0634839 -0.00276813 0.455454 0.424044 0.36584 1.25356 0.195541 0.658537 2.11607 1.6047 0.767675 -0.229242 0.171406 0.40266 0.524783 -0.858382 0.131673 -1.01278 -0.810084 -1.05519 21.68 12.0262 3.63048
