 1000 0.00267027 -0.000565005 -9.40712e-10 -0.000132248 0.000106416 -2.30966e-06 -2.14154e-07 2.05583e-06 -7.61721e-05 -4.37025e-06 0.000100361 3.0653e-10 -1.4578e-05 1.90154e-07 -2.47473e-10 -6.37194e-06 4.6377e-07 -9.19803e-10 -1.83114e-05 8.1121e-06 -6.40388e-10 8.04392e-06 -1.56237e-06 2.03413e-05 -0.000308662 7.81009e-05 -5.46255e-05 -0.000208027 0.000234719 -3.60894e-06 -1.07385e-06 3.39622e-06 9.44539e-05 -9.20394e-05 0.000142406 -7.48524e-05 -6.29638e-06 9.76758e-07 -0.000132262 1.36919e-05 1.26827e-06 -1.63102e-05 -8.38666e-05 1.14655e-05 -4.33087e-06 -1.05003e-05 1.68036e-05 7.37298e-05 -5.93843e-05 -0.000279853 0.000227675 -6.86537e-05 7.76532e-05 0.000110918 -0.000138341 -5.2823e-05 1.52097e-05 -5.27998e-05 5.37272e-05 -4.38184e-06 3.93112e-07 2.30576e-05 3.07616e-06 -2.4972e-07 6.59793e-06 -4.65387e-06 1.36049e-06 8.25542e-07 -1.12072e-10 -4.31056e-06 1.63113e-06 3.50181e-06 1.15816e-07 -4.60537e-06 1.00357e-05 8.18938e-07 -2.11075e-05 2.01518e-06 1.41032e-06 -1.23085e-05 -9.17762e-06 -0.000355261 2.84482e-05 7.67524e-06 -9.21423e-07 -9.42502e-06 -1.74366e-06 -7.73958e-07 2.53788e-06 8.70634e-06 -0.000109131 -0.000158366 -0.000215623 -0.000101017 -3.69842e-06 0.000168107 0.000430574 -0.000237396 -0.00010318 -7.41285e-05 6.13337e-05 -6.22436e-05 3.97871e-06 8.91657e-05 0.000117868 5.22446e-05 -6.44038e-05 -0.000157311 0.000228499 -0.000131866 2.15245e-05 -2.24914e-05 -1.02969e-05 1.43357e-05 4.08781e-05 1.23174e-05 -2.41856e-05 4.57091e-05 -4.01025e-05 1.31378e-05 -5.67056e-06 -5.3292e-06 1.2621e-05 9.82308e-06 -7.59776e-06 -1.28109e-05 0.00015471 -0.000113346 8.01902e-05 -2.12839e-06 1.49806e-05 2.69832e-05 5.55231e-06 2.90309e-05 -2.94001e-05 2.70051e-05 1.54696e-05 2.87258e-05 -2.36915e-05 -8.29741e-05 4.60458e-05 1.87554e-05 -1.03574e-07 4.04271e-06 -3.13465e-05 3.8275e-05 3.60708e-05 1.99745e-07 3.21367e-05 1.30426e-05 -4.37881e-05 -6.72122e-06 -2.88785e-05 1.17708e-06 1.44914e-06 4.30441e-06 5.87926e-07 -2.08687e-07 1.89618e-05 3.47674e-05 3.42679e-05 -0.000615407 7.70598e-05 -5.27012e-05
 0.00267027 484.614 -101.408 0.000136627 27.6699 -22.2629 0.48893 0.178442 -2.86489 15.1118 1.12209 -26.0876 -9.11626e-05 2.55976 -0.0233336 -5.65342e-05 2.33109 -0.123579 2.26247e-05 1.62815 -0.724208 1.97412e-05 0.227868 -0.0612864 16.8342 35.7843 -9.39789 6.08363 23.6084 -26.6587 13.144 2.25401 -9.58846 8.99874 14.5895 -24.3652 7.8033 1.24656 -0.144886 19.355 -2.23173 -0.18668 10.0069 7.47791 -1.22239 1.30827 2.67638 -4.32852 2.01187 8.24237 14.5972 -13.8666 1.98078 -3.56918 1.28017 -1.16499 6.78354 2.76349 7.88666 -11.0226 0.651155 -0.0575887 -1.71753 2.21912 -0.00400016 -2.41126 0.379756 -0.10829 -0.130054 -2.42159e-05 1.32353 -0.463699 0.305028 0.0209426 -0.461377 -0.852465 -0.0271224 0.979725 -0.0214708 -0.108804 0.91461 -1.39044 3.15759 -0.237312 1.70714 -0.184049 0.516007 0.131217 0.0340674 -0.166683 1.43614 -3.7307 10.6548 18.4391 10.7348 2.17628 -31.1993 17.8154 -8.32278 17.9926 11.997 -1.15255 -1.48607 -2.12348 -4.8803 3.23412 3.4767 1.55549 -8.87207 3.37446 -1.20889 0.370847 -1.54106 -1.02965 -0.916269 -1.137 -0.0422053 1.96827 0.352234 -0.938535 -0.0233791 -0.0266745 -0.24047 -1.22985 0.206175 -0.339033 -1.25154 2.96026 -6.00224 2.57629 -0.68184 -0.530576 -1.08526 -3.82071 -1.40073 -2.23363 -1.50537 -1.73742 0.061077 -0.077638 -0.99063 -1.80307 -2.07511 -0.54032 -0.386078 -2.18874 0.0716615 -1.79058 -3.39327 -0.642968 -0.076666 -2.04129 -0.421321 -1.14861 -1.08461 -1.01537 -1.05861 0.455152 -0.161759 -2.14729 -4.95254 -5.07282 88.8821 -36.9443 4.52386
 -0.000565005 -101.408 22.3566 -2.89554e-05 -5.85121 4.70782 -0.107169 -0.0388867 0.626739 -3.19442 -0.237323 5.51765 2.00444e-05 -0.557754 0.00497076 1.2241e-05 -0.50488 0.026688 -4.81503e-06 -0.357994 0.159115 -4.14796e-06 -0.0599666 0.0154505 -3.55377 -7.557 1.98464 -1.2884 -4.98643 5.63071 -2.77138 -0.479871 2.03933 -1.90013 -3.08309 5.14881 -1.65287 -0.273221 0.0310641 -4.0864 0.461424 0.0394866 -2.11748 -1.59316 0.26002 -0.280989 -0.571384 0.924194 -0.426944 -1.73843 -3.07877 2.92474 -0.419778 0.752765 -0.270819 0.246673 -1.4315 -0.583595 -1.66481 2.32689 -0.137862 0.0121944 0.363991 -0.468212 0.000784109 0.511304 -0.0799752 0.0228031 0.0275271 5.3405e-06 -0.300138 0.104535 -0.0694758 -0.00466914 0.104265 0.178096 0.00539954 -0.198965 0.00339461 0.0226213 -0.190128 0.295799 -0.665656 0.0500118 -0.361338 0.038954 -0.109943 -0.0276917 -0.00718318 0.0351701 -0.303001 0.787329 -2.24591 -3.89074 -2.26701 -0.455018 6.58486 -3.76459 1.75783 -3.79594 -2.52984 0.243191 0.313907 0.447804 1.02927 -0.683516 -0.734343 -0.327958 1.87378 -0.71378 0.255629 -0.0785954 0.325517 0.217573 0.193197 0.239808 0.00854084 -0.415175 -0.0747486 0.198216 0.00492522 0.00558048 0.0509063 0.259167 -0.0434933 0.0716576 0.264356 -0.626229 1.26785 -0.544398 0.143845 0.111838 0.228957 0.806428 0.295515 0.471189 0.317156 0.366251 -0.0133722 0.0160791 0.209695 0.380585 0.438086 0.113738 0.0813494 0.462043 -0.0155619 0.37801 0.715776 0.135363 0.0159927 0.431043 0.0885474 0.242405 0.228634 0.214267 0.223366 -0.0960358 0.0341227 0.453269 1.04619 1.07052 -18.7834 7.83 -0.953332
 -9.40712e-10 0.000136627 -2.89554e-05 1000 -0.000898209 0.000725207 -3.70619e-06 -8.92133e-07 1.98597e-05 4.34107e-05 3.89125e-06 -8.73755e-05 6.04115e-10 -9.93668e-06 2.39858e-08 1.08895e-10 -4.91218e-06 2.41219e-07 1.56986e-11 -1.29361e-05 5.60235e-06 1.80125e-10 -1.49732e-05 3.10733e-06 5.17065e-05 2.9467e-05 -8.21306e-06 -5.64441e-06 -1.70967e-05 1.90981e-05 0.00014915 1.44675e-05 -6.78698e-05 0.000200783 -2.61286e-05 2.76282e-05 2.1782e-05 -4.06631e-06 1.25101e-07 6.56666e-06 3.34058e-07 3.54791e-07 7.58999e-05 -5.90489e-06 -2.69595e-07 1.07362e-07 1.20136e-06 -2.07699e-06 1.42134e-05 2.08112e-05 -4.16675e-05 2.32114e-05 -3.40718e-05 -2.89097e-05 0.000114788 -0.000132038 3.24761e-05 -2.18944e-05 4.17926e-05 -3.55941e-05 -1.08486e-06 -6.26253e-08 3.50718e-05 -5.42874e-05 3.94478e-06 -8.91395e-05 -5.63767e-06 1.56593e-06 8.15736e-07 2.40127e-10 -2.7226e-05 8.56312e-06 -5.67709e-06 -2.49512e-07 7.17169e-06 -1.42088e-05 -1.39565e-06 3.42022e-05 1.4878e-06 1.77903e-07 -1.86061e-06 -1.24055e-05 -0.000133382 1.05183e-05 2.37085e-05 -2.53732e-06 -6.14687e-07 -4.92517e-07 -3.04259e-07 8.02985e-07 -3.58173e-05 -5.72367e-05 -2.08265e-05 -2.0628e-05 -6.0448e-06 6.30465e-06 7.76834e-05 -6.88036e-06 -4.33937e-05 1.66773e-05 4.44399e-06 -2.3504e-05 6.14639e-06 5.25068e-05 -2.25203e-05 0.000108421 -3.41063e-05 -5.30674e-06 -1.58215e-05 -3.91312e-06 7.13143e-06 -3.05686e-06 1.08781e-05 -5.24097e-06 2.70142e-05 -1.97187e-05 -7.26808e-06 2.5083e-06 2.95156e-05 -3.56087e-05 -1.94341e-05 4.05864e-05 4.00942e-05 3.90994e-05 -8.14292e-05 -0.000202381 -7.31611e-05 0.00013466 -2.55484e-05 0.000132074 -1.29961e-05 2.25976e-06 2.78801e-05 2.18567e-05 1.25533e-05 -2.02279e-06 2.65339e-05 -9.22901e-06 5.62552e-05 -5.42867e-05 -0.000122748 1.62802e-08 -5.98512e-05 7.20783e-05 6.89399e-05 7.08907e-06 -9.68701e-07 -5.71e-06 -2.00546e-05 6.53218e-05 4.8795e-05 -0.00010831 5.14262e-05 -2.64481e-05 -1.9955e-06 -1.17306e-06 -1.68609e-06 -4.60095e-06 2.73147e-06 -1.49281e-05 -4.82775e-05 -6.2546e-05 0.000474224 -5.56322e-05 4.07803e-05
 -0.000132248 27.6699 -5.85121 -0.000898209 406.618 -325.712 -0.277115 -0.0876869 1.89037 9.74661 0.747242 -17.3107 0.000120912 -1.94778 -0.00687376 2.84597e-05 -0.789143 0.0260736 3.99527e-05 -3.68044 1.59813 6.35936e-05 -3.92079 0.822395 10.8941 21.8478 -5.74919 4.10081 14.9918 -16.9341 14.5293 0.305341 -2.26922 8.63732 9.28205 -15.7074 3.93996 -1.11528 0.000302746 9.98328 -2.70687 -0.0848138 6.66371 2.36333 -0.478636 -0.277082 0.0575436 -0.0777673 -1.29701 2.65783 -1.40467 0.12994 2.04035 -3.34246 0.671408 -0.468803 5.66801 1.63723 5.63546 -7.71592 0.34052 -0.0276172 -1.79057 -1.58139 0.250894 -8.52175 -0.765298 0.223186 0.0955274 4.99603e-05 -4.83842 1.52032 -0.750215 -0.0325394 0.987495 -1.67154 -0.113751 3.0593 -0.0112824 -0.0476298 0.411255 -3.47996 -0.8511 0.0879245 2.12483 -0.227682 0.482926 0.0611682 0.0149568 -0.0767718 0.811255 -1.52572 1.99406 2.81685 1.34674 2.19036 1.68962 -1.76903 -0.735718 4.48797 1.05573 -1.24508 -0.810554 0.711109 -1.85295 3.12473 -0.406874 -0.759148 -0.867922 1.13579 0.055192 -0.56474 -0.964553 -1.73526 0.265041 0.237249 -0.18878 0.318269 2.3215 -1.31804 -1.65485 -0.421429 -0.334549 2.83261 2.67129 -1.89288 -1.56807 3.83195 -7.65757 3.31011 0.35916 0.068964 -0.536143 -0.98126 -0.642549 -0.014845 -0.121539 -1.34053 0.638595 0.831387 0.346052 -0.685591 -1.48244 0.0864947 0.056544 -0.293543 0.729442 -0.791522 -3.12297 -0.0514402 1.56363 -1.85038 0.356998 -0.731521 -0.482718 -0.425322 -0.417279 0.159516 -0.0711866 -1.80161 -3.98167 -4.32054 71.8832 -27.1589 3.98309
 0.000106416 -22.2629 4.70782 0.000725207 -325.712 263.353 0.221295 0.0700036 -1.51105 -7.84259 -0.601341 13.9308 -9.70262e-05 1.56153 0.00554331 -2.28045e-05 0.630587 -0.020776 -3.21573e-05 2.95662 -1.28382 -5.1154e-05 3.15018 -0.660749 -8.76244 -17.5755 4.62491 -3.30099 -12.0603 13.6228 -11.6867 -0.247213 1.83141 -6.9483 -7.46739 12.6366 -3.16999 0.894182 -0.000110041 -8.02871 2.17463 0.0682284 -5.36075 -1.90487 0.385512 0.221248 -0.0482198 0.065719 1.04429 -2.13771 1.13024 -0.104881 -1.64186 2.68905 -0.540144 0.37714 -4.55838 -1.31679 -4.53311 6.20645 -0.274162 0.0222392 1.44055 1.27275 -0.201875 6.85646 0.615855 -0.1796 -0.0769866 -4.01132e-05 3.88454 -1.22054 0.601518 0.0260826 -0.791793 1.34365 0.091359 -2.45747 0.00869126 0.0382126 -0.329953 2.80051 0.683757 -0.0706654 -1.70969 0.183197 -0.388602 -0.0492021 -0.0120282 0.0617506 -0.652122 1.22721 -1.60353 -2.26534 -1.08315 -1.76159 -1.3592 1.42316 0.59222 -3.61165 -0.849259 1.00192 0.651862 -0.572337 1.4907 -2.51394 0.327437 0.610579 0.698473 -0.91345 -0.0446214 0.45415 0.775763 1.39584 -0.213262 -0.190449 0.151834 -0.256007 -1.86747 1.06035 1.33139 0.338832 0.269035 -2.27872 -2.14813 1.52369 1.26175 -3.08314 6.15978 -2.66318 -0.288838 -0.0555057 0.431108 0.789224 0.51681 0.011793 0.0974902 1.07821 -0.51399 -0.668704 -0.277767 0.551591 1.19285 -0.070024 -0.0458286 0.236088 -0.586824 0.636903 2.51188 0.040983 -1.25798 1.48885 -0.287664 0.588455 0.388172 0.342129 0.335653 -0.128259 0.0572281 1.4493 3.20356 3.47562 -57.8366 21.8632 -3.2034
 -2.30966e-06 0.48893 -0.107169 -3.70619e-06 -0.277115 0.221295 999.849 -0.0915511 0.88744 -0.10109 -0.0194557 0.510437 1.38574e-05 -0.281139 -8.5807e-06 7.51218e-06 -0.242895 0.0107651 -1.05942e-06 -0.30096 0.13056 2.08699e-06 -0.32445 0.0678543 0.173583 0.729222 -0.189902 0.063061 0.781878 -0.88359 1.01355 -0.132617 0.433299 1.04353 0.101929 -0.23978 -0.0364692 -0.140873 0.00515771 -0.00979814 -0.102997 0.00129721 0.0539584 -0.409546 0.0497832 -0.118467 -0.148327 0.240385 0.163193 -0.3169 -0.474443 0.463765 -0.110881 -1.74842 0.801681 -0.768729 -0.216729 -0.415433 0.205057 0.0348493 -0.0656155 0.00629499 -0.0123035 0.0282662 -0.00514642 0.189646 0.00195503 -0.000473013 -0.00531114 4.95423e-06 -0.488628 0.153875 -0.163469 -0.00768464 0.228312 -0.221083 -0.0313564 0.760846 0.0253385 0.00387695 -0.03654 0.144039 -0.656413 0.0508503 -0.257373 0.0268636 0.030793 0.00204935 -0.000187898 -0.00187935 -0.327835 -0.30751 -0.280373 -0.328727 -0.131381 -0.000836058 0.772656 0.675285 -1.03292 -0.0315216 0.0458479 0.303921 0.382368 -0.0777416 -0.129461 0.164356 0.189401 -0.249345 -0.0190816 -0.0119157 -0.0294141 -0.0468175 -0.0591234 -0.029503 -0.0681518 -0.108905 0.352876 -0.552807 0.112679 -0.00423625 0.0333276 -0.0451744 0.0786955 -0.0296265 -0.0462874 -0.0576765 -0.142205 0.121922 0.296005 -0.231245 0.0440413 0.0578635 0.116596 -0.570218 0.221659 -0.165967 0.0774599 0.191562 -0.40261 -0.122269 -0.0388706 0.32971 -0.158525 0.183645 0.212417 -0.0259831 0.0539504 0.0337891 0.0643184 0.0521378 0.345986 0.425996 0.0658596 -0.112333 -0.0864892 0.0270291 0.0286869 -0.0727054 0.0258368 -0.377713 -0.586204 -0.945854 7.73977 5.12056 1.38615
 -2.14154e-07 0.178442 -0.0388867 -8.92133e-07 -0.0876869 0.0700036 -0.0915511 3.92015 -54.8092 -0.0402966 -0.00720058 0.185507 4.26159e-06 -0.0841129 -1.55461e-05 2.46968e-06 -0.0731539 0.0032381 1.81912e-07 -0.0761166 0.0330108 9.9969e-07 -0.106017 0.0222752 0.00996899 0.385399 -0.0987023 0.0258675 0.256253 -0.289427 0.25986 -0.0548511 0.190833 0.220682 0.123288 -0.215609 0.00411076 -0.0425791 0.00122391 0.0185858 -0.0336807 3.24013e-05 -0.00978509 -0.100772 0.0121056 -0.0335803 -0.0448812 0.0728261 0.0526624 -0.120202 -0.211164 0.199246 0.0275117 -0.618849 0.14338 -0.106817 -0.0640034 -0.143169 0.0466669 0.0382158 -0.0228501 0.00261016 -0.0890647 0.0759249 -0.00213271 0.000134588 0.00121587 -0.000297512 -0.00217942 1.64892e-06 -0.153407 0.0483455 -0.0509096 -0.00238058 0.0706974 -0.086519 -0.0116511 0.279382 0.0038851 0.000762369 -0.00794966 0.061175 -0.0257426 0.00202339 -0.0620372 0.00645611 0.0151511 0.00126119 0.000558797 -0.0018346 -0.103529 -0.107991 -0.0631851 -0.0524845 -0.00909872 0.00731058 0.512871 -0.136196 -0.333726 0.00802821 0.0418454 0.340161 0.126122 -0.038962 -0.240661 -0.068966 0.133762 -0.0692077 0.0174237 -0.0132118 -0.0248074 -0.0324449 -0.0403839 -0.0162552 -0.0321184 -0.0942392 0.210399 -0.169777 0.0150087 -0.0198129 0.0590115 -0.0293951 0.0341864 -0.0172807 0.00681814 -0.00739661 -0.0996597 0.0175446 0.0273369 -0.0536814 0.0282416 0.0395535 0.0367966 -0.125389 0.0292756 -0.0105366 0.00739254 -0.0417527 -0.116961 0.0472899 0.091189 0.0974945 -0.0145008 0.0369181 0.0101561 -0.0596762 -0.0705152 0.140936 -0.0351282 0.113607 0.18267 0.0489446 -0.0667883 -0.0437974 -0.0284466 0.00659891 0.0125807 -0.0238428 0.00812705 -0.126037 -0.149797 -0.280232 2.60573 1.69215 0.463131
 2.05583e-06 -2.86489 0.626739 1.98597e-05 1.89037 -1.51105 0.88744 -54.8092 991.389 0.860543 0.143852 -3.67105 -7.97845e-05 1.58439 1.10792e-05 -4.50761e-05 1.36851 -0.0607945 -1.5753e-06 1.41759 -0.614993 -1.80242e-05 1.94952 -0.409765 -0.192744 -6.76759 1.73374 -0.400733 -4.45878 5.03591 -4.64955 1.04021 -3.63874 -3.96803 -2.08589 3.66388 -0.0634071 0.844096 -0.0256485 -0.383677 0.668115 -0.000713956 0.181316 1.96622 -0.237826 0.655395 0.858683 -1.39454 -0.993401 2.14523 3.77636 -3.56017 -0.424313 11.0338 -2.59983 1.95555 1.15195 2.5551 -0.819436 -0.69783 0.41905 -0.0476553 1.56174 -1.34655 0.0386345 -0.0366156 -0.0273977 0.00694432 0.0405536 -3.15869e-05 2.88868 -0.911308 0.968581 0.0455855 -1.34699 1.55965 0.209923 -5.03238 -0.0727526 -0.0169861 0.169961 -1.22849 0.540838 -0.0416847 1.12938 -0.117539 -0.277685 -0.0223365 -0.00996541 0.0325611 1.83794 1.91938 1.12184 0.945237 0.190065 -0.112017 -9.1537 2.36767 5.93403 0.00707987 -0.632972 -6.0975 -2.25585 0.69279 4.27901 1.22363 -2.38475 1.24302 -0.328661 0.225576 0.446147 0.580715 0.721984 0.289712 0.56376 1.66442 -3.75935 3.03311 -0.2682 0.344381 -1.06028 0.521397 -0.619418 0.306608 -0.126745 0.125277 1.7693 -0.304394 -0.511619 0.960875 -0.508333 -0.708912 -0.661524 2.2393 -0.531051 0.1932 -0.129722 0.74384 2.0962 -0.83556 -1.63167 -1.75682 0.250031 -0.659219 -0.185402 1.06264 1.25968 -2.52663 0.627378 -2.02763 -3.26531 -0.881018 1.20146 0.784481 0.510767 -0.122091 -0.22851 0.426206 -0.144591 2.24833 2.65101 5.00023 -45.937 -30.9915 -8.30279
 -7.61721e-05 15.1118 -3.19442 4.34107e-05 9.74661 -7.84259 -0.10109 -0.0402966 0.860543 898.633 -6.99104 146.407 0.000111763 -2.31962 0.00154093 5.10901e-05 -1.8225 0.0826043 2.55803e-05 -2.85403 1.24286 2.24788e-05 -2.89466 0.611285 5.82424 6.24042 -1.68514 1.51964 5.20413 -5.88145 6.60761 0.476796 -2.3374 5.56578 3.23415 -5.66261 2.14669 -0.355531 -0.00664587 4.65977 -1.42911 -0.0333038 2.77723 0.871247 -0.179155 -0.0677422 0.00394641 -0.00183335 1.41334 0.727839 -5.50255 3.78578 0.0491541 -2.75745 2.59421 -2.77564 3.37493 2.14437 1.14238 -2.80328 0.679586 -0.0546764 -2.79464 4.45974 -0.00988809 -4.84898 -0.119225 0.0355346 -0.0441031 1.85206e-05 -2.79502 0.878425 -0.344044 -0.0108302 0.36211 -1.17204 -0.0948064 2.65146 -0.345994 -0.197454 1.65855 -1.71531 -5.55589 0.45155 0.221489 -0.0264246 0.727786 -6.85992e-06 -0.0120066 0.0120766 -0.468926 -9.3376 1.74613 7.50364 7.12837 8.90082 -7.86118 -4.93004 3.6058 10.5192 3.36146 -9.38286 2.9083 -1.61923 -3.30318 3.14934 8.7599 13.3892 -16.8854 2.04418 1.99068 0.762465 -0.379442 -0.738835 -0.942815 2.67772 -5.19508 0.396697 3.26231 -3.43846 0.920222 0.0609603 -1.72589 0.0729188 -0.38752 1.13791 -5.15464 9.31036 -10.27 6.95296 -1.96752 -0.818926 1.47375 -5.40095 0.501447 -3.32326 -1.18954 1.27496 -0.202483 -0.414126 -0.967274 -1.00411 -1.25305 1.26944 0.0658713 -2.62642 0.304448 1.00937 -1.22397 0.238963 -1.87285 1.32456 2.01634 -1.32748 -2.68211 -0.898669 -0.836594 0.126386 0.00965454 -0.952817 -1.49469 2.15526 42.3768 -20.3907 1.81728
 -4.37025e-06 1.12209 -0.237323 3.89125e-06 0.747242 -0.601341 -0.0194557 -0.00720058 0.143852 -6.99104 2.3148 -33.5726 7.98686e-06 -0.162069 7.07873e-05 4.1488e-06 -0.134298 0.00599972 2.12163e-06 -0.221875 0.0964912 1.97709e-06 -0.22556 0.0475095 0.216552 0.779261 -0.202215 0.14462 0.557814 -0.630049 0.413391 -0.0104707 0.0102566 0.143698 0.394084 -0.650611 0.138879 -0.0373075 -9.23174e-05 0.110559 -0.0535037 -0.00102479 0.0186436 0.0830314 -0.0124064 -0.0228844 -0.0227811 0.0373543 -0.0756931 0.0368298 0.0117455 -0.019441 0.0989255 -0.32377 -0.049604 0.0906052 0.146564 -0.0380336 0.171575 -0.179709 0.0130071 -0.00121762 -0.05828 0.103286 0.000514688 -0.144852 -0.00415026 0.00128923 -0.00227755 1.56581e-06 -0.199828 0.0628283 -0.0410948 -0.00166038 0.0508987 -0.0189814 -0.000822571 0.0272544 -0.0162631 -0.0086387 0.071619 -0.135719 0.288267 -0.021918 0.0374614 -0.00421156 0.0347262 0.00287795 0.00100952 -0.0039195 -0.0532425 -0.516846 0.307965 0.782413 0.614613 0.685304 -0.403748 -0.207543 -0.150786 0.367921 0.105644 -0.156012 0.388448 0.0190766 -0.48234 -0.262779 0.142381 0.422689 -0.223754 -0.0215773 -0.0415653 -0.0228709 -0.0494644 -0.0591743 -0.0780258 0.0596729 -0.162592 -0.0445673 0.109028 -0.106681 -0.0102408 -0.0329846 -0.0636765 -0.00795753 0.0509947 -0.0226723 -0.149787 0.306921 -0.29728 0.0259253 -0.0098006 -0.0465715 0.0364448 -0.244433 0.0267364 -0.0631398 -0.0314762 -0.0308955 -0.0845847 0.0343974 0.0057637 -0.0682205 -0.065678 -0.00665011 0.024235 -0.0781686 0.0134963 -0.000150114 -0.0977629 0.00823206 0.0600339 0.00465087 -0.0208447 -0.0318336 -0.0425276 -0.0261567 -0.0258967 -0.00213024 0.00213244 -0.100409 -0.188524 -0.249358 3.31584 -0.479825 0.275742
 0.000100361 -26.0876 5.51765 -8.73755e-05 -17.3107 13.9308 0.510437 0.185507 -3.67105 146.407 -33.5726 782.173 -0.000192005 3.90497 -0.00198194 -9.90602e-05 3.25212 -0.14559 -4.84772e-05 5.33549 -2.32063 -4.51798e-05 5.38527 -1.13449 -5.12951 -17.9481 4.65989 -3.33008 -12.8613 14.5269 -9.81836 0.317214 -0.503399 -3.49648 -9.02732 14.9181 -3.25885 0.995937 -0.00342538 -2.64393 1.35144 0.0235192 -0.447527 -1.75243 0.265643 0.600499 0.605409 -0.992772 1.72999 -0.904796 -0.0187017 0.281453 -2.17636 7.50901 1.03614 -1.96696 -3.49431 0.794087 -3.95039 4.1944 -0.318252 0.029473 1.49142 -2.51021 -0.0127853 3.53166 0.0800826 -0.0252817 0.0591131 -3.8428e-05 4.84353 -1.52388 1.0258 0.0419058 -1.27524 0.380491 0.0135123 -0.505116 0.37113 0.198386 -1.64537 3.26277 -6.44024 0.488461 -0.8673 0.0975103 -0.790384 -0.0657248 -0.0227131 0.0891676 1.24621 12.0638 -7.21369 -18.0981 -14.0068 -15.7199 9.39738 4.97983 3.46404 -9.46717 -2.65872 3.98846 -8.99846 -0.372252 11.1733 5.91668 -3.56233 -10.1643 5.73085 0.421064 0.886461 0.495382 1.15016 1.39096 1.82413 -1.46257 3.91913 1.00459 -2.60758 2.56848 0.207184 0.758754 1.52363 0.177373 -1.15013 0.484774 3.61413 -7.3576 7.16932 -0.830836 0.293686 1.09557 -0.885017 5.78522 -0.631252 1.5613 0.766933 0.67086 1.95345 -0.770549 -0.104111 1.59198 1.54849 0.114827 -0.554048 1.88095 -0.316041 -0.0318079 2.2826 -0.194416 -1.30964 -0.149922 0.412442 0.776355 1.0671 0.633347 0.624851 0.0443061 -0.0496162 2.32847 4.3513 5.61387 -77.3128 11.7321 -6.36414
 3.0653e-10 -9.11626e-05 2.00444e-05 6.04115e-10 0.000120912 -9.70262e-05 1.38574e-05 4.26159e-06 -7.97845e-05 0.000111763 7.98686e-06 -0.000192005 1000 8.019e-05 -5.98233e-06 -1.00905e-09 4.84091e-05 -1.8039e-06 2.44929e-10 3.67122e-05 -1.58258e-05 -1.05306e-10 4.76054e-05 -9.78255e-06 -0.000277246 -0.000576954 0.000152746 -2.94527e-05 -0.000180551 0.000203857 -7.84216e-05 3.11307e-05 -0.000112405 -0.000138561 6.37861e-05 -9.38139e-05 0.000110929 3.17652e-05 -1.01221e-06 -0.000380575 0.000147456 3.96443e-06 -4.29041e-05 0.000174266 -2.01576e-05 2.58883e-05 3.59247e-05 -5.86705e-05 8.43807e-05 9.24827e-06 -0.00019396 0.00013874 3.25217e-05 5.55874e-05 -1.23105e-05 9.30644e-06 0.000129346 -2.62455e-05 -4.093e-05 5.51191e-05 -3.42617e-06 3.91024e-07 -4.06836e-05 -2.89627e-06 1.43656e-06 -5.81732e-05 -1.37953e-06 4.10435e-07 -6.85258e-07 -7.43351e-10 7.71436e-05 -2.39855e-05 1.49339e-05 6.64812e-07 -1.90744e-05 3.26714e-05 4.58072e-06 -0.000116394 7.64563e-07 1.27343e-06 -1.18207e-05 -4.49732e-05 0.000228767 -1.74156e-05 1.03357e-05 -9.72388e-07 1.18397e-05 -9.41226e-07 -1.69004e-07 1.11994e-06 -4.98092e-05 -5.57162e-05 4.56196e-05 8.73684e-05 4.15668e-05 1.93554e-05 -1.13436e-05 3.12487e-06 -9.48306e-05 5.02802e-06 8.96791e-06 0.000266499 0.000140791 -0.000156836 -8.71717e-05 4.15986e-05 2.86792e-05 6.10086e-05 4.28496e-05 -3.15621e-06 -9.58934e-05 -1.15259e-05 5.33539e-05 1.77253e-05 -5.5456e-05 -2.87375e-05 -6.78685e-05 5.32045e-05 3.62818e-05 2.31244e-05 -6.21985e-06 -1.23599e-05 -2.84345e-05 7.09087e-06 -1.33487e-05 -2.57917e-05 -2.80441e-05 -3.10501e-05 -2.56781e-05 -3.46668e-05 -8.42591e-06 8.51464e-06 1.81181e-05 3.22699e-05 2.46759e-05 2.13309e-05 8.47923e-06 -5.89762e-06 -4.31853e-05 -5.03894e-05 -2.26853e-05 9.80969e-06 2.81038e-05 -8.13195e-06 -4.35253e-05 -7.94721e-06 -1.23217e-05 -2.29665e-06 -1.05537e-05 -8.78594e-06 3.81154e-06 2.4365e-05 3.1556e-05 -1.91959e-05 -6.25756e-06 -1.2689e-05 -8.26883e-06 -2.14434e-06 3.51351e-06 3.37746e-05 6.45346e-05 8.60984e-05 -0.00077847 -0.000329619 -0.000117277
 -1.4578e-05 2.55976 -0.557754 -9.93668e-06 -1.94778 1.56153 -0.281139 -0.0841129 1.58439 -2.31962 -0.162069 3.90497 8.019e-05 998.081 -2.49416 1.70301e-05 -1.07383 0.0407016 -9.72475e-06 -0.679052 0.291882 -4.08656e-06 -0.9053 0.184645 8.00284 13.7175 -3.6595 0.763289 4.45395 -5.03013 2.66984 -0.647594 2.2597 4.49147 -0.5506 0.571432 -3.24426 -0.811265 0.0297704 7.47976 -3.27115 -0.0828885 1.09002 -4.75165 0.553306 -0.609933 -0.862668 1.40729 -1.7452 0.790451 3.88326 -3.13197 -1.22852 -0.63749 0.996281 -1.12175 -3.61769 1.35921 0.785577 -1.51563 0.0557084 -0.00540003 0.859936 0.201682 -0.0296435 1.05839 0.0139051 -0.00417487 0.0208394 1.44219e-05 -1.61522 0.500262 -0.271874 -0.0114146 0.331964 -0.746087 -0.100032 2.55491 -0.00219089 -0.0233247 0.222352 1.21391 -8.32469 0.649102 -0.188884 0.0169423 -0.304944 0.0187291 0.00359921 -0.0225196 1.73445 1.81861 -1.10159 -2.31996 -1.09111 -0.483439 0.907952 0.31712 1.92924 -0.170245 -0.20419 -5.01872 -3.74944 2.59113 3.25839 -0.734194 -0.693829 -1.56733 -0.285028 0.457555 1.88901 0.237884 -1.36395 -1.05221 1.5956 1.04915 1.82955 -0.922591 -0.65806 -0.199733 0.232253 0.300936 0.655657 0.0119429 0.450722 0.634896 0.735377 0.587739 0.674304 0.71818 0.185405 -0.294467 -0.631038 -0.88595 -0.562299 -0.494372 -0.333278 -0.0210373 0.60232 0.648206 0.19939 -0.00636996 -0.238827 0.244493 0.784869 0.00788646 0.0838055 -0.219656 0.0980037 0.0939688 -0.176878 -0.93606 -1.28918 -0.00885712 -0.030562 0.124189 0.0542215 0.163524 -0.126375 -0.60018 -1.24328 -1.58072 14.1135 5.45433 2.06427
 1.90154e-07 -0.0233336 0.00497076 2.39858e-08 -0.00687376 0.00554331 -8.5807e-06 -1.55461e-05 1.10792e-05 0.00154093 7.07873e-05 -0.00198194 -5.98233e-06 -2.49416 0.823282 2.24937e-07 -0.00609246 0.000318137 2.06306e-08 -0.00275319 0.00121679 5.32755e-08 -0.00404944 0.000881598 -0.0309855 -0.0549794 0.0146009 -0.00554987 -0.0232432 0.0262495 -0.0119153 -0.000146647 0.00149277 -0.016935 -0.00462763 0.00874413 0.000686349 -0.00187604 0.000167226 -0.0361046 0.00774972 0.000383924 -0.0111191 0.00485307 -0.000282439 -5.81832e-05 -0.000765747 0.00121551 0.00273635 -0.0038253 -0.0147474 0.0122853 0.00165383 0.000445894 -0.00497762 0.00586283 0.00604561 -0.00523205 -0.00513869 0.00868197 -0.000515662 4.7506e-05 -0.00113962 -0.0009374 5.2412e-05 -0.00123631 4.17045e-05 -1.23117e-05 -3.75626e-05 7.18958e-08 -0.00460817 0.00153731 -0.000403672 -1.84118e-05 0.000455746 0.00115695 9.99052e-05 -0.00290887 -0.000276576 -0.000189262 0.00145625 -0.00417122 0.0280006 -0.00217478 -0.000199976 3.04035e-05 0.000150261 -7.35882e-05 -1.31703e-05 8.75071e-05 -0.00591419 -0.00385789 0.00171431 0.00468363 0.00250874 0.00149756 -0.00164603 -0.00118104 -0.00600972 -0.00119057 0.000869441 0.0165316 0.0118361 -0.0081818 -0.0104123 0.00191772 0.00189023 0.00482593 0.00113979 -0.0019065 -0.0061287 -0.000478996 0.00497955 0.00385232 -0.00527086 -0.00359273 -0.00598179 0.00304257 0.0020025 0.000418594 -0.000763606 -0.00103633 -0.00189366 -0.000119576 -0.00155773 -0.00202337 -0.00213722 -0.00219248 -0.00153333 -0.00257575 -0.000499672 0.00111818 0.002369 0.00320922 0.00205112 0.00160458 0.000938557 -0.000206553 -0.00216755 -0.00206372 -2.56255e-05 0.000580866 0.00114123 -0.000815512 -0.00237513 0.000179152 -0.000240603 0.00120626 -0.000158122 -8.25494e-05 0.000743566 0.00321401 0.00403094 0.000174919 0.000144425 -0.000207975 1.69146e-05 -0.000631341 0.000436095 0.00201394 0.00467109 0.00496981 -0.064648 0.00718128 -0.00562861
 -2.47473e-10 -5.65342e-05 1.2241e-05 1.08895e-10 2.84597e-05 -2.28045e-05 7.51218e-06 2.46968e-06 -4.50761e-05 5.10901e-05 4.1488e-06 -9.90602e-05 -1.00905e-09 1.70301e-05 2.24937e-07 1000 2.30282e-05 -3.35223e-06 -3.65396e-10 2.52787e-05 -1.08783e-05 -5.60809e-10 2.83582e-05 -5.79011e-06 2.30026e-05 7.76027e-06 -2.46456e-06 -8.02439e-06 -5.08172e-05 5.73469e-05 2.60795e-05 1.402e-05 -5.59967e-05 6.22295e-05 1.39546e-05 -2.7548e-05 -2.00811e-05 6.141e-06 -8.73466e-08 -0.00012853 3.39718e-05 1.01751e-06 -3.17791e-05 1.32366e-05 -7.16005e-07 7.63908e-06 1.2205e-05 -1.99313e-05 7.38413e-05 -5.88306e-06 -0.000201183 0.00014978 -1.93981e-05 6.68261e-05 3.06207e-05 -4.28608e-05 8.29832e-06 2.8363e-05 -3.79413e-05 2.52374e-05 7.17217e-06 -6.11366e-07 -1.15051e-05 1.91955e-05 -7.37158e-09 -2.32291e-05 -2.32145e-06 6.54535e-07 4.36296e-07 -4.58633e-10 3.45994e-05 -1.07674e-05 9.76426e-06 4.85041e-07 -1.38837e-05 7.59582e-06 1.57818e-06 -4.09529e-05 4.33741e-08 1.09939e-06 -1.02146e-05 -3.62192e-06 -0.000309641 2.5331e-05 1.87003e-05 -1.94162e-06 1.71599e-06 -1.05708e-06 -2.71046e-07 1.33926e-06 -9.67135e-06 8.26704e-06 2.97022e-05 2.91214e-05 1.6873e-05 1.6777e-05 4.47436e-05 -5.24601e-06 -0.000179727 -1.89251e-05 1.22305e-06 0.00025542 -6.44145e-06 0.000131817 -5.26757e-05 9.67129e-07 6.75265e-05 -2.57095e-05 4.29387e-05 -1.05677e-05 -4.06757e-05 -3.01353e-05 -2.18948e-05 1.70328e-06 9.13913e-06 4.74655e-05 -2.20464e-05 -2.6578e-06 -3.33123e-05 9.33491e-06 1.41849e-05 1.2698e-05 -6.92245e-06 -1.38562e-06 -1.2515e-05 -7.77009e-06 -1.4531e-05 -3.25295e-05 -2.08633e-05 -1.26747e-05 -6.99838e-06 -3.33741e-07 -1.05702e-06 1.1441e-05 7.61912e-06 -7.66795e-06 -1.08145e-05 -1.25356e-05 -1.1558e-05 -3.01558e-05 -4.03242e-05 9.84067e-07 9.32547e-06 -2.75241e-06 7.25428e-06 9.22839e-06 -1.42863e-05 2.2845e-05 3.41545e-07 -2.26281e-05 -1.42869e-05 -1.64749e-05 -1.05325e-05 -1.77726e-05 -3.43109e-06 -9.2314e-06 -7.89515e-06 6.54191e-06 6.48972e-07 2.44949e-05 4.52516e-05 5.73553e-05 -0.000501685 -0.000331309 -8.97741e-05
 -6.37194e-06 2.33109 -0.50488 -4.91218e-06 -0.789143 0.630587 -0.242895 -0.0731539 1.36851 -1.8225 -0.134298 3.25212 4.84091e-05 -1.07383 -0.00609246 2.30282e-05 996.933 -46.678 -2.21879e-07 -0.692464 0.298039 3.76078e-06 -0.812981 0.166394 3.53004 3.82315 -1.04629 0.41705 2.65619 -3.00084 1.48651 -0.398083 1.40655 2.34767 0.0542698 -0.253642 -1.13488 -0.457831 0.0169719 3.77318 -1.58048 -0.0378693 1.66454 -2.62836 0.282235 -0.373497 -0.556404 0.906334 -1.43477 1.74393 3.68688 -3.33631 -0.471784 -1.12276 0.555477 -0.545881 -1.92175 0.707278 1.1633 -1.64327 -0.200881 0.0208474 0.154905 0.0867522 -0.0136807 0.518921 0.032462 -0.0089174 -0.000688358 1.29776e-05 -1.16586 0.362349 -0.285253 -0.0133141 0.38646 -0.551028 -0.0798842 2.05224 -0.0399399 -0.0388227 0.357096 0.505108 0.54637 -0.0547308 -0.387486 0.0385005 -0.120784 0.0296569 0.00626464 -0.0362286 1.55281 0.591928 -1.2931 -1.98678 -1.00245 -0.640933 -0.572915 0.687348 3.799 0.435944 -0.0670814 -7.22472 -2.46922 -0.117093 4.03998 1.25588 -3.29581 -3.02891 2.59533 -0.151496 1.20623 0.624301 0.202063 -0.350254 -0.548719 0.67254 0.677004 0.152626 0.571576 0.415316 0.0177214 -0.020002 0.301299 0.17388 0.73388 0.532377 0.641464 0.662609 0.92226 0.515107 0.419602 0.233321 -0.216163 -1.33435 -0.322754 0.0049921 0.172611 0.152276 0.277624 0.345662 0.588462 0.232567 0.247625 -0.276442 0.00728323 0.0944638 0.357461 -0.55929 -0.785501 0.356501 0.275576 -0.227746 -0.622147 -0.499383 -0.225521 0.0257925 0.0666995 0.0117829 -0.112644 -0.634142 -1.11313 -1.49085 13.7167 7.53775 2.27348
 4.6377e-07 -0.123579 0.026688 2.41219e-07 0.0260736 -0.020776 0.0107651 0.0032381 -0.0607945 0.0826043 0.00599972 -0.14559 -1.8039e-06 0.0407016 0.000318137 -3.35223e-06 -46.678 3.06328 3.71045e-08 0.0278237 -0.0119438 -9.93939e-08 0.0324962 -0.00660552 -0.170282 -0.189153 0.051658 -0.0226014 -0.132453 0.149641 -0.0728168 0.0173291 -0.0606158 -0.11283 -0.00705997 0.0194321 0.0500438 0.0194567 -0.00067652 -0.183942 0.0730159 0.00185577 -0.0829915 0.117493 -0.0123772 0.0159175 0.0234349 -0.0381884 0.0659485 -0.0836789 -0.177354 0.160486 0.0208709 0.0531722 -0.0266115 0.0262142 0.0875182 -0.0339507 -0.0572298 0.0807258 0.00919233 -0.000958102 -0.00619708 -0.00429826 0.000618041 -0.0230911 -0.00130675 0.000354543 6.21116e-05 -4.88009e-07 0.0483317 -0.0149467 0.0124414 0.000579419 -0.0169038 0.0254052 0.00360816 -0.0930605 0.0012486 0.00148535 -0.0139877 -0.0254438 -0.0268336 0.00267198 0.0176785 -0.00175205 0.00508318 -0.00142103 -0.000298748 0.00173448 -0.0737846 -0.0301238 0.0599315 0.0968498 0.050027 0.032043 0.0272638 -0.0329152 -0.179402 -0.0262507 0.00105922 0.344625 0.117617 0.00514341 -0.192195 -0.0599447 0.156857 0.144412 -0.123478 0.00717809 -0.0575834 -0.0295796 -0.00927315 0.0169238 0.026204 -0.0320577 -0.0322233 -0.00728066 -0.0272318 -0.0197727 -0.000710658 0.000950813 -0.0141125 -0.00831682 -0.0348935 -0.0252504 -0.0303205 -0.0318297 -0.0433228 -0.0246907 -0.0198914 -0.0109997 0.0105096 0.0637456 0.0155593 -0.000274375 -0.00832694 -0.00741792 -0.0134265 -0.0166082 -0.0276388 -0.0106352 -0.0114223 0.0130481 -0.00037703 -0.0044371 -0.0170721 0.0269503 0.0373227 -0.0168806 -0.0130228 0.011 0.0294014 0.0238039 0.010694 -0.00110913 -0.00305398 -0.000600481 0.00535699 0.0302952 0.0537887 0.0710304 -0.673328 -0.333499 -0.107254
 -9.19803e-10 2.26247e-05 -4.81503e-06 1.56986e-11 3.99527e-05 -3.21573e-05 -1.05942e-06 1.81912e-07 -1.5753e-06 2.55803e-05 2.12163e-06 -4.84772e-05 2.44929e-10 -9.72475e-06 2.06306e-08 -3.65396e-10 -2.21879e-07 3.71045e-08 1000 5.4112e-07 3.89536e-07 -5.22886e-10 7.78334e-06 -1.67858e-06 6.9736e-05 -2.40777e-06 -8.58084e-07 9.05688e-06 5.68433e-05 -6.42427e-05 7.80916e-05 7.68317e-06 -3.54523e-05 0.000149228 -3.87239e-05 5.17804e-05 -3.99542e-05 -3.87373e-06 3.7987e-07 -5.11653e-05 1.82683e-06 2.43666e-07 -8.03478e-06 -4.01603e-05 5.28457e-06 -2.28983e-06 -1.92672e-06 3.06791e-06 3.96411e-05 1.5911e-05 -8.62881e-05 5.74063e-05 -3.59342e-05 2.10967e-05 6.91366e-05 -8.3493e-05 -3.43261e-05 2.59991e-05 -7.97149e-06 -4.87205e-06 -1.45078e-07 1.95753e-07 -2.18066e-05 8.3021e-06 -1.76784e-07 -1.73255e-06 -1.73884e-06 4.86176e-07 4.02383e-07 -1.32245e-10 -6.89461e-07 1.61124e-07 3.25623e-07 5.87566e-08 -1.88844e-06 4.25464e-06 5.96131e-07 -1.33245e-05 8.79688e-08 2.01008e-07 -1.52904e-06 4.40797e-06 -0.000332973 2.66071e-05 8.11963e-06 -8.70373e-07 8.38238e-07 -7.60254e-07 -2.64337e-07 1.03316e-06 5.92449e-06 -5.76008e-05 -5.26312e-05 -6.16059e-05 -1.62825e-05 1.66835e-05 0.000127135 0.000364052 -0.000202561 -3.13458e-05 -2.09013e-05 -7.91291e-05 -7.31656e-05 0.000122243 2.81453e-05 4.13231e-06 7.27505e-05 -3.28077e-06 -2.62649e-05 8.51821e-06 2.98381e-05 -1.12423e-05 -1.33097e-05 -1.57913e-05 -4.03929e-06 8.17327e-06 1.25775e-05 -1.51815e-05 4.3118e-07 4.13714e-06 1.30791e-05 1.41521e-05 4.42793e-06 4.51049e-06 -1.3733e-05 -6.85777e-06 2.79387e-07 -5.71827e-06 4.5609e-06 -6.80642e-06 9.63336e-06 1.84566e-06 -1.90577e-06 -4.47217e-06 8.74082e-07 -8.40796e-06 1.45176e-06 1.56343e-05 -2.58263e-06 -4.91889e-05 -5.21051e-05 2.28402e-05 1.23413e-05 -9.25119e-06 5.68574e-06 1.42182e-05 -1.01587e-05 3.11554e-05 -9.72771e-06 -2.76177e-06 -7.97772e-06 -2.36592e-05 -2.41129e-05 -2.14231e-05 -6.50806e-06 -5.66177e-06 -4.11657e-06 3.05521e-06 -5.42359e-07 3.00134e-06 1.10016e-05 3.63657e-06 -5.9989e-05 -4.15756e-05 -1.09771e-05
 -1.83114e-05 1.62815 -0.357994 -1.29361e-05 -3.68044 2.95662 -0.30096 -0.0761166 1.41759 -2.85403 -0.221875 5.33549 3.67122e-05 -0.679052 -0.00275319 2.52787e-05 -0.692464 0.0278237 5.4112e-07 836.648 -364.382 1.54215e-05 -1.87885 0.396006 -0.909716 4.81376 -1.2127 -0.234074 -0.332272 0.375577 -0.426501 -0.785795 3.04302 -0.230117 2.43512 -3.93145 0.53043 -0.311843 0.00354023 2.06445 -0.639456 -0.0137391 0.193023 -0.285915 0.0231139 -0.279363 -0.348457 0.56853 -0.712199 -0.756946 2.36994 -1.46601 0.953698 -3.2515 -1.267 1.82313 -0.0619289 -1.77932 0.862232 0.107659 -0.18962 0.0202826 -0.340674 -0.977323 0.0302571 0.00842343 -0.021114 0.00654901 -0.00892415 1.30565e-05 -1.28673 0.409097 -0.533639 -0.0280759 0.812664 -0.761406 -0.102554 2.468 -0.124218 -0.0493881 0.424411 -1.43072 3.41915 -0.257587 -0.489689 0.0521963 0.115709 0.0420412 -0.00195662 -0.0404628 -0.553458 4.35502 1.10703 -0.497613 -1.59127 -0.856374 -33.4559 15.7544 1.60602 2.82005 1.0784 4.10853 -6.67697 1.11853 2.41466 -1.02935 0.178972 -1.21597 -0.145525 -0.102517 1.31996 0.275861 0.214594 0.663089 1.0341 0.153753 -0.220625 -0.531959 0.962884 -0.291226 -0.104284 -0.00187124 0.763047 1.5043 -0.402035 0.0298318 0.362544 0.172617 0.839202 -0.882038 0.131725 0.094866 0.411645 -0.405524 0.188794 0.663856 0.728967 0.440185 0.239063 1.20194 0.960169 -0.340418 -0.268651 -0.888182 -0.0565341 0.132469 0.0408185 1.68672 -0.281242 0.495542 1.08852 0.501997 0.198661 -0.962224 -0.429296 -0.0136135 0.174381 -0.355082 0.0564323 -0.864447 -0.925552 -1.78371 18.8928 10.0555 3.09305
 8.1121e-06 -0.724208 0.159115 5.60235e-06 1.59813 -1.28382 0.13056 0.0330108 -0.614993 1.24286 0.0964912 -2.32063 -1.58258e-05 0.291882 0.00121679 -1.08783e-05 0.298039 -0.0119438 3.89536e-07 -364.382 160.268 -6.75462e-06 0.818176 -0.172442 0.397412 -2.10679 0.530757 0.101096 0.140829 -0.159188 0.184908 0.341888 -1.32395 0.100261 -1.06733 1.72325 -0.232115 0.133775 -0.0014346 -0.900057 0.277533 0.00600266 -0.0841987 0.120442 -0.0095234 0.12053 0.150452 -0.245462 0.310523 0.331121 -1.03551 0.640431 -0.416998 1.42109 0.55444 -0.797622 0.026404 0.777281 -0.377268 -0.0463028 0.0824327 -0.00882314 0.149844 0.426988 -0.0132554 -0.002119 0.00938122 -0.00290557 0.00382125 -5.63715e-06 0.559394 -0.177838 0.232018 0.0121992 -0.353227 0.331986 0.0447231 -1.07633 0.0530233 0.021341 -0.183367 0.628056 -1.49374 0.112517 0.213217 -0.0227289 -0.0497662 -0.0183688 0.000858326 0.0176757 0.242101 -1.89881 -0.486545 0.212207 0.693878 0.381005 14.6215 -6.89112 -0.698571 -1.23224 -0.473631 -1.79399 2.91733 -0.489466 -1.05471 0.449684 -0.0786833 0.531019 0.0642101 0.0449223 -0.577008 -0.120455 -0.0936687 -0.289584 -0.45149 -0.0668356 0.0964049 0.232389 -0.420754 0.127351 0.0457231 0.000791306 -0.333124 -0.657184 0.175797 -0.0128187 -0.158144 -0.0757506 -0.366157 0.385226 -0.0575995 -0.0414729 -0.179782 0.177231 -0.0823997 -0.290173 -0.318651 -0.192512 -0.104634 -0.52514 -0.419127 0.14886 0.117533 0.387783 0.0245632 -0.0579798 -0.0180019 -0.736579 0.122692 -0.216581 -0.475519 -0.219237 -0.0871567 0.420245 0.187347 0.00597976 -0.0761473 0.15512 -0.0246754 0.377751 0.405261 0.77946 -8.27554 -4.36513 -1.35014
 -6.40388e-10 1.97412e-05 -4.14796e-06 1.80125e-10 6.35936e-05 -5.1154e-05 2.08699e-06 9.9969e-07 -1.80242e-05 2.24788e-05 1.97709e-06 -4.51798e-05 -1.05306e-10 -4.08656e-06 5.32755e-08 -5.60809e-10 3.76078e-06 -9.93939e-08 -5.22886e-10 1.54215e-05 -6.75462e-06 1000 1.98497e-05 -4.39371e-06 0.000108364 -0.000130912 3.11193e-05 1.53093e-05 6.9692e-05 -7.87959e-05 0.000101115 1.34494e-05 -5.73354e-05 0.000173879 2.83463e-05 -5.89504e-05 -4.91814e-05 -3.66592e-06 5.78346e-07 -9.97548e-05 1.23237e-05 6.23423e-07 -9.46479e-07 -4.81163e-05 5.86872e-06 -8.11334e-07 -1.36359e-06 2.0371e-06 2.64304e-05 6.72875e-05 -5.76362e-05 1.77053e-05 -5.79403e-05 3.27199e-05 0.000122061 -0.000147126 -3.93409e-05 4.61872e-05 -1.72865e-05 -6.25683e-06 -3.88736e-08 1.69651e-07 -1.74615e-05 6.41288e-06 6.92844e-08 -9.16265e-06 -2.20916e-06 6.42315e-07 5.3959e-07 -2.56122e-10 1.34723e-05 -4.4379e-06 3.93959e-06 2.43417e-07 -6.58087e-06 4.20609e-06 8.82951e-07 -2.03102e-05 9.23835e-07 6.46475e-07 -5.46705e-06 1.07351e-05 -0.000326958 2.62872e-05 5.1724e-06 -5.80577e-07 2.79065e-07 -7.8008e-07 -2.93374e-07 1.0822e-06 1.28107e-05 1.17891e-05 -9.44902e-06 -2.40953e-05 -5.99162e-06 7.4503e-06 9.03499e-05 9.51606e-05 -0.000117588 -3.58387e-05 -1.68129e-05 -1.59969e-05 -6.28952e-07 9.97911e-05 8.33657e-05 -2.91799e-05 3.04969e-05 -4.62041e-05 0.000116759 -3.13509e-05 3.27723e-06 1.54896e-06 -1.1184e-06 -1.99014e-06 5.8347e-06 3.61843e-05 9.00458e-06 4.29825e-08 -2.20979e-05 2.52442e-05 -2.69401e-06 2.32011e-06 -2.33179e-06 9.73002e-06 7.81722e-06 5.80778e-06 5.97889e-06 -1.31538e-05 1.60677e-05 -1.63878e-05 3.48939e-06 -7.60145e-06 -1.36787e-05 -1.24082e-06 1.07309e-05 -2.27317e-06 1.26384e-05 1.22156e-05 -2.04709e-05 -0.000102908 -7.06866e-05 3.76542e-05 1.68556e-05 1.13838e-06 1.94666e-06 8.65619e-06 -1.08611e-05 -4.99844e-06 5.75494e-06 -1.79243e-05 -1.87204e-05 -3.06574e-05 -3.8321e-05 -2.4688e-05 -9.65356e-06 -1.02759e-05 -9.9992e-06 7.50575e-06 -1.01719e-06 1.17355e-05 1.42366e-05 2.03884e-05 -0.000245836 -0.000152463 -4.28366e-05
 8.04392e-06 0.227868 -0.0599666 -1.49732e-05 -3.92079 3.15018 -0.32445 -0.106017 1.94952 -2.89466 -0.22556 5.38527 4.76054e-05 -0.9053 -0.00404944 2.83582e-05 -0.812981 0.0324962 7.78334e-06 -1.87885 0.818176 1.98497e-05 955.372 -202.015 -0.790785 12.6364 -3.20681 -0.0288304 0.487613 -0.547473 -3.99621 -1.20462 4.89026 -3.21192 0.733726 -0.948224 0.562063 -0.370686 -0.00128176 3.94952 -1.18494 -0.0311761 -1.54054 0.433827 -0.0277852 -0.296883 -0.366001 0.602436 -0.837532 -2.32652 1.70113 -0.398681 1.66442 -4.63553 -2.80244 3.77395 0.31214 -2.76928 0.734267 0.836328 -0.136232 0.0115299 0.365396 -0.333624 -0.0174605 1.12453 0.0400149 -0.0115442 -0.0173258 1.71682e-05 -1.42208 0.455138 -0.459704 -0.0242039 0.683571 -0.740786 -0.106886 2.56756 -0.10513 -0.0538084 0.467707 -0.554054 2.11948 -0.171231 -0.356483 0.0389729 0.0179406 0.0376209 0.00267183 -0.0406547 -0.834096 0.00192816 -0.805944 -1.36383 -0.993859 -0.579175 -9.22778 3.71567 2.54751 2.12067 0.922576 1.26286 -7.19707 -0.535492 4.53753 -0.0200795 -2.24663 -6.92507 1.78842 0.781933 -0.725608 -0.491287 -0.244225 0.349762 -0.315319 -1.02173 -0.957569 0.560539 1.38498 -0.746643 -0.0830461 -0.0737096 0.270499 -0.169052 0.176294 0.0635004 0.117611 0.459685 0.242266 0.141943 0.280205 0.635124 1.02441 0.574058 0.195986 0.215419 0.0924862 0.117975 0.335973 2.45561 1.83766 -0.461555 -0.398604 -0.143124 0.358175 0.312075 0.404189 0.973804 0.124379 0.566831 2.23774 1.53076 0.681435 -0.504155 -0.0347062 0.289273 0.412176 -0.498874 0.0707691 -0.956905 -1.16472 -1.9728 21.0196 10.9438 3.41234
