 1000 0.00275241 -0.000570261 -1.20426e-09 -0.000138728 0.000113982 -4.88194e-06 -9.46794e-07 1.61771e-05 -8.40051e-05 -4.89575e-06 0.000112487 5.3953e-10 -1.98817e-05 2.15279e-07 -1.82368e-10 -9.61244e-06 6.13821e-07 -9.69864e-10 -2.69581e-05 1.17911e-05 -6.05381e-10 1.63965e-06 -2.24676e-07 1.53171e-05 -0.000339789 8.50179e-05 -6.17175e-05 -0.000223764 0.000252336 2.19494e-06 -4.40503e-06 1.62413e-05 9.99583e-05 -0.00010284 0.00016174 -6.91651e-05 -5.62901e-06 9.16441e-07 -0.000142766 1.83218e-05 1.29053e-06 -1.48458e-05 -8.03847e-05 1.09634e-05 -6.99731e-06 -1.43875e-05 2.08253e-05 8.01488e-05 -6.77735e-05 -0.000276471 0.000223333 -6.73398e-05 8.08778e-05 0.00011155 -0.000137656 -4.72556e-05 1.32675e-05 -5.32824e-05 5.17252e-05 -3.52483e-06 2.72465e-07 2.66873e-05 5.26159e-06 -2.59921e-07 4.41995e-06 -3.9892e-06 1.07376e-06 4.3338e-07 -4.25896e-11 -1.61644e-05 5.70821e-06 3.78467e-07 -2.72195e-08 -5.99167e-07 9.37395e-06 8.72695e-07 -2.09433e-05 3.42276e-06 2.49102e-06 -1.91011e-05 -1.21913e-05 -0.000333302 2.41396e-05 9.02802e-06 -9.95485e-07 -8.94784e-06 -1.58165e-06 -6.80652e-07 2.28058e-06 4.28592e-06 -3.05741e-05 -0.000126659 -0.00024164 -0.000120303 8.48106e-07 0.000139565 0.000485662 -0.000240633 -0.000179187 -0.000107545 5.80641e-05 -6.33781e-05 -4.3926e-07 0.000100089 0.000131348 6.32788e-05 -6.62874e-05 -0.00016752 0.000238477 -0.000148173 3.35421e-05 -1.79e-05 -8.92145e-06 1.34623e-05 3.4538e-05 1.59347e-05 -2.02106e-05 5.03671e-05 -4.70763e-05 1.01009e-05 -1.03979e-05 -1.00878e-05 1.03163e-05 4.84486e-06 -1.19122e-05 -2.22597e-05 0.000181965 -0.000135642 8.98813e-05 -6.35568e-06 1.58543e-05 2.89057e-05 6.67002e-06 3.17547e-05 -3.3924e-05 3.1656e-05 1.8204e-05 2.79858e-05 -2.35046e-05 -8.2136e-05 5.15365e-05 2.25241e-05 9.05553e-07 5.2217e-06 -3.51969e-05 4.22587e-05 3.69171e-05 1.8902e-06 3.61708e-05 1.45905e-05 -5.14949e-05 -8.41827e-06 -3.05486e-05 1.21538e-06 2.62828e-06 4.44856e-06 1.1188e-06 1.41881e-07 1.95364e-05 3.22598e-05 3.5821e-05 -0.000586116 -1.80184e-06 -5.91838e-05
 0.00275241 496.791 -101.779 0.000175571 25.9703 -21.3363 0.975972 0.314417 -5.64825 14.9823 1.08553 -25.2058 -0.000132515 3.4583 -0.025837 -7.3743e-05 2.95615 -0.15173 2.1779e-05 2.65957 -1.16446 1.15241e-05 1.44954 -0.329785 18.8753 36.3801 -9.44987 6.49422 23.2554 -26.2473 11.9447 2.73871 -11.8121 10.1087 14.5358 -24.6444 6.3524 1.20484 -0.133918 21.6001 -3.20758 -0.190133 11.1042 5.91561 -1.03076 1.87368 3.25372 -4.74723 1.25138 9.08142 13.5669 -12.99 0.851693 -2.84748 2.45909 -2.62408 5.99874 3.81685 7.77656 -10.6781 0.339761 -0.0250237 -1.76364 2.12384 0.00131182 -2.14647 0.281269 -0.0739281 -0.0501161 -3.5837e-05 3.34566 -1.16863 0.921726 0.046057 -1.21994 -1.09313 -0.05799 1.62008 0.0615118 -0.095271 0.711811 -0.812429 -0.122093 0.0154604 1.36326 -0.134987 0.20606 0.121634 0.0289345 -0.151848 2.20574 -4.2427 7.17664 17.5287 11.154 1.17281 -30.987 19.323 -9.20398 17.7821 11.1361 -0.831496 -1.3831 -1.94502 -4.59754 3.57509 3.83343 1.77262 -8.5325 3.79646 -1.24754 0.554922 -1.52497 -0.959222 -0.432792 -0.412674 0.172837 1.93316 0.534574 -0.690663 0.373714 0.257094 0.186985 -0.894881 0.616548 0.0215223 -0.912352 2.90056 -5.93316 2.79771 -0.557728 -0.464211 -1.03635 -3.82595 -1.32286 -2.41566 -1.67453 -1.85316 -0.0268018 -0.416796 -1.27551 -1.74135 -1.81946 -0.618117 -0.506359 -2.28544 -0.0622823 -1.70005 -3.68348 -0.774878 -0.200146 -2.28826 -0.885345 -1.30204 -1.21665 -1.02532 -1.0742 0.588925 -0.347875 -1.97312 -4.20375 -4.71401 74.3099 -22.4794 4.77746
 -0.000570261 -101.779 21.9804 -3.63883e-05 -5.37572 4.41651 -0.20513 -0.0659416 1.18557 -3.0992 -0.224712 5.21783 2.81127e-05 -0.731386 0.00538618 1.55015e-05 -0.622561 0.0319033 -4.56878e-06 -0.562003 0.24601 -2.40077e-06 -0.309621 0.0703634 -3.90112 -7.52137 1.95368 -1.34601 -4.80866 5.42733 -2.46644 -0.569091 2.45334 -2.08993 -3.00653 5.09728 -1.32049 -0.258751 0.0281491 -4.46512 0.653115 0.039375 -2.30074 -1.23784 0.215084 -0.392039 -0.678684 0.990266 -0.261368 -1.87572 -2.8017 2.68273 -0.178149 0.586775 -0.508986 0.543368 -1.24066 -0.78924 -1.60749 2.20745 -0.0707699 0.00521902 0.365564 -0.43873 -0.000339199 0.446058 -0.0579922 0.0152411 0.0104542 7.56733e-06 -0.708899 0.247441 -0.19502 -0.00972376 0.257973 0.224208 0.0116535 -0.327257 -0.013717 0.0193504 -0.14454 0.171513 0.0257408 -0.0032472 -0.282838 0.0280031 -0.0439014 -0.025131 -0.00597276 0.0313682 -0.455808 0.876364 -1.48091 -3.62043 -2.30625 -0.23846 6.40261 -3.99655 1.90258 -3.67177 -2.29865 0.17166 0.286015 0.401579 0.94917 -0.739626 -0.79262 -0.365898 1.76413 -0.785933 0.258259 -0.114964 0.315327 0.198392 0.0892457 0.0850625 -0.0361072 -0.399268 -0.110792 0.142715 -0.0772267 -0.0531919 -0.0383345 0.184449 -0.127305 -0.00443414 0.188671 -0.600736 1.22683 -0.578655 0.115126 0.0957926 0.21418 0.790492 0.273281 0.498838 0.345418 0.382486 0.00516341 0.0858165 0.264165 0.359793 0.376159 0.127355 0.104583 0.472296 0.0123949 0.351755 0.76056 0.159838 0.0413431 0.47317 0.182491 0.268987 0.251033 0.211888 0.221967 -0.12171 0.0718705 0.407541 0.869584 0.973257 -15.3796 4.69026 -0.984255
 -1.20426e-09 0.000175571 -3.63883e-05 1000 -0.00108781 0.000896361 -1.00699e-06 -1.20108e-08 4.13726e-06 6.62915e-05 5.24074e-06 -0.000119159 4.03828e-10 -6.19596e-06 4.98768e-09 3.1901e-12 -5.15821e-07 2.14304e-08 3.07755e-11 -7.28056e-06 3.10655e-06 1.53869e-10 -9.7994e-06 2.09024e-06 7.54507e-05 5.1313e-05 -1.3961e-05 1.64065e-06 1.97274e-06 -2.44093e-06 0.000155841 1.82523e-05 -8.59528e-05 0.000206879 -1.14801e-05 3.81483e-06 1.52313e-05 -4.21629e-06 1.21814e-07 2.13965e-05 -4.99387e-06 2.16486e-07 8.15719e-05 -1.04184e-05 1.79667e-07 2.75859e-06 3.90124e-06 -5.82403e-06 7.96749e-06 2.6616e-05 -3.29625e-05 1.51203e-05 -3.13307e-05 -2.50518e-05 0.000102671 -0.000117331 2.94969e-05 -1.21861e-05 4.54501e-05 -4.27524e-05 -1.61103e-06 -3.5225e-08 3.14151e-05 -5.25431e-05 4.40268e-06 -0.000105282 -5.69667e-06 1.44973e-06 8.37642e-07 1.07476e-10 -1.60696e-05 5.26925e-06 -2.79006e-06 -1.04446e-07 3.26724e-06 -1.40582e-05 -1.42553e-06 3.3295e-05 1.64117e-06 1.45795e-07 -1.43621e-06 -8.22962e-06 -0.000129699 9.14726e-06 2.36378e-05 -2.29978e-06 -1.87385e-06 -3.24377e-07 -2.20204e-07 5.4866e-07 -2.77466e-05 -3.49891e-05 -1.58527e-05 -2.2562e-05 -8.36288e-06 5.86777e-06 7.62042e-05 -2.0457e-05 -4.80126e-05 3.81546e-05 1.39121e-05 -2.5567e-05 5.91304e-06 4.86856e-05 -3.15909e-05 0.000110819 -3.48652e-05 1.79426e-06 -2.16439e-05 -1.97287e-06 5.22493e-06 2.7909e-06 1.33381e-05 -4.92408e-06 2.13282e-05 -3.0734e-05 -5.24306e-06 3.20602e-07 3.30755e-05 -3.72793e-05 -2.32831e-05 3.97341e-05 4.36144e-05 4.38666e-05 -7.81624e-05 -0.000206861 -8.163e-05 0.000142406 -4.21705e-05 0.000141785 -8.5702e-06 6.43319e-06 3.03529e-05 2.08878e-05 1.12014e-05 -6.13373e-06 2.14825e-05 -1.00014e-05 5.52548e-05 -4.85053e-05 -0.000113743 -6.74085e-06 -6.54763e-05 6.48708e-05 6.66256e-05 3.64458e-06 -3.74494e-06 -4.21124e-06 -2.16074e-05 6.85168e-05 4.90633e-05 -0.000108045 5.12307e-05 -3.01616e-05 -4.09914e-06 -1.15062e-06 -2.65435e-06 -4.3887e-06 3.38178e-06 -1.65201e-05 -4.81823e-05 -6.56106e-05 0.000489342 1.30404e-06 4.91004e-05
 -0.000138728 25.9703 -5.37572 -0.00108781 407.629 -333.44 0.243831 0.0801172 -1.2447 9.92786 0.730479 -16.9109 6.26116e-05 -0.966526 -0.00849748 -6.92942e-07 0.14352 -0.0166504 2.77609e-05 -1.85142 0.795504 3.9808e-05 -2.11462 0.457786 12.2162 21.9451 -5.71479 4.37708 14.4094 -16.269 12.44 1.0967 -5.3203 9.11484 9.18405 -15.7617 1.75417 -0.89753 0.00286793 11.5277 -3.4269 -0.0891318 7.06338 0.601979 -0.254824 0.185866 0.590438 -0.857363 -1.56966 3.25513 -1.24977 -0.131392 1.04646 -3.15186 1.37402 -1.32628 4.21205 2.31928 5.35716 -7.18787 0.0471949 0.000509775 -1.78294 -1.62541 0.254268 -8.02616 -0.677807 0.18077 0.0989605 1.66861e-05 -1.86046 0.605664 -0.0859606 -0.00115916 0.100301 -1.72139 -0.137623 3.42681 0.0727036 -0.036317 0.27785 -2.34749 -2.78385 0.210752 1.72585 -0.169074 0.170518 0.0585988 0.0141633 -0.0733797 1.27799 -1.46492 1.44507 2.81928 1.46424 2.21888 2.03472 -1.24869 -1.49213 7.09779 2.2909 -1.82465 -0.820189 0.653367 -1.78235 3.18208 -0.266035 -0.688606 -0.824932 1.33007 -0.000420118 -0.585916 -1.0403 -1.74419 0.460669 0.577104 -0.147231 0.123982 2.40452 -1.15954 -1.56918 -0.432962 -0.25849 2.77348 2.94081 -1.72067 -1.39387 3.72311 -7.63515 3.20095 0.301786 -0.0262092 -0.604838 -1.15479 -0.724968 -0.323655 -0.375426 -1.54439 0.469407 0.468883 0.0849807 -0.764313 -1.37894 -0.122027 -0.125814 -0.481965 0.48958 -0.714214 -3.47835 -0.268038 1.4093 -2.12486 -0.149117 -0.9835 -0.731833 -0.53289 -0.531465 0.263396 -0.183196 -1.68975 -3.31964 -4.12445 58.4979 -11.6126 4.48863
 0.000113982 -21.3363 4.41651 0.000896361 -333.44 275.249 -0.201598 -0.066209 1.02998 -8.1563 -0.600219 13.8953 -5.12366e-05 0.789357 0.00699292 6.39091e-07 -0.121381 0.013841 -2.28277e-05 1.51781 -0.652149 -3.27073e-05 1.73414 -0.375408 -10.0338 -18.0266 4.69434 -3.59742 -11.8366 13.3642 -10.2182 -0.901857 4.37421 -7.48761 -7.54423 12.9474 -1.44239 0.734678 -0.00223563 -9.46746 2.81234 0.0732191 -5.80272 -0.498176 0.209799 -0.154144 -0.486716 0.706786 1.29007 -2.67372 1.02681 0.107711 -0.860263 2.58881 -1.12882 1.08965 -3.45961 -1.90498 -4.40052 5.90421 -0.0390447 -0.000393855 1.46454 1.33579 -0.208918 6.59437 0.55694 -0.148533 -0.081374 -1.36571e-05 1.52244 -0.495542 0.0689742 0.000880398 -0.0803422 1.41321 0.112915 -2.81185 -0.0600525 0.0297306 -0.227464 1.92983 2.28591 -0.173066 -1.41811 0.138925 -0.140279 -0.0481315 -0.0116314 0.0602702 -1.0494 1.20328 -1.18667 -2.3153 -1.2026 -1.82234 -1.67163 1.02602 1.22587 -5.83096 -1.88151 1.49905 0.673557 -0.536965 1.46419 -2.61421 0.218674 0.565564 0.677807 -1.09235 0.000136515 0.481182 0.854375 1.43266 -0.378459 -0.473702 0.120892 -0.101867 -1.97512 0.95254 1.28916 0.35545 0.212275 -2.27838 -2.41492 1.4144 1.14531 -3.05887 6.27149 -2.62979 -0.24786 0.0215025 0.496711 0.948397 0.59545 0.265677 0.308098 1.26847 -0.385845 -0.385088 -0.069249 0.627878 1.13306 0.0997615 0.103032 0.395823 -0.402221 0.586987 2.85683 0.219791 -1.15773 1.74583 0.121979 0.807856 0.600969 0.437733 0.43656 -0.216314 0.150434 1.38795 2.72743 3.38772 -48.0632 9.55906 -3.68582
 -4.88194e-06 0.975972 -0.20513 -1.00699e-06 0.243831 -0.201598 999.841 -0.0903455 0.912848 0.304927 0.00481308 -0.0640506 1.4284e-05 -0.298985 4.92359e-05 8.17698e-06 -0.261694 0.011589 -1.14625e-06 -0.326916 0.140804 2.04636e-06 -0.337646 0.0732499 0.101352 0.70456 -0.180405 0.0690501 0.8323 -0.939971 1.08275 -0.133938 0.455573 0.961391 0.184875 -0.372018 -0.0634773 -0.142287 0.00535961 -0.41366 -0.00424837 0.00319576 -0.141863 -0.370029 0.0478211 -0.143625 -0.18137 0.264014 0.171895 -0.344218 -0.437901 0.43241 -0.0440575 -1.75419 0.671062 -0.617923 -0.333898 -0.389467 0.170731 0.0509695 -0.0534404 0.00476867 -0.0858538 0.0356685 -0.00431655 0.134447 0.00117199 -0.00026603 -0.00458437 4.48141e-06 -0.513852 0.171443 -0.175204 -0.00776648 0.236095 -0.11587 -0.0204276 0.470273 0.00944477 -0.00164182 0.00962896 0.136734 -0.487329 0.0345426 -0.219564 0.0208609 0.0363632 0.0025782 1.21961e-06 -0.00260316 -0.306964 -0.214619 -0.23431 -0.390237 -0.196198 -0.0334409 0.631105 0.77348 -1.11281 0.118027 0.131447 0.270188 0.428149 -0.116511 -0.180368 0.126541 0.214069 -0.219861 -0.0383231 -0.0146101 -0.0206713 -0.0302357 -0.052398 -0.0304006 -0.0731589 -0.130685 0.344789 -0.517894 0.126401 -0.0241126 0.0173934 -0.0503347 0.0661902 -0.0308793 -0.0418262 -0.0657359 -0.144662 0.119905 0.281315 -0.219079 0.0480786 0.0633585 0.117752 -0.597888 0.218704 -0.181831 0.0800525 0.185013 -0.391381 -0.107852 -0.0365588 0.318355 -0.153631 0.179531 0.207673 -0.0295589 0.064131 0.0220053 0.0860997 0.041729 0.360209 0.422953 0.0598381 -0.112378 -0.0852275 0.0288932 0.0324611 -0.0812224 0.0393049 -0.36577 -0.573502 -0.94784 7.96544 4.58271 1.34741
 -9.46794e-07 0.314417 -0.0659416 -1.20108e-08 0.0801172 -0.066209 -0.0903455 3.62131 -52.0833 0.0875537 0.000979309 -0.00910438 4.08268e-06 -0.0833652 3.21804e-07 2.49194e-06 -0.0739135 0.00327283 1.3264e-07 -0.0785791 0.0338358 8.83852e-07 -0.101436 0.0220887 -0.00926212 0.351926 -0.0888109 0.0274668 0.258663 -0.291969 0.265855 -0.0493969 0.17783 0.187397 0.136485 -0.237479 -0.00728041 -0.0400476 0.00123181 -0.106188 -0.00174988 0.000626049 -0.067285 -0.0849582 0.0110682 -0.0382233 -0.0515316 0.0750151 0.0532762 -0.116794 -0.183355 0.172232 0.0412142 -0.57275 0.103731 -0.0671735 -0.0988174 -0.12481 0.031765 0.0400293 -0.0167999 0.00189943 -0.104719 0.0709308 -0.001526 -0.0131826 0.000618882 -0.000136334 -0.00164901 1.3811e-06 -0.148612 0.0496117 -0.0501302 -0.00221235 0.0672582 -0.0445594 -0.00714151 0.161683 -0.00222951 -0.00150251 0.0102985 0.0536261 0.0171748 -0.000985281 -0.0465738 0.00441834 0.0160635 0.00127008 0.000508311 -0.00179279 -0.0899794 -0.0899152 -0.053077 -0.0614453 -0.0220949 -0.00110342 0.435376 -0.08411 -0.340384 0.0803257 0.0767485 0.290106 0.116584 -0.0406158 -0.226455 -0.0692319 0.124436 -0.0563205 0.00834567 -0.0124124 -0.0203729 -0.0246838 -0.0348727 -0.0149801 -0.030427 -0.0951323 0.190599 -0.147791 0.0186073 -0.0267138 0.0496604 -0.0273753 0.0277254 -0.0172388 0.00751416 -0.0091566 -0.091187 0.0163316 0.0209785 -0.0497642 0.0265275 0.0369688 0.0353835 -0.122539 0.0250547 -0.0134202 0.00677664 -0.0376385 -0.108307 0.0403354 0.0781628 0.0872327 -0.0111842 0.03491 0.00880772 -0.0562795 -0.0632265 0.125716 -0.0291599 0.101459 0.172277 0.0454902 -0.0610942 -0.040989 -0.0261187 0.00592277 0.0120712 -0.0247072 0.0114628 -0.112303 -0.134009 -0.259318 2.46237 1.39878 0.414619
 1.61771e-05 -5.64825 1.18557 4.13726e-06 -1.2447 1.02998 0.912848 -52.0833 991.723 -1.54962 -0.00583738 -0.122995 -8.06563e-05 1.65711 -0.000299705 -4.79774e-05 1.45771 -0.0647656 -8.61745e-07 1.54435 -0.665192 -1.68443e-05 1.97233 -0.429654 0.189575 -6.491 1.63806 -0.453626 -4.7531 5.36502 -5.01765 0.987024 -3.57428 -3.5309 -2.46123 4.29268 0.14937 0.836849 -0.0269987 2.00898 0.0844074 -0.0123217 1.30787 1.75219 -0.228799 0.782383 1.03374 -1.5064 -1.05588 2.20551 3.44947 -3.24165 -0.721193 10.7594 -1.96626 1.28226 1.88089 2.35124 -0.578531 -0.776179 0.323087 -0.0363365 1.94363 -1.32395 0.0291573 0.220182 -0.0158683 0.00367654 0.0324697 -2.78974e-05 2.951 -0.986082 1.00642 0.0446847 -1.35209 0.840393 0.134908 -3.05292 0.0407291 0.0256634 -0.174476 -1.13783 -0.274085 0.015728 0.890377 -0.0844735 -0.310336 -0.0236944 -0.00952073 0.033484 1.68811 1.68496 0.987377 1.15786 0.445872 0.0361278 -8.1693 1.52899 6.37304 -1.3874 -1.34861 -5.4713 -2.19559 0.760571 4.24007 1.29593 -2.33214 1.06474 -0.168195 0.226067 0.385275 0.463728 0.655006 0.281328 0.565802 1.77578 -3.5802 2.7769 -0.349857 0.495971 -0.935777 0.512456 -0.527502 0.322724 -0.143752 0.168973 1.70626 -0.300741 -0.413168 0.937526 -0.501632 -0.697748 -0.670708 2.30311 -0.479531 0.255258 -0.12685 0.704735 2.04118 -0.752296 -1.4739 -1.65279 0.203328 -0.656808 -0.17104 1.0538 1.18649 -2.37157 0.545461 -1.90682 -3.24198 -0.864177 1.15165 0.770985 0.492309 -0.116015 -0.231295 0.46578 -0.21545 2.1103 2.50253 4.876 -45.8622 -26.9025 -7.82396
 -8.40051e-05 14.9823 -3.0992 6.62915e-05 9.92786 -8.1563 0.304927 0.0875537 -1.54962 892.1 -7.12862 149.409 6.76267e-05 -1.48463 3.33726e-06 3.259e-05 -1.07755 0.0479344 1.91922e-05 -1.42055 0.613461 9.87381e-06 -1.64997 0.36128 6.87289 6.94654 -1.85432 1.88298 5.18309 -5.85595 5.39315 1.07584 -4.71787 6.03006 3.45056 -6.11334 1.0216 -0.177311 -0.0091525 6.00347 -1.87868 -0.0407483 3.46206 0.104626 -0.0932655 0.359761 0.506992 -0.742575 1.24787 1.48077 -4.96655 3.105 -0.519093 -2.73019 2.95631 -3.19512 2.74598 2.60703 1.07342 -2.72402 0.478592 -0.0317029 -2.89767 4.38592 0.00844844 -4.7444 -0.125405 0.0334261 -0.0117168 -4.30197e-06 -0.51455 0.160154 0.165295 0.0127117 -0.31119 -0.788108 -0.068294 1.88451 -0.382686 -0.248326 1.86823 -0.358355 -6.58041 0.474515 -0.0602236 0.00250404 0.557985 0.00365926 -0.00919476 0.00554973 -0.152054 -6.24878 -1.04228 3.99847 6.41219 7.90089 -8.57806 -3.31181 1.02365 18.0864 6.24201 -10.5761 2.8819 -1.71038 -3.29798 3.10458 8.77729 13.778 -16.6386 1.73908 2.06776 0.885874 -0.421778 -0.877236 -0.848841 2.87125 -5.1564 0.304477 3.35587 -3.43718 0.982236 0.0711198 -1.64297 0.0579288 -0.255626 1.28018 -5.15774 9.28619 -10.5506 7.10423 -2.06583 -0.941446 1.38214 -5.54088 0.384714 -3.53672 -1.40503 1.1253 -0.267761 -0.53188 -0.990788 -1.13298 -1.25447 1.09947 -0.0576338 -2.77249 0.117866 1.07813 -1.48282 0.08325 -2.00796 1.12824 1.64331 -1.52428 -2.89842 -0.99127 -0.930414 0.194148 -0.0338799 -0.91166 -1.0867 2.29288 33.9255 -9.40632 2.27393
 -4.89575e-06 1.08553 -0.224712 5.24074e-06 0.730479 -0.600219 0.00481308 0.000979309 -0.00583738 -7.12862 2.33036 -33.8453 5.27196e-06 -0.112454 -1.59978e-05 2.72933e-06 -0.0845618 0.00369112 1.51945e-06 -0.131504 0.0566857 1.01913e-06 -0.143197 0.0312274 0.280996 0.799861 -0.205725 0.162569 0.547498 -0.618137 0.337574 0.0270694 -0.132066 0.175743 0.394678 -0.661823 0.0597996 -0.0274103 -0.000115435 0.185337 -0.0806176 -0.0015037 0.0524715 0.0287383 -0.00614734 -0.00137622 0.00550463 -0.0080876 -0.0920356 0.0717074 0.0178929 -0.0344803 0.0553834 -0.301225 -0.0132503 0.0432697 0.107516 -0.00818438 0.162922 -0.173976 0.00317799 -0.000233761 -0.0703217 0.100284 0.000881047 -0.136464 -0.00389147 0.00107719 -0.00057147 2.10245e-07 -0.0653053 0.0211234 -0.0115253 -0.000241481 0.0110361 -0.00544878 0.000329594 -0.00181608 -0.0107376 -0.00749599 0.0555425 -0.0719594 0.196688 -0.0135573 0.0267691 -0.00281982 0.023678 0.00272584 0.000919825 -0.00367575 -0.0255502 -0.490896 0.107793 0.669791 0.633914 0.642495 -0.449068 -0.127398 -0.20168 0.511777 0.143019 -0.172298 0.374251 0.026276 -0.460715 -0.253788 0.136578 0.427049 -0.207253 -0.00961854 -0.0389077 -0.0195908 -0.0492033 -0.0581417 -0.0674549 0.0759667 -0.150422 -0.0472326 0.113983 -0.098254 -0.00101881 -0.0252833 -0.0522656 -0.00490596 0.0603889 -0.0100467 -0.138828 0.304892 -0.295585 0.0357225 -0.00677699 -0.0464969 0.037529 -0.245453 0.0270842 -0.0698126 -0.0361248 -0.0310835 -0.0819539 0.0249079 -0.00716385 -0.0651653 -0.0547688 -0.00850672 0.0225149 -0.079794 0.0102302 0.00926188 -0.105489 0.00476998 0.058385 0.000682645 -0.0341861 -0.035936 -0.0459511 -0.0248068 -0.0245567 -0.000741107 0.000401387 -0.0937575 -0.158398 -0.237317 2.79226 0.0574778 0.287368
 0.000112487 -25.2058 5.21783 -0.000119159 -16.9109 13.8953 -0.0640506 -0.00910438 -0.122995 149.409 -33.8453 786.516 -0.000127567 2.72865 5.78869e-05 -6.5351e-05 2.07095 -0.0907591 -3.42836e-05 3.1924 -1.37643 -2.25877e-05 3.43734 -0.749804 -6.61994 -18.4101 4.73758 -3.74802 -12.603 14.2292 -8.00938 -0.573846 2.8626 -4.23282 -9.03364 15.163 -1.38789 0.755186 -0.00262294 -4.38407 1.98131 0.0346409 -1.23287 -0.479764 0.11887 0.0988155 -0.0619036 0.0900296 2.11596 -1.71731 -0.174456 0.642504 -1.16273 6.97667 0.197337 -0.874468 -2.56494 0.095718 -3.74018 4.04971 -0.0881442 0.00633889 1.76613 -2.43404 -0.0219119 3.33179 0.0772327 -0.0215518 0.0172088 -6.10635e-06 1.65429 -0.537107 0.326549 0.00822026 -0.330887 0.0568071 -0.0142626 0.187701 0.239786 0.170724 -1.26545 1.76457 -4.29265 0.294959 -0.613859 0.0647202 -0.530673 -0.0622407 -0.0206888 0.0836149 0.59951 11.4241 -2.55697 -15.4888 -14.4168 -14.6992 10.4565 3.07441 4.69496 -12.8828 -3.52828 4.37968 -8.65521 -0.535648 10.6509 5.6974 -3.42284 -10.2537 5.33132 0.159039 0.819175 0.414597 1.14215 1.36812 1.57536 -1.8374 3.63013 1.0663 -2.71776 2.36908 -0.00641429 0.579714 1.25708 0.107176 -1.36585 0.190191 3.35572 -7.29476 7.12381 -1.05861 0.22625 1.09461 -0.905112 5.79871 -0.634421 1.71518 0.876713 0.67736 1.8899 -0.550353 0.191227 1.52233 1.29572 0.160589 -0.510226 1.91743 -0.236387 -0.247727 2.46009 -0.111085 -1.26541 -0.0533306 0.725867 0.873353 1.14812 0.603423 0.595169 0.0105308 -0.00883858 2.16974 3.64379 5.32115 -64.9718 -0.809139 -6.62319
 5.3953e-10 -0.000132515 2.81127e-05 4.03828e-10 6.26116e-05 -5.12366e-05 1.4284e-05 4.08268e-06 -8.06563e-05 6.76267e-05 5.27196e-06 -0.000127567 1000 8.13667e-05 -6.20628e-06 -9.80861e-10 4.78379e-05 -1.77889e-06 2.73314e-10 3.62421e-05 -1.55066e-05 -1.28044e-11 4.48805e-05 -9.55648e-06 -0.000269416 -0.000568957 0.000148507 -3.03161e-05 -0.000185039 0.000208802 -9.28369e-05 2.89858e-05 -0.000108082 -0.000133903 3.97308e-05 -5.59434e-05 0.000116262 3.06753e-05 -1.003e-06 -0.000315961 0.000133103 3.33001e-06 -2.24268e-05 0.000169831 -1.98875e-05 2.95939e-05 4.04019e-05 -5.9167e-05 9.35445e-05 -7.58734e-06 -0.000205772 0.000151236 2.68146e-05 6.23494e-05 -2.53974e-06 -2.50466e-06 0.000134084 -3.36589e-05 -3.7508e-05 5.23563e-05 -2.02542e-06 2.1344e-07 -2.60732e-05 -1.2299e-06 1.29704e-06 -4.99097e-05 -1.07674e-06 2.87733e-07 -4.983e-07 -5.89509e-10 7.33521e-05 -2.41678e-05 1.52808e-05 6.3864e-07 -1.88107e-05 2.44397e-05 3.77819e-06 -9.17187e-05 1.39699e-06 1.51498e-06 -1.24004e-05 -4.90799e-05 0.000246113 -1.70453e-05 7.57452e-06 -6.27138e-07 1.11888e-05 -9.94374e-07 -1.50235e-07 1.15466e-06 -5.74467e-05 -6.43949e-05 2.76663e-05 8.87843e-05 4.49672e-05 1.51994e-05 -8.81509e-06 9.8927e-07 -0.000112267 -9.44821e-06 -8.00047e-07 0.000226611 0.000145531 -0.000121402 -8.18209e-05 4.58546e-05 3.63241e-05 6.12135e-05 5.30191e-05 -9.64465e-06 -0.000103319 -1.37135e-05 6.14398e-05 3.30026e-05 -4.76262e-05 -3.37881e-05 -7.84475e-05 4.26719e-05 3.4789e-05 1.9451e-05 -4.5002e-06 -1.07889e-05 -3.25022e-05 2.33679e-06 -1.70272e-05 -2.64533e-05 -3.16511e-05 -3.04909e-05 -2.60017e-05 -3.58286e-05 -1.13186e-05 7.1543e-06 1.81223e-05 3.52569e-05 2.76255e-05 2.19159e-05 1.39961e-05 -7.40685e-07 -4.16755e-05 -4.10496e-05 -1.8942e-05 8.87865e-06 2.59688e-05 -1.9693e-06 -3.72576e-05 1.90274e-06 -5.35952e-06 2.18208e-06 -4.86232e-06 -7.52404e-06 2.66987e-06 2.53138e-05 3.44968e-05 -1.69218e-05 -3.02152e-06 -1.05886e-05 -5.93565e-06 -3.09325e-06 6.68566e-06 3.31336e-05 6.07325e-05 8.64848e-05 -0.000772701 -0.000338207 -0.000117942
 -1.98817e-05 3.4583 -0.731386 -6.19596e-06 -0.966526 0.789357 -0.298985 -0.0833652 1.65711 -1.48463 -0.112454 2.72865 8.13667e-05 997.974 -2.68261 1.68876e-05 -1.09702 0.0415133 -1.01423e-05 -0.711437 0.303632 -5.95074e-06 -0.879976 0.186067 8.17223 13.8655 -3.64902 0.809169 4.70742 -5.31333 3.0566 -0.627179 2.2583 4.63661 -0.172727 -0.0458997 -3.46399 -0.794917 0.029254 6.55261 -3.11788 -0.0734521 0.810462 -4.834 0.56546 -0.722921 -0.999985 1.46312 -2.02233 1.25111 4.27267 -3.50852 -1.2054 -0.727713 0.930861 -1.03106 -3.77581 1.60376 0.8201 -1.58589 0.0391698 -0.00329176 0.663433 0.144259 -0.0266227 0.932934 0.0108841 -0.00274426 0.0163794 1.14998e-05 -1.59885 0.52506 -0.28928 -0.0114822 0.341774 -0.627807 -0.0901544 2.19603 -0.0136074 -0.026921 0.227063 1.37992 -8.4551 0.59609 -0.143609 0.0109718 -0.308875 0.0208359 0.00360235 -0.0246487 1.91843 2.03537 -0.396888 -1.89665 -0.904709 -0.166729 0.784443 0.323559 2.2062 -0.0518123 -0.0740298 -4.61508 -3.90228 2.07707 3.25706 -0.836906 -0.814112 -1.69752 -0.381784 0.544591 2.00282 0.331364 -1.42849 -1.30754 1.51894 1.15274 2.02872 -0.84546 -0.647789 -0.201544 0.125789 0.209421 0.66226 0.0930129 0.518231 0.66268 0.77017 0.61168 0.646052 0.785251 0.199128 -0.297788 -0.651422 -0.959578 -0.619416 -0.555729 -0.423403 -0.132049 0.47641 0.511748 0.0872862 -0.0651191 -0.234855 0.165791 0.684652 -0.0907679 -0.0119648 -0.301162 -0.0277201 0.00975189 -0.237579 -1.02795 -1.43349 -0.112794 -0.115653 0.0666117 0.00119346 0.232689 -0.232863 -0.599468 -1.21321 -1.62402 14.2078 5.7697 2.11477
 2.15279e-07 -0.025837 0.00538618 4.98768e-09 -0.00849748 0.00699292 4.92359e-05 3.21804e-07 -0.000299705 3.33726e-06 -1.59978e-05 5.78869e-05 -6.20628e-06 -2.68261 0.82451 2.35825e-07 -0.00605745 0.000318732 2.49416e-08 -0.00265341 0.00116591 5.88391e-08 -0.00404754 0.000914206 -0.0337702 -0.0582456 0.01527 -0.00593236 -0.024753 0.027939 -0.0133972 -5.36182e-05 0.00125998 -0.0186803 -0.00550837 0.0103964 0.00184367 -0.00167496 0.000156605 -0.0355257 0.00809396 0.000368421 -0.0111775 0.00625163 -0.000456956 6.70304e-05 -0.000552888 0.000790575 0.00349782 -0.00608769 -0.0172158 0.0145819 0.00206011 0.000301695 -0.00546528 0.00640043 0.0070596 -0.00668036 -0.00557652 0.00931101 -0.00043399 3.56659e-05 -0.000859244 -0.000752275 4.34463e-05 -0.00107549 0.000100485 -2.73592e-05 -4.44042e-05 6.6125e-08 -0.00427321 0.00151073 -0.000397871 -1.67272e-05 0.000430964 0.00103695 9.37567e-05 -0.00263352 -0.000262076 -0.000205252 0.0014176 -0.00439858 0.0310562 -0.00218065 -0.000222223 3.10209e-05 0.000222285 -8.30725e-05 -1.38281e-05 9.77387e-05 -0.00705501 -0.0045316 -0.000132504 0.00336675 0.00204064 0.000790604 -0.00153722 -0.00133483 -0.0070337 -0.00233121 0.00011802 0.0162485 0.0130911 -0.00693436 -0.0111319 0.00232431 0.00237858 0.00558463 0.00139434 -0.00233717 -0.00684833 -0.00079711 0.00548749 0.00489102 -0.00540921 -0.00430868 -0.00701778 0.00301174 0.00213143 0.000368005 -0.000528118 -0.000846599 -0.00206855 -0.000446796 -0.00190343 -0.00232039 -0.00245881 -0.00229153 -0.00165097 -0.00291432 -0.000588605 0.00121983 0.00263128 0.00361715 0.00237905 0.00195186 0.00135233 0.00021052 -0.00178539 -0.00163605 0.000403548 0.000749219 0.00117933 -0.000576151 -0.00211277 0.000548711 0.000118915 0.00165497 0.000286741 0.000268429 0.00108778 0.00381443 0.00486777 0.000575097 0.00046938 1.30201e-05 0.000244465 -0.000950098 0.000865607 0.00202485 0.00468097 0.00512733 -0.0644115 0.00534354 -0.00582444
 -1.82368e-10 -7.3743e-05 1.55015e-05 3.1901e-12 -6.92942e-07 6.39091e-07 8.17698e-06 2.49194e-06 -4.79774e-05 3.259e-05 2.72933e-06 -6.5351e-05 -9.80861e-10 1.68876e-05 2.35825e-07 1000 2.43816e-05 -3.53278e-06 -3.42369e-10 2.36889e-05 -1.01225e-05 -5.47023e-10 2.91454e-05 -6.19932e-06 3.02958e-05 -2.43225e-06 5.57939e-08 -9.89281e-06 -5.76567e-05 6.50251e-05 1.95291e-05 1.33148e-05 -5.51313e-05 6.63402e-05 2.47854e-07 -5.46252e-06 -2.23287e-05 6.64096e-06 -1.10085e-07 -9.33206e-05 2.50181e-05 7.48637e-07 -1.73099e-05 6.50452e-06 -1.3027e-07 8.39259e-06 1.30819e-05 -1.91135e-05 7.16694e-05 -6.93563e-06 -0.000189457 0.000139412 -2.43179e-05 7.84385e-05 3.46771e-05 -4.7975e-05 1.49046e-05 2.76538e-05 -3.58348e-05 2.21224e-05 6.22303e-06 -4.75906e-07 -4.95212e-06 1.91572e-05 -9.0885e-08 -1.67856e-05 -2.26593e-06 5.83656e-07 4.52853e-07 -4.30608e-10 3.51225e-05 -1.15959e-05 1.02759e-05 4.74197e-07 -1.39972e-05 2.31919e-06 1.05673e-06 -2.64407e-05 2.15838e-06 2.10909e-06 -1.6727e-05 -4.18698e-06 -0.00031258 2.2998e-05 1.58513e-05 -1.50414e-06 8.63197e-07 -9.18828e-07 -1.84507e-07 1.1127e-06 -1.57794e-05 -4.32035e-05 5.15093e-05 0.000107785 6.62397e-05 5.18783e-05 4.09213e-05 2.12079e-06 -0.000160505 -6.95965e-05 -2.19165e-05 0.000239076 -1.38801e-05 0.00013383 -5.07998e-05 2.90886e-06 7.38538e-05 -2.48811e-05 3.92202e-05 -1.44224e-05 -3.47792e-05 -2.66655e-05 -2.1397e-05 4.64118e-06 6.95387e-06 5.31505e-05 -1.84226e-05 -1.15231e-06 -3.78838e-05 4.00797e-06 1.26927e-05 1.20168e-05 -5.51532e-06 -3.58604e-06 -1.72154e-05 -7.24935e-06 -1.70239e-05 -3.02562e-05 -2.83949e-05 -1.24899e-05 -9.5608e-06 -2.00659e-06 -3.03891e-06 1.04089e-05 4.83914e-06 -1.0378e-05 -1.29674e-05 -1.16328e-05 -1.59165e-05 -3.01327e-05 -4.12575e-05 -2.99456e-06 4.1096e-06 -7.45447e-06 2.38844e-06 7.98079e-06 -1.17985e-05 2.34672e-05 -2.31008e-06 -2.42843e-05 -1.62861e-05 -2.06654e-05 -1.22254e-05 -1.90264e-05 -5.00263e-06 -1.05426e-05 -9.73911e-06 7.99275e-06 1.53098e-06 2.42185e-05 4.43515e-05 5.98396e-05 -0.000522823 -0.000309669 -8.94948e-05
 -9.61244e-06 2.95615 -0.622561 -5.15821e-07 0.14352 -0.121381 -0.261694 -0.0739135 1.45771 -1.07755 -0.0845618 2.07095 4.78379e-05 -1.09702 -0.00605745 2.43816e-05 996.91 -46.6501 -3.8288e-07 -0.685672 0.293103 3.37914e-06 -0.82071 0.174771 3.4463 4.06735 -1.09202 0.457911 2.83077 -3.19614 1.78312 -0.382805 1.39086 2.31415 0.356989 -0.749461 -1.15008 -0.447301 0.0161605 2.81483 -1.34616 -0.0310363 1.22287 -2.46938 0.269435 -0.427404 -0.6186 0.902974 -1.38948 1.7502 3.37602 -3.03087 -0.363175 -1.22677 0.403526 -0.36014 -2.08221 0.843701 1.10062 -1.54318 -0.192092 0.0185153 -0.0301994 0.101981 -0.0116016 0.384864 0.0344147 -0.00865031 -0.0021807 1.16734e-05 -1.17794 0.388489 -0.30283 -0.0132718 0.394988 -0.371345 -0.0625803 1.54076 -0.09553 -0.0624548 0.49726 0.592399 1.25851 -0.0976015 -0.318566 0.0284352 -0.106892 0.0278915 0.00465447 -0.0328274 1.55744 2.18392 -1.00605 -2.85843 -1.65439 -1.02825 -0.422525 0.814549 3.52027 1.47871 0.421775 -6.68786 -2.47291 -0.272849 3.76405 1.23184 -3.36345 -3.18084 2.52664 -0.0954397 1.15197 0.623962 0.222703 -0.291884 -0.558409 0.663176 0.647838 0.181578 0.609656 0.417401 0.020204 -0.0196156 0.313321 0.208145 0.781449 0.527486 0.63204 0.659909 0.872073 0.535849 0.409771 0.244471 -0.201405 -1.34998 -0.365194 -0.0459463 0.105966 0.0970897 0.222631 0.267071 0.479337 0.16415 0.228246 -0.31226 -0.0374622 0.0348721 0.280745 -0.602899 -0.85965 0.277899 0.16471 -0.325884 -0.704274 -0.554703 -0.278827 -0.0179057 0.0280252 0.0413251 -0.186189 -0.6252 -1.07546 -1.53249 13.9566 7.33064 2.2772
 6.13821e-07 -0.15173 0.0319033 2.14304e-08 -0.0166504 0.013841 0.011589 0.00327283 -0.0647656 0.0479344 0.00369112 -0.0907591 -1.77889e-06 0.0415133 0.000318732 -3.53278e-06 -46.6501 3.06068 3.637e-08 0.0277609 -0.0118383 -9.95861e-08 0.0331665 -0.00702266 -0.166974 -0.200779 0.0538198 -0.0245361 -0.140404 0.158528 -0.086501 0.0166203 -0.0597018 -0.111614 -0.0210986 0.0425386 0.0507214 0.018957 -0.000639035 -0.139708 0.0622176 0.00153579 -0.0627354 0.110362 -0.0118194 0.0182289 0.0261827 -0.0382151 0.0638818 -0.0844471 -0.162615 0.146097 0.0160328 0.0575378 -0.019925 0.0180636 0.0949317 -0.0407479 -0.05433 0.076043 0.00882912 -0.000854648 0.0023818 -0.00500244 0.000517753 -0.0168297 -0.00140915 0.000350854 0.000115135 -4.41631e-07 0.0490191 -0.0160975 0.013163 0.000576183 -0.0172236 0.0170721 0.00280672 -0.0694518 0.00382933 0.00255801 -0.0205787 -0.0289387 -0.059701 0.00463142 0.0145258 -0.00129215 0.00446546 -0.00133603 -0.000222393 0.0015719 -0.0741826 -0.10415 0.0454368 0.136192 0.0802462 0.0498913 0.0202224 -0.0388805 -0.165998 -0.0753366 -0.0220817 0.318927 0.117776 0.0126059 -0.179015 -0.058812 0.159939 0.15159 -0.120245 0.00448124 -0.0549251 -0.0294736 -0.0101928 0.0141458 0.026595 -0.031736 -0.0308351 -0.00858587 -0.0289672 -0.0199171 -0.000876842 0.000917007 -0.0146791 -0.00994969 -0.0371457 -0.0250657 -0.0298988 -0.0315675 -0.040991 -0.0256146 -0.0193985 -0.0114678 0.00989388 0.0644767 0.0176251 0.002236 -0.00507186 -0.004722 -0.0107049 -0.0127359 -0.022331 -0.00739221 -0.0104848 0.0147996 0.00185016 -0.00153917 -0.0133356 0.0291316 0.0409032 -0.0130314 -0.0076277 0.0157858 0.0334388 0.0264947 0.0132838 0.00103922 -0.00113628 -0.00205697 0.0088806 0.0297528 0.051792 0.0726859 -0.680064 -0.324825 -0.107092
 -9.69864e-10 2.1779e-05 -4.56878e-06 3.07755e-11 2.77609e-05 -2.28277e-05 -1.14625e-06 1.3264e-07 -8.61745e-07 1.91922e-05 1.51945e-06 -3.42836e-05 2.73314e-10 -1.01423e-05 2.49416e-08 -3.42369e-10 -3.8288e-07 3.637e-08 1000 -3.95574e-06 2.44815e-06 -4.58383e-10 5.58037e-06 -1.25703e-06 6.73549e-05 -5.63858e-06 6.66958e-08 7.16456e-06 4.85046e-05 -5.47994e-05 7.09589e-05 5.95312e-06 -2.93573e-05 0.000141685 -4.36113e-05 6.13314e-05 -3.61189e-05 -3.08797e-06 3.05532e-07 -3.54331e-05 -1.00503e-06 1.10694e-07 -2.54191e-06 -3.7373e-05 4.77267e-06 -2.77782e-06 -2.44067e-06 3.53562e-06 3.3969e-05 1.63253e-05 -7.06668e-05 4.5494e-05 -3.41084e-05 1.99982e-05 6.57706e-05 -7.8586e-05 -2.76814e-05 2.51343e-05 -6.1059e-06 -6.12002e-06 1.34861e-07 1.7837e-07 -2.21253e-05 7.46488e-06 -7.33461e-08 -3.82202e-06 -1.57298e-06 4.06444e-07 3.05808e-07 -1.09241e-10 -2.6253e-06 8.31719e-07 -3.46358e-07 2.32248e-08 -9.06423e-07 9.17268e-07 2.99542e-07 -5.97393e-06 9.81589e-07 7.70573e-07 -5.63727e-06 4.75382e-06 -0.000310064 2.23817e-05 7.44242e-06 -7.2584e-07 9.97701e-07 -5.99379e-07 -2.10645e-07 8.16498e-07 -1.55897e-06 -1.56062e-05 -3.79201e-05 -6.6484e-05 -1.97411e-05 1.73279e-05 7.08333e-05 0.000371875 -0.000182715 -7.15408e-05 -3.83835e-05 -6.06773e-05 -7.31858e-05 0.000118756 2.42366e-05 8.18917e-06 7.02056e-05 1.80566e-06 -3.00697e-05 2.09846e-06 3.4714e-05 -9.17259e-06 -9.69805e-06 -6.89407e-06 -2.11167e-07 1.48493e-05 1.05969e-05 -7.08863e-06 4.90531e-06 -1.13789e-06 8.86882e-06 9.57631e-06 2.88066e-06 5.77152e-06 -1.08714e-05 -5.27555e-06 -5.01391e-07 1.14789e-06 2.57205e-06 -6.08405e-06 9.20433e-06 -2.69166e-07 -3.40827e-06 -6.17697e-06 -2.15884e-06 -1.12001e-05 -6.98854e-08 1.38117e-05 -9.01977e-07 -4.70409e-05 -4.57851e-05 2.19985e-05 1.24502e-05 -1.13007e-05 6.30212e-06 1.49434e-05 -8.29204e-06 3.43563e-05 -8.9398e-06 -1.11073e-06 -8.34774e-06 -2.36804e-05 -2.09249e-05 -2.32163e-05 -7.2886e-06 -5.51416e-06 -4.0571e-06 3.61973e-06 1.2182e-08 2.50959e-06 1.06117e-05 3.03583e-06 -4.56385e-05 -4.33531e-05 -9.77111e-06
 -2.69581e-05 2.65957 -0.562003 -7.28056e-06 -1.85142 1.51781 -0.326916 -0.0785791 1.54435 -1.42055 -0.131504 3.1924 3.62421e-05 -0.711437 -0.00265341 2.36889e-05 -0.685672 0.0277609 -3.95574e-06 838.727 -362.656 1.19793e-05 -1.76639 0.386038 -1.01845 4.80999 -1.19659 -0.177572 0.0490602 -0.0547598 0.00984632 -0.712843 2.85233 -0.326018 2.6769 -4.3745 0.212653 -0.32017 0.00604926 0.690839 -0.35405 -0.00577382 -0.528122 -0.360393 0.0451801 -0.335593 -0.421913 0.616761 -0.576791 -0.917277 1.85872 -1.03689 1.06374 -3.34049 -1.47713 2.04182 -0.57612 -1.64476 0.656842 0.234501 -0.17179 0.0175904 -0.633588 -0.938514 0.0314866 -0.158603 -0.0197755 0.00552277 -0.00884369 1.07924e-05 -1.27371 0.428419 -0.548306 -0.0269079 0.799383 -0.423936 -0.0675017 1.53522 -0.138779 -0.0587111 0.449456 -1.51424 3.61345 -0.242895 -0.389044 0.0380846 0.125993 0.0397783 -0.00341454 -0.0367125 -0.483216 2.5796 1.99413 1.52057 -0.8497 -0.448108 -33.2084 14.8619 0.845608 3.09035 1.21914 3.76088 -6.37639 1.07646 2.22913 -1.04186 0.171551 -1.14846 -0.255055 -0.0736672 1.2918 0.282798 0.187102 0.605588 0.969974 0.147149 -0.202826 -0.521226 0.983265 -0.308052 -0.14008 -0.0390408 0.69933 1.45923 -0.345518 -0.0148657 0.34053 0.222917 0.762838 -0.827859 0.12815 0.100758 0.423373 -0.438326 0.1657 0.614768 0.68642 0.432883 0.264079 1.15194 0.859952 -0.402621 -0.229269 -0.87746 -0.0873277 0.102174 -0.0181041 1.65717 -0.352187 0.470136 1.03544 0.432506 0.148401 -0.961977 -0.437225 -0.0327646 0.156737 -0.386089 0.0830717 -0.842877 -0.862031 -1.81504 19.0313 9.63437 3.06254
 1.17911e-05 -1.16446 0.24601 3.10655e-06 0.795504 -0.652149 0.140804 0.0338358 -0.665192 0.613461 0.0566857 -1.37643 -1.55066e-05 0.303632 0.00116591 -1.01225e-05 0.293103 -0.0118383 2.44815e-06 -362.656 158.371 -5.21989e-06 0.763544 -0.166865 0.440804 -2.0902 0.520005 0.0758415 -0.0252467 0.0282292 -0.00519498 0.307815 -1.23163 0.140618 -1.16409 1.90241 -0.0928507 0.136453 -0.00251201 -0.299811 0.152204 0.00251762 0.22802 0.152101 -0.0190356 0.143855 0.181063 -0.264657 0.249738 0.397837 -0.806306 0.449834 -0.461378 1.44882 0.640952 -0.88592 0.248679 0.713045 -0.285642 -0.100669 0.0741761 -0.00760111 0.275606 0.407094 -0.0136938 0.0702168 0.00870538 -0.00242881 0.00376432 -4.62276e-06 0.549583 -0.184843 0.236592 0.0116049 -0.344864 0.18355 0.0292296 -0.664832 0.0589816 0.0252079 -0.192955 0.659564 -1.5662 0.105264 0.168178 -0.0164652 -0.0538469 -0.0172549 0.0014837 0.0159224 0.209593 -1.11543 -0.866456 -0.664342 0.367 0.201572 14.409 -6.45426 -0.364102 -1.34002 -0.530965 -1.63038 2.76598 -0.467673 -0.966793 0.451752 -0.0749921 0.497919 0.111035 0.0319701 -0.560658 -0.12257 -0.0810553 -0.262604 -0.420572 -0.0637369 0.0878868 0.226076 -0.426567 0.133584 0.0607922 0.0168288 -0.303156 -0.632976 0.149949 0.00651413 -0.147582 -0.0969571 -0.330581 0.358935 -0.0556903 -0.0437322 -0.183529 0.19014 -0.0717929 -0.266777 -0.297885 -0.187959 -0.114699 -0.499621 -0.372621 0.174679 0.0995438 0.380327 0.0377731 -0.0444395 0.00769079 -0.718421 0.152578 -0.203965 -0.449021 -0.187457 -0.0646362 0.417127 0.189431 0.0142413 -0.0679432 0.167415 -0.0360334 0.365564 0.374581 0.787101 -8.2712 -4.1526 -1.32688
 -6.05381e-10 1.15241e-05 -2.40077e-06 1.53869e-10 3.9808e-05 -3.27073e-05 2.04636e-06 8.83852e-07 -1.68443e-05 9.87381e-06 1.01913e-06 -2.25877e-05 -1.28044e-11 -5.95074e-06 5.88391e-08 -5.47023e-10 3.37914e-06 -9.95861e-08 -4.58383e-10 1.19793e-05 -5.21989e-06 1000 1.73899e-05 -3.83414e-06 0.000118437 -0.000123664 2.88163e-05 1.28152e-05 5.93479e-05 -6.70875e-05 8.94016e-05 1.07648e-05 -4.82181e-05 0.000170973 1.44729e-05 -3.62814e-05 -4.74324e-05 -2.93541e-06 4.85575e-07 -7.14858e-05 5.7953e-06 4.00592e-07 8.34271e-06 -4.87667e-05 5.75266e-06 -1.48137e-06 -2.11888e-06 2.97065e-06 1.95359e-05 6.67835e-05 -4.2058e-05 7.78513e-06 -5.67143e-05 3.38487e-05 0.000116059 -0.000138721 -3.16789e-05 4.73649e-05 -1.29754e-05 -1.08543e-05 3.5907e-07 1.26651e-07 -1.36895e-05 7.88659e-06 -2.03245e-08 -6.1727e-06 -1.84616e-06 4.9298e-07 4.69124e-07 -2.18435e-10 1.0813e-05 -3.7862e-06 3.58191e-06 2.02574e-07 -5.69358e-06 -1.09157e-06 3.08552e-07 -5.97063e-06 1.86112e-06 1.14619e-06 -8.57653e-06 1.19295e-05 -0.000309409 2.24221e-05 4.58891e-06 -4.8183e-07 -4.41258e-07 -6.28515e-07 -2.1353e-07 8.48836e-07 1.09756e-05 1.74597e-05 1.36022e-05 1.20684e-05 1.50171e-05 2.38809e-05 7.11657e-05 9.23894e-05 -9.60099e-05 -6.62276e-05 -2.99418e-05 -2.29963e-05 -1.02593e-05 9.52611e-05 8.06536e-05 -2.66809e-05 3.34757e-05 -4.76922e-05 0.000117974 -3.21698e-05 -1.42252e-06 2.37855e-06 3.08e-06 5.07615e-06 1.41685e-05 4.31493e-05 4.60017e-06 -3.22488e-06 -2.87944e-05 1.91366e-05 -3.76858e-06 1.69148e-06 -2.55325e-06 7.37693e-06 6.09567e-06 6.2206e-06 2.31453e-06 -8.38448e-06 1.00017e-05 -1.07558e-05 2.09707e-06 -8.03069e-06 -1.54698e-05 -3.68344e-06 5.3587e-06 -6.64995e-06 1.03131e-05 9.17282e-06 -2.28524e-05 -9.87827e-05 -6.611e-05 3.14966e-05 1.22621e-05 -2.07103e-06 1.43779e-06 8.30209e-06 -9.60001e-06 -3.28703e-06 4.64645e-06 -1.84185e-05 -1.79964e-05 -3.31702e-05 -3.99524e-05 -2.53155e-05 -1.06785e-05 -1.06098e-05 -1.08958e-05 9.19341e-06 -1.68428e-06 1.09218e-05 1.27734e-05 1.99705e-05 -0.000233633 -0.000144449 -4.0745e-05
 1.63965e-06 1.44954 -0.309621 -9.7994e-06 -2.11462 1.73414 -0.337646 -0.101436 1.97233 -1.64997 -0.143197 3.43734 4.48805e-05 -0.879976 -0.00404754 2.91454e-05 -0.82071 0.0331665 5.58037e-06 -1.76639 0.763544 1.73899e-05 952.406 -208.833 -0.932947 12.183 -3.05171 0.0604483 0.901795 -1.01445 -3.25793 -1.05207 4.43251 -3.1644 1.27595 -1.86454 0.393279 -0.380407 0.00117509 2.33322 -0.810128 -0.0205595 -2.11627 0.458747 -0.0228153 -0.333799 -0.419829 0.617614 -0.719366 -2.26882 1.39104 -0.238206 1.74526 -4.69874 -2.88814 3.81947 -0.185658 -2.63452 0.545921 0.883084 -0.129131 0.0102956 0.038647 -0.336287 -0.0153825 0.92765 0.0329476 -0.00879244 -0.0145991 1.48046e-05 -1.3511 0.457014 -0.463351 -0.0227636 0.664229 -0.3877 -0.0706773 1.5995 -0.151237 -0.0751983 0.579022 -0.495486 2.80966 -0.200708 -0.272453 0.0277552 0.0354661 0.0359539 0.0011477 -0.0374392 -0.762334 0.975906 -0.608607 -1.89653 -1.52872 -0.983666 -9.01582 3.53932 1.84579 3.04853 1.33567 1.40386 -6.814 -0.780771 4.32627 -0.118742 -2.16256 -6.824 1.58777 0.77444 -0.724911 -0.509648 -0.330469 0.305773 -0.264755 -1.01556 -0.996612 0.526792 1.39867 -0.738949 -0.160235 -0.124522 0.2429 -0.195107 0.192388 0.0276516 0.106092 0.492365 0.201828 0.173837 0.278832 0.640451 1.04372 0.562451 0.228989 0.226454 0.128133 0.158766 0.344743 2.327 1.67675 -0.485664 -0.299066 -0.10889 0.365343 0.304827 0.374733 0.995719 0.103845 0.576203 2.18537 1.49871 0.676386 -0.461886 -0.01407 0.300621 0.426521 -0.553637 0.110495 -0.939251 -1.10235 -2.03437 21.0899 10.8804 3.41848
