 1000 0.00182225 -0.000318495 -1.43834e-09 -0.000106299 8.67436e-05 2.81937e-06 9.14184e-07 -2.30876e-05 -8.87553e-05 -3.98206e-06 8.31818e-05 -5.01624e-10 2.84577e-06 1.48884e-07 -9.22022e-10 1.15429e-05 -3.19419e-07 -8.93319e-10 -3.58874e-06 1.52262e-06 -7.08042e-10 2.11908e-05 -4.878e-06 4.19325e-05 -0.000313505 6.19256e-05 -5.48938e-05 -0.000224783 0.00021438 -1.48437e-05 5.61062e-06 -2.41879e-05 0.000104524 -0.000111288 0.000162038 -6.34342e-05 9.09924e-06 8.85968e-08 -9.32042e-05 1.80317e-05 5.55614e-07 2.77535e-05 -6.02373e-05 6.37338e-06 2.43562e-06 -3.70396e-06 3.37553e-06 8.25989e-05 -5.32512e-05 -0.0001812 0.000126239 -6.67629e-05 0.000120298 9.88374e-05 -0.000106057 -2.00854e-05 2.68726e-05 -2.67388e-05 1.15143e-05 1.67164e-06 -2.89374e-07 6.52974e-05 4.79239e-06 -4.96461e-07 1.02736e-05 -3.20635e-06 5.87472e-07 1.85301e-07 -3.69778e-10 2.20143e-05 -8.07044e-06 1.14134e-05 3.70906e-07 -1.28954e-05 -1.57157e-06 -2.77148e-07 4.7293e-06 3.76765e-06 4.61126e-06 -2.11579e-05 1.19405e-05 -0.000314359 1.44963e-05 9.48623e-06 -7.34346e-07 -1.11744e-05 -8.11153e-07 -2.92553e-07 1.11171e-06 2.38057e-05 3.58241e-05 -2.02135e-05 -0.000123943 -0.000110238 8.10094e-06 -6.80812e-05 0.000489739 -0.000177277 -0.000178474 -7.43542e-05 3.52046e-05 -8.67933e-05 -1.78968e-05 0.00011298 0.000134113 7.04487e-05 -7.26181e-05 -0.000195196 0.00027308 -0.000158397 4.77174e-05 -2.13061e-05 -5.29376e-06 1.77313e-05 3.79085e-05 3.07253e-05 -1.28539e-05 6.71723e-05 -4.64692e-05 1.48759e-05 -9.38869e-06 -1.30855e-05 1.26839e-05 9.42462e-06 -1.13667e-05 -1.76819e-05 0.000195728 -0.000159661 0.000103012 -1.24535e-05 3.82961e-06 1.58646e-05 -8.31482e-06 1.81539e-05 -5.62229e-05 2.32343e-05 8.13464e-06 3.33913e-05 -1.76807e-05 -6.84611e-05 4.30484e-05 4.29347e-06 -1.11132e-05 -4.48102e-06 -5.08657e-05 3.55251e-05 2.25914e-05 -2.24884e-06 2.96073e-05 7.76645e-07 -7.15928e-05 -1.69762e-05 -4.29035e-05 -7.22193e-06 -4.98456e-06 -2.85493e-06 1.11837e-05 -1.51259e-06 2.64314e-05 3.32788e-05 2.89286e-05 -0.000700354 -0.000119499 -8.50322e-05
 0.00182225 587.405 -101.513 0.000340446 29.7209 -24.2442 0.120108 0.0584627 -0.778268 22.0436 1.33723 -28.492 1.38568e-05 0.352167 -0.0200496 1.97846e-05 -0.0116337 -0.014706 3.22004e-05 -1.02804 0.393493 4.22242e-05 -1.57421 0.35709 16.9676 34.7466 -7.11246 6.45743 25.9646 -24.7847 16.8327 1.4257 -7.11571 10.9839 16.3809 -25.4049 7.09269 -0.800013 -0.0324018 15.6972 -3.2637 -0.087593 5.83416 4.0566 -0.55712 1.19792 1.63192 -1.52689 -0.317112 7.90976 9.46656 -7.76518 0.645793 -5.63805 2.22582 -1.86795 2.81097 4.78523 6.34525 -6.37717 -0.262488 0.0314322 -7.08749 1.32583 0.138481 -4.14489 0.427203 -0.075704 -0.00769379 1.07532e-05 -2.06645 0.736195 -0.302717 -0.00913899 0.341511 0.416557 0.0835308 -1.26884 0.0721074 -0.181963 0.823821 -1.30861 2.00952 -0.0872689 1.67927 -0.104448 -0.169486 0.0934149 0.003621 -0.0977982 1.08692 -2.25592 0.652397 7.63445 11.8806 -0.591842 -28.0359 18.8934 -10.1643 10.1518 6.47501 1.52936 -0.772214 -0.823666 -4.4268 3.71694 4.00869 2.15803 -8.66455 3.7542 -1.44502 1.54095 -0.992777 -0.391955 -0.193549 -0.737306 -0.0508925 1.97284 1.04427 -0.954242 0.646291 0.265475 0.72089 -0.525691 0.715566 0.364668 -0.825481 3.45195 -6.58757 3.24891 -0.274507 0.45876 0.178038 -3.23973 -0.326965 -1.516 -0.976288 -1.25727 0.934305 0.0964156 -0.92854 -1.73039 -1.30273 -0.301574 0.170869 -1.78977 0.599455 -0.3432 -3.37581 0.185135 0.80837 -1.44437 -0.00447103 -0.628416 -0.663634 -0.370951 -0.415008 0.315433 -0.0950695 -3.0407 -5.11434 -5.23237 104.597 -20.5374 8.03977
 -0.000318495 -101.513 18.6172 -5.95953e-05 -5.19659 4.23901 -0.026722 -0.0114784 0.164107 -3.84715 -0.233809 4.98179 -1.55178e-06 -0.0824649 0.0035531 -3.0578e-06 -0.0130274 0.00316767 -5.7393e-06 0.162714 -0.0620314 -7.40925e-06 0.259878 -0.0588114 -2.95817 -6.06082 1.2406 -1.13333 -4.52985 4.32403 -2.93053 -0.253276 1.26025 -1.91552 -2.85966 4.4349 -1.24024 0.128868 0.00604585 -2.73555 0.558841 0.0153232 -1.02253 -0.722224 0.0987796 -0.217306 -0.29398 0.274909 0.0527815 -1.37774 -1.65039 1.35352 -0.113662 0.981767 -0.387336 0.325019 -0.492776 -0.834166 -1.108 1.11313 0.0453658 -0.00545399 1.23401 -0.230399 -0.0242177 0.724209 -0.0743635 0.0131772 0.00138707 -1.79875e-06 0.336099 -0.119242 0.044793 0.00132427 -0.0509197 -0.0744383 -0.0149905 0.228875 -0.0138153 0.0310605 -0.140602 0.230927 -0.352428 0.0152936 -0.293352 0.0182465 0.029466 -0.0162855 -0.000626965 0.0170454 -0.189322 0.392264 -0.113449 -1.32856 -2.07204 0.105099 4.88685 -3.29514 1.77253 -1.76988 -1.12759 -0.266079 0.134821 0.143406 0.771015 -0.648299 -0.698974 -0.375822 1.51109 -0.655321 0.252166 -0.268945 0.173194 0.0685112 0.0336925 0.128626 0.00855988 -0.343663 -0.182445 0.166425 -0.112374 -0.0461673 -0.125247 0.0913534 -0.12469 -0.0631919 0.144116 -0.603065 1.14924 -0.566731 0.0478521 -0.0799417 -0.0310206 0.564795 0.0570851 0.264124 0.16964 0.218694 -0.163247 -0.0172613 0.162498 0.301796 0.22737 0.0522655 -0.0298619 0.312118 -0.104854 0.0602937 0.587898 -0.0324974 -0.140973 0.252064 0.000379462 0.109526 0.115458 0.0646991 0.0723838 -0.0549636 0.0165587 0.530047 0.893018 0.913023 -18.2586 3.61692 -1.39959
 -1.43834e-09 0.000340446 -5.95953e-05 1000 -0.00162701 0.00133037 -1.08342e-05 -2.15355e-06 5.40408e-05 0.000160428 9.89954e-06 -0.000209262 1.93817e-09 -4.10865e-05 4.54561e-09 8.12521e-10 -2.57158e-05 9.35749e-07 9.27687e-11 -4.3609e-05 1.7238e-05 3.52409e-10 -4.4832e-05 1.04663e-05 0.000125166 0.000106718 -2.25231e-05 1.08193e-05 7.28242e-05 -6.97029e-05 0.000248141 5.1905e-06 -3.96664e-05 0.000231377 3.23862e-05 -6.23326e-05 4.37624e-05 -2.30855e-05 6.1207e-07 4.63256e-05 -2.02284e-05 1.63405e-07 7.33648e-05 -1.72839e-05 1.10485e-06 -7.06894e-06 -1.1061e-05 9.84171e-06 1.11213e-07 3.68933e-05 -2.2893e-05 6.36958e-06 -1.04493e-05 -4.64155e-05 7.31501e-05 -6.98788e-05 1.94685e-05 2.34949e-05 5.3418e-05 -4.7887e-05 -4.54067e-06 2.37364e-07 -5.36636e-05 -6.05771e-05 8.87385e-06 -0.000190287 -2.63016e-06 4.38327e-07 4.48825e-07 2.21859e-10 -7.37978e-05 2.73934e-05 -1.78759e-05 -5.84954e-07 1.88538e-05 -8.98722e-06 -1.09671e-06 2.18039e-05 9.81026e-07 -1.17324e-06 5.27425e-06 -2.25259e-05 -0.000130483 5.70913e-06 3.48708e-05 -2.16605e-06 1.03507e-06 1.57767e-07 -9.9305e-08 -5.94157e-08 -2.30669e-05 -4.84329e-05 -1.09559e-05 -9.82781e-06 -2.05593e-05 7.91937e-06 9.1449e-05 -5.80018e-05 -4.70947e-05 9.33058e-05 3.22075e-05 -4.74742e-05 -5.66023e-06 3.60736e-05 -4.11573e-05 0.000120295 -3.45098e-05 -2.37027e-06 -2.27173e-05 3.22882e-06 8.98698e-06 1.20101e-06 2.07828e-06 -1.2114e-05 2.13711e-05 -3.00816e-05 4.8968e-06 7.89583e-06 4.27121e-05 -5.07285e-05 -3.71711e-05 3.2757e-05 4.61156e-05 6.52139e-05 -6.29366e-05 -0.000216499 -9.57169e-05 0.000145345 -8.18633e-05 0.000146513 -1.25525e-06 2.90855e-06 2.13578e-05 1.06542e-05 8.78673e-06 -1.29512e-06 2.07221e-05 -1.66168e-05 7.76023e-05 -2.09413e-05 -7.09421e-05 -2.65454e-05 -7.04254e-05 5.68198e-05 6.51925e-05 2.16007e-06 -7.14108e-06 3.87219e-06 -2.83901e-05 7.07082e-05 5.08043e-05 -0.000112003 4.98104e-05 -2.9624e-05 -5.17712e-06 -4.66257e-07 -1.36055e-06 -5.61008e-06 1.68405e-06 -3.30997e-05 -6.30926e-05 -7.46295e-05 0.0010161 -5.65071e-05 9.51322e-05
 -0.000106299 29.7209 -5.19659 -0.00162701 456.008 -370.459 -0.862125 -0.182648 4.46022 14.415 0.843475 -17.9153 0.000174806 -3.7172 -0.00314957 7.87652e-05 -2.31802 0.0811245 1.50645e-05 -4.1933 1.65894 3.80988e-05 -4.30106 1.00647 9.79542 19.3492 -3.96666 3.30482 15.2364 -14.5477 16.1426 -0.391406 0.600377 9.10743 9.65164 -15.1139 3.32503 -2.23511 0.0490772 7.19069 -3.03529 -0.0315417 2.89734 -0.5135 -0.0172598 -0.949103 -1.07244 0.958826 -0.941228 2.19305 -1.70029 0.605935 1.42429 -5.85201 1.02382 -0.658959 1.24656 2.83476 3.8245 -3.82014 -0.435754 0.0405683 -7.17327 -1.79253 0.409188 -9.57129 -0.15983 0.0296685 0.0334387 2.30901e-05 -6.31708 2.34792 -1.47053 -0.0476463 1.56898 -0.447959 -0.0429331 0.980837 -0.00278517 -0.133139 0.610576 -2.66747 0.67652 -0.0267701 1.879 -0.116578 0.205032 0.0497472 0.000937749 -0.0510862 0.21994 -0.922317 0.650272 1.26715 -1.11839 0.408146 3.87287 -1.69555 -2.09794 6.5513 2.15393 -1.78568 -0.390787 1.00571 -1.79476 2.96412 -0.564561 -0.610145 -1.21351 0.802826 0.157608 -0.158791 -0.653025 -1.38093 0.17273 -0.208266 -0.463972 -0.149733 2.49264 -1.10699 -1.73878 -0.882387 -0.611182 2.13576 2.96566 -1.55769 -1.49858 4.13494 -7.85863 2.68448 0.261586 0.415962 0.0616801 -0.975811 -0.296098 0.139212 0.00853565 -1.24096 1.10803 0.775124 0.548824 -0.975306 -1.21191 -0.15522 0.243083 -0.22221 0.724307 0.401663 -3.37205 0.261008 2.11791 -1.62814 0.34638 -0.633139 -0.493362 -0.194886 -0.193471 -0.00640003 -0.0257446 -2.57622 -3.82192 -4.16778 81.588 -7.3822 7.31684
 8.67436e-05 -24.2442 4.23901 0.00133037 -370.459 303.438 0.700817 0.148427 -3.62578 -11.758 -0.688183 14.617 -0.000142284 3.02468 0.00258705 -6.40993e-05 1.88511 -0.0659471 -1.23184e-05 3.41474 -1.35092 -3.10801e-05 3.50268 -0.819636 -7.98753 -15.78 3.23496 -2.69861 -12.4262 11.8645 -13.1631 0.317443 -0.482281 -7.42739 -7.87194 12.3269 -2.71175 1.81964 -0.0399108 -5.86166 2.47233 0.0257267 -2.36338 0.414779 0.0145001 0.771189 0.871487 -0.779078 0.768439 -1.78819 1.38605 -0.493868 -1.16198 4.77203 -0.834321 0.536793 -1.01722 -2.31145 -3.11958 3.11576 0.35512 -0.0330669 5.84842 1.46265 -0.333757 7.80663 0.130539 -0.0242296 -0.0273118 -1.87997e-05 5.14261 -1.91135 1.19618 0.0387541 -1.27625 0.364311 0.0348172 -0.796374 0.00174521 0.108277 -0.496566 2.17616 -0.553607 0.0219099 -1.53257 0.0950843 -0.166882 -0.040569 -0.00076317 0.0416593 -0.179028 0.751781 -0.529977 -1.03259 0.911671 -0.333074 -3.158 1.38297 1.71125 -5.34339 -1.75675 1.45655 0.318508 -0.820316 1.46389 -2.41748 0.460496 0.497389 0.989876 -0.654477 -0.128747 0.129371 0.532432 1.12611 -0.140837 0.17024 0.378306 0.122001 -2.03274 0.902862 1.41826 0.719419 0.498351 -1.74187 -2.41777 1.27141 1.22249 -3.37259 6.4085 -2.18962 -0.213291 -0.339171 -0.0503833 0.795709 0.241484 -0.113621 -0.00720941 1.01182 -0.903903 -0.632204 -0.447065 0.795542 0.988709 0.126118 -0.198565 0.181181 -0.590723 -0.327207 2.74944 -0.213227 -1.72719 1.32811 -0.28296 0.516294 0.40219 0.158928 0.157788 0.00529247 0.0209704 2.1009 3.11767 3.39939 -66.5479 6.0391 -5.96588
 2.81937e-06 0.120108 -0.026722 -1.08342e-05 -0.862125 0.700817 999.784 -0.0910759 1.11454 -0.0301403 -0.0220998 0.522065 1.69387e-05 -0.374829 -3.89171e-05 1.27302e-05 -0.350142 0.0130398 -1.57096e-06 -0.434495 0.171746 2.23153e-06 -0.452571 0.105748 0.125581 0.443391 -0.0917178 -0.0820532 0.603615 -0.577714 1.01593 -0.148298 0.562639 0.963696 -0.00895823 -0.0401604 -0.0093662 -0.134234 0.00365173 -0.0551031 -0.0763828 0.000883721 -0.046612 -0.303076 0.0310366 -0.238106 -0.235587 0.214054 0.15882 -0.232209 -0.399932 0.304477 0.0564928 -1.65876 0.875917 -0.764671 -0.257415 -0.200569 -0.00768016 0.0767723 -0.0740406 0.00650795 -0.469442 0.168319 -0.00760197 0.125926 -0.0283338 0.00495393 -0.00190384 2.8216e-06 -0.632209 0.234691 -0.268899 -0.00943205 0.311128 -0.220137 -0.0336176 0.619165 -0.0305865 -0.0266128 0.121384 -0.0294581 -0.519176 0.0212623 -0.223209 0.0138544 0.174836 0.00321142 -0.000261404 -0.00297432 -0.293243 -0.315755 -0.10806 -0.236398 -0.403501 -0.147077 0.115338 0.999944 -1.39796 0.463962 0.245043 0.137225 0.522349 -0.254387 -0.190569 0.0122773 0.265012 -0.230028 0.00621064 -0.0561774 -0.0145358 -0.0193859 -0.0563015 -0.0209503 -0.0947891 -0.187203 0.296465 -0.414231 0.0871517 -0.0674543 0.052728 -0.0835433 0.0357616 -0.124416 -0.0866231 0.0203822 -0.130977 -0.0283708 0.334808 -0.206692 0.0425953 0.123632 0.162931 -0.653709 0.252131 -0.230534 0.122929 0.235603 -0.273535 -0.036432 0.0172947 0.298291 -0.119003 0.127071 0.211912 -0.0224492 0.0869107 0.0669129 0.185853 0.0223866 0.458295 0.472849 0.0419595 -0.0862204 -0.0650298 0.0645776 0.0656253 -0.143873 0.0225465 -0.458501 -0.583625 -0.684422 9.36582 6.05513 1.67287
 9.14184e-07 0.0584627 -0.0114784 -2.15355e-06 -0.182648 0.148427 -0.0910759 2.89619 -44.774 0.000791726 -0.00482854 0.114623 3.74551e-06 -0.0810821 -2.6352e-05 2.98916e-06 -0.0778685 0.00289781 -4.43794e-08 -0.0883145 0.0348968 6.88019e-07 -0.103723 0.0242646 -0.000980476 0.207815 -0.0418787 -0.00890588 0.16406 -0.156854 0.204402 -0.0384803 0.150045 0.165006 0.0591476 -0.0984719 0.00472597 -0.0293517 0.000651094 -0.0112848 -0.0152238 6.75833e-05 -0.0327233 -0.0513953 0.00522527 -0.0504559 -0.0521124 0.0472187 0.0392442 -0.0659711 -0.128003 0.0956917 0.0473716 -0.429124 0.150211 -0.121858 -0.0609468 -0.057973 -0.0203277 0.0353362 -0.015878 0.00182685 -0.171 0.0795084 -0.00133043 -0.00181673 -0.00684263 0.00119635 -0.000482468 7.15038e-07 -0.141085 0.0523722 -0.059811 -0.00209413 0.0690798 -0.0551987 -0.00817661 0.149253 -0.0106955 -0.00695302 0.0316733 -0.00998296 0.00690512 -0.00053039 -0.0388276 0.00242424 0.0460935 0.00101646 0.000173893 -0.00119921 -0.0709509 -0.0776414 -0.0301839 -0.0540907 -0.0818568 -0.0298711 0.226971 0.0412492 -0.314925 0.0949024 0.0604554 0.159652 0.0837765 -0.0433079 -0.139953 -0.0583443 0.0917821 -0.0472002 0.0105968 -0.0194087 -0.0107418 -0.0106158 -0.0210948 -0.00513622 -0.0263051 -0.0905857 0.131284 -0.0922062 0.0106646 -0.0352837 0.0453861 -0.0257939 0.0154942 -0.0370674 -0.00574333 0.015179 -0.0601699 -0.015011 0.0323771 -0.0452557 0.0188104 0.041033 0.0438001 -0.100637 0.0277059 -0.0139763 0.0174944 -0.00406371 -0.0624137 0.0275075 0.0554279 0.0643403 0.00189451 0.0230436 0.0159734 -0.0364678 -0.0413979 0.107828 -0.00484564 0.0735172 0.155929 0.0572365 -0.0368883 -0.0222131 -0.0123876 0.0141883 0.0182065 -0.036414 0.00544287 -0.108962 -0.107695 -0.135787 2.23752 1.43286 0.398187
 -2.30876e-05 -0.778268 0.164107 5.40408e-05 4.46022 -3.62578 1.11454 -44.774 992.041 0.192014 0.126422 -2.95244 -8.71614e-05 1.89864 0.000156716 -6.79439e-05 1.80499 -0.0675307 2.50266e-06 2.03946 -0.806234 -1.52681e-05 2.38055 -0.557237 0.0364584 -4.38091 0.883172 0.302412 -3.41221 3.26244 -4.43781 0.905223 -3.5527 -3.5973 -1.12933 1.90431 -0.101424 0.723924 -0.0172993 0.209382 0.395223 -0.00174014 0.722514 1.26927 -0.129867 1.20151 1.2222 -1.10983 -0.905018 1.4374 2.80101 -2.092 -1.00863 9.32998 -3.31463 2.69763 1.35419 1.26746 0.469821 -0.79196 0.348173 -0.039962 3.66719 -1.74302 0.0313426 -0.0164316 0.154194 -0.0269654 0.0109964 -1.6908e-05 3.28855 -1.22208 1.40001 0.0491401 -1.61702 1.24313 0.183606 -3.34942 0.240616 0.154901 -0.705597 0.14542 -0.026689 0.00652584 0.862899 -0.0538308 -1.03651 -0.0219152 -0.00381471 0.0259212 1.54218 1.72087 0.644006 1.16124 1.82186 0.630918 -4.95539 -0.920165 6.85982 -2.01322 -1.27704 -3.49743 -1.82808 0.951035 3.03644 1.26887 -1.99835 1.04208 -0.248063 0.417796 0.240525 0.238234 0.461718 0.111447 0.568512 1.96098 -2.8635 2.01651 -0.226573 0.762976 -0.997313 0.558391 -0.34461 0.809163 0.126046 -0.33783 1.3052 0.344442 -0.73359 0.995328 -0.412742 -0.896276 -0.957227 2.19773 -0.612503 0.311755 -0.378787 0.0904362 1.37494 -0.589654 -1.21541 -1.41969 -0.0472091 -0.500823 -0.349306 0.794808 0.905038 -2.35417 0.102331 -1.59926 -3.40295 -1.25488 0.814152 0.488639 0.273726 -0.311679 -0.39919 0.793845 -0.118413 2.37153 2.32541 2.94303 -48.1846 -31.9236 -8.7038
 -8.87553e-05 22.0436 -3.84715 0.000160428 14.415 -11.758 -0.0301403 0.000791726 0.192014 867.354 -8.09664 158.429 9.72484e-05 -2.18536 -0.000282188 5.7098e-05 -1.5843 0.0586303 1.40052e-05 -2.25237 0.89147 1.24145e-05 -2.41251 0.566233 5.34104 7.46865 -1.54562 2.14826 6.84429 -6.53895 8.63721 0.382885 -2.20502 6.42646 4.51016 -7.19021 2.89751 -0.760752 0.00827113 3.75478 -1.34711 -0.0152789 1.68328 0.799407 -0.117902 0.186933 0.162065 -0.160896 0.832905 2.49969 -3.90475 1.91306 -0.193839 -4.61335 2.76929 -2.46184 2.22495 3.43714 -0.0287992 -1.16036 0.242378 0.00719609 -7.98031 4.08079 0.215639 -7.47861 0.107259 -0.0193544 -0.00832101 -4.82224e-07 -2.20711 0.811324 -0.366348 -0.00813753 0.298042 1.68093 0.240111 -4.06862 -0.157412 -0.247995 1.13999 -0.666669 -2.4436 0.121771 0.177774 -0.0111317 0.621949 0.0158191 -0.0114438 -0.00445013 -0.737595 1.39013 -4.49748 -6.64958 9.81985 12.7073 -12.2089 -1.28314 -6.38832 28.7943 6.89432 -12.0389 3.69152 -1.39164 -3.63317 2.16939 8.00968 14.4627 -15.6784 -0.185599 2.49676 1.26384 -0.477192 -0.981237 -1.13607 2.10916 -5.24568 0.297696 3.29146 -3.69734 0.726148 -0.251665 -1.8726 -0.163209 -0.484732 1.83653 -5.61283 9.25045 -11.4822 7.24842 -2.29611 -0.865487 1.55703 -5.49626 0.327531 -3.26067 -1.44223 1.21429 0.186046 0.0188854 -0.231641 -1.63941 -1.51169 0.886693 -0.0224636 -2.7744 0.021645 1.57057 -1.50222 0.245967 -1.91964 1.25353 1.67205 -1.49267 -2.98938 -0.97125 -0.897767 0.0916637 0.0173869 -1.40044 -1.26576 3.82724 52.0471 -14.5631 3.46776
 -3.98206e-06 1.33723 -0.233809 9.89954e-06 0.843475 -0.688183 -0.0220998 -0.00482854 0.126422 -8.09664 2.65816 -37.8278 6.9894e-06 -0.155273 -4.49906e-05 4.4938e-06 -0.120933 0.00443475 9.6162e-07 -0.172445 0.0681732 1.12059e-06 -0.189634 0.044406 0.248804 0.773237 -0.157058 0.158517 0.629991 -0.601636 0.514135 -0.0107007 0.013221 0.236728 0.442269 -0.682221 0.16149 -0.0635008 0.000900281 0.101721 -0.0597731 -0.000583365 -0.0222008 0.0542093 -0.00671734 -0.0274013 -0.0191156 0.0168159 -0.0989173 0.0885571 0.00339282 -0.0204701 0.0559269 -0.377639 0.0338467 -0.00993075 0.0619434 0.0335339 0.105839 -0.0914331 -0.0152004 0.00154582 -0.343712 0.0872353 0.00786352 -0.244801 0.00827503 -0.00144935 -0.000791203 3.88841e-07 -0.172542 0.063611 -0.0505467 -0.00155805 0.0527383 0.102695 0.0143425 -0.252191 -0.00197095 -0.00531104 0.0242806 -0.0765714 0.3296 -0.014557 0.0392322 -0.0025394 0.0325215 0.00244795 0.000297906 -0.00276672 -0.0531071 -0.105591 -0.283459 -0.138314 0.847129 0.891999 -0.578784 -0.044743 -0.364815 0.661591 0.0951552 -0.183265 0.367337 0.0679796 -0.415412 -0.27072 0.0816921 0.438955 -0.198354 -0.027958 -0.0204025 0.00681465 -0.0399282 -0.0514974 -0.0824906 0.0447222 -0.140501 -0.0506585 0.114426 -0.10342 -0.00119233 -0.0336023 -0.0523132 -0.020319 0.0461731 0.0193134 -0.145713 0.325568 -0.326707 0.0541246 -0.00403743 -0.0299808 0.0698525 -0.245832 0.0456846 -0.0516296 -0.0178925 -0.00125887 -0.0422581 0.0408114 -0.0167346 -0.0694441 -0.0423839 -0.0051767 0.0429086 -0.0677603 0.0246041 0.0648686 -0.0987142 0.0289129 0.0862996 0.0322981 -0.0101701 -0.0174067 -0.0311992 -0.00744784 -0.00732354 -0.0189889 0.00271026 -0.132059 -0.175004 -0.209057 3.85236 0.108743 0.400644
 8.31818e-05 -28.492 4.98179 -0.000209262 -17.9153 14.617 0.522065 0.114623 -2.95244 158.429 -37.8278 804.495 -0.000153953 3.42974 0.000636529 -9.83687e-05 2.68288 -0.0987564 -1.97545e-05 3.80848 -1.50598 -2.32376e-05 4.16922 -0.976609 -5.36145 -16.3417 3.32046 -3.33509 -13.3167 12.7174 -11.1174 0.286763 -0.518515 -5.16489 -9.29 14.341 -3.48289 1.45478 -0.0227824 -2.24222 1.36285 0.0122165 0.457184 -1.01383 0.128249 0.673164 0.469204 -0.417 2.09942 -1.93312 0.128111 0.319472 -1.1126 8.03143 -0.812956 0.303663 -1.37649 -0.813669 -2.19778 1.93915 0.312358 -0.0327289 7.49842 -1.94646 -0.173419 5.40923 -0.186996 0.0327852 0.0189218 -8.62349e-06 3.82382 -1.41082 1.14546 0.0355617 -1.19915 -2.2903 -0.317525 5.58423 0.0262977 0.104737 -0.479446 1.75555 -6.74737 0.297723 -0.829808 0.0536751 -0.682914 -0.0515401 -0.0058709 0.0578485 1.13269 2.26398 6.0186 2.9339 -17.8771 -18.8983 12.4313 0.985072 7.88647 -14.9285 -2.09425 4.23588 -7.82162 -1.38184 8.81359 5.59932 -1.9678 -9.66751 4.65214 0.587543 0.346938 -0.185428 0.852038 1.11322 1.75941 -1.01617 3.11499 1.04945 -2.49837 2.27883 -0.00180178 0.707691 1.15324 0.422928 -0.952758 -0.462349 3.22783 -7.11712 7.20139 -1.36257 0.151748 0.652432 -1.51442 5.31666 -0.9743 1.17835 0.419209 -0.00951634 0.884521 -0.856095 0.349333 1.49509 0.929884 0.0806485 -0.899354 1.50161 -0.517301 -1.41088 2.11124 -0.614864 -1.75128 -0.717798 0.16194 0.407803 0.741769 0.184456 0.178946 0.394263 -0.05729 2.80378 3.68654 4.23963 -82.1667 -1.7838 -8.48038
 -5.01624e-10 1.38568e-05 -1.55178e-06 1.93817e-09 0.000174806 -0.000142284 1.69387e-05 3.74551e-06 -8.71614e-05 9.72484e-05 6.9894e-06 -0.000153953 1000 7.6782e-05 -6.34549e-06 -1.11831e-09 4.54801e-05 -1.40846e-06 2.67502e-10 3.92001e-05 -1.54055e-05 6.89217e-11 4.5848e-05 -1.05694e-05 -0.000247257 -0.000482044 9.97055e-05 -1.45018e-05 -0.000160835 0.000153662 -8.14463e-05 2.2005e-05 -8.73888e-05 -0.000113316 4.52105e-05 -6.20761e-05 8.9071e-05 1.89162e-05 -2.41046e-07 -0.00032121 0.000130247 2.0531e-06 -3.63737e-05 0.000126195 -1.18863e-05 3.60971e-05 3.92563e-05 -3.56456e-05 0.000104428 -7.61458e-05 -0.000184624 0.000133606 1.75801e-05 5.9607e-05 -2.85644e-05 2.48498e-05 8.12847e-05 -4.97227e-05 -2.86421e-05 3.66805e-05 1.31019e-06 -2.26589e-07 3.99088e-05 3.65004e-07 1.19172e-06 -3.2639e-05 1.3838e-06 -2.53728e-07 -1.92741e-07 -1.76345e-10 6.62491e-05 -2.43858e-05 2.08499e-05 6.99447e-07 -2.25174e-05 2.99056e-05 4.74251e-06 -8.89382e-05 4.54101e-06 3.58245e-06 -1.68439e-05 -4.87118e-05 0.000221946 -9.19369e-06 2.27062e-06 -8.8859e-08 -2.73273e-06 -6.85683e-07 4.98563e-08 6.40811e-07 -5.22158e-05 -3.39421e-05 1.50656e-06 3.56599e-05 2.35393e-05 -3.26036e-06 2.33029e-05 4.44713e-05 -6.81907e-05 -0.000122273 -4.45334e-05 0.000130609 0.00014417 -3.90995e-05 -4.8853e-05 7.56098e-05 6.44953e-05 9.10795e-05 5.35852e-05 -1.45614e-06 -8.99192e-05 -1.84264e-05 6.4376e-05 5.65452e-05 -1.39771e-05 -2.11302e-05 -8.68474e-05 2.50614e-05 2.52343e-05 1.06118e-05 1.03083e-05 1.48914e-05 -2.35949e-05 2.85749e-06 -1.27143e-05 -3.41286e-05 -3.14022e-05 -2.26194e-05 -3.04821e-05 -3.60974e-05 -1.7026e-05 -5.34166e-06 5.99798e-06 2.88366e-05 1.88795e-05 1.30801e-05 8.74991e-06 2.72994e-06 -3.03557e-05 -3.4191e-05 -1.72753e-05 1.15461e-05 1.54952e-05 -9.75984e-07 -3.36173e-05 2.56176e-07 -4.8948e-06 -4.9555e-06 -2.09605e-06 -8.88745e-06 -7.71025e-06 1.25687e-05 2.94392e-05 -1.83067e-05 -4.76594e-06 -1.17332e-05 -8.14414e-06 -2.46627e-06 3.9076e-06 3.74934e-05 5.14956e-05 5.43959e-05 -0.000847324 -0.000380188 -0.000131069
 2.84577e-06 0.352167 -0.0824649 -4.10865e-05 -3.7172 3.02468 -0.374829 -0.0810821 1.89864 -2.18536 -0.155273 3.42974 7.6782e-05 997.939 -2.64086 1.92957e-05 -1.08739 0.0340091 -1.09715e-05 -0.84732 0.332302 -8.31964e-06 -0.960542 0.220287 8.24636 12.9751 -2.7047 0.468912 4.53365 -4.33225 2.81108 -0.510936 1.96561 4.49555 -0.501183 0.50279 -3.07529 -0.485589 0.0069465 7.49205 -3.33621 -0.0518364 1.29482 -4.05263 0.382243 -0.951269 -1.04471 0.948299 -2.42013 2.73749 4.14717 -3.23254 -1.05831 -0.818373 1.55348 -1.50333 -2.55553 2.06317 0.875296 -1.29863 -0.0656461 0.00770424 -0.630166 0.0639738 -0.0235517 0.635768 -0.0401575 0.00742312 0.00798005 1.33825e-06 -1.47875 0.542367 -0.429777 -0.0140846 0.452488 -0.828517 -0.127176 2.38368 -0.0719539 -0.059657 0.284766 1.80682 -8.87645 0.386903 -0.0254268 -0.000211469 -0.0253482 0.0183644 -0.00108724 -0.017418 1.79159 1.25506 0.200847 -0.482151 0.0560477 0.71546 -0.105187 -0.363855 1.67381 2.16455 0.862183 -2.7223 -4.06385 0.405601 3.01892 -1.48482 -1.74398 -2.4146 -0.549657 0.504126 2.01303 0.517528 -1.48847 -1.80462 1.00515 1.17022 2.34309 -0.709624 -0.691184 -0.0940691 -0.14273 -0.221955 0.597824 0.217327 0.459454 0.796202 0.784202 0.404087 0.731554 0.837722 0.31032 -0.0764027 -0.452807 -0.874066 -0.492482 -0.43144 -0.462707 -0.279236 0.279925 0.255975 0.0128763 -0.164384 -0.138932 0.0272154 0.568882 -0.16652 -0.129072 -0.244768 -0.184056 -0.0151673 -0.0887116 -0.864959 -1.45256 -0.220092 -0.184107 0.0404059 -0.0157234 0.351817 -0.136299 -0.764836 -1.14114 -1.19026 17.64 7.24196 2.64714
 1.48884e-07 -0.0200496 0.0035531 4.54561e-09 -0.00314957 0.00258705 -3.89171e-05 -2.6352e-05 0.000156716 -0.000282188 -4.49906e-05 0.000636529 -6.34549e-06 -2.64086 0.824248 2.49675e-07 -0.00576206 0.000264183 1.27327e-08 -0.00229072 0.000929146 3.75935e-08 -0.00331362 0.00080714 -0.0328518 -0.053902 0.0111762 -0.00580476 -0.0246837 0.0235778 -0.0132214 -0.000213399 0.00180238 -0.0179858 -0.00510436 0.0087438 0.00167941 -0.00180098 0.000135704 -0.0337304 0.00823048 0.000226583 -0.0102012 0.00494391 -0.000289336 -0.000249006 -0.00103603 0.000970501 0.00421231 -0.0109271 -0.0176608 0.0136449 0.00187344 0.00135843 -0.00644274 0.00635559 0.00447911 -0.00821506 -0.00585936 0.00703627 5.67345e-05 -1.67347e-05 0.00295042 6.07341e-05 -8.067e-06 -2.60973e-06 0.00027563 -5.0024e-05 -3.75847e-05 4.53797e-08 -0.00346985 0.00136265 -0.000455394 -1.17335e-05 0.000379124 0.00115272 0.000130694 -0.00270493 -0.00018116 -0.000250605 0.00107905 -0.00472497 0.0310066 -0.00134557 -0.000485818 3.59266e-05 -0.000168593 -7.10583e-05 4.61811e-06 6.69842e-05 -0.00624274 -0.00217834 -0.00198765 -0.000849337 0.000267876 -0.000223893 0.000857313 0.000566195 -0.00490732 -0.00901413 -0.00318008 0.00959502 0.0133081 -0.00146335 -0.0101706 0.00446311 0.00540891 0.00770042 0.0020664 -0.00200826 -0.00689031 -0.00164692 0.00534633 0.00624356 -0.00360581 -0.00407081 -0.00783467 0.00244359 0.002117 0.000101901 0.000483296 0.000571468 -0.00189656 -0.000912109 -0.00173625 -0.00256804 -0.00243149 -0.00176639 -0.00172632 -0.00310869 -0.000960089 0.000389854 0.00172867 0.00321333 0.00180489 0.00140399 0.00136489 0.000625429 -0.00123321 -0.000962213 0.000557583 0.00103412 0.000822284 -0.000194163 -0.00184776 0.000739807 0.000397927 0.00130974 0.00074095 0.000197946 0.000406709 0.00306829 0.00465686 0.000792935 0.000627316 -7.54241e-06 0.000202497 -0.00130447 0.0004747 0.00274102 0.00488937 0.00467331 -0.0812099 -8.86795e-05 -0.00817248
 -9.22022e-10 1.97846e-05 -3.0578e-06 8.12521e-10 7.87652e-05 -6.40993e-05 1.27302e-05 2.98916e-06 -6.79439e-05 5.7098e-05 4.4938e-06 -9.83687e-05 -1.11831e-09 1.92957e-05 2.49675e-07 1000 2.92486e-05 -3.88216e-06 -3.72787e-10 2.88131e-05 -1.13396e-05 -6.02299e-10 3.65044e-05 -8.46339e-06 4.25258e-05 -1.22891e-05 1.90787e-06 -6.22967e-06 -6.10848e-05 5.8313e-05 7.63996e-06 1.36664e-05 -5.90591e-05 6.34523e-05 -4.44917e-06 2.77395e-06 -3.11143e-05 8.4439e-06 -1.65053e-07 -0.000107743 2.88176e-05 4.61027e-07 -1.49303e-05 -2.92833e-07 5.26735e-07 1.31225e-05 1.44772e-05 -1.30294e-05 7.02225e-05 -2.30215e-05 -0.000129188 8.66008e-05 -3.09627e-05 8.86273e-05 1.39665e-05 -1.98062e-05 1.27548e-05 1.94605e-05 -2.12039e-05 9.25793e-06 8.26646e-06 -5.57965e-07 2.91802e-05 9.39365e-06 2.51499e-07 -1.20612e-05 -7.25128e-07 1.22715e-07 3.1237e-07 -4.0263e-10 4.51248e-05 -1.67161e-05 1.69284e-05 6.05947e-07 -1.97891e-05 7.05699e-06 1.54401e-06 -2.96358e-05 5.78809e-06 5.90593e-06 -2.73465e-05 4.28898e-05 -0.000414684 1.93682e-05 1.3253e-05 -8.2279e-07 -8.85842e-06 -4.55841e-07 9.01967e-08 3.69129e-07 -9.19974e-06 -6.30975e-05 -2.58898e-06 7.30026e-05 0.000121311 9.63369e-05 4.62259e-05 3.18615e-05 -8.35413e-05 -0.000221621 -6.31904e-05 0.000197646 -3.04651e-05 0.000144879 -2.52143e-05 1.32308e-05 0.000103932 -2.08913e-05 5.33201e-05 -9.67024e-06 -1.23252e-05 -1.77781e-05 -1.20617e-05 1.01849e-05 1.27174e-05 5.80763e-05 -1.01443e-05 5.47292e-06 -3.83496e-05 4.31546e-06 6.92048e-06 1.56933e-05 -8.6141e-06 4.80299e-06 -1.22751e-05 -1.14116e-05 -1.39363e-05 -2.13042e-05 -3.30701e-05 -5.62976e-06 -1.37771e-05 -7.1831e-06 -7.93629e-06 9.04146e-06 2.397e-06 -1.30263e-05 -1.52499e-05 -2.10769e-05 -1.81498e-05 -3.01089e-05 -3.166e-05 1.12367e-06 2.23169e-06 -9.15188e-06 2.49627e-07 4.86918e-06 -1.32943e-05 2.13791e-05 -5.63694e-07 -2.08433e-05 -1.66446e-05 -2.57097e-05 -1.41204e-05 -2.50728e-05 -7.83301e-06 -1.24055e-05 -1.11197e-05 1.49842e-05 6.49887e-07 3.12679e-05 4.48374e-05 4.17675e-05 -0.000623356 -0.000434403 -0.000115151
 1.15429e-05 -0.0116337 -0.0130274 -2.57158e-05 -2.31802 1.88511 -0.350142 -0.0778685 1.80499 -1.5843 -0.120933 2.68288 4.54801e-05 -1.08739 -0.00576206 2.92486e-05 997.499 -39.8646 -6.8066e-07 -0.788192 0.310077 3.07326e-06 -0.924502 0.214035 3.07018 3.79153 -0.802107 0.192655 2.50971 -2.39966 1.76603 -0.345844 1.34712 2.31239 0.137513 -0.336962 -0.824466 -0.315306 0.00613151 3.19994 -1.36852 -0.0212119 1.1645 -1.87563 0.165831 -0.570258 -0.621074 0.561296 -1.1851 1.98283 1.84967 -1.61173 -0.175815 -1.30561 0.951176 -0.864094 -1.41584 1.18599 0.787406 -0.961267 -0.226589 0.0189177 -1.03488 0.31691 -0.0114943 0.183834 -0.019094 0.00352912 -0.00140565 6.77262e-06 -1.22916 0.453641 -0.448292 -0.0157536 0.51189 -0.50027 -0.0805533 1.52286 -0.154632 -0.123784 0.576057 0.00319672 1.93913 -0.0936177 -0.205778 0.0116343 0.179563 0.0190381 -0.00214353 -0.017036 1.1646 1.96679 0.450208 -1.08972 -1.86491 -1.16198 -0.758051 0.0939898 1.69865 3.98731 1.14934 -4.58872 -2.18676 -0.734387 2.9581 1.02667 -3.67499 -3.65128 2.19341 -0.102993 0.716023 0.403387 0.153008 -0.154571 -0.515398 0.493315 0.394732 -0.0200592 0.439091 0.360859 0.164007 -0.0543407 0.353281 0.123532 0.635982 0.562143 0.497607 0.357368 0.844363 0.454824 0.381665 0.413285 -0.00115926 -1.17954 -0.28851 -0.00272107 0.0792911 0.107204 0.223245 0.12587 0.321024 0.0287679 0.242842 -0.38681 -0.0512826 -0.0137117 0.141387 -0.503704 -0.947966 0.167936 0.0348126 -0.342321 -0.741677 -0.559813 -0.302535 -0.0403263 0.0132285 0.0431057 -0.0888511 -0.780163 -0.990578 -1.03813 16.5166 9.51062 2.80943
 -3.19419e-07 -0.014706 0.00316767 9.35749e-07 0.0811245 -0.0659471 0.0130398 0.00289781 -0.0675307 0.0586303 0.00443475 -0.0987564 -1.40846e-06 0.0340091 0.000264183 -3.88216e-06 -39.8646 2.46116 1.50109e-08 0.0279306 -0.0109678 -1.18153e-07 0.032843 -0.00757873 -0.127689 -0.161383 0.0340752 -0.0114335 -0.108792 0.104015 -0.074315 0.0124998 -0.0480052 -0.0958236 -0.010602 0.0213859 0.0305074 0.0108663 -0.000163804 -0.133395 0.0537279 0.000889709 -0.0502698 0.0704732 -0.00608912 0.0203458 0.0218521 -0.0196993 0.0467385 -0.0817663 -0.0776318 0.0673356 0.0064096 0.053127 -0.0387495 0.0352083 0.0546421 -0.0489703 -0.0341707 0.0409928 0.00910011 -0.00076301 0.043114 -0.0126298 0.000400322 -0.00586154 0.000826121 -0.00015254 6.0477e-05 -2.15419e-07 0.0438649 -0.0161355 0.0164806 0.000581194 -0.0189183 0.0192839 0.00305541 -0.0580052 0.00551273 0.0044342 -0.0207096 -0.000767683 -0.080505 0.0038748 0.00790921 -0.00044484 -0.00732203 -0.000785478 8.78184e-05 0.000703496 -0.0474154 -0.0792001 -0.0204786 0.0431728 0.0772645 0.0488467 0.0309496 -0.00428827 -0.0682014 -0.16422 -0.0486183 0.187329 0.0890196 0.0294846 -0.120315 -0.0419773 0.149583 0.148795 -0.0892646 0.00420282 -0.0293826 -0.0164432 -0.00601075 0.0064345 0.0210694 -0.0200735 -0.0160664 0.000760167 -0.0180014 -0.0146791 -0.00648024 0.00225229 -0.0141988 -0.00508907 -0.0259519 -0.0227503 -0.020069 -0.0149341 -0.033751 -0.018719 -0.015456 -0.0167414 0.000185377 0.0482974 0.0119373 0.000116566 -0.00331671 -0.00452825 -0.00932047 -0.0052914 -0.0126546 -0.000753469 -0.00954876 0.0156677 0.00204661 0.000644653 -0.00581326 0.0207779 0.0386205 -0.00678356 -0.00137493 0.0140908 0.0300202 0.0228243 0.0123196 0.00174697 -0.0004181 -0.00179916 0.00362071 0.031984 0.0413211 0.0429988 -0.693388 -0.366529 -0.113989
 -8.93319e-10 3.22004e-05 -5.7393e-06 9.27687e-11 1.50645e-05 -1.23184e-05 -1.57096e-06 -4.43794e-08 2.50266e-06 1.40052e-05 9.6162e-07 -1.97545e-05 2.67502e-10 -1.09715e-05 1.27327e-08 -3.72787e-10 -6.8066e-07 1.50109e-08 1000 -1.26345e-05 6.28453e-06 -3.99198e-10 1.14384e-06 -3.10118e-07 7.54385e-05 -2.87313e-06 -5.16817e-07 2.86651e-06 3.97156e-05 -3.8006e-05 6.03712e-05 3.3187e-06 -1.84709e-05 0.000127353 -4.26894e-05 5.70602e-05 -3.46881e-05 -5.41539e-07 8.31534e-08 -2.26354e-05 -3.07009e-06 -5.66562e-08 6.72225e-06 -3.50368e-05 3.56323e-06 -5.05124e-06 -4.47376e-06 4.0861e-06 2.57419e-05 1.0693e-05 -3.78562e-05 2.13887e-05 -2.80121e-05 2.10072e-05 4.94106e-05 -5.05378e-05 -2.1187e-05 3.03058e-05 3.30131e-06 -1.2181e-05 8.84332e-07 1.21835e-07 -6.68114e-06 4.67638e-06 1.38693e-08 -1.80406e-06 -1.35546e-06 2.31559e-07 1.53512e-07 -1.5363e-10 -2.21577e-06 7.55142e-07 -1.45912e-06 -3.47751e-08 7.47282e-07 -5.66189e-06 -6.10647e-07 1.16917e-05 5.40589e-07 1.43606e-06 -6.41326e-06 2.25131e-05 -0.00027826 1.27755e-05 5.1086e-06 -3.3128e-07 3.2883e-07 -2.04318e-07 -8.90027e-08 2.9512e-07 1.38374e-05 8.24478e-06 -1.36728e-05 -4.94505e-05 -1.83939e-05 1.89145e-05 -0.000119781 0.000377209 -0.000100389 -0.00011398 -4.01689e-05 -2.50006e-05 -0.000101803 9.83328e-05 2.56568e-05 -5.24342e-06 7.7581e-05 7.68459e-07 -1.72221e-05 2.64111e-06 4.06685e-05 -1.05934e-05 -9.36056e-06 1.87609e-06 1.83151e-07 1.17512e-05 1.93673e-05 -4.16482e-06 1.03885e-05 7.77553e-06 1.30722e-05 1.69179e-05 9.26251e-06 1.29175e-05 -1.0706e-05 -4.10047e-06 5.04498e-06 -2.04207e-06 9.72206e-06 -8.01256e-06 9.25478e-06 -2.91101e-06 -4.33181e-06 -8.77166e-06 -2.84632e-06 -7.30376e-06 -1.36761e-06 8.98832e-06 -9.80625e-07 -3.20315e-05 -3.12464e-05 1.85165e-05 9.83737e-06 -1.30395e-05 7.66405e-06 1.63385e-05 -9.57759e-06 3.36818e-05 -1.20954e-05 -1.17003e-06 -1.40691e-05 -2.72601e-05 -2.158e-05 -2.49186e-05 -8.31291e-06 -5.14665e-06 -3.31857e-06 7.47679e-06 -9.79193e-07 5.78083e-07 5.28957e-06 -3.37462e-06 4.77513e-06 -3.05929e-05 -3.22992e-06
 -3.58874e-06 -1.02804 0.162714 -4.3609e-05 -4.1933 3.41474 -0.434495 -0.0883145 2.03946 -2.25237 -0.172445 3.80848 3.92001e-05 -0.84732 -0.00229072 2.88131e-05 -0.788192 0.0279306 -1.26345e-05 860.877 -341.893 6.59258e-06 -1.60087 0.376227 -0.743795 4.12825 -0.819339 -0.372378 -0.0535918 0.0495095 0.210665 -0.553013 2.33846 0.227528 1.99973 -3.0316 0.24384 -0.318806 0.00548267 1.29762 -0.524971 -0.00368079 -0.494514 -0.205169 0.0203382 -0.481127 -0.449242 0.407953 -0.116103 -0.709668 0.256706 -0.0015585 1.03544 -3.03052 -0.53498 0.72995 -0.361759 -1.08213 -0.0770134 0.416311 -0.187959 0.0200418 -2.34631 -0.469892 0.0314198 -0.498506 -0.0575803 0.0101996 -0.00400151 6.3026e-06 -1.46178 0.546121 -0.672665 -0.0242997 0.79746 -0.547416 -0.0779434 1.42102 -0.169615 -0.0849989 0.391138 -1.62116 2.56931 -0.110634 -0.224124 0.0152524 0.472039 0.0286132 -0.00922668 -0.0195723 -0.314041 -1.99551 1.61135 4.77818 -0.323292 -1.93905 -28.541 11.2626 -0.671923 1.47696 0.525169 3.08942 -5.46583 1.0423 2.1607 -0.885708 0.210732 -1.02976 -0.0927182 -0.0528403 1.20853 0.276521 0.178754 0.590976 0.845399 0.294102 0.0175046 -0.550221 0.85838 -0.12307 0.11673 -0.0669531 0.583358 1.19871 -0.234117 0.219508 0.419759 0.146949 1.00502 -0.639413 0.227138 0.322632 0.615394 -0.193155 0.368245 0.760443 0.822227 0.725324 0.618627 1.12012 0.76676 -0.363842 0.0894829 -0.727527 0.0187695 0.252093 -0.0483703 1.88453 -0.320655 0.559535 1.06106 0.524424 0.192271 -0.701989 -0.207392 0.127744 0.319476 -0.639987 0.0418656 -0.951316 -0.639967 -0.993764 20.7774 10.7639 3.38945
 1.52262e-06 0.393493 -0.0620314 1.7238e-05 1.65894 -1.35092 0.171746 0.0348968 -0.806234 0.89147 0.0681732 -1.50598 -1.54055e-05 0.332302 0.000929146 -1.13396e-05 0.310077 -0.0109678 6.28453e-06 -341.893 137.271 -2.66293e-06 0.635049 -0.149239 0.295412 -1.64924 0.327337 0.146345 0.0161406 -0.0147501 -0.0857079 0.218864 -0.925369 -0.0916855 -0.80109 1.21451 -0.0974162 0.124767 -0.00210002 -0.515502 0.20747 0.00147154 0.19689 0.0778472 -0.00768645 0.189277 0.176816 -0.160514 0.0463602 0.283062 -0.102649 0.000784404 -0.412199 1.20804 0.214206 -0.291916 0.143057 0.430942 0.0295247 -0.164915 0.0747272 -0.00797544 0.935652 0.187734 -0.0125965 0.200409 0.0229185 -0.00405977 0.00155881 -2.47204e-06 0.578756 -0.216205 0.266198 0.00961398 -0.315582 0.21706 0.0309224 -0.563821 0.0664248 0.0334774 -0.154049 0.6476 -1.02445 0.0441058 0.088851 -0.00605042 -0.186775 -0.0114048 0.00367854 0.00780036 0.125245 0.795512 -0.6409 -1.90425 0.124292 0.777844 11.3767 -4.49295 0.269345 -0.587741 -0.211366 -1.2303 2.17802 -0.416012 -0.860638 0.352848 -0.0845309 0.409967 0.0374756 0.0211116 -0.481936 -0.110234 -0.071164 -0.235412 -0.336684 -0.116933 -0.00702247 0.219155 -0.342226 0.0490745 -0.0463009 0.0266655 -0.23224 -0.477655 0.093311 -0.0872265 -0.16706 -0.059051 -0.399921 0.254538 -0.0905806 -0.128587 -0.245184 0.0770611 -0.146635 -0.303118 -0.327785 -0.289232 -0.246749 -0.446463 -0.305178 0.145089 -0.0355092 0.289588 -0.00767714 -0.100569 0.0190442 -0.750647 0.127587 -0.223083 -0.422794 -0.208896 -0.0769784 0.279534 0.082435 -0.0509145 -0.12729 0.254977 -0.0166915 0.379209 0.256077 0.396831 -8.3008 -4.26389 -1.34972
 -7.08042e-10 4.22242e-05 -7.40925e-06 3.52409e-10 3.80988e-05 -3.10801e-05 2.23153e-06 6.88019e-07 -1.52681e-05 1.24145e-05 1.12059e-06 -2.32376e-05 6.89217e-11 -8.31964e-06 3.75935e-08 -6.02299e-10 3.07326e-06 -1.18153e-07 -3.99198e-10 6.59258e-06 -2.66293e-06 1000 1.3018e-05 -2.27616e-06 0.000129547 -7.93929e-05 1.40558e-05 8.11096e-06 4.8347e-05 -4.62932e-05 6.63307e-05 6.60613e-06 -3.17437e-05 0.000160472 -4.44955e-06 -2.70498e-06 -4.74667e-05 4.11105e-07 1.20767e-07 -3.12616e-05 -3.60765e-06 -5.31539e-08 2.41601e-05 -5.05281e-05 4.70752e-06 -3.05628e-06 -3.64752e-06 3.29119e-06 1.02865e-05 4.68739e-05 -1.16594e-05 -3.34022e-06 -4.79716e-05 3.54386e-05 8.42178e-05 -8.62632e-05 -2.54317e-05 5.31928e-05 4.94223e-06 -2.08717e-05 5.84877e-07 6.19571e-08 8.06015e-06 6.11686e-06 4.81748e-08 -3.48003e-06 -8.68414e-07 1.57958e-07 2.20904e-07 -2.04809e-10 1.04707e-05 -4.04282e-06 3.86017e-06 1.53725e-07 -5.04494e-06 -5.04783e-06 -4.77433e-07 9.32543e-06 1.9854e-06 1.95761e-06 -8.8403e-06 3.95884e-05 -0.000300852 1.38729e-05 2.5526e-06 -1.97807e-07 -3.74728e-06 -1.92576e-07 -7.55257e-08 2.70026e-07 2.65599e-05 9.29244e-06 1.3524e-06 5.49567e-06 4.03618e-05 4.77277e-05 1.45902e-05 0.000102278 -3.01193e-05 -8.62272e-05 -2.80491e-05 -2.13057e-05 -4.82083e-05 6.56142e-05 9.22818e-05 -2.4485e-05 3.07488e-05 -5.37921e-05 0.000104297 -1.23554e-05 9.4885e-06 1.12391e-06 5.36923e-06 1.13162e-05 5.92292e-07 3.70127e-05 1.06303e-05 1.01078e-05 -9.41735e-06 2.79395e-05 1.23008e-06 1.09387e-05 2.84432e-06 1.4386e-05 1.06089e-05 8.38636e-06 7.42217e-06 -5.08976e-06 3.68635e-06 -5.40273e-06 -6.35761e-07 -1.23903e-05 -2.02932e-05 -9.72329e-06 -2.98163e-06 -1.3896e-05 -2.33444e-06 1.50793e-06 -1.63498e-05 -7.31779e-05 -4.06347e-05 2.48693e-05 8.31029e-07 -1.18059e-05 -6.33428e-06 1.56203e-06 -1.39349e-05 -7.7692e-06 -9.5216e-07 -1.87026e-05 -1.8483e-05 -3.50231e-05 -4.19219e-05 -3.06572e-05 -1.52666e-05 -1.2688e-05 -1.17476e-05 1.6758e-05 -2.07077e-06 8.62858e-06 6.78907e-06 5.98322e-06 -0.000162049 -0.000135637 -3.27069e-05
 2.11908e-05 -1.57421 0.259878 -4.4832e-05 -4.30106 3.50268 -0.452571 -0.103723 2.38055 -2.41251 -0.189634 4.16922 4.5848e-05 -0.960542 -0.00331362 3.65044e-05 -0.924502 0.032843 1.14384e-06 -1.60087 0.635049 1.3018e-05 945.59 -223.101 -0.81009 9.85927 -1.96139 -0.152731 0.78389 -0.747415 -2.19379 -0.796469 3.5195 -2.41872 1.23495 -1.72182 0.543256 -0.382988 0.00303611 1.97988 -0.700306 -0.0085254 -2.01002 0.68128 -0.0480994 -0.486246 -0.472242 0.429152 -0.364634 -1.42198 0.12493 0.243704 1.7014 -4.52514 -1.68972 1.97677 -0.0413379 -2.21938 -0.323341 0.971905 -0.177325 0.016453 -1.88472 -0.00790217 -0.0165136 0.448581 -0.039523 0.00674327 -0.00606406 1.01887e-05 -1.56032 0.58496 -0.639005 -0.0234268 0.766817 -0.425572 -0.069145 1.25078 -0.182926 -0.118418 0.545026 -1.16409 3.14118 -0.145598 -0.155938 0.0118465 0.422465 0.0270311 -0.00560265 -0.021618 -0.808386 -0.444024 0.195706 -0.0603765 -1.85332 -1.63303 -7.74256 2.06509 -0.077159 3.03104 1.09303 1.91629 -5.57422 -1.5267 3.98323 -0.369125 -1.81908 -6.37269 1.17696 0.453133 -0.775855 -0.642866 -0.583385 0.144033 -0.208559 -0.976951 -1.1236 0.148259 1.02627 -0.590782 -0.163578 -0.370314 0.100222 -0.477985 -0.0222862 0.156432 0.0499964 0.242595 0.397181 0.127537 0.283329 0.771919 1.18214 0.754068 0.562595 0.503102 0.461004 0.518824 0.553398 1.92785 1.33508 -0.421373 0.112449 0.0286095 0.510386 0.457578 0.398742 1.33601 0.232681 0.706035 2.14939 1.66699 0.828742 -0.165788 0.213587 0.44304 0.559709 -0.934647 0.067894 -1.07628 -0.891929 -1.15871 23.0129 12.8496 3.86694
