 1000 0.00266601 -0.000563963 -9.42398e-10 -0.000134859 0.000108477 -2.32741e-06 -2.23635e-07 2.23499e-06 -7.70415e-05 -4.44374e-06 0.000102057 3.32244e-10 -1.45078e-05 1.86967e-07 -2.63678e-10 -6.47367e-06 4.6625e-07 -9.22674e-10 -1.8475e-05 8.18025e-06 -6.28722e-10 7.92737e-06 -1.53967e-06 1.92757e-05 -0.000307885 7.78534e-05 -5.42342e-05 -0.000206733 0.000233066 -3.5722e-06 -1.1554e-06 3.69335e-06 9.10573e-05 -9.18509e-05 0.000142258 -7.44166e-05 -6.25385e-06 9.69314e-07 -0.000128451 1.28001e-05 1.23359e-06 -1.74066e-05 -8.29421e-05 1.13561e-05 -4.3144e-06 -1.04833e-05 1.67882e-05 7.36412e-05 -5.81935e-05 -0.00028018 0.000227651 -6.80611e-05 7.98976e-05 0.000108813 -0.00013602 -5.26114e-05 1.47217e-05 -5.33035e-05 5.45765e-05 -3.89871e-06 3.4912e-07 2.2114e-05 3.13892e-06 -2.60878e-07 7.02123e-06 -4.6157e-06 1.35267e-06 7.88655e-07 -1.37838e-10 -4.61369e-06 1.72348e-06 3.36984e-06 1.09076e-07 -4.4453e-06 9.7066e-06 7.78211e-07 -2.00214e-05 2.29012e-06 1.45579e-06 -1.269e-05 -9.17721e-06 -0.000347473 2.78034e-05 6.72543e-06 -8.28575e-07 -9.35116e-06 -1.73355e-06 -7.6782e-07 2.52145e-06 3.06171e-06 -9.89984e-05 -0.000150127 -0.000205879 -9.6639e-05 -1.06721e-06 0.000167226 0.000429773 -0.000236261 -0.000103249 -7.43396e-05 5.15995e-05 -4.95561e-05 -4.02231e-06 9.00221e-05 0.000119894 5.34748e-05 -6.48232e-05 -0.000156825 0.000224275 -0.000129601 2.39135e-05 -2.15952e-05 -1.28875e-05 9.02458e-06 3.54813e-05 1.74228e-05 -2.01176e-05 4.5344e-05 -3.76195e-05 8.38547e-06 -7.06005e-06 -7.62927e-06 1.22168e-05 7.07309e-06 -7.22486e-06 -1.59717e-05 0.000155294 -0.000113856 8.05343e-05 -3.17357e-06 1.61957e-05 2.82696e-05 5.88125e-06 2.87613e-05 -2.79261e-05 2.81777e-05 1.37262e-05 2.69243e-05 -2.8191e-05 -7.86061e-05 4.57863e-05 1.97404e-05 4.40577e-07 2.61059e-06 -3.25715e-05 3.68095e-05 3.43915e-05 -1.70998e-06 3.15351e-05 1.20464e-05 -4.64382e-05 -1.0239e-05 -2.75149e-05 8.40578e-07 1.77796e-06 3.44225e-06 4.14889e-07 1.78704e-07 1.8786e-05 3.47313e-05 3.41054e-05 -0.000610767 7.81828e-05 -5.20988e-05
 0.00266601 484.697 -101.399 0.000134966 27.6675 -22.2529 0.489174 0.178504 -2.86496 15.1039 1.12155 -26.0785 -9.21429e-05 2.55668 -0.0233038 -5.23049e-05 2.33121 -0.123489 2.38011e-05 1.62892 -0.724482 2.19206e-05 0.226206 -0.0609137 16.8268 35.7831 -9.38935 6.0823 23.6148 -26.644 13.1304 2.25461 -9.58257 8.99056 14.5904 -24.3498 7.80108 1.24659 -0.144772 19.3501 -2.23091 -0.18648 9.99807 7.47808 -1.22139 1.30773 2.67636 -4.33119 2.01848 8.23212 14.5981 -13.8741 1.98429 -3.5834 1.27025 -1.1509 6.77372 2.75726 7.88718 -11.0168 0.65131 -0.0576571 -1.71282 2.22318 -0.004389 -2.4024 0.379881 -0.108479 -0.130284 -2.14575e-05 1.32276 -0.462982 0.305425 0.0209664 -0.461974 -0.858809 -0.0279485 0.999236 -0.0212948 -0.109307 0.917819 -1.38676 3.17546 -0.238672 1.70704 -0.184156 0.515322 0.131573 0.0342406 -0.167214 1.4302 -3.72011 10.6676 18.4377 10.7365 2.18082 -31.1943 17.7972 -8.31418 17.988 11.9934 -1.13359 -1.48663 -2.12816 -4.86538 3.2284 3.4677 1.55239 -8.87403 3.36134 -1.20512 0.38515 -1.53824 -1.04063 -0.920986 -1.13922 -0.0457183 1.969 0.349922 -0.942385 -0.024534 -0.0284057 -0.240649 -1.23367 0.203144 -0.340804 -1.25535 2.96679 -6.0083 2.57705 -0.683608 -0.530682 -1.08436 -3.82086 -1.40029 -2.23313 -1.5056 -1.73838 0.0605352 -0.0768021 -0.987603 -1.80282 -2.07554 -0.540256 -0.384304 -2.18781 0.0728603 -1.78878 -3.39338 -0.641939 -0.0735233 -2.03829 -0.419446 -1.14836 -1.08519 -1.01564 -1.05926 0.453796 -0.194732 -2.14858 -4.95398 -5.07682 88.8891 -36.898 4.53013
 -0.000563963 -101.399 22.3491 -2.85989e-05 -5.8492 4.70449 -0.107194 -0.0388904 0.626594 -3.19191 -0.237147 5.5143 2.0244e-05 -0.556951 0.00496308 1.13417e-05 -0.504769 0.0266612 -5.06269e-06 -0.358061 0.15913 -4.60616e-06 -0.0595939 0.0153658 -3.55128 -7.55476 1.98232 -1.28778 -4.98648 5.62615 -2.7678 -0.479874 2.03755 -1.89791 -3.08248 5.14421 -1.65197 -0.273158 0.0310314 -4.0843 0.461128 0.039434 -2.11507 -1.59279 0.259741 -0.2808 -0.571231 0.924523 -0.428228 -1.73582 -3.07814 2.92557 -0.42041 0.755572 -0.268655 0.243633 -1.42907 -0.582127 -1.66448 2.32507 -0.13786 0.0122057 0.362905 -0.468947 0.000865955 0.509304 -0.0799811 0.0228369 0.0275681 4.75283e-06 -0.29989 0.104347 -0.0695409 -0.00467298 0.104364 0.179385 0.00557202 -0.203022 0.00335634 0.0227219 -0.19076 0.294945 -0.669252 0.0502857 -0.361223 0.0389666 -0.109769 -0.0277597 -0.00721781 0.0352729 -0.301668 0.784898 -2.24801 -3.88943 -2.26679 -0.455853 6.58208 -3.75976 1.75556 -3.79399 -2.52844 0.239132 0.313944 0.448675 1.02585 -0.682129 -0.73225 -0.327218 1.8737 -0.710823 0.254768 -0.081594 0.324838 0.219834 0.194142 0.240213 0.00927982 -0.415218 -0.0742417 0.198977 0.00516737 0.00594399 0.0509309 0.259905 -0.0428418 0.0720129 0.265093 -0.627445 1.2688 -0.544416 0.14418 0.111831 0.228709 0.806251 0.295345 0.47096 0.317122 0.366358 -0.0132543 0.0158986 0.209002 0.380433 0.438061 0.113695 0.0809541 0.461727 -0.0158107 0.377532 0.715611 0.13511 0.0153256 0.430298 0.0881285 0.24229 0.228697 0.21427 0.223445 -0.0957246 0.0410675 0.453424 1.04622 1.07109 -18.7799 7.81822 -0.954403
 -9.42398e-10 0.000134966 -2.85989e-05 1000 -0.000897777 0.000724596 -3.79425e-06 -9.24168e-07 2.04105e-05 4.36629e-05 3.89479e-06 -8.7615e-05 6.23546e-10 -1.0433e-05 2.4052e-08 1.24609e-10 -5.16463e-06 2.52438e-07 1.69553e-11 -1.31908e-05 5.71434e-06 1.85825e-10 -1.5229e-05 3.15919e-06 5.5341e-05 3.32841e-05 -9.25293e-06 -5.11776e-06 -1.45797e-05 1.62457e-05 0.00015086 1.4224e-05 -6.70054e-05 0.00019945 -2.33373e-05 2.31813e-05 2.07839e-05 -4.38072e-06 1.38193e-07 5.98908e-06 5.09522e-08 3.59438e-07 7.63299e-05 -7.58003e-06 -7.07326e-08 2.24879e-09 9.41109e-07 -1.65563e-06 1.45898e-05 2.23906e-05 -4.19918e-05 2.28907e-05 -3.26841e-05 -2.70627e-05 0.00010979 -0.000126299 3.24393e-05 -2.19416e-05 3.99974e-05 -3.35282e-05 -5.33251e-07 -1.16672e-07 3.47607e-05 -5.27939e-05 3.86477e-06 -8.79088e-05 -5.6133e-06 1.55943e-06 8.12139e-07 2.36242e-10 -2.75068e-05 8.64893e-06 -5.7273e-06 -2.5456e-07 7.2803e-06 -1.40047e-05 -1.38947e-06 3.40221e-05 1.77133e-06 2.491e-07 -2.4976e-06 -1.15885e-05 -0.000145723 1.14902e-05 2.14498e-05 -2.29871e-06 -6.19635e-07 -4.98634e-07 -3.14438e-07 8.19378e-07 -3.34387e-05 -6.51662e-05 -2.67936e-05 -2.78684e-05 -9.52296e-06 4.11968e-06 7.28654e-05 -7.99832e-06 -4.14623e-05 1.71902e-05 4.77345e-06 -2.49964e-05 1.39145e-05 5.43086e-05 -2.52036e-05 0.000105655 -3.8664e-05 -6.33717e-06 -1.42957e-05 -5.88439e-06 7.90756e-06 2.38815e-06 1.77248e-05 4.73487e-06 2.80268e-05 -2.28986e-05 -1.24491e-06 -1.17572e-06 3.01393e-05 -3.30816e-05 -1.92096e-05 4.25503e-05 4.19419e-05 3.82012e-05 -8.31203e-05 -0.000203137 -7.33819e-05 0.000140523 -3.26594e-05 0.000139857 -1.34684e-05 3.50741e-06 2.91185e-05 2.39933e-05 1.41214e-05 7.45688e-07 3.03808e-05 -1.1228e-05 5.27871e-05 -5.50218e-05 -0.000118368 1.92802e-07 -6.03625e-05 6.99947e-05 6.62028e-05 2.26388e-06 -5.74013e-06 -6.37735e-06 -2.16065e-05 6.75771e-05 4.94808e-05 -0.000107628 5.35498e-05 -2.81328e-05 -2.69129e-06 -8.4771e-07 -1.77684e-06 -5.3663e-06 3.16006e-06 -1.50858e-05 -4.80191e-05 -6.3126e-05 0.000477271 -5.29151e-05 4.13997e-05
 -0.000134859 27.6675 -5.8492 -0.000897777 406.781 -325.725 -0.276409 -0.0875098 1.88642 9.74491 0.746985 -17.3071 0.000119948 -1.94699 -0.00687602 3.09059e-05 -0.786558 0.0259271 4.13316e-05 -3.6797 1.59768 6.39116e-05 -3.9206 0.822157 10.8894 21.8476 -5.74411 4.10033 14.9964 -16.9255 14.5239 0.30513 -2.26644 8.63503 9.28535 -15.7021 3.9343 -1.11497 0.000307297 9.98025 -2.70702 -0.0847111 6.65934 2.36151 -0.478 -0.276189 0.0582363 -0.0789624 -1.2985 2.65299 -1.41071 0.136277 2.04191 -3.35338 0.666872 -0.461893 5.67009 1.63283 5.63771 -7.71452 0.340353 -0.0276278 -1.78882 -1.58231 0.250838 -8.52495 -0.766805 0.223937 0.0957123 4.88543e-05 -4.83499 1.51757 -0.749592 -0.0325147 0.986779 -1.6748 -0.11413 3.06774 -0.0108132 -0.0475213 0.409945 -3.48384 -0.84368 0.0873606 2.12527 -0.227876 0.483028 0.0613097 0.0150213 -0.0769782 0.807764 -1.52155 1.99433 2.81343 1.34633 2.19086 1.68158 -1.76636 -0.730408 4.47221 1.047 -1.24312 -0.805028 0.710006 -1.84528 3.11739 -0.408673 -0.761583 -0.870697 1.134 0.0546736 -0.563458 -0.965178 -1.73606 0.263965 0.234949 -0.189299 0.318882 2.3273 -1.32226 -1.65646 -0.422895 -0.333578 2.83277 2.6703 -1.89604 -1.57147 3.83927 -7.66115 3.31365 0.358801 0.070004 -0.534447 -0.980566 -0.641366 -0.0136771 -0.121016 -1.34062 0.639293 0.832587 0.348362 -0.684086 -1.48157 0.0874585 0.0585863 -0.292266 0.730675 -0.788789 -3.12255 -0.0500841 1.56663 -1.84727 0.359006 -0.730624 -0.482377 -0.424414 -0.416432 0.158456 -0.0857428 -1.80307 -3.98274 -4.32448 71.8928 -27.1093 3.99
 0.000108477 -22.2529 4.70449 0.000724596 -325.725 263.268 0.220644 0.0698347 -1.5073 -7.83838 -0.600917 13.9229 -9.62159e-05 1.56033 0.00554311 -2.47624e-05 0.628273 -0.0206505 -3.32556e-05 2.95495 -1.28299 -5.13902e-05 3.14888 -0.660317 -8.75544 -17.569 4.61915 -3.29941 -12.0597 13.611 -11.678 -0.246958 1.82852 -6.94393 -7.46734 12.6277 -3.16429 0.893606 -0.000113552 -8.02336 2.17395 0.0681211 -5.35528 -1.90272 0.384861 0.220448 -0.0487616 0.0666618 1.04511 -2.13304 1.13468 -0.109938 -1.64251 2.69685 -0.5363 0.371446 -4.5584 -1.31277 -4.53328 6.20307 -0.273929 0.0222398 1.43862 1.27303 -0.201757 6.85655 0.616843 -0.180139 -0.0771078 -3.92076e-05 3.88036 -1.21789 0.600796 0.0260531 -0.790926 1.34579 0.0916301 -2.46336 0.00831057 0.0381115 -0.32878 2.80261 0.677541 -0.0701862 -1.70943 0.183287 -0.388542 -0.049298 -0.0120757 0.0618941 -0.649078 1.22341 -1.60317 -2.26176 -1.08243 -1.76135 -1.35224 1.42049 0.587736 -3.59768 -0.841934 0.999978 0.647183 -0.571241 1.48399 -2.50713 0.328764 0.612315 0.700451 -0.911681 -0.0441897 0.452955 0.775984 1.39598 -0.212318 -0.188529 0.152196 -0.256407 -1.87146 1.06336 1.3322 0.339887 0.268156 -2.27802 -2.14655 1.52568 1.26403 -3.08791 6.16042 -2.66505 -0.288445 -0.0563215 0.429587 0.78838 0.515671 0.0108495 0.0970337 1.07789 -0.514365 -0.669426 -0.279523 0.550182 1.19172 -0.0707738 -0.0474542 0.234975 -0.587602 0.634474 2.51063 0.0398778 -1.25993 1.4858 -0.289175 0.58752 0.387756 0.341275 0.334851 -0.12736 0.0689049 1.44994 3.20326 3.47752 -57.8233 21.8155 -3.20779
 -2.32741e-06 0.489174 -0.107194 -3.79425e-06 -0.276409 0.220644 999.849 -0.0916235 0.888387 -0.100413 -0.0194554 0.510516 1.39228e-05 -0.281312 -9.20251e-06 7.60578e-06 -0.243086 0.0107649 -1.13245e-06 -0.301222 0.130663 2.09622e-06 -0.324896 0.0679309 0.172605 0.729045 -0.189677 0.0629705 0.782685 -0.883779 1.01442 -0.13307 0.434625 1.04348 0.102336 -0.240272 -0.035964 -0.141024 0.00515656 -0.0111438 -0.102631 0.00130692 0.053368 -0.409221 0.0497178 -0.118503 -0.148374 0.240614 0.162856 -0.317172 -0.474185 0.464025 -0.110651 -1.74936 0.802232 -0.768671 -0.216106 -0.416172 0.205273 0.0350772 -0.0656631 0.00630334 -0.0121614 0.0279915 -0.00512975 0.189407 0.00193391 -0.000467734 -0.00531828 4.93667e-06 -0.488938 0.153806 -0.163652 -0.00769483 0.228595 -0.22067 -0.0313186 0.759732 0.0254898 0.00394723 -0.0371056 0.144049 -0.656157 0.0508208 -0.257486 0.0268934 0.0308503 0.00204688 -0.000189561 -0.00187516 -0.328351 -0.307266 -0.280652 -0.328838 -0.131563 -0.00107278 0.773925 0.675627 -1.03137 -0.0370229 0.0424813 0.304427 0.381904 -0.0769597 -0.129044 0.16412 0.188655 -0.248888 -0.0191212 -0.0116935 -0.0294156 -0.0472721 -0.0590835 -0.0288154 -0.0675393 -0.108972 0.352872 -0.553748 0.113061 -0.0041001 0.0334851 -0.0448282 0.0790494 -0.0294006 -0.0461552 -0.0578015 -0.142277 0.122079 0.295947 -0.231212 0.0441487 0.0580324 0.116866 -0.570129 0.221885 -0.165942 0.0776248 0.191812 -0.402777 -0.12211 -0.0387294 0.329951 -0.158445 0.183799 0.212654 -0.0257845 0.054028 0.0336777 0.0644992 0.0521934 0.34633 0.42627 0.0661207 -0.112246 -0.0863521 0.027304 0.0291099 -0.0727208 0.0312286 -0.377934 -0.586662 -0.946383 7.74463 5.12352 1.387
 -2.23635e-07 0.178504 -0.0388904 -9.24168e-07 -0.0875098 0.0698347 -0.0916235 3.92256 -54.8306 -0.0401001 -0.00720649 0.185682 4.28152e-06 -0.0841923 -1.56287e-05 2.50769e-06 -0.0732334 0.00323909 1.70336e-07 -0.0762121 0.0330497 9.88319e-07 -0.106198 0.0223078 0.00950201 0.385422 -0.0986145 0.0258291 0.256506 -0.289476 0.2601 -0.0550525 0.191438 0.220581 0.123512 -0.21582 0.00431102 -0.0426357 0.00122383 0.0181133 -0.0335498 3.63465e-05 -0.0100401 -0.100619 0.012082 -0.0336017 -0.0449035 0.0729094 0.0525191 -0.120356 -0.211102 0.199407 0.027691 -0.619476 0.143397 -0.106672 -0.063643 -0.14354 0.0467676 0.0383205 -0.0228792 0.00261434 -0.0890666 0.0758688 -0.00212903 1.90411e-05 0.00121196 -0.000296789 -0.00218299 1.65322e-06 -0.153565 0.0483432 -0.0509853 -0.00238466 0.0708109 -0.0863913 -0.0116395 0.279026 0.00396887 0.000796452 -0.00823339 0.0610787 -0.0254997 0.00200521 -0.0620691 0.00646382 0.0151747 0.00126183 0.00056012 -0.00183655 -0.103753 -0.107818 -0.0632663 -0.0525613 -0.00916476 0.00724074 0.51361 -0.136371 -0.333299 0.00539303 0.0402513 0.340392 0.126232 -0.0386133 -0.240541 -0.0691416 0.133462 -0.0689951 0.017508 -0.0131207 -0.0249276 -0.0327751 -0.0405461 -0.0160479 -0.0318387 -0.0941899 0.210476 -0.170155 0.0151128 -0.0198066 0.0590919 -0.0293114 0.0343524 -0.0171866 0.00688387 -0.00739705 -0.0997227 0.0176689 0.0273009 -0.0536634 0.0283056 0.0396373 0.0369305 -0.125358 0.0294111 -0.0104498 0.00746531 -0.0417388 -0.117011 0.0474437 0.0913795 0.0976026 -0.0144521 0.0370139 0.0103006 -0.0595848 -0.0704996 0.140988 -0.0350367 0.113698 0.182851 0.0490772 -0.0666938 -0.0437472 -0.0283587 0.00676212 0.0128071 -0.0238667 0.00984898 -0.126151 -0.149975 -0.28047 2.60819 1.69369 0.463563
 2.23499e-06 -2.86496 0.626594 2.04105e-05 1.88642 -1.5073 0.888387 -54.8306 991.382 0.856578 0.143899 -3.67274 -8.01176e-05 1.58516 1.29999e-05 -4.57559e-05 1.36937 -0.0607851 -1.35233e-06 1.41872 -0.615436 -1.78517e-05 1.95201 -0.410189 -0.184382 -6.76536 1.73152 -0.39989 -4.46156 5.03493 -4.65214 1.04348 -3.64826 -3.96467 -2.08902 3.66628 -0.0670974 0.844801 -0.0256339 -0.375161 0.665513 -0.000783374 0.185743 1.96269 -0.237291 0.65551 0.858731 -1.39552 -0.990414 2.14716 3.77383 -3.56171 -0.427324 11.0406 -2.59918 1.95227 1.14489 2.56071 -0.820962 -0.69934 0.419408 -0.0477121 1.5612 -1.34499 0.0385507 -0.0344871 -0.0273117 0.00692938 0.0406008 -3.16175e-05 2.89032 -0.910846 0.969561 0.0456415 -1.34851 1.55668 0.209625 -5.02385 -0.0742485 -0.0176064 0.175091 -1.22631 0.536222 -0.0413367 1.12952 -0.117632 -0.278011 -0.0223392 -0.00998503 0.0325831 1.84119 1.9154 1.12289 0.946322 0.191266 -0.110609 -9.16337 2.36975 5.92398 0.0548643 -0.603942 -6.09922 -2.25698 0.686236 4.2752 1.22627 -2.37849 1.23872 -0.330035 0.223822 0.44811 0.586354 0.724601 0.285904 0.558521 1.66285 -3.75929 3.03865 -0.269937 0.344092 -1.06132 0.519684 -0.622146 0.304783 -0.127886 0.125218 1.76971 -0.306499 -0.510806 0.960165 -0.509297 -0.710144 -0.663665 2.23786 -0.533278 0.191555 -0.130994 0.743273 2.09625 -0.837991 -1.63443 -1.75807 0.249052 -0.660689 -0.187919 1.06057 1.25888 -2.52657 0.625475 -2.02848 -3.26727 -0.88305 1.19928 0.783259 0.50898 -0.124971 -0.232479 0.426469 -0.175155 2.24948 2.65315 5.0025 -45.9632 -31.0063 -8.3072
 -7.70415e-05 15.1039 -3.19191 4.36629e-05 9.74491 -7.83838 -0.100413 -0.0401001 0.856578 898.668 -6.98786 146.362 0.000111048 -2.31841 0.00153352 5.13056e-05 -1.81988 0.0824181 2.68085e-05 -2.85319 1.2424 2.40253e-05 -2.89191 0.610556 5.82172 6.2378 -1.68299 1.5191 5.20438 -5.87691 6.60151 0.47838 -2.34126 5.56326 3.23626 -5.66203 2.14041 -0.354822 -0.00663933 4.65703 -1.42923 -0.0332478 2.7725 0.868003 -0.178524 -0.0671334 0.00449915 -0.00274426 1.4126 0.722891 -5.50833 3.79457 0.0484607 -2.76156 2.5954 -2.77456 3.3705 2.1424 1.14241 -2.8016 0.679021 -0.0546712 -2.79344 4.46466 -0.0102093 -4.84671 -0.119335 0.0356209 -0.0442504 1.89198e-05 -2.79089 0.876154 -0.343516 -0.0108062 0.361439 -1.17577 -0.0951492 2.65903 -0.344094 -0.196681 1.65072 -1.72106 -5.54962 0.451008 0.221878 -0.0264899 0.727091 1.29199e-05 -0.0120362 0.0120862 -0.470777 -9.35293 1.76175 7.51835 7.13585 8.91092 -7.86652 -4.9409 3.63932 10.4633 3.35051 -9.3727 2.89695 -1.61936 -3.28754 3.15228 8.75057 13.3799 -16.8683 2.02531 1.99202 0.785424 -0.358024 -0.745197 -0.949962 2.67383 -5.19469 0.395008 3.26915 -3.44268 0.924774 0.0607845 -1.7253 0.0715918 -0.388115 1.13694 -5.15762 9.32206 -10.2761 6.95532 -1.96899 -0.819537 1.47333 -5.40277 0.501396 -3.3239 -1.19005 1.27433 -0.203636 -0.416003 -0.969582 -1.00381 -1.25289 1.26892 0.0656773 -2.62645 0.304102 1.00915 -1.22541 0.238408 -1.87226 1.32404 2.01507 -1.327 -2.68174 -0.898815 -0.836322 0.126236 0.0114896 -0.953443 -1.49496 2.15219 42.3718 -20.3559 1.82094
 -4.44374e-06 1.12155 -0.237147 3.89479e-06 0.746985 -0.600917 -0.0194554 -0.00720649 0.143899 -6.98786 2.31446 -33.5701 7.92545e-06 -0.161939 7.02663e-05 4.16832e-06 -0.134195 0.00599023 2.20671e-06 -0.221853 0.0964736 2.03646e-06 -0.225511 0.0474875 0.216151 0.778884 -0.201937 0.144538 0.557776 -0.629491 0.412759 -0.010383 0.0099586 0.143433 0.394189 -0.650328 0.138795 -0.0372734 -9.33784e-05 0.110126 -0.0533758 -0.00102062 0.0183183 0.0830814 -0.0123974 -0.0228408 -0.0227644 0.0373499 -0.075667 0.0367814 0.0117518 -0.019442 0.0990588 -0.324244 -0.049877 0.0909238 0.145687 -0.0382082 0.171381 -0.17929 0.0129968 -0.00121772 -0.0580916 0.103456 0.000501934 -0.144663 -0.00417873 0.00129928 -0.00228167 1.6107e-06 -0.199553 0.0626724 -0.0410515 -0.00165911 0.050861 -0.0192782 -0.000860144 0.0281544 -0.0162596 -0.00865088 0.0716614 -0.135861 0.288694 -0.0219453 0.0374176 -0.00420946 0.0347114 0.00288285 0.0010129 -0.00392778 -0.0534967 -0.516546 0.308642 0.782182 0.61445 0.685443 -0.403286 -0.207946 -0.15107 0.368907 0.107417 -0.155995 0.387599 0.0187742 -0.481577 -0.262651 0.141811 0.422199 -0.223293 -0.0218362 -0.0421687 -0.0230732 -0.048981 -0.0589384 -0.0779844 0.0593678 -0.162783 -0.0447344 0.109283 -0.106883 -0.0102086 -0.0330568 -0.0636982 -0.00809052 0.0508854 -0.0228427 -0.149997 0.30718 -0.297458 0.0259469 -0.00991034 -0.0466077 0.0364682 -0.244445 0.026698 -0.0631581 -0.0315188 -0.0309624 -0.0846753 0.0343795 0.00586571 -0.0682467 -0.0657241 -0.00672105 0.024235 -0.0781865 0.0134367 -0.000146912 -0.0978075 0.00819596 0.0600329 0.00469164 -0.0208637 -0.0318673 -0.0425711 -0.0261623 -0.0258817 -0.00213658 0.0026038 -0.100459 -0.188563 -0.249474 3.31561 -0.477224 0.27603
 0.000102057 -26.0785 5.5143 -8.7615e-05 -17.3071 13.9229 0.510516 0.185682 -3.67274 146.362 -33.5701 782.236 -0.000190626 3.90239 -0.00196928 -9.95732e-05 3.25011 -0.145381 -5.0406e-05 5.33572 -2.32054 -4.65657e-05 5.38486 -1.13412 -5.12096 -17.942 4.65416 -3.32861 -12.8623 14.5161 -9.805 0.31523 -0.496381 -3.49076 -9.03105 14.9138 -3.25741 0.995276 -0.00339525 -2.63434 1.34866 0.0234269 -0.440077 -1.75387 0.265495 0.599509 0.605092 -0.99286 1.72954 -0.903758 -0.0187524 0.281308 -2.17968 7.52103 1.04248 -1.97455 -3.47416 0.798245 -3.94646 4.18528 -0.318042 0.0294794 1.48719 -2.51462 -0.0124811 3.52768 0.0807799 -0.0255196 0.0592275 -3.9501e-05 4.83767 -1.52036 1.02491 0.0418819 -1.27453 0.387571 0.0143993 -0.526415 0.371117 0.198698 -1.64661 3.26685 -6.45132 0.489186 -0.866444 0.0974797 -0.790231 -0.0658474 -0.0227929 0.0893702 1.25232 12.0584 -7.23045 -18.0951 -14.0048 -15.7252 9.38816 4.9902 3.47021 -9.49145 -2.70054 3.98814 -8.97974 -0.365247 11.1569 5.9145 -3.54941 -10.1541 5.72039 0.427821 0.900397 0.499224 1.13848 1.38604 1.82377 -1.45561 3.92405 1.00864 -2.61399 2.57364 0.206351 0.760559 1.52435 0.180524 -1.14775 0.488819 3.61959 -7.36495 7.17461 -0.831441 0.29631 1.09661 -0.885624 5.78641 -0.630427 1.56197 0.768058 0.672558 1.9559 -0.770158 -0.106351 1.59282 1.5498 0.116533 -0.554087 1.88166 -0.314675 -0.0318238 2.28403 -0.193561 -1.3098 -0.150806 0.413033 0.777247 1.06825 0.633601 0.62462 0.0444535 -0.0605691 2.32998 4.35284 5.61747 -77.3183 11.6731 -6.37177
 3.32244e-10 -9.21429e-05 2.0244e-05 6.23546e-10 0.000119948 -9.62159e-05 1.39228e-05 4.28152e-06 -8.01176e-05 0.000111048 7.92545e-06 -0.000190626 1000 8.00987e-05 -5.97503e-06 -1.0043e-09 4.83356e-05 -1.79761e-06 2.56559e-10 3.61881e-05 -1.55957e-05 -1.0277e-10 4.7366e-05 -9.72646e-06 -0.00027829 -0.000575567 0.000152282 -2.89005e-05 -0.000178896 0.000201821 -7.89653e-05 3.112e-05 -0.00011226 -0.000139938 6.23819e-05 -9.13695e-05 0.000111256 3.18514e-05 -1.02853e-06 -0.000375971 0.000146392 3.91495e-06 -4.35661e-05 0.000174935 -2.02314e-05 2.58928e-05 3.58486e-05 -5.8588e-05 8.25397e-05 1.10785e-05 -0.000190334 0.000135523 3.30099e-05 5.11305e-05 -1.18481e-05 9.19647e-06 0.000129063 -2.71342e-05 -3.99737e-05 5.45897e-05 -3.49818e-06 4.00719e-07 -4.1358e-05 -3.7695e-06 1.46851e-06 -5.83708e-05 -1.38811e-06 4.14031e-07 -6.86431e-07 -7.21208e-10 7.70669e-05 -2.39289e-05 1.49775e-05 6.65612e-07 -1.90858e-05 3.22307e-05 4.52839e-06 -0.000115279 4.01419e-07 1.20539e-06 -1.12387e-05 -4.50243e-05 0.000240351 -1.83478e-05 1.11998e-05 -1.06524e-06 1.17636e-05 -9.14827e-07 -1.6279e-07 1.08709e-06 -5.70363e-05 -4.12969e-05 5.43453e-05 9.59053e-05 4.45847e-05 2.02593e-05 -2.21331e-05 -6.72203e-06 -9.68399e-05 2.89801e-06 8.09877e-06 0.000264026 0.000136288 -0.000141868 -8.1633e-05 3.93138e-05 2.76855e-05 5.92305e-05 3.9701e-05 -4.82158e-06 -9.59537e-05 -8.86952e-06 5.80644e-05 2.23403e-05 -5.45123e-05 -3.04564e-05 -6.47407e-05 4.60791e-05 3.62918e-05 2.04997e-05 -8.66646e-06 -1.31145e-05 -3.0631e-05 6.42503e-06 -1.66419e-05 -2.60492e-05 -3.15178e-05 -2.93254e-05 -2.83753e-05 -3.38928e-05 -1.02471e-05 7.33286e-06 1.80354e-05 3.22687e-05 2.43623e-05 2.02685e-05 7.65625e-06 -5.89718e-06 -4.41668e-05 -4.93627e-05 -2.42586e-05 6.20236e-06 2.75609e-05 -5.89072e-06 -4.15799e-05 -4.16461e-06 -1.16328e-05 -3.10928e-07 -1.05936e-05 -1.10898e-05 2.96999e-06 2.64025e-05 3.24658e-05 -1.87219e-05 -5.17293e-06 -1.18165e-05 -7.7416e-06 -2.07111e-06 4.86071e-06 3.38772e-05 6.54846e-05 8.72363e-05 -0.000780435 -0.000331424 -0.000117702
 -1.45078e-05 2.55668 -0.556951 -1.0433e-05 -1.94699 1.56033 -0.281312 -0.0841923 1.58516 -2.31841 -0.161939 3.90239 8.00987e-05 998.083 -2.49049 1.6974e-05 -1.07283 0.0406181 -9.66218e-06 -0.678848 0.291773 -3.93882e-06 -0.905113 0.184565 7.99453 13.7125 -3.65494 0.761622 4.45187 -5.02369 2.66336 -0.648182 2.26066 4.48099 -0.557092 0.582362 -3.24134 -0.810413 0.029681 7.48539 -3.27177 -0.0828836 1.08635 -4.74563 0.552223 -0.608997 -0.861557 1.40638 -1.74183 0.779896 3.87597 -3.12505 -1.22486 -0.642695 0.99158 -1.11487 -3.61495 1.35271 0.785429 -1.51134 0.0557008 -0.00540951 0.860471 0.200479 -0.029611 1.05891 0.0141809 -0.00426234 0.0208038 1.38632e-05 -1.61424 0.499406 -0.27193 -0.0114238 0.332173 -0.744282 -0.0998747 2.55022 -0.00220932 -0.0233543 0.222372 1.21367 -8.32922 0.649268 -0.188748 0.0169437 -0.304592 0.0187046 0.00358648 -0.0224818 1.72832 1.80979 -1.10576 -2.32145 -1.09266 -0.485541 0.900567 0.313041 1.92546 -0.16177 -0.198819 -5.01152 -3.74457 2.58538 3.25171 -0.729284 -0.693775 -1.56791 -0.289737 0.455509 1.89217 0.237835 -1.36715 -1.05915 1.59224 1.04836 1.82845 -0.924394 -0.659715 -0.201418 0.234372 0.302073 0.656478 0.0107486 0.448714 0.632787 0.733995 0.588328 0.673146 0.718077 0.186121 -0.29314 -0.629138 -0.884271 -0.56072 -0.492343 -0.331737 -0.0198125 0.604114 0.650401 0.201583 -0.00660892 -0.239253 0.245835 0.787238 0.0101762 0.08577 -0.217592 0.0995165 0.0963507 -0.173385 -0.932333 -1.28536 -0.00697622 -0.0288776 0.125726 0.055736 0.162067 -0.151795 -0.600665 -1.24379 -1.58172 14.1228 5.46251 2.06618
 1.86967e-07 -0.0233038 0.00496308 2.4052e-08 -0.00687602 0.00554311 -9.20251e-06 -1.56287e-05 1.29999e-05 0.00153352 7.02663e-05 -0.00196928 -5.97503e-06 -2.49049 0.823259 2.22739e-07 -0.00609566 0.000318008 2.28299e-08 -0.00275207 0.00121618 5.03714e-08 -0.00404606 0.000880621 -0.0309262 -0.0549076 0.014569 -0.00554233 -0.0232178 0.0261994 -0.0118847 -0.000144674 0.00148198 -0.0168847 -0.00460507 0.00869797 0.000671349 -0.00187984 0.000167264 -0.0360881 0.00774159 0.000383392 -0.0110955 0.00482389 -0.000279124 -5.99591e-05 -0.000769259 0.00122193 0.00272542 -0.00378403 -0.0147021 0.0122458 0.00163904 0.000462766 -0.004955 0.00583026 0.00602858 -0.00520516 -0.00513326 0.00865877 -0.000515651 4.75623e-05 -0.00113995 -0.000936307 5.24492e-05 -0.00123875 4.09786e-05 -1.21119e-05 -3.76029e-05 7.16888e-08 -0.00460923 0.00153597 -0.00040342 -1.83824e-05 0.000455043 0.0011518 9.9437e-05 -0.00289543 -0.00027599 -0.000189113 0.00145412 -0.00417889 0.0279784 -0.00217237 -0.000201205 3.05257e-05 0.000149661 -7.34701e-05 -1.31305e-05 8.73465e-05 -0.00588743 -0.00383064 0.00172598 0.00468689 0.00251174 0.00150349 -0.00162079 -0.00116752 -0.00599297 -0.00120839 0.000853615 0.0164856 0.0118068 -0.00815416 -0.01038 0.00189977 0.00188908 0.0048235 0.00115354 -0.00189779 -0.00613241 -0.000479785 0.00498569 0.00387192 -0.0052543 -0.0035869 -0.00597218 0.00304568 0.00200612 0.000423417 -0.000770728 -0.00103908 -0.00189374 -0.000115063 -0.00154921 -0.00201487 -0.00212977 -0.00219344 -0.00152705 -0.00257305 -0.00050149 0.00111243 0.00236029 0.00320013 0.00204374 0.00159614 0.000932436 -0.000210366 -0.00217087 -0.0020686 -3.29232e-05 0.00058093 0.00114108 -0.000819343 -0.00238018 0.000171374 -0.000247064 0.00119843 -0.000163116 -9.03469e-05 0.000731259 0.0031981 0.00401358 0.000168688 0.000138798 -0.000212523 1.22549e-05 -0.000625775 0.000523428 0.00201308 0.00466777 0.00496717 -0.0646177 0.00717346 -0.00562654
 -2.63678e-10 -5.23049e-05 1.13417e-05 1.24609e-10 3.09059e-05 -2.47624e-05 7.60578e-06 2.50769e-06 -4.57559e-05 5.13056e-05 4.16832e-06 -9.95732e-05 -1.0043e-09 1.6974e-05 2.22739e-07 1000 2.30615e-05 -3.35378e-06 -3.65251e-10 2.50321e-05 -1.07735e-05 -5.56702e-10 2.8603e-05 -5.84287e-06 2.73057e-05 9.18305e-06 -2.91355e-06 -7.90583e-06 -5.02464e-05 5.66528e-05 2.84228e-05 1.44057e-05 -5.75975e-05 6.80547e-05 1.13594e-05 -2.37535e-05 -2.12005e-05 6.13834e-06 -8.87628e-08 -0.000127605 3.35352e-05 9.89308e-07 -3.43775e-05 1.34143e-05 -6.92317e-07 7.57486e-06 1.21147e-05 -1.98047e-05 7.40605e-05 -6.69895e-06 -0.00020252 0.000151168 -2.0481e-05 7.52736e-05 2.92973e-05 -4.21668e-05 6.17783e-06 3.09758e-05 -3.70645e-05 2.27524e-05 6.34366e-06 -5.31418e-07 -1.11783e-05 1.76165e-05 -4.38009e-08 -1.99994e-05 -2.3075e-06 6.51679e-07 4.70732e-07 -4.57122e-10 3.455e-05 -1.07441e-05 9.80768e-06 4.86677e-07 -1.39451e-05 7.93367e-06 1.61203e-06 -4.16702e-05 -1.13719e-07 1.05173e-06 -9.82068e-06 -3.09411e-06 -0.000299986 2.45166e-05 1.65319e-05 -1.7177e-06 1.44638e-06 -1.05221e-06 -2.72548e-07 1.33573e-06 -1.92951e-05 2.89704e-05 4.25259e-05 4.27463e-05 2.28716e-05 2.06444e-05 4.48383e-05 2.69427e-06 -0.000175218 -1.82035e-05 1.04611e-06 0.000253386 -1.06359e-05 0.000129026 -5.51667e-05 5.49927e-06 6.91053e-05 -2.90639e-05 3.55941e-05 -1.14748e-05 -3.44555e-05 -2.21616e-05 -1.42584e-05 4.59843e-06 1.29249e-05 4.67035e-05 -2.70667e-05 -2.03821e-06 -3.89489e-05 4.22607e-06 1.36551e-05 1.07369e-05 -7.41716e-06 -1.49019e-06 -1.53894e-05 -6.03225e-06 -1.48823e-05 -2.65162e-05 -2.73776e-05 -1.14356e-05 -1.1761e-05 -5.3714e-06 -6.21271e-06 7.9847e-06 3.3057e-06 -1.08823e-05 -1.14922e-05 -1.06132e-05 -1.39642e-05 -2.9689e-05 -4.10373e-05 -1.6915e-06 6.41984e-06 -5.64197e-06 3.8795e-06 7.78046e-06 -1.43559e-05 2.2308e-05 -7.1727e-07 -2.44842e-05 -1.41361e-05 -1.9638e-05 -9.51027e-06 -1.92149e-05 -4.82568e-06 -1.07127e-05 -9.20863e-06 6.65438e-06 1.46683e-06 2.47276e-05 4.53959e-05 5.88924e-05 -0.000508018 -0.000332641 -9.05651e-05
 -6.47367e-06 2.33121 -0.504769 -5.16463e-06 -0.786558 0.628273 -0.243086 -0.0732334 1.36937 -1.81988 -0.134195 3.25011 4.83356e-05 -1.07283 -0.00609566 2.30615e-05 996.938 -46.6409 -1.98802e-07 -0.69304 0.298267 3.73112e-06 -0.812872 0.166332 3.52217 3.81389 -1.04289 0.416111 2.65562 -2.99775 1.48436 -0.398782 1.40829 2.34152 0.052643 -0.25038 -1.13289 -0.457419 0.016934 3.773 -1.57984 -0.0378354 1.66279 -2.62552 0.281705 -0.373101 -0.555905 0.906116 -1.43445 1.73896 3.6842 -3.33496 -0.469383 -1.12601 0.552819 -0.541979 -1.91894 0.703341 1.1639 -1.64134 -0.200939 0.020865 0.154387 0.0856622 -0.0136399 0.518723 0.0324001 -0.00891337 -0.000716393 1.27171e-05 -1.16534 0.361789 -0.285508 -0.013331 0.386904 -0.549301 -0.079684 2.04655 -0.039661 -0.0386339 0.355184 0.50405 0.538007 -0.0540839 -0.387458 0.0385266 -0.120392 0.0296848 0.00626832 -0.0362598 1.54986 0.577217 -1.29396 -1.98274 -1.00052 -0.639332 -0.581112 0.681652 3.79807 0.422515 -0.0719212 -7.20972 -2.47261 -0.108654 4.03848 1.25321 -3.29419 -3.03229 2.59032 -0.149766 1.20843 0.619891 0.198639 -0.349666 -0.548097 0.672214 0.676075 0.151754 0.571876 0.414933 0.018056 -0.0195829 0.302023 0.173858 0.732751 0.531586 0.640706 0.662954 0.921595 0.515559 0.420441 0.234458 -0.214672 -1.33298 -0.321 0.00732898 0.174386 0.153571 0.27892 0.347223 0.590717 0.233197 0.248325 -0.275336 0.0086436 0.0959019 0.359269 -0.557493 -0.784504 0.358153 0.278588 -0.225006 -0.6195 -0.498016 -0.224558 0.0266557 0.0673837 0.0108535 -0.135115 -0.634498 -1.11348 -1.4912 13.7238 7.54353 2.27489
 4.6625e-07 -0.123489 0.0266612 2.52438e-07 0.0259271 -0.0206505 0.0107649 0.00323909 -0.0607851 0.0824181 0.00599023 -0.145381 -1.79761e-06 0.0406181 0.000318008 -3.35378e-06 -46.6409 3.05975 3.72342e-08 0.0278265 -0.0119442 -1.00336e-07 0.0324646 -0.00659752 -0.169771 -0.188565 0.0514544 -0.0225411 -0.132324 0.149373 -0.0726559 0.0173479 -0.0606529 -0.112449 -0.00697802 0.0192583 0.0499137 0.019422 -0.000674331 -0.183784 0.0729268 0.00185262 -0.0828409 0.117262 -0.0123427 0.0158866 0.0233913 -0.0381426 0.0658801 -0.083374 -0.177085 0.160295 0.02074 0.0532878 -0.0264608 0.0260036 0.087317 -0.0337356 -0.0572129 0.0805688 0.00918752 -0.000958122 -0.00616837 -0.00424519 0.000615756 -0.0230657 -0.0013028 0.000353978 6.32979e-05 -4.76386e-07 0.048269 -0.0149109 0.0124436 0.000579743 -0.016911 0.0253063 0.00359621 -0.0927282 0.00123417 0.00147526 -0.0138886 -0.0253844 -0.0264175 0.00263937 0.0176627 -0.0017518 0.0050613 -0.00142125 -0.000298696 0.00173462 -0.0735853 -0.0294164 0.0599321 0.0965999 0.0499062 0.03195 0.0276294 -0.0326212 -0.179216 -0.025601 0.00128152 0.343637 0.117687 0.00473924 -0.191973 -0.059771 0.156657 0.14446 -0.123143 0.00709037 -0.0576442 -0.0293463 -0.00910172 0.0168826 0.0261534 -0.0320166 -0.0321539 -0.00723343 -0.0272248 -0.0197385 -0.000726459 0.000929857 -0.0141359 -0.00830886 -0.0348123 -0.0251931 -0.0302603 -0.0318219 -0.0432566 -0.0246932 -0.0199157 -0.0110453 0.0104303 0.0636301 0.0154636 -0.00038543 -0.00840484 -0.00747363 -0.0134777 -0.0166696 -0.0277248 -0.0106569 -0.0114468 0.0129848 -0.000441856 -0.00450235 -0.0171449 0.0268434 0.0372456 -0.0169462 -0.0131561 0.0108607 0.0292521 0.0237201 0.0106397 -0.0011494 -0.00308413 -0.000555648 0.0064206 0.0302884 0.0537632 0.0709919 -0.673144 -0.333505 -0.107237
 -9.22674e-10 2.38011e-05 -5.06269e-06 1.69553e-11 4.13316e-05 -3.32556e-05 -1.13245e-06 1.70336e-07 -1.35233e-06 2.68085e-05 2.20671e-06 -5.0406e-05 2.56559e-10 -9.66218e-06 2.28299e-08 -3.65251e-10 -1.98802e-07 3.72342e-08 1000 -5.34775e-07 8.59255e-07 -5.11807e-10 7.31019e-06 -1.57608e-06 6.60768e-05 -1.69858e-06 -9.66239e-07 8.86333e-06 5.66047e-05 -6.39165e-05 7.43777e-05 7.28877e-06 -3.36212e-05 0.0001433 -4.04296e-05 5.49531e-05 -3.89979e-05 -3.79479e-06 3.79386e-07 -5.26174e-05 2.47459e-06 2.57054e-07 -1.3519e-05 -3.69962e-05 4.98633e-06 -2.29226e-06 -1.79891e-06 2.86302e-06 3.98719e-05 1.3245e-05 -8.5678e-05 5.79595e-05 -3.46123e-05 1.85575e-05 6.73394e-05 -8.10707e-05 -3.26676e-05 2.3642e-05 -9.31645e-06 -2.0032e-06 1.2243e-07 1.7033e-07 -2.22691e-05 6.74274e-06 -1.31077e-07 -1.6891e-06 -1.83483e-06 5.15776e-07 4.00837e-07 -1.47079e-10 -6.17139e-07 1.41878e-07 2.49761e-07 5.2018e-08 -1.76537e-06 4.42325e-06 6.06892e-07 -1.35634e-05 3.31146e-07 2.49106e-07 -1.95407e-06 3.10031e-06 -0.00035274 2.81738e-05 8.58151e-06 -9.16626e-07 1.06323e-06 -7.44486e-07 -2.7522e-07 1.02812e-06 -4.72136e-07 -5.39235e-05 -5.31122e-05 -6.46684e-05 -1.87936e-05 1.48028e-05 0.000111986 0.000367957 -0.000199666 -2.83984e-05 -1.93687e-05 -7.63515e-05 -6.86227e-05 0.000120914 2.42959e-05 3.19524e-06 6.14874e-05 -6.20313e-07 -3.39015e-05 1.18372e-05 3.11017e-05 -1.40405e-05 -1.55448e-05 -1.57924e-05 -7.89215e-06 1.08844e-05 1.01029e-05 -1.1854e-05 1.43067e-06 4.26031e-06 1.24643e-05 1.27942e-05 4.94952e-06 6.1074e-06 -1.26159e-05 -4.87846e-06 2.15891e-06 -6.50802e-06 8.02911e-06 -1.16766e-05 1.11899e-05 1.04794e-06 -2.55291e-06 -4.22838e-06 -1.07596e-07 -7.08698e-06 2.55406e-06 1.53408e-05 1.68145e-06 -4.75576e-05 -4.87414e-05 2.42465e-05 1.62357e-05 -7.95861e-06 9.15483e-06 1.6729e-05 -7.80341e-06 3.44589e-05 -1.00856e-05 -9.90476e-07 -8.34764e-06 -2.58083e-05 -2.47383e-05 -2.33419e-05 -6.42044e-06 -5.0716e-06 -3.64365e-06 2.45866e-06 -1.13798e-07 2.76451e-06 1.17179e-05 3.4724e-06 -5.56494e-05 -3.719e-05 -1.00148e-05
 -1.8475e-05 1.62892 -0.358061 -1.31908e-05 -3.6797 2.95495 -0.301222 -0.0762121 1.41872 -2.85319 -0.221853 5.33572 3.61881e-05 -0.678848 -0.00275207 2.50321e-05 -0.69304 0.0278265 -5.34775e-07 836.671 -364.363 1.59591e-05 -1.8797 0.396092 -0.917497 4.8095 -1.21042 -0.235045 -0.336314 0.379823 -0.429847 -0.787359 3.04693 -0.234343 2.43692 -3.93147 0.53429 -0.312005 0.00352572 2.06111 -0.63785 -0.0136871 0.191071 -0.281869 0.022627 -0.27921 -0.34826 0.568579 -0.713731 -0.757682 2.37337 -1.4693 0.956527 -3.25658 -1.27075 1.82692 -0.0579121 -1.784 0.863268 0.109329 -0.189685 0.0202979 -0.34032 -0.978167 0.0302798 0.0087124 -0.0213851 0.00663596 -0.00890961 1.286e-05 -1.28674 0.408671 -0.533922 -0.0280951 0.81317 -0.760523 -0.102524 2.46659 -0.122771 -0.0491038 0.421513 -1.42866 3.42022 -0.257611 -0.490019 0.052267 0.116101 0.0420852 -0.00194526 -0.0405179 -0.55613 4.35998 1.09803 -0.509384 -1.59671 -0.861877 -33.4518 15.7556 1.61298 2.80114 1.06775 4.10175 -6.65314 1.12275 2.41227 -1.02589 0.177405 -1.21915 -0.147668 -0.0981961 1.31858 0.270649 0.210209 0.66504 1.03678 0.153383 -0.221725 -0.533203 0.965055 -0.291653 -0.102793 -0.0011698 0.764373 1.5051 -0.402108 0.0297702 0.362359 0.172527 0.840044 -0.881976 0.132147 0.095624 0.412952 -0.403985 0.190296 0.665484 0.730412 0.440908 0.239387 1.20337 0.962403 -0.339504 -0.268414 -0.887455 -0.0550198 0.133738 0.042444 1.68845 -0.280118 0.496378 1.09039 0.503818 0.199885 -0.96172 -0.42908 -0.013225 0.174453 -0.355408 0.0689906 -0.864962 -0.926406 -1.78469 18.9028 10.0643 3.09511
 8.18025e-06 -0.724482 0.15913 5.71434e-06 1.59768 -1.28299 0.130663 0.0330497 -0.615436 1.2424 0.0964736 -2.32054 -1.55957e-05 0.291773 0.00121618 -1.07735e-05 0.298267 -0.0119442 8.59255e-07 -364.363 160.246 -6.98847e-06 0.818482 -0.172466 0.400783 -2.10475 0.529714 0.101513 0.142584 -0.161035 0.186356 0.342543 -1.32555 0.102099 -1.06803 1.72311 -0.233775 0.133834 -0.00142827 -0.898519 0.276809 0.00597942 -0.083334 0.118668 -0.00931081 0.120454 0.150354 -0.245462 0.311163 0.331416 -1.03693 0.641817 -0.418198 1.4232 0.556033 -0.799216 0.0246523 0.779265 -0.377688 -0.0470317 0.0824539 -0.00882907 0.149677 0.427321 -0.0132641 -0.00224588 0.00949833 -0.00294321 0.0038146 -5.55274e-06 0.559359 -0.17764 0.232123 0.0122066 -0.353419 0.331575 0.0447066 -1.07563 0.0523894 0.0212158 -0.182094 0.627113 -1.49409 0.112518 0.213343 -0.0227578 -0.0499323 -0.0183865 0.0008533 0.0176983 0.24325 -1.90082 -0.482585 0.217332 0.696201 0.383377 14.6185 -6.8911 -0.70155 -1.2239 -0.468942 -1.79088 2.90668 -0.491266 -1.05358 0.448133 -0.0779904 0.532364 0.0651409 0.0430331 -0.57636 -0.118169 -0.0917462 -0.290413 -0.452623 -0.0666667 0.0968781 0.232915 -0.421668 0.127529 0.0450692 0.00048524 -0.333676 -0.657481 0.175815 -0.01279 -0.15805 -0.0757049 -0.366494 0.385168 -0.0577782 -0.0418004 -0.180338 0.176544 -0.0830482 -0.29086 -0.319255 -0.192812 -0.104766 -0.525719 -0.420068 0.148448 0.11742 0.387434 0.0239001 -0.058529 -0.0187098 -0.737274 0.122191 -0.216928 -0.476297 -0.220014 -0.0876841 0.419991 0.187238 0.00580987 -0.0761721 0.15525 -0.0301639 0.377945 0.405601 0.779825 -8.27921 -4.36863 -1.35093
 -6.28722e-10 2.19206e-05 -4.60616e-06 1.85825e-10 6.39116e-05 -5.13902e-05 2.09622e-06 9.88319e-07 -1.78517e-05 2.40253e-05 2.03646e-06 -4.65657e-05 -1.0277e-10 -3.93882e-06 5.03714e-08 -5.56702e-10 3.73112e-06 -1.00336e-07 -5.11807e-10 1.59591e-05 -6.98847e-06 1000 2.01646e-05 -4.45789e-06 0.000111803 -0.000130098 3.08159e-05 1.62582e-05 7.30227e-05 -8.24908e-05 0.000102304 1.34272e-05 -5.7249e-05 0.000171967 3.10462e-05 -6.31501e-05 -4.96782e-05 -3.79188e-06 5.90557e-07 -0.000101994 1.27107e-05 6.4327e-07 -2.7394e-06 -4.8007e-05 5.87781e-06 -7.98114e-07 -1.60369e-06 2.41674e-06 2.54943e-05 6.72567e-05 -5.68396e-05 1.71669e-05 -5.75974e-05 2.94825e-05 0.00012246 -0.00014717 -4.09512e-05 4.92184e-05 -1.74847e-05 -7.77409e-06 7.08411e-07 1.06078e-07 -1.98768e-05 9.77541e-06 -3.81761e-08 -9.10277e-06 -2.00505e-06 5.82295e-07 5.24483e-07 -2.60532e-10 1.35754e-05 -4.47214e-06 3.98638e-06 2.44333e-07 -6.63267e-06 4.86697e-06 9.56001e-07 -2.20501e-05 7.00383e-07 6.08254e-07 -5.07855e-06 1.12786e-05 -0.000306023 2.46419e-05 3.59047e-06 -4.17596e-07 2.22422e-07 -7.8271e-07 -2.83075e-07 1.07445e-06 1.73606e-05 2.15623e-05 -2.34623e-06 -1.50882e-05 -1.52138e-06 1.01969e-05 0.000100411 9.58879e-05 -0.000121993 -3.88926e-05 -1.86e-05 -2.4384e-05 -8.61625e-07 9.70767e-05 7.32884e-05 -2.90258e-05 3.47719e-05 -4.55244e-05 0.000121996 -3.90302e-05 -2.51513e-06 -1.60336e-07 -4.42926e-06 -8.22661e-06 8.74557e-07 3.61941e-05 9.12382e-06 2.44758e-06 -2.3489e-05 2.89287e-05 4.39471e-07 6.71524e-06 -1.00863e-06 8.31362e-06 8.20998e-06 9.04083e-06 4.74758e-06 -8.62296e-06 1.39406e-05 -9.82559e-06 3.35076e-06 -7.05396e-06 -1.42935e-05 -2.96956e-06 7.38631e-06 -5.65969e-06 1.63515e-05 1.08708e-05 -2.2878e-05 -0.000105255 -7.18212e-05 3.54948e-05 1.83966e-05 2.92574e-06 3.30536e-06 7.79191e-06 -1.33036e-05 -6.38091e-06 2.65366e-06 -1.78405e-05 -1.95015e-05 -3.05292e-05 -4.02901e-05 -2.50714e-05 -1.03723e-05 -1.08436e-05 -1.02132e-05 7.97156e-06 -1.76754e-06 1.18377e-05 1.41346e-05 2.076e-05 -0.000250216 -0.000150239 -4.3011e-05
 7.92737e-06 0.226206 -0.0595939 -1.5229e-05 -3.9206 3.14888 -0.324896 -0.106198 1.95201 -2.89191 -0.225511 5.38486 4.7366e-05 -0.905113 -0.00404606 2.8603e-05 -0.812872 0.0324646 7.31019e-06 -1.8797 0.818482 2.01646e-05 955.391 -201.969 -0.80263 12.636 -3.2037 -0.0307383 0.481271 -0.539872 -4.00593 -1.20731 4.89756 -3.2244 0.730175 -0.940939 0.566742 -0.370454 -0.00131682 3.94643 -1.183 -0.0310992 -1.54762 0.441106 -0.0285153 -0.29672 -0.365582 0.602158 -0.838164 -2.33142 1.70006 -0.396296 1.66988 -4.64511 -2.81105 3.78262 0.317437 -2.77846 0.733954 0.842143 -0.136457 0.011555 0.365873 -0.336165 -0.0173813 1.12518 0.0397842 -0.0114951 -0.0173584 1.72177e-05 -1.42261 0.454843 -0.460291 -0.0242401 0.684525 -0.739979 -0.106849 2.56575 -0.103452 -0.0533551 0.463333 -0.556702 2.10924 -0.170384 -0.356232 0.0389758 0.0184523 0.0375763 0.00266849 -0.0406056 -0.840738 -0.00901941 -0.807424 -1.36247 -0.993139 -0.578516 -9.23266 3.71253 2.55146 2.09458 0.909793 1.2652 -7.17949 -0.523886 4.52895 -0.0208163 -2.24814 -6.92602 1.78243 0.784872 -0.726964 -0.501314 -0.254727 0.35217 -0.310571 -1.0235 -0.960518 0.560199 1.38769 -0.747987 -0.0840486 -0.0735761 0.271914 -0.167516 0.176173 0.062416 0.116999 0.459508 0.242097 0.141857 0.281043 0.636897 1.02748 0.576758 0.199005 0.21897 0.0941951 0.118668 0.337136 2.45904 1.842 -0.460806 -0.398076 -0.141742 0.360766 0.314362 0.406783 0.976718 0.126254 0.568541 2.24131 1.53472 0.684678 -0.502901 -0.0332931 0.291317 0.414878 -0.499654 0.087279 -0.958008 -1.16594 -1.97491 21.0425 10.9596 3.41652
