 1000 0.000751671 -0.000115198 -1.06059e-09 -6.52413e-05 4.895e-05 -1.24304e-06 -1.37353e-07 2.33333e-06 -4.67315e-05 -2.16661e-06 4.1931e-05 1.08127e-10 -5.67584e-06 7.32407e-08 -1.85734e-10 -4.42082e-07 6.91536e-08 -3.82127e-10 -9.73645e-06 3.51798e-06 -2.33169e-10 1.14898e-06 -2.10155e-07 1.63456e-05 -0.000150421 2.53267e-05 -2.7875e-05 -0.000111903 9.28454e-05 5.40935e-06 4.38527e-07 -2.76303e-06 5.37992e-05 -5.47175e-05 7.25228e-05 -1.943e-05 2.76592e-06 5.09287e-08 -3.67478e-05 7.6508e-06 2.12395e-07 1.56286e-05 -2.21938e-05 2.07286e-06 -6.86754e-07 -4.39459e-06 3.23554e-06 4.3022e-05 -2.47765e-05 -8.03638e-05 5.12844e-05 -2.79819e-05 5.10425e-05 4.82252e-05 -4.63314e-05 -7.08787e-07 1.82058e-05 -1.30954e-05 3.55394e-06 8.6711e-07 -8.69553e-08 1.49899e-05 7.23994e-06 -9.27324e-08 -3.12892e-07 -9.99476e-07 1.59909e-07 7.89922e-08 -6.96535e-11 -4.04729e-06 1.48496e-06 1.50172e-06 4.74449e-08 -1.80849e-06 -6.00346e-06 -9.34408e-07 1.51921e-05 1.03819e-06 2.00536e-06 -7.35409e-06 6.24225e-06 -0.000137829 5.10559e-06 5.71193e-06 -3.60615e-07 -4.23483e-06 -3.55972e-07 -1.35391e-07 4.94501e-07 1.52192e-05 9.244e-06 -4.21323e-06 -3.62769e-05 -5.41102e-05 -4.16222e-06 -6.30729e-05 0.000233827 -8.87828e-05 -7.38677e-05 -2.83198e-05 1.41087e-05 -4.26587e-05 -1.52324e-05 5.2675e-05 6.62484e-05 3.76092e-05 -3.01634e-05 -9.47189e-05 0.000133701 -8.65399e-05 2.5347e-05 -8.77752e-06 -3.46315e-06 6.15627e-06 1.70555e-05 1.05797e-05 -5.71193e-06 3.48863e-05 -2.4332e-05 8.75536e-06 -5.45172e-06 -6.10073e-06 5.78261e-06 6.55529e-06 -1.19672e-07 -1.01553e-05 0.000101649 -8.52967e-05 5.18695e-05 -8.26501e-06 2.73954e-06 8.15468e-06 -7.99243e-06 8.22512e-06 -2.9933e-05 1.24602e-05 6.30458e-06 2.17292e-05 -3.37453e-06 -2.72568e-05 1.80819e-05 -1.67512e-06 -8.45533e-06 -2.46183e-06 -2.76367e-05 1.50701e-05 1.27352e-05 -6.00993e-08 1.79057e-05 4.015e-06 -3.30746e-05 -8.16299e-06 -2.18947e-05 -3.7261e-06 -2.06773e-06 -8.43697e-07 6.80963e-06 -8.21289e-07 9.44954e-06 1.37795e-05 1.88572e-05 -0.000218173 -8.84468e-05 -3.29191e-05
 0.000751671 624.887 -94.5487 0.000468465 32.2018 -24.1592 0.959406 0.226333 -4.86675 21.0917 1.32212 -25.9054 -0.000121093 2.92717 -0.0209343 -4.9708e-05 2.05435 -0.0802903 1.97046e-05 2.10263 -0.763326 1.1972e-05 1.59794 -0.365718 21.4397 35.7656 -6.25789 6.90366 26.3279 -21.8619 12.4382 2.33895 -10.1895 12.4095 15.7967 -22.3381 2.8072 -0.192531 -0.0406462 18.1166 -4.51583 -0.0827065 7.25012 0.030931 -0.134637 1.8387 2.28726 -1.72111 -1.86516 9.15734 8.93232 -6.87967 -0.805878 -2.58757 3.31522 -2.87928 -1.38566 6.14824 6.19752 -5.49294 -0.388906 0.0262499 -1.86248 0.477112 0.130403 -2.9691 0.0813502 -0.0123132 0.000154852 -1.66038e-06 3.54552 -1.27513 1.12249 0.0336235 -1.07021 1.26362 0.233203 -3.60412 0.0888007 -0.10245 0.367713 1.19902 -3.0921 0.120774 1.15875 -0.0617885 0.048261 0.0857352 0.00384394 -0.0902073 2.52709 -1.03944 1.34 5.77126 13.5321 0.826053 -25.4439 18.9379 -10.2937 9.34531 6.03128 1.99532 -0.79645 -0.572091 -4.06738 4.10303 4.46776 2.24889 -8.27996 4.53614 -1.6504 1.64465 -1.04968 -0.406823 0.65182 0.576998 0.241524 1.94701 1.13966 -0.40407 0.795836 0.826627 1.18553 0.493595 1.40474 0.40994 -0.2861 3.32918 -6.73291 3.35953 -0.208498 0.137629 -0.118089 -3.33253 -0.45925 -2.24097 -1.73984 -2.16629 -0.0541434 -1.02187 -1.81408 -1.68971 -1.07512 -0.587121 -0.483095 -2.33926 0.186853 -1.10321 -4.15806 -0.531132 0.113365 -2.52028 -1.18303 -1.36431 -1.2597 -0.774344 -0.841705 0.890607 -0.174401 -2.0738 -3.39847 -4.66964 56.2511 7.75373 6.64723
 -0.000115198 -94.5487 15.3443 -7.15961e-05 -4.91802 3.68971 -0.14998 -0.0352822 0.759738 -3.21722 -0.202066 3.95918 1.90986e-05 -0.461887 0.00323021 7.7759e-06 -0.32362 0.0125965 -3.16004e-06 -0.330651 0.11999 -1.93471e-06 -0.251357 0.0574872 -3.27584 -5.46269 0.955811 -1.05957 -4.02017 3.33824 -1.8972 -0.359634 1.56586 -1.89661 -2.41294 3.41219 -0.438344 0.0211816 0.00648878 -2.77144 0.6816 0.0126825 -1.11625 -0.0194966 0.0220125 -0.287257 -0.356579 0.268233 0.281 -1.39819 -1.36382 1.05045 0.121162 0.393328 -0.508325 0.441649 0.205144 -0.939575 -0.94841 0.840333 0.05941 -0.00401074 0.285247 -0.0729189 -0.0199343 0.453878 -0.0123797 0.00187367 8.65329e-06 2.51729e-07 -0.554046 0.199167 -0.17607 -0.00528035 0.168064 -0.192057 -0.035683 0.551477 -0.014412 0.0152545 -0.054719 -0.175974 0.476716 -0.0186066 -0.177124 0.00944545 -0.0086285 -0.0130855 -0.000584711 0.0137661 -0.386195 0.159176 -0.20468 -0.880985 -2.06628 -0.124913 3.88512 -2.89359 1.57224 -1.42638 -0.919598 -0.304562 0.122185 0.0874583 0.620034 -0.627143 -0.682594 -0.343046 1.26461 -0.693617 0.252578 -0.251347 0.160332 0.0621267 -0.0997743 -0.0885224 -0.037189 -0.296968 -0.174276 0.0617326 -0.121811 -0.126318 -0.181129 -0.0755234 -0.214618 -0.0625921 0.043702 -0.50902 1.02853 -0.513306 0.0319001 -0.0209471 0.0180797 0.508903 0.0700742 0.34235 0.265462 0.330518 0.00802076 0.156107 0.27746 0.257978 0.164158 0.0897883 0.0738514 0.35744 -0.0284389 0.16835 0.63489 0.0810913 -0.0172989 0.385077 0.180898 0.208492 0.192373 0.118274 0.128533 -0.136131 0.0266473 0.316575 0.51859 0.712831 -8.58645 -1.18448 -1.01478
 -1.06059e-09 0.000468465 -7.15961e-05 1000 -0.00172744 0.00130083 9.56279e-07 5.01209e-07 -6.15392e-06 0.000240881 1.53102e-05 -0.000299487 6.07499e-10 -1.3869e-05 -6.81268e-08 -6.37064e-11 -1.53544e-06 -3.07439e-08 -3.87282e-11 -4.82658e-06 1.64269e-06 2.68355e-12 -6.18588e-06 1.2953e-06 0.000207355 0.000172505 -3.10145e-05 3.0525e-05 0.00012134 -0.000100902 0.000248574 2.19134e-05 -0.000104785 0.000278186 5.35894e-05 -8.74922e-05 -1.94346e-05 -1.22697e-05 2.45927e-07 5.43743e-05 -2.96891e-05 5.05338e-09 8.71085e-05 -6.23658e-05 4.90785e-06 2.43487e-06 -1.51056e-06 7.93201e-07 -1.7085e-05 6.12868e-05 -9.71064e-06 -5.41442e-06 -2.20253e-05 -1.69286e-05 6.82729e-05 -6.10809e-05 -3.67205e-05 6.04443e-05 6.97954e-05 -5.92071e-05 -3.58315e-06 4.06737e-08 1.34271e-05 -8.01862e-05 1.1954e-05 -0.000221649 -3.56472e-06 5.26118e-07 3.97409e-07 -2.66719e-11 -7.61768e-06 2.33655e-06 -1.74006e-07 -4.10268e-10 -3.21085e-07 9.86367e-06 1.78704e-06 -2.71155e-05 8.43529e-07 -7.44836e-07 2.6957e-06 2.13875e-05 -0.000124093 4.54695e-06 3.49461e-05 -1.81983e-06 -3.58929e-06 3.51522e-07 -3.34435e-08 -3.20543e-07 -1.52296e-06 -1.50654e-05 1.01785e-05 2.89329e-06 6.79243e-06 4.15029e-05 0.000118369 -5.39868e-05 -5.96648e-05 0.000139957 5.07782e-05 -6.00775e-05 1.09242e-06 4.08201e-05 -5.40022e-05 0.000140989 -3.31317e-05 3.10236e-06 -2.16758e-05 1.50403e-05 7.4204e-06 6.96659e-06 1.54927e-05 -6.39554e-06 2.75986e-05 -1.29411e-05 2.04516e-06 1.4097e-05 5.05359e-05 -5.19583e-05 -5.19117e-05 3.54525e-05 5.00604e-05 9.11084e-05 -5.06183e-05 -0.000237065 -0.000102318 0.000154309 -0.000102081 0.000158318 -1.98706e-07 -5.16049e-06 9.83207e-06 1.25551e-06 -8.93738e-07 -1.46983e-05 7.38198e-06 -3.71264e-05 6.95043e-05 -3.20051e-05 -7.89215e-05 -3.83615e-05 -8.7209e-05 5.20447e-05 5.13259e-05 -1.18939e-05 -1.68519e-05 -1.68238e-05 -4.42252e-05 6.19429e-05 4.44229e-05 -0.000141129 3.83163e-05 -4.38699e-05 -1.58347e-05 -1.00168e-05 -1.15525e-05 3.38184e-06 -1.59375e-07 -2.63252e-05 -6.22444e-05 -7.41447e-05 0.000774578 1.34613e-06 7.85312e-05
 -6.52413e-05 32.2018 -4.91802 -0.00172744 510.146 -381.354 0.121291 0.0366048 -0.558401 16.7088 1.01461 -19.8728 4.33207e-05 -0.967256 -0.00786368 -4.96335e-07 -0.0967496 -0.00539104 1.75353e-06 -0.612604 0.213641 5.8965e-06 -0.757735 0.163886 13.4385 21.4538 -3.76055 4.15017 16.7329 -13.8974 12.457 0.858351 -4.20598 10.1648 10.1372 -14.4407 -1.76752 -1.04042 0.0133839 7.80039 -3.54667 -0.0346376 3.4977 -3.64445 0.260839 -0.101411 -0.110066 0.0583409 -1.89426 3.27996 -0.839483 -0.0919343 0.271738 -3.30826 1.09101 -0.829812 -2.89419 4.006 4.02203 -3.5455 -0.370652 0.0249186 -1.90267 -2.66741 0.472337 -9.21521 -0.27516 0.0433493 0.0261886 -1.53719e-07 -0.226893 0.0595711 0.043804 0.00150423 -0.0450312 1.35617 0.231447 -3.58396 0.0252596 -0.0527576 0.195376 0.718353 -1.01311 0.0498472 1.58068 -0.0828896 -0.00883043 0.0517926 0.00284419 -0.0550183 1.45058 0.441125 1.38254 0.833388 0.670424 2.60923 4.14025 -0.746639 -2.4326 7.37051 2.71694 -1.81157 -0.213677 1.13217 -1.81267 3.19423 -0.306287 -0.47413 -1.0947 1.43281 0.197318 -0.166081 -0.740105 -1.47386 0.762955 0.706183 -0.22018 -0.119462 2.5729 -0.48813 -1.90304 -0.505679 -0.574571 2.91332 3.64181 -1.65269 -1.15035 4.32634 -8.1198 2.61089 0.307282 0.0459637 -0.336215 -1.23309 -0.630383 -0.527781 -0.638905 -2.08697 0.221632 -0.0687833 -0.208838 -1.10329 -1.24992 -0.342169 -0.360868 -0.742479 0.403349 -0.57272 -4.02707 -0.441913 1.45171 -2.76762 -0.565524 -1.30148 -1.01885 -0.634707 -0.670267 0.47647 -0.106506 -1.75004 -2.95602 -3.92876 49.6701 3.26313 5.43869
 4.895e-05 -24.1592 3.68971 0.00130083 -381.354 287.383 -0.0927438 -0.027842 0.427664 -12.5338 -0.761292 14.9111 -3.22547e-05 0.719567 0.00591316 4.5943e-07 0.0679842 0.00420025 -1.36643e-06 0.4564 -0.159136 -4.46672e-06 0.565581 -0.122305 -10.0824 -16.0953 2.82128 -3.11677 -12.5528 10.4257 -9.34477 -0.645049 3.15982 -7.62676 -7.60493 10.8335 1.32239 0.777789 -0.00994561 -5.8533 2.6582 0.026001 -2.62728 2.72897 -0.19518 0.0734471 0.0795963 -0.0415629 1.4216 -2.4609 0.629738 0.0690387 -0.204905 2.48125 -0.8194 0.623392 2.16851 -3.00558 -3.01834 2.66057 0.278055 -0.0186932 1.42741 2.00164 -0.354409 6.91439 0.206776 -0.0325734 -0.0196885 1.17549e-07 0.163951 -0.0424827 -0.0352333 -0.00120215 0.0361269 -1.01706 -0.173672 2.68932 -0.0194802 0.0392542 -0.145386 -0.535555 0.761747 -0.0374576 -1.18592 0.0621887 0.00626835 -0.0388529 -0.00213313 0.0412722 -1.08822 -0.330579 -1.03712 -0.625312 -0.502913 -1.95757 -3.10603 0.560234 1.82517 -5.52964 -2.0386 1.35927 0.160352 -0.849426 1.3599 -2.39679 0.229765 0.355556 0.82126 -1.07477 -0.148141 0.124554 0.555128 1.10564 -0.572492 -0.52972 0.165072 0.0896013 -1.9302 0.366288 1.42771 0.379118 0.430719 -2.18582 -2.73162 1.24078 0.863307 -3.24593 6.09131 -1.95915 -0.230489 -0.034411 0.252202 0.925046 0.472892 0.396007 0.479243 1.5656 -0.166534 0.0517496 0.157083 0.827843 0.937969 0.256489 0.270512 0.557062 -0.302412 0.429724 3.02104 0.331294 -1.08912 2.07668 0.424165 0.97648 0.764356 0.47618 0.502853 -0.357473 0.0799009 1.3129 2.21766 2.94744 -37.263 -2.44803 -4.08016
 -1.24304e-06 0.959406 -0.14998 9.56279e-07 0.121291 -0.0927438 999.868 -0.0682209 0.666467 0.617226 0.0199513 -0.364404 1.13319e-05 -0.251433 -0.000257678 6.6132e-06 -0.21942 0.00669799 -1.86367e-06 -0.246509 0.0874469 3.01359e-07 -0.237745 0.0523155 0.273017 0.568418 -0.101343 0.000163508 0.798401 -0.664397 0.882979 -0.10762 0.385585 0.849803 0.116355 -0.202111 -0.198257 -0.0764245 0.00148386 -0.597864 0.0715073 0.000601995 -0.161511 -0.273208 0.0245998 -0.16468 -0.172389 0.125065 0.073564 -0.19989 -0.222323 0.166227 -0.0494777 -1.22667 0.593963 -0.473542 -0.274554 -0.131185 0.170559 -0.0707198 -0.044011 0.00230978 0.0218159 0.0165386 -0.00224831 0.0432759 -0.00422863 0.000653784 -0.00205296 3.62684e-07 -0.360678 0.124458 -0.156889 -0.00519987 0.169026 0.0653958 0.00220154 -0.0318131 -0.000306451 -0.0156319 0.0567113 0.0947343 -0.101285 0.00534338 -0.193122 0.00992581 0.0254326 0.00389248 0.000248928 -0.00417011 -0.13668 -0.0426506 -0.0905993 -0.153049 -0.212854 -0.100068 0.0594933 1.06938 -1.37367 0.618216 0.268562 0.06831 0.597033 -0.237024 -0.231231 -0.0089093 0.297771 -0.163869 0.0147266 -0.00655947 0.0165539 -0.000331883 -0.0408984 -0.016808 -0.0522996 -0.119975 0.292798 -0.30729 0.106466 -0.00732556 -0.0150414 -0.0388388 -0.00455412 -0.0132947 -0.028444 -0.0239941 -0.0964053 0.0173986 0.274276 -0.16684 0.0585995 0.0835643 0.104355 -0.642731 0.176317 -0.274059 0.0658102 0.15757 -0.351544 -0.0838377 -0.0865146 0.273778 -0.14385 0.126816 0.132354 -0.0719289 0.0731338 -0.13979 0.173917 -0.0676192 0.347859 0.313352 -0.0160573 -0.134476 -0.0903588 0.00360956 -0.000500682 -0.0999547 0.00843397 -0.31738 -0.547548 -0.782452 7.12372 3.25126 1.11555
 -1.37353e-07 0.226333 -0.0352822 5.01209e-07 0.0366048 -0.027842 -0.0682209 2.75347 -43.247 0.136702 0.00422334 -0.0768455 2.30997e-06 -0.0500493 -6.68428e-05 1.48381e-06 -0.0455722 0.00139136 -1.41938e-07 -0.0441116 0.0156338 2.02254e-07 -0.0513135 0.0113152 0.0421135 0.218577 -0.0380164 0.0090758 0.200038 -0.166334 0.165103 -0.0272505 0.101209 0.142687 0.0789659 -0.115631 -0.0392424 -0.0153583 0.000178039 -0.123341 0.0154874 1.36241e-05 -0.0488646 -0.0481277 0.00422746 -0.0320812 -0.0359821 0.0259738 0.0184788 -0.0558001 -0.0783268 0.0559483 0.0150199 -0.306202 0.0902042 -0.0656793 -0.0627892 -0.0421321 0.0229333 -0.00295723 -0.00841454 0.000783906 -0.045166 0.0363162 4.37014e-05 -0.0139511 -0.00135233 0.000206114 -0.000486249 1.13391e-07 -0.0739376 0.0255088 -0.0324169 -0.00107271 0.0348451 0.0149936 0.00066506 -0.0110057 -0.00258336 -0.00388788 0.0140728 0.0122287 0.0808561 -0.00236446 -0.0328599 0.00169642 0.0106543 0.00107031 0.000235659 -0.00131454 -0.0326909 -0.0131264 -0.0208525 -0.0340426 -0.0513136 -0.0218583 0.198513 0.0796697 -0.288879 0.108848 0.0561036 0.120976 0.0914385 -0.0358021 -0.124744 -0.0495992 0.0909215 -0.0314287 0.0104881 -0.00662019 -0.0024621 -0.0044334 -0.0150495 -0.0034045 -0.0136053 -0.0684268 0.120522 -0.0650218 0.0160554 -0.0197956 0.0260716 -0.0127395 0.00584562 -0.0102172 0.00765113 0.00284436 -0.0457386 -0.00238113 0.021739 -0.0354934 0.0202038 0.0278963 0.0286809 -0.0957331 0.0126061 -0.0254452 0.00596758 -0.0158879 -0.0800958 0.00790683 0.0214449 0.0574267 -0.004611 0.0238931 0.000955253 -0.0421617 -0.0395922 0.0526922 -0.00597037 0.045243 0.121024 0.0252691 -0.0426438 -0.0315549 -0.0179591 -5.53106e-05 0.00232422 -0.0256349 0.00202269 -0.071937 -0.0956289 -0.161929 1.58426 0.789341 0.256261
 2.33333e-06 -4.86675 0.759738 -6.15392e-06 -0.558401 0.427664 0.666467 -43.247 994.607 -3.03124 -0.083643 1.50527 -5.66502e-05 1.23349 0.00126681 -3.50948e-05 1.10882 -0.0341285 4.69033e-06 1.07314 -0.380616 -4.44665e-06 1.2346 -0.272463 -0.884056 -4.82552 0.8394 -0.124237 -4.42094 3.67612 -3.73767 0.667253 -2.49511 -3.1978 -1.67846 2.46588 0.927023 0.413594 -0.00627329 2.88444 -0.32681 -0.000801884 1.18418 1.19585 -0.106408 0.80799 0.880968 -0.638121 -0.45626 1.27508 1.77251 -1.26806 -0.308143 6.92325 -2.02565 1.47223 1.44368 0.968638 -0.501099 0.0513934 0.186243 -0.0174921 0.975951 -0.816214 -0.00061799 0.305761 0.0308698 -0.00470816 0.0114491 -2.92446e-06 1.82158 -0.629555 0.803205 0.0266655 -0.864014 -0.353705 -0.0164095 0.271016 0.0586392 0.0887357 -0.321165 -0.359228 -1.84777 0.0542742 0.745982 -0.0385119 -0.243143 -0.0241203 -0.0053355 0.029649 0.745781 0.300658 0.469433 0.768489 1.20081 0.471834 -4.49451 -1.80916 6.53305 -2.43271 -1.24347 -2.74423 -2.07756 0.813432 2.81858 1.12471 -2.05094 0.720465 -0.244128 0.150166 0.0571352 0.103013 0.340848 0.0775651 0.309925 1.54812 -2.72474 1.47175 -0.359559 0.444043 -0.586154 0.289274 -0.127713 0.230941 -0.166684 -0.064522 1.03366 0.0590762 -0.50991 0.809987 -0.460718 -0.63424 -0.650778 2.1688 -0.290462 0.574836 -0.138724 0.356851 1.82207 -0.180129 -0.492089 -1.31207 0.105189 -0.54664 -0.0253022 0.949931 0.889599 -1.18417 0.120965 -1.024 -2.74189 -0.579035 0.959369 0.712666 0.403324 -0.000848256 -0.0543408 0.582815 -0.0462044 1.62413 2.17099 3.6572 -35.8761 -17.6644 -5.77767
 -4.67315e-05 21.0917 -3.21722 0.000240881 16.7088 -12.5338 0.617226 0.136702 -3.03124 858.135 -8.93688 162.34 1.57969e-06 -0.127845 -0.00361614 -1.6143e-07 0.0909601 -0.00573902 6.42656e-06 0.00997059 -0.00562777 -3.11967e-06 -0.24459 0.0539277 8.19453 8.79246 -1.56148 2.73779 7.06642 -5.87229 6.23193 1.07502 -4.74129 7.15645 4.249 -6.19565 0.663609 -0.109721 -0.0100046 5.22038 -1.77433 -0.0200299 3.20468 -0.983368 0.0430369 0.705514 0.918888 -0.68293 -0.0648053 2.82827 -2.54506 0.972059 -0.678695 -1.87211 2.36304 -2.0461 0.0642652 3.81779 0.871319 -1.54382 0.325383 -0.0077381 -2.19423 3.66934 0.196395 -5.50034 -0.0283184 0.00418504 -0.0027289 -6.77446e-06 1.59664 -0.574317 0.634243 0.0228337 -0.715928 1.34712 0.237881 -3.62363 0.00607689 -0.0984208 0.36718 -0.6717 -4.6839 0.186961 -0.292688 0.0125134 0.535315 0.0182167 -0.0100195 -0.00828725 0.280568 0.61774 -1.12326 -4.11944 5.28619 12.4631 -11.8439 0.41336 -7.79608 28.3702 6.06555 -11.3973 3.98405 -1.189 -3.41399 2.19129 8.03029 14.4313 -14.6253 -0.261678 2.64713 1.28483 -0.429606 -0.893857 -0.631774 2.79709 -4.87977 0.399391 3.34241 -3.18884 0.728804 0.270508 -1.66036 0.410739 0.102866 1.83285 -5.28428 9.26259 -11.4877 7.32224 -2.16943 -1.12562 1.34451 -5.44337 0.163902 -3.60977 -1.7622 0.766896 -0.346937 -0.290186 -0.579362 -1.60401 -1.49414 0.849187 -0.346122 -3.06964 -0.162028 0.768757 -1.77515 -0.161486 -2.40327 0.563373 1.05633 -1.80935 -3.29812 -1.20385 -1.16876 0.457634 -0.0477873 -0.787838 -1.02664 2.33619 27.4018 -5.39908 2.11783
 -2.16661e-06 1.32212 -0.202066 1.53102e-05 1.01461 -0.761292 0.0199513 0.00422334 -0.083643 -8.93688 3.00902 -41.4165 7.24948e-07 -0.018733 -0.000285733 7.88926e-07 -0.0144693 0.000215735 4.98209e-07 -0.0224226 0.00776315 7.28265e-08 -0.0470044 0.0103031 0.456409 0.879616 -0.153488 0.198296 0.678037 -0.563319 0.367645 0.0320332 -0.150036 0.310024 0.441761 -0.622746 0.0160572 -0.0201076 -0.000458474 0.201286 -0.0874587 -0.0011662 0.0730429 -0.0559619 0.00286233 0.00838122 0.0343223 -0.0256603 -0.151045 0.15044 0.0451091 -0.052509 0.000130555 -0.229691 0.0665027 -0.0485667 -0.069651 0.0899739 0.135234 -0.107995 -0.0124697 0.000834137 -0.0873481 0.062564 0.00807891 -0.198071 -0.000991025 0.00017517 -0.000779219 -2.30393e-07 0.0806841 -0.0292996 0.0147392 0.000490982 -0.0147526 0.149821 0.0237007 -0.375072 0.00618962 0.0031303 -0.0112806 -0.0589856 0.20213 -0.00660742 0.0205834 -0.0012695 0.0332351 0.00252511 0.000385916 -0.00293061 0.0114828 -0.0270902 -0.180753 -0.214027 0.769911 1.04986 -0.591368 0.0178444 -0.440885 0.759781 0.0956086 -0.191836 0.382063 0.0815306 -0.404414 -0.270214 0.091029 0.46795 -0.185955 -0.00229953 -0.0149075 0.00850183 -0.040732 -0.052587 -0.0570246 0.0951362 -0.126597 -0.0486578 0.121288 -0.0793151 0.000386128 -0.00854767 -0.0433295 0.0172466 0.0759154 0.0273754 -0.133361 0.347044 -0.352475 0.0660272 -0.000520174 -0.0501079 0.0581504 -0.267779 0.035129 -0.0864904 -0.0484473 -0.0334148 -0.0853408 0.00251605 -0.0648166 -0.0715321 -0.0414629 -0.0140233 0.0176159 -0.0961343 0.00883158 0.0239744 -0.131257 -0.00312928 0.0542298 -0.0133062 -0.0553514 -0.0468432 -0.0558578 -0.0266976 -0.0283178 0.00179437 -0.00199641 -0.0953475 -0.133438 -0.222714 2.27011 0.814048 0.328843
 4.1931e-05 -25.9054 3.95918 -0.000299487 -19.8728 14.9111 -0.364404 -0.0768455 1.50527 162.34 -41.4165 807.768 -1.65706e-05 0.424987 0.0054519 -1.62291e-05 0.336272 -0.00604848 -9.06544e-06 0.50136 -0.174358 -6.37468e-07 0.979315 -0.214964 -8.97683 -17.1022 2.98515 -3.85777 -13.1737 10.9449 -7.29788 -0.590419 2.79545 -6.15332 -8.52194 12.0216 -0.30521 0.462362 0.0067364 -3.9698 1.77495 0.0225896 -1.43382 1.22123 -0.0677603 -0.0951382 -0.642083 0.478371 2.96013 -2.9652 -0.727214 0.940602 0.0536662 4.44413 -1.34637 0.993618 1.34736 -1.84052 -2.6088 2.11043 0.227868 -0.0157192 1.76742 -1.29172 -0.163927 4.02517 0.0127281 -0.00241271 0.0166606 4.55658e-06 -1.53744 0.558792 -0.255121 -0.00847023 0.253047 -3.01949 -0.476074 7.53225 -0.135008 -0.0727518 0.262201 1.25495 -3.71204 0.120443 -0.395924 0.0244764 -0.639083 -0.0489055 -0.00713233 0.0564156 -0.228951 0.55013 3.49915 4.15138 -14.9 -20.4467 11.6611 -0.342747 8.72763 -15.5222 -1.88655 4.02122 -7.47155 -1.53639 7.87443 5.13289 -1.98078 -9.42175 3.99518 0.0491965 0.208638 -0.20216 0.797112 1.04095 1.11173 -1.91749 2.57895 0.921955 -2.42427 1.61114 -0.0281259 0.153854 0.883571 -0.352281 -1.46088 -0.577476 2.71483 -6.94516 7.10325 -1.47733 0.0661852 0.993213 -1.15655 5.29907 -0.684696 1.75788 0.979082 0.622822 1.65674 -0.0436265 1.25644 1.41242 0.837961 0.242153 -0.329686 1.93083 -0.169513 -0.476935 2.56671 0.0633445 -0.976998 0.240549 1.03158 0.9477 1.16015 0.546505 0.576325 -0.0482958 0.0396328 1.84751 2.58991 4.19243 -44.4918 -15.0615 -6.33676
 1.08127e-10 -0.000121093 1.90986e-05 6.07499e-10 4.33207e-05 -3.22547e-05 1.13319e-05 2.30997e-06 -5.66502e-05 1.57969e-06 7.24948e-07 -1.65706e-05 1000 7.1744e-05 -6.6831e-06 -7.62774e-10 3.85687e-05 -9.13536e-07 2.56373e-10 3.20316e-05 -1.12923e-05 1.62012e-10 3.53423e-05 -7.6606e-06 -0.00023385 -0.000500927 8.80322e-05 -2.28801e-05 -0.000203904 0.000169503 -8.83618e-05 2.02762e-05 -7.6689e-05 -8.09595e-05 2.37462e-05 -2.86158e-05 9.01301e-05 1.33302e-05 4.92795e-08 -0.000228095 0.000103619 1.66829e-06 3.03006e-06 9.41037e-05 -7.75686e-06 3.23783e-05 3.4497e-05 -2.50911e-05 0.000113193 -7.70083e-05 -0.000196761 0.000128889 5.56076e-06 5.52952e-05 2.1017e-05 -2.16221e-05 6.94474e-05 -3.83672e-05 -5.44456e-05 4.38998e-05 -2.12022e-06 1.76137e-07 -1.84868e-05 1.57325e-05 1.45113e-06 -3.82343e-05 -1.89961e-06 2.68173e-07 -2.13213e-07 2.12123e-11 5.71125e-05 -1.96156e-05 1.38954e-05 4.10494e-07 -1.28067e-05 3.37928e-05 5.82582e-06 -9.53239e-05 4.20928e-06 4.03713e-06 -1.50602e-05 -5.00678e-05 0.000123777 -4.1784e-06 -4.48027e-06 2.8136e-07 1.19735e-05 -7.04713e-07 8.48649e-08 6.24106e-07 -5.13525e-05 -5.34824e-05 -6.42773e-06 1.1608e-05 4.37449e-05 2.08577e-05 1.17037e-05 4.17989e-05 -5.35659e-05 -0.000151245 -5.29985e-05 0.000111607 0.000136236 -2.61562e-05 -3.88883e-05 9.97708e-05 8.47304e-05 9.48913e-05 5.75515e-05 -4.54673e-06 -9.16073e-05 -2.01845e-05 6.20112e-05 6.40434e-05 -1.0787e-05 -1.79914e-05 -8.76055e-05 2.30379e-05 2.07707e-05 1.17913e-05 2.59595e-05 1.9789e-05 -1.6863e-05 -6.56946e-06 -1.2983e-05 -2.61505e-05 -3.3403e-05 -3.06286e-05 -2.46968e-05 -4.32703e-05 -2.24427e-05 -8.60268e-06 4.96024e-06 2.42438e-05 1.65984e-05 9.54726e-06 8.78198e-06 2.86229e-06 -2.47298e-05 -3.71448e-05 -1.27713e-05 1.20166e-05 1.66452e-05 -9.56091e-06 -3.69396e-05 -4.46116e-06 -1.36058e-05 1.21049e-05 -4.9317e-06 -5.41394e-06 -3.18772e-06 1.95049e-05 2.32043e-05 -2.13226e-05 -8.18519e-06 -1.08088e-05 -6.68133e-06 -3.72673e-06 3.33146e-06 2.66572e-05 6.0301e-05 6.73808e-05 -0.000830913 5.81652e-05 -7.72246e-05
 -5.67584e-06 2.92717 -0.461887 -1.3869e-05 -0.967256 0.719567 -0.251433 -0.0500493 1.23349 -0.127845 -0.018733 0.424987 7.1744e-05 998.155 -2.26249 1.16294e-05 -0.892207 0.0217709 -1.04581e-05 -0.683124 0.24034 -9.54039e-06 -0.716924 0.154535 7.53295 12.4502 -2.20673 0.536584 5.11741 -4.25542 2.78317 -0.464382 1.70945 3.60217 -0.0435401 -0.1205 -2.88653 -0.31388 -0.00151141 5.21723 -2.6045 -0.0406204 0.519155 -3.14315 0.257604 -0.840987 -0.885498 0.644875 -2.3848 2.61269 4.04981 -2.84396 -0.71828 -0.643695 0.467408 -0.400422 -2.06371 1.83905 1.31284 -1.29213 0.0141341 -0.000746239 0.447055 -0.206555 -0.0250719 0.657451 0.0242129 -0.00316809 0.00734154 -2.06072e-06 -1.2334 0.422192 -0.281533 -0.00805035 0.248921 -0.878313 -0.146413 2.39714 -0.0658122 -0.0595098 0.224997 1.84167 -6.9247 0.250143 0.0958363 -0.00650626 -0.286989 0.017252 -0.0018824 -0.0154845 1.77176 1.28406 0.492522 0.463855 -0.666989 0.0238316 0.0543699 -0.421764 1.25107 2.53008 0.988654 -2.03306 -3.67436 0.163977 2.55452 -1.7792 -2.10741 -2.39262 -0.665191 0.433729 1.95394 0.595059 -1.33929 -1.73516 0.831183 1.06021 2.31604 -0.509316 -0.537737 0.0374706 -0.362406 -0.287313 0.447008 0.427154 0.492024 0.69854 0.77897 0.600992 0.598983 0.892228 0.426105 -0.00872405 -0.401599 -0.757507 -0.46746 -0.338775 -0.448576 -0.393326 0.0782172 0.235619 -0.057318 -0.160991 -0.140995 0.173994 0.51541 -0.133535 -0.000474618 -0.545271 -0.101365 -0.0147603 -0.104925 -0.907858 -1.26675 -0.21827 -0.130451 0.0001739 -0.0606829 0.402367 -0.114274 -0.507799 -1.21413 -1.31421 16.3492 -1.84269 1.43499
 7.32407e-08 -0.0209343 0.00323021 -6.81268e-08 -0.00786368 0.00591316 -0.000257678 -6.68428e-05 0.00126681 -0.00361614 -0.000285733 0.0054519 -6.6831e-06 -2.26249 0.821897 2.19777e-07 -0.00571268 0.00021929 5.59886e-09 -0.00239305 0.000870024 2.13333e-08 -0.00328938 0.000751907 -0.0287427 -0.0462225 0.00815753 -0.00532924 -0.0229402 0.0190656 -0.0106775 -0.000217652 0.00152917 -0.0141893 -0.00493606 0.00749194 0.000627898 -0.00188689 0.000118253 -0.0262888 0.00602598 0.00016234 -0.00828872 0.00278208 -8.77988e-05 -0.000652193 -0.00148954 0.00112113 0.00340182 -0.0102071 -0.0153512 0.0108542 0.00105698 -4.81801e-05 -0.0039715 0.00362588 0.00294323 -0.00728308 -0.00623048 0.00581151 -2.26898e-05 -5.57256e-07 -0.00054386 0.000867491 -7.25765e-06 -0.000255206 0.000189243 -3.01292e-05 -3.54276e-05 1.82073e-08 -0.00329505 0.0011993 -0.000695624 -1.89278e-05 0.000635631 0.00113226 0.000136464 -0.00237955 -0.000160282 -0.000279998 0.000985244 -0.00417668 0.0258858 -0.000917309 -0.000539071 3.26069e-05 0.000198414 -5.55609e-05 5.90137e-06 5.00311e-05 -0.0058151 -0.00176791 -0.00270233 -0.00315429 0.00126102 0.00118723 0.00030281 0.000392067 -0.00317795 -0.00855824 -0.00322551 0.00637059 0.0108346 -0.000519389 -0.00795574 0.00462186 0.00572678 0.00679789 0.00194801 -0.00176891 -0.00581817 -0.00162648 0.00435866 0.00534052 -0.00294382 -0.00370163 -0.00690337 0.0016978 0.00151342 -0.000409886 0.000855211 0.000546174 -0.00149871 -0.00155427 -0.00177367 -0.00211631 -0.00227985 -0.00182334 -0.0012953 -0.00288148 -0.0011506 0.000238183 0.00145536 0.00253345 0.00149309 0.00119766 0.00140113 0.0010692 -0.000336907 -0.000435243 0.000802153 0.000847797 0.000596335 -0.000384841 -0.00132147 0.00070089 0.000224902 0.00191791 0.000719131 0.000381166 0.000525116 0.00297966 0.00401913 0.000903789 0.000600745 0.000172914 0.000366463 -0.00145577 0.000375085 0.00153785 0.00365609 0.00378791 -0.0515337 0.00842832 -0.00420694
 -1.85734e-10 -4.9708e-05 7.7759e-06 -6.37064e-11 -4.96335e-07 4.5943e-07 6.6132e-06 1.48381e-06 -3.50948e-05 -1.6143e-07 7.88926e-07 -1.62291e-05 -7.62774e-10 1.16294e-05 2.19777e-07 1000 1.84574e-05 -3.2292e-06 -2.99639e-10 1.63925e-05 -5.78154e-06 -3.83663e-10 2.07819e-05 -4.52845e-06 4.45627e-05 -1.80615e-05 2.6278e-06 -1.33882e-05 -7.69207e-05 6.38742e-05 4.53402e-06 9.60827e-06 -3.98323e-05 6.19576e-05 -2.336e-05 2.89564e-05 -1.84303e-05 5.58399e-06 -1.11367e-07 -4.11023e-05 1.13385e-05 2.45749e-07 5.88534e-06 -7.20544e-06 9.03579e-07 7.18008e-06 9.17331e-06 -6.48496e-06 6.07691e-05 -1.36342e-05 -0.000102988 6.24129e-05 -2.46297e-05 6.46812e-05 3.19359e-05 -3.24418e-05 1.0933e-05 2.05884e-05 -2.80651e-05 1.23171e-05 5.0953e-06 -1.81586e-07 -2.53134e-06 1.23867e-05 1.24638e-07 -7.29004e-06 -2.23804e-06 3.32088e-07 2.29706e-07 -1.24019e-10 2.76849e-05 -9.56427e-06 8.75085e-06 2.91961e-07 -9.42987e-06 -2.32744e-06 2.92788e-07 -5.47643e-06 2.90514e-06 5.05548e-06 -1.86421e-05 4.56336e-05 -0.0003692 1.37601e-05 7.68923e-06 -3.91664e-07 1.83223e-06 -3.31113e-07 1.0133e-07 2.31565e-07 -8.63004e-06 -6.74264e-05 -1.38863e-05 4.29755e-05 0.000112221 0.000103892 3.80209e-05 3.35666e-05 -5.37754e-05 -0.000205912 -5.46958e-05 0.000158928 -3.93035e-05 0.0001168 -7.66954e-06 1.53148e-05 0.00010656 -2.57476e-05 5.72613e-05 -1.33585e-05 -9.15517e-06 -7.99646e-06 -1.06321e-05 9.25519e-06 1.72961e-06 4.9848e-05 -1.3335e-05 7.99231e-06 -3.18202e-05 2.37289e-06 5.60374e-06 8.65593e-06 -8.13033e-06 -2.74213e-06 -1.00263e-05 -4.68899e-06 -8.57559e-06 -2.47085e-05 -2.22968e-05 -9.42638e-06 -1.72086e-05 -7.82941e-06 -5.54148e-06 4.91192e-06 1.28292e-06 -1.59872e-05 -1.36407e-05 -1.41919e-05 -8.55297e-06 -2.46433e-05 -2.2205e-05 3.48016e-07 -4.73775e-07 -1.39343e-05 1.80587e-06 4.72888e-06 -1.50608e-05 2.84218e-05 -2.17966e-06 -1.67603e-05 -8.3169e-06 -1.53576e-05 -1.22708e-05 -2.12865e-05 -7.38996e-06 -8.48928e-06 -7.25557e-06 1.45912e-05 5.33907e-07 1.95831e-05 4.07027e-05 4.68027e-05 -0.000477622 -0.000145728 -6.60757e-05
 -4.42082e-07 2.05435 -0.32362 -1.53544e-06 -0.0967496 0.0679842 -0.21942 -0.0455722 1.10882 0.0909601 -0.0144693 0.336272 3.85687e-05 -0.892207 -0.00571268 1.84574e-05 998.163 -33.825 -8.12488e-07 -0.547289 0.193096 2.48214e-07 -0.616099 0.134206 2.78681 3.82943 -0.687544 0.34355 3.08285 -2.56447 1.80154 -0.284271 1.04688 1.92298 0.593083 -0.911464 -0.934284 -0.210792 0.00168803 1.48453 -0.862797 -0.0160081 0.577155 -1.44505 0.110318 -0.453746 -0.496893 0.358343 -1.14882 1.73372 1.65475 -1.28476 -0.125183 -0.916069 0.195611 -0.132256 -1.24062 1.10673 1.1348 -0.996441 -0.154171 0.00937697 -0.0943367 0.0992514 -0.00711019 0.140472 0.0332601 -0.00478817 -0.00105562 1.38322e-06 -0.896571 0.308343 -0.278834 -0.00907375 0.287962 -0.293507 -0.0593835 0.990123 -0.105586 -0.114819 0.425239 -0.0920721 3.11534 -0.110343 -0.104845 0.00439507 -0.0896272 0.0176683 -0.00298871 -0.014793 1.23726 1.80615 0.799368 0.0423072 -2.17008 -1.74072 -0.46149 0.0345862 1.18364 3.93757 1.06242 -3.94789 -1.77444 -0.629812 2.57379 0.881461 -3.71466 -3.47094 1.97459 -0.0279264 0.640983 0.353987 0.181923 -0.0769193 -0.389781 0.497181 0.350773 0.025677 0.473665 0.445691 0.0830549 0.0440338 0.299195 0.320866 0.690274 0.446232 0.487677 0.485985 0.715325 0.49741 0.447154 0.411042 -0.0205202 -1.05636 -0.313352 0.0177115 0.0549919 0.0235014 0.0606007 0.0770027 0.156785 0.0307603 0.21377 -0.278329 -0.106412 -0.0226356 0.185256 -0.823731 -0.907433 0.076822 -0.133809 -0.521834 -0.707113 -0.572768 -0.285357 -0.109376 -0.062143 0.101368 -0.079937 -0.537174 -1.02006 -1.27388 14.2697 2.37649 1.73499
 6.91536e-08 -0.0802903 0.0125965 -3.07439e-08 -0.00539104 0.00420025 0.00669799 0.00139136 -0.0341285 -0.00573902 0.000215735 -0.00604848 -9.13536e-07 0.0217709 0.00021929 -3.2292e-06 -33.825 2.00568 1.01241e-08 0.015689 -0.0055178 -1.91346e-08 0.017709 -0.00383688 -0.100421 -0.138679 0.0248636 -0.0149344 -0.111834 0.0930231 -0.0636956 0.0085413 -0.0308996 -0.0688376 -0.0241252 0.0366063 0.0292879 0.00569737 3.74682e-06 -0.0570781 0.0289152 0.00057902 -0.0241313 0.0455973 -0.00336475 0.013152 0.0141734 -0.0101637 0.0385023 -0.0616292 -0.0592195 0.0459048 0.00384605 0.0310517 -0.00808437 0.00580183 0.0404764 -0.0394829 -0.0410311 0.035926 0.00537476 -0.00032761 0.00397138 -0.00327658 0.00019852 -0.0038801 -0.00101416 0.000144917 3.76642e-05 -2.83663e-08 0.026219 -0.00897469 0.00829084 0.000271495 -0.00861332 0.00959672 0.00188851 -0.0316308 0.00302126 0.00336783 -0.0125184 0.00257568 -0.106227 0.00376083 0.00347741 -0.000143981 0.00262368 -0.000618454 0.000103289 0.000519139 -0.0431805 -0.0615386 -0.0296697 -0.00222703 0.0752527 0.0607756 0.016124 -0.00186953 -0.0402959 -0.137295 -0.0386333 0.137003 0.0615998 0.0215119 -0.0892363 -0.0308132 0.128517 0.120376 -0.0685689 0.000808134 -0.0223071 -0.0122191 -0.00605525 0.00280212 0.0133766 -0.0175697 -0.0122043 -0.000856298 -0.0164559 -0.0155092 -0.00289125 -0.00159889 -0.0104282 -0.0112421 -0.024096 -0.0154585 -0.0168513 -0.0168924 -0.0243617 -0.0173702 -0.0153669 -0.0140774 0.000891407 0.0368749 0.0110128 -0.000370767 -0.00175776 -0.00078438 -0.00214941 -0.00247911 -0.00495978 -0.000725133 -0.00721552 0.00978414 0.00379026 0.000999436 -0.0062283 0.0286308 0.0317426 -0.0024252 0.00478037 0.0183383 0.0247527 0.0200592 0.0100845 0.00394081 0.0023137 -0.00367381 0.00279274 0.018696 0.0354086 0.0442329 -0.497147 -0.0820351 -0.060354
 -3.82127e-10 1.97046e-05 -3.16004e-06 -3.87282e-11 1.75353e-06 -1.36643e-06 -1.86367e-06 -1.41938e-07 4.69033e-06 6.42656e-06 4.98209e-07 -9.06544e-06 2.56373e-10 -1.04581e-05 5.59886e-09 -2.99639e-10 -8.12488e-07 1.01241e-08 1000 -1.1996e-05 5.68473e-06 -3.60414e-10 9.10014e-07 -2.40284e-07 8.39073e-05 -7.08984e-08 -1.00602e-06 -2.11319e-07 3.49566e-05 -2.91474e-05 5.61079e-05 2.51126e-06 -1.39117e-05 0.000122061 -4.85651e-05 6.06309e-05 -3.46109e-05 4.45327e-07 -5.80583e-10 -9.59403e-06 -6.36649e-06 -1.33055e-07 1.23786e-05 -3.62292e-05 3.13071e-06 -5.62973e-06 -4.62743e-06 3.41017e-06 2.26445e-05 1.53346e-05 -3.09919e-05 1.51196e-05 -3.01833e-05 2.22807e-05 5.71796e-05 -5.29628e-05 -2.03105e-05 3.58778e-05 3.1939e-06 -1.11844e-05 2.47062e-07 1.80742e-07 -1.46181e-05 3.54639e-06 2.77517e-07 -6.625e-06 -1.64514e-06 2.4148e-07 1.1512e-07 -8.98631e-11 -1.17596e-06 3.39182e-07 -1.69145e-06 -4.52032e-08 1.11148e-06 -2.68188e-06 -2.9776e-07 5.27099e-06 -5.29273e-08 1.4728e-06 -5.27537e-06 3.42073e-05 -0.000273128 1.01737e-05 5.35791e-06 -2.86628e-07 1.85319e-06 -1.41423e-07 -7.16802e-08 2.14478e-07 1.84112e-05 3.20667e-05 -1.73263e-08 -3.1602e-05 -1.38899e-06 2.26825e-05 -0.000166344 0.000349743 -9.18145e-05 -9.81067e-05 -3.08521e-05 -1.78651e-05 -0.000100498 9.65582e-05 1.9611e-05 -8.09202e-06 7.03165e-05 3.41275e-06 -2.34632e-05 8.78722e-06 3.86408e-05 -8.59989e-06 -8.27727e-06 -4.73162e-06 2.42852e-06 1.2672e-05 1.65024e-05 -5.16871e-06 8.25422e-06 3.59252e-06 1.24545e-05 1.59029e-05 1.06967e-05 1.4258e-05 -1.0846e-05 -2.78039e-06 3.96861e-06 -3.44375e-06 9.50895e-06 -1.04379e-05 8.47382e-06 -2.34323e-06 -3.91495e-06 -1.01117e-05 -3.3867e-06 -9.69792e-06 -4.86356e-06 1.80425e-06 -2.29501e-06 -3.4238e-05 -2.63341e-05 1.596e-05 8.1917e-06 -1.58846e-05 4.57691e-06 1.21075e-05 -1.0328e-05 3.55074e-05 -1.18192e-05 9.54638e-07 -7.70042e-06 -2.57686e-05 -2.32124e-05 -2.3822e-05 -9.32201e-06 -5.34668e-06 -3.52354e-06 9.20565e-06 -1.12345e-06 -3.05623e-07 7.42916e-06 -1.97611e-06 1.05935e-06 1.30873e-05 1.67788e-06
 -9.73645e-06 2.10263 -0.330651 -4.82658e-06 -0.612604 0.4564 -0.246509 -0.0441116 1.07314 0.00997059 -0.0224226 0.50136 3.20316e-05 -0.683124 -0.00239305 1.63925e-05 -0.547289 0.015689 -1.1996e-05 884.492 -316.257 2.19592e-06 -1.07703 0.239405 -0.647836 4.39027 -0.745259 -0.0344997 0.823647 -0.685111 0.301397 -0.430937 1.74021 0.0710504 2.63978 -3.63446 -0.0721886 -0.226204 0.00242686 -1.05354 0.1186 -0.00018204 -1.17075 0.133816 -0.00895854 -0.330074 -0.33396 0.240846 -0.219718 -0.748066 0.504986 -0.155249 0.984882 -2.2718 -1.51853 1.49449 -0.330602 -1.06288 0.406865 0.0171133 -0.0533581 0.00703788 -0.712779 -0.668632 0.0327342 -0.415441 0.0289859 -0.00417962 -0.00248522 1.13837e-06 -1.02893 0.359438 -0.409206 -0.0137102 0.444796 -0.368228 -0.0619446 0.990153 -0.129532 -0.0768775 0.281153 -1.05788 4.01802 -0.131482 -0.114475 0.00699108 0.0507729 0.0278798 -0.00919293 -0.0188481 -0.0153623 -1.69498 0.935672 4.52708 0.665058 -2.34214 -25.7567 10.0438 -0.858989 1.17546 0.440903 2.79038 -4.89155 1.1191 1.88745 -0.819893 0.300044 -0.837107 -0.117829 0.0471327 1.23064 0.284677 0.24081 0.631501 0.842927 0.412972 0.107863 -0.405704 0.90257 0.0477997 -0.0110038 0.0296353 0.419889 1.38364 -0.0747057 0.114304 0.464071 0.384468 0.867394 -0.506054 0.288992 0.249187 0.493029 -0.149595 0.260709 0.713396 0.763601 0.613093 0.421255 1.01319 0.478685 -0.390949 0.0380027 -0.59515 -0.112071 0.193184 -0.0230385 1.34432 -0.322273 0.400857 0.777216 0.188236 0.146387 -0.746469 -0.204346 0.0113762 0.190084 -0.629399 0.0155293 -0.609926 -0.751751 -1.31061 17.9386 0.280567 1.85403
 3.51798e-06 -0.763326 0.11999 1.64269e-06 0.213641 -0.159136 0.0874469 0.0156338 -0.380616 -0.00562777 0.00776315 -0.174358 -1.12923e-05 0.24034 0.000870024 -5.78154e-06 0.193096 -0.0055178 5.68473e-06 -316.257 114.49 -8.29514e-07 0.384593 -0.0854858 0.229853 -1.57883 0.268028 0.0111173 -0.298982 0.248688 -0.108727 0.153425 -0.61951 -0.0272869 -0.949925 1.30795 0.0252314 0.0791754 -0.000804339 0.375619 -0.0430619 7.85523e-05 0.417917 -0.0506485 0.00348227 0.116331 0.117955 -0.0850113 0.078851 0.267971 -0.181167 0.0557705 -0.352805 0.814938 0.544133 -0.53556 0.117734 0.380572 -0.146686 -0.00548187 0.0191977 -0.00252925 0.256849 0.240275 -0.0118106 0.150377 -0.0102749 0.00148079 0.000861647 -3.94433e-07 0.366474 -0.128011 0.145463 0.00487185 -0.158097 0.131531 0.0221358 -0.353842 0.045477 0.0271977 -0.0994557 0.381753 -1.43837 0.0470578 0.0409503 -0.00250249 -0.0176435 -0.0100032 0.00329918 0.00676183 0.00524146 0.608413 -0.33482 -1.62387 -0.243849 0.843863 9.24546 -3.60836 0.30947 -0.420863 -0.160371 -1.00066 1.75549 -0.402068 -0.677204 0.293992 -0.108288 0.300123 0.0425118 -0.0170243 -0.44179 -0.102107 -0.0862652 -0.226483 -0.30252 -0.148356 -0.0388136 0.145614 -0.323936 -0.0172032 0.00390458 -0.0107552 -0.150756 -0.49654 0.0266937 -0.0409508 -0.166478 -0.138032 -0.31094 0.181409 -0.103706 -0.0893475 -0.176803 0.0538282 -0.0934667 -0.255796 -0.273861 -0.219988 -0.151217 -0.363277 -0.17136 0.140328 -0.0136471 0.21354 0.0401912 -0.0692723 0.00835506 -0.482323 0.115817 -0.143738 -0.278756 -0.0673553 -0.0523529 0.267889 0.0733635 -0.0040308 -0.0681418 0.225653 -0.00555438 0.218882 0.269691 0.470276 -6.43823 -0.0997824 -0.665307
 -2.33169e-10 1.1972e-05 -1.93471e-06 2.68355e-12 5.8965e-06 -4.46672e-06 3.01359e-07 2.02254e-07 -4.44665e-06 -3.11967e-06 7.28265e-08 -6.37468e-07 1.62012e-10 -9.54039e-06 2.13333e-08 -3.83663e-10 2.48214e-07 -1.91346e-08 -3.60414e-10 2.19592e-06 -8.29514e-07 1000 7.55849e-06 -7.47345e-07 0.000123472 -6.88221e-05 1.02644e-05 2.12219e-06 3.65106e-05 -3.04923e-05 6.19658e-05 4.49997e-06 -2.15602e-05 0.000152135 -1.36363e-05 1.10966e-05 -4.07671e-05 7.10325e-07 2.95674e-08 -1.75898e-06 -1.04428e-05 -1.5201e-07 3.37598e-05 -4.99319e-05 3.97633e-06 -5.01261e-06 -4.43805e-06 3.2826e-06 8.03551e-06 4.4724e-05 -7.44261e-06 -4.08595e-06 -4.46906e-05 3.22949e-05 8.82127e-05 -8.17377e-05 -2.24194e-05 5.638e-05 4.4014e-06 -1.72267e-05 -3.01151e-07 1.4534e-07 -6.32343e-06 6.74748e-06 9.02473e-08 -3.76916e-06 -1.35297e-06 2.07065e-07 1.59427e-07 -9.15759e-11 5.30108e-06 -1.96828e-06 1.21064e-06 4.8837e-08 -1.72243e-06 -6.08047e-06 -7.17061e-07 1.20837e-05 7.14255e-07 1.68348e-06 -6.06165e-06 4.25567e-05 -0.00027592 1.02906e-05 8.62898e-07 -7.63143e-08 2.37967e-07 -1.13793e-07 -3.28983e-08 1.47378e-07 2.52325e-05 1.36627e-05 7.54048e-06 1.12514e-05 3.37172e-05 4.58883e-05 -2.44054e-06 9.45518e-05 -1.35554e-05 -7.03094e-05 -2.10413e-05 -2.00404e-05 -5.81451e-05 5.87118e-05 8.5173e-05 -2.30204e-05 2.4092e-05 -5.06339e-05 0.000101863 -1.24235e-05 4.20832e-06 8.54969e-06 4.10306e-06 5.78022e-06 6.30128e-06 3.77067e-05 1.20497e-05 1.21164e-05 -6.29831e-06 2.36031e-05 2.25921e-06 8.13055e-06 2.40226e-06 9.47865e-06 7.76355e-06 9.33587e-06 7.77294e-06 -9.43036e-06 1.08148e-05 -6.53778e-06 2.4342e-07 -1.06116e-05 -1.83082e-05 -1.18631e-05 -5.38546e-06 -1.48159e-05 -3.27042e-06 -1.74034e-06 -1.54917e-05 -6.28877e-05 -3.06863e-05 1.9916e-05 -1.19231e-06 -1.20342e-05 -5.51269e-06 -6.67129e-07 -1.57818e-05 -6.29171e-06 -5.58799e-06 -1.67202e-05 -1.78984e-05 -3.37869e-05 -4.19527e-05 -2.93322e-05 -1.58167e-05 -1.18109e-05 -1.0851e-05 1.88971e-05 -1.6791e-06 4.83046e-06 6.75516e-06 9.59113e-06 -0.000117361 -3.74829e-05 -1.64622e-05
 1.14898e-06 1.59794 -0.251357 -6.18588e-06 -0.757735 0.565581 -0.237745 -0.0513135 1.2346 -0.24459 -0.0470044 0.979315 3.53423e-05 -0.716924 -0.00328938 2.07819e-05 -0.616099 0.017709 9.10014e-07 -1.07703 0.384593 7.55849e-06 951.455 -212.319 -0.631693 9.65449 -1.63921 0.186307 1.64334 -1.36351 -2.01844 -0.634302 2.69447 -2.5383 1.95229 -2.55957 0.13237 -0.263533 4.01536e-05 -0.543719 -0.00882602 -0.00334984 -2.64624 0.979978 -0.0660649 -0.307571 -0.328525 0.236552 -0.475827 -1.33748 0.42085 0.00373277 1.58984 -3.66446 -2.63224 2.57735 -0.052583 -2.26967 0.130436 0.503127 -0.0469415 0.00322527 -0.243667 -0.265333 -0.0192971 0.512866 0.0375804 -0.00568492 -0.00387562 2.65805e-06 -1.00299 0.352303 -0.349833 -0.0120835 0.393226 -0.196233 -0.0438809 0.688437 -0.116721 -0.0995018 0.364492 -0.945106 4.67327 -0.163433 -0.0568085 0.00474675 -0.00522396 0.0265074 -0.00584854 -0.0208237 -0.507737 -0.260794 0.193293 0.532852 -1.54607 -1.96421 -6.6518 1.7994 -0.337969 2.6554 0.923155 1.86987 -4.87295 -1.51219 3.59539 -0.437802 -1.62518 -5.88106 0.997377 0.454747 -0.689206 -0.653555 -0.587151 0.137587 -0.142838 -0.853862 -1.08255 0.204329 1.00226 -0.3816 -0.360691 -0.320843 -0.0720378 -0.245319 0.0817823 0.0231288 0.0836221 0.448053 0.274427 0.205106 0.360189 0.690453 1.05349 0.796866 0.5002 0.50918 0.47389 0.434227 0.320731 1.71048 0.977828 -0.40105 0.115277 0.182277 0.39455 0.421949 0.46256 0.830633 0.277578 0.57046 1.84543 1.34478 0.82356 -0.188236 0.23591 0.33208 0.430667 -0.976236 0.0373138 -0.693229 -0.956288 -1.5075 18.9807 2.29675 2.20413
