 1000 0.00371671 -0.000275939 2.84696e-09 -0.00042748 0.000112111 -4.34925e-06 -4.68672e-06 3.67744e-05 -0.000199183 -2.39118e-05 0.000301359 8.98495e-10 -1.024e-05 1.34582e-07 5.01225e-10 -1.12757e-05 2.76568e-07 -2.78086e-10 -3.46129e-05 4.33012e-06 -1.12261e-10 -1.04365e-05 7.19607e-07 -0.000136204 -0.000492701 8.27166e-05 -6.20912e-05 -0.000434123 0.000263273 -5.63312e-05 -8.54975e-05 0.000213824 -3.79093e-05 -0.000230233 0.000251801 -4.36339e-05 6.01293e-06 4.23537e-07 -0.000231432 5.15358e-05 1.81415e-06 -3.59412e-05 -2.21252e-05 3.47284e-06 -5.39454e-06 -1.868e-05 9.21993e-06 4.64149e-05 -7.66663e-05 -0.000210223 0.000173681 -2.91767e-05 6.99732e-05 4.76923e-05 -6.78133e-05 1.33819e-05 -1.50437e-05 -6.81375e-05 6.15265e-05 -1.04228e-06 2.0214e-07 -1.85859e-05 3.4369e-05 -1.48136e-06 1.84507e-05 -1.77208e-06 3.25887e-07 2.41627e-07 6.53804e-10 -2.44327e-05 1.95378e-06 -4.06122e-06 -7.45547e-07 6.40175e-06 -1.68318e-05 -6.12677e-06 7.3118e-05 8.37308e-07 4.26367e-06 -1.61217e-05 -7.83089e-06 -8.90911e-05 3.40479e-06 5.63396e-07 -6.47679e-08 -1.24676e-05 -1.0715e-06 -3.14158e-07 1.39528e-06 -5.01044e-07 4.51339e-05 -2.95004e-05 -0.000148638 -0.000138324 1.1958e-05 -5.31063e-06 0.000300497 -8.61694e-05 -0.000250376 -0.000107833 3.94364e-05 -2.70996e-05 2.1989e-05 5.57235e-05 6.40027e-05 1.07179e-05 -4.74337e-05 -7.71221e-05 0.000170149 -0.000134909 1.91172e-05 -6.62515e-06 5.74588e-06 7.17573e-06 1.47106e-05 1.0559e-05 -1.52397e-05 4.00411e-05 -2.80632e-05 1.12047e-05 -1.15636e-05 -1.04322e-05 -1.40222e-06 9.74292e-07 -3.90948e-06 -2.01595e-05 0.000141155 -7.80357e-05 5.37053e-05 -7.02227e-06 7.35581e-06 1.07007e-05 1.55801e-05 1.73654e-05 -1.16001e-05 3.24461e-05 2.29452e-05 1.98458e-05 -1.33373e-05 -2.75392e-05 3.96677e-05 1.40166e-05 -1.07804e-05 3.87988e-06 -9.92875e-06 2.6812e-05 4.54781e-05 2.27873e-05 2.76363e-05 8.4205e-06 -3.29114e-05 3.62317e-07 -1.88582e-05 6.02186e-06 5.45983e-06 9.83933e-06 -1.14642e-06 6.03204e-07 2.06594e-05 9.15897e-05 3.97684e-05 -0.000841269 -0.000127754 -0.000157252
 0.00371671 603.209 -43.2005 -0.000320543 44.9149 -11.7753 0.529562 0.76685 -6.14244 20.0603 2.63248 -33.2265 -0.000143474 1.37934 -0.0107725 -0.000130611 1.85248 -0.0317899 -3.59233e-05 2.36782 -0.299835 -5.99288e-05 2.05044 -0.125477 22.2358 41.8756 -7.18357 5.13318 35.1657 -21.3291 9.20643 10.3952 -26.1779 14.4316 21.9078 -24.5346 1.57185 -0.207172 -0.043755 21.868 -5.15611 -0.172514 7.70254 -1.19656 -0.0783316 1.12506 2.06395 -1.02666 -1.06897 8.45856 12.8434 -11.5805 -0.490793 -4.1481 3.01971 -3.79135 -2.27988 5.46102 7.73234 -8.3386 -0.033336 -0.00466663 1.10636 -1.08761 0.223243 -4.30348 0.0234914 -0.00387282 -0.00733271 -0.000136733 3.66818 -0.271575 0.942218 0.164452 -1.54541 1.85503 0.668698 -7.95283 0.19164 -0.00825333 0.0395867 2.87377 -12.0392 0.372664 1.30387 -0.0836342 0.321834 0.0904969 0.0113594 -0.102599 3.14343 -3.08437 2.62441 10.6999 10.632 -1.25418 -23.1375 17.378 -12.1255 17.7909 8.53388 -0.221539 -1.62203 -2.12905 -2.2875 6.24946 5.23344 1.09048 -9.65995 5.1666 -0.985972 1.71849 -1.6108 -0.789523 0.775666 1.12587 0.614239 1.86112 1.02887 -0.32819 0.839741 0.89657 0.783229 0.462356 1.55036 0.00687429 -0.500167 3.53053 -7.2311 4.15491 -0.300817 -0.200175 -0.469102 -3.6019 -0.977769 -3.13422 -2.26123 -2.20841 0.204373 -0.424164 -2.33634 -1.89517 -1.47177 -0.367504 -0.85592 -2.80486 0.125779 -2.38701 -4.23508 -0.532574 -0.323631 -3.01011 -1.94583 -1.44512 -1.56276 -1.1076 -1.37565 1.02125 -0.30471 -1.6201 -7.14035 -3.51599 66.278 9.27765 12.2244
 -0.000275939 -43.2005 4.00844 2.33016e-05 -3.27471 0.858528 -0.0407899 -0.0584386 0.468699 -1.4588 -0.192077 2.42434 1.15299e-05 -0.111756 0.000789757 1.01221e-05 -0.145839 0.00243853 2.63451e-06 -0.18462 0.0233092 4.42684e-06 -0.158368 0.00964713 -1.62257 -3.05366 0.523855 -0.37819 -2.5637 1.55498 -0.671626 -0.758535 1.91018 -1.05346 -1.59771 1.78933 -0.125278 0.00636108 0.00352155 -1.5984 0.368311 0.012639 -0.571163 0.0696097 0.00763429 -0.0880098 -0.160494 0.0796649 0.0743962 -0.616395 -0.935547 0.843678 0.034268 0.301325 -0.221528 0.278314 0.161588 -0.398395 -0.564618 0.608865 0.00246496 0.000337771 -0.0805456 0.0790918 -0.016283 0.31398 -0.00160148 0.000261872 0.000607323 1.05239e-05 -0.283293 0.020826 -0.0729469 -0.0127142 0.119744 -0.13423 -0.048806 0.580451 -0.0147457 -0.000210076 0.000144018 -0.202443 0.883445 -0.0273541 -0.095634 0.00614195 -0.026807 -0.00658943 -0.000824982 0.0074685 -0.229433 0.225754 -0.19108 -0.779579 -0.776781 0.0945815 1.68752 -1.26943 0.884303 -1.29531 -0.621 0.0162334 0.118587 0.154898 0.165985 -0.456095 -0.381843 -0.0792691 0.704242 -0.377469 0.0724592 -0.12532 0.117468 0.0574974 -0.0568616 -0.0825414 -0.0449468 -0.13525 -0.0751784 0.0238224 -0.0615621 -0.0655262 -0.0572334 -0.0338269 -0.113147 -0.000574548 0.0365437 -0.258081 0.527428 -0.303106 0.0219022 0.0146132 0.0342512 0.2626 0.0711419 0.228477 0.164532 0.160693 -0.0150965 0.0309653 0.170645 0.138078 0.10723 0.0268581 0.0624444 0.204592 -0.00913082 0.173898 0.308648 0.0387896 0.0235229 0.219623 0.142104 0.105441 0.113899 0.0807312 0.10025 -0.0745352 0.0222306 0.118026 0.520229 0.25616 -4.82789 -0.67704 -0.890638
 2.84696e-09 -0.000320543 2.33016e-05 1000 0.00214606 -0.000566248 -2.68698e-06 -3.24175e-06 2.62365e-05 -0.000126819 -1.53859e-05 0.000194847 -1.13792e-10 9.293e-07 9.22316e-08 3.47347e-10 -5.65366e-06 1.74093e-07 -1.35549e-10 2.57052e-06 -2.49796e-07 -1.36395e-10 3.379e-06 -1.53185e-07 -0.000118208 -0.000322494 5.46411e-05 -4.83253e-05 -0.000319519 0.000193788 -2.91241e-06 -5.68608e-05 0.000140112 2.98278e-05 -0.00021474 0.000231493 9.32527e-06 1.09729e-05 -7.00319e-08 -0.000176029 5.40603e-05 1.57077e-06 -1.14539e-05 1.40132e-05 -2.89447e-07 5.35852e-06 -3.60902e-06 1.82802e-06 2.44989e-05 -2.80188e-05 -2.27596e-05 2.32793e-05 -2.74665e-05 1.94765e-05 5.6465e-05 -7.62999e-05 1.67775e-05 -3.6237e-05 -3.40183e-05 4.10146e-05 3.76532e-06 -2.62312e-07 8.48092e-06 -2.4448e-07 -2.80699e-07 1.18529e-05 3.18233e-06 -6.41536e-07 -6.3904e-07 1.89769e-10 -6.93698e-06 6.57163e-07 -3.23671e-06 -5.84482e-07 5.24346e-06 -1.67113e-05 -6.23476e-06 7.42135e-05 -1.59848e-06 -3.02603e-07 9.25152e-07 3.78258e-06 -7.35753e-05 2.38734e-06 9.10385e-06 -4.78813e-07 -9.02863e-06 -8.45161e-07 -2.31358e-07 1.08402e-06 -3.88711e-05 -1.28659e-06 -2.1222e-05 -6.53801e-05 -4.3534e-05 -3.41467e-05 3.03301e-05 -7.11251e-06 -2.33225e-05 -6.19016e-05 -1.58609e-05 1.2048e-05 -2.2152e-05 3.84513e-05 -6.75899e-06 7.39216e-05 -3.83394e-05 1.53901e-05 -5.03855e-08 -2.47073e-05 8.80757e-06 8.3014e-06 2.57612e-05 4.56673e-06 2.3175e-05 -3.04228e-05 6.51138e-06 5.01898e-06 -5.77742e-06 -1.09072e-05 1.10381e-05 5.87256e-05 5.18624e-05 -1.43593e-05 -0.000134059 -0.000210461 -6.24962e-05 0.000150147 -1.32618e-05 0.000162117 -3.11814e-05 8.14029e-06 2.76695e-05 2.61676e-05 2.19962e-05 -4.9989e-06 3.06177e-05 6.70459e-06 4.45796e-05 -5.07965e-05 -7.85316e-05 -3.69444e-06 -4.10703e-05 6.02104e-05 5.83541e-05 9.80987e-06 -1.29758e-05 2.36859e-05 3.42309e-05 7.59276e-05 2.25398e-05 -8.73901e-05 4.36015e-05 -9.85549e-06 8.04277e-06 8.40551e-06 9.76803e-06 -9.77612e-06 3.5774e-06 8.73351e-06 3.70154e-05 -6.71229e-07 -0.000381724 -2.4765e-05 -6.75857e-05
 -0.00042748 44.9149 -3.27471 0.00214606 662.902 -172.817 0.200113 0.294795 -2.2609 17.5743 2.29535 -28.9525 4.28725e-05 -0.450304 -0.00841476 -3.87745e-05 0.431857 -0.0151292 5.20128e-07 -0.203297 0.0152345 2.62068e-06 -0.334354 0.0113091 17.311 32.1663 -5.52216 4.20017 27.9068 -16.9291 10.3188 8.80963 -22.313 13.6655 18.1681 -20.4331 -1.92756 -1.32335 0.0201426 13.7497 -4.69385 -0.106209 5.55105 -4.30921 0.279102 -0.195492 -0.0870378 0.0159531 -2.38643 5.31133 2.68019 -3.26147 0.59483 -4.27081 1.40889 -1.63442 -2.73015 4.43583 6.68906 -7.0917 -0.0882474 0.00240986 0.346038 -5.70083 0.650257 -11.66 -0.56108 0.102426 0.101907 -1.33899e-05 0.329645 -0.0506295 0.240676 0.0465775 -0.39957 1.90392 0.678752 -8.07775 0.192134 0.0411434 -0.140463 2.08058 -8.69777 0.275665 1.86672 -0.114413 0.0962098 0.0640214 0.0110797 -0.0756408 2.45599 -0.592602 0.856954 2.61727 3.44412 4.86933 3.16541 -1.82931 -2.36508 10.8604 3.37692 -2.97437 0.107818 0.956506 -1.76518 4.20811 -0.079815 -0.507767 -1.48376 2.4128 0.101766 -0.346499 -1.52176 -1.87626 1.24423 1.42051 -0.0281123 0.26252 2.79979 -0.772866 -2.29374 -0.374601 0.140738 4.56639 4.04058 -2.16636 -1.5221 3.52434 -8.27522 3.50072 0.613726 -0.411557 -0.928781 -2.35359 -0.980428 -1.55157 -1.05565 -2.34962 0.418999 0.399491 -0.753826 -1.61177 -1.92931 -0.0457314 -0.489891 -1.12186 0.29373 -2.13236 -4.68811 -0.563102 1.08593 -3.42596 -1.38597 -1.52728 -1.41998 -1.01828 -1.22596 0.730548 -0.241464 -1.51882 -6.53577 -3.25917 63.6476 5.05874 11.1791
 0.000112111 -11.7753 0.858528 -0.000566248 -172.817 46.28 -0.0545948 -0.0798438 0.613838 -4.6033 -0.601961 7.59288 -1.03219e-05 0.108383 0.00220987 1.0755e-05 -0.123614 0.00408288 -1.2278e-07 0.0445373 -0.00293502 -6.57822e-07 0.0805084 -0.0025628 -4.53905 -8.43359 1.44784 -1.10544 -7.3162 4.43826 -2.70518 -2.31018 5.85118 -3.5833 -4.76327 5.35712 0.496609 0.340049 -0.00501811 -3.60766 1.22474 0.0278901 -1.46335 1.11388 -0.0714531 0.046206 0.0141022 5.42067e-07 0.625695 -1.39248 -0.702905 0.855237 -0.157921 1.11896 -0.370386 0.429902 0.711555 -1.16288 -1.75438 1.85989 0.0231351 -0.000631183 -0.0908295 1.49446 -0.17046 3.05659 0.147882 -0.0269932 -0.0268444 4.02498e-06 -0.10094 0.0142132 -0.0672406 -0.0129163 0.111638 -0.498254 -0.17798 2.11812 -0.051304 -0.0117458 0.0404057 -0.538177 2.28357 -0.0723831 -0.489761 0.0300255 -0.027988 -0.0167787 -0.00290282 0.019823 -0.643868 0.156222 -0.225104 -0.686316 -0.902479 -1.27676 -0.829104 0.479027 0.620365 -2.8473 -0.885056 0.779872 -0.0279867 -0.250866 0.462467 -1.10338 0.0206741 0.132934 0.388909 -0.63226 -0.0268662 0.0908193 0.398796 0.491708 -0.326329 -0.372419 0.00724798 -0.0686317 -0.733751 0.202428 0.600957 0.0978865 -0.0371558 -1.19682 -1.05872 0.56832 0.399119 -0.924164 2.16903 -0.917939 -0.16076 0.107934 0.243464 0.617052 0.256947 0.406788 0.276587 0.615731 -0.109966 -0.104541 0.198045 0.42263 0.50584 0.0118951 0.128372 0.294206 -0.0767831 0.559012 1.22879 0.147509 -0.28465 0.89827 0.363439 0.400379 0.372222 0.266943 0.321373 -0.191548 0.0633013 0.398126 1.71327 0.854371 -16.6832 -1.32746 -2.93044
 -4.34925e-06 0.529562 -0.0407899 -2.68698e-06 0.200113 -0.0545948 999.949 -0.0895098 0.531909 0.245863 0.0161461 -0.18823 1.09364e-05 -0.104203 -0.000254341 9.27724e-06 -0.131052 0.00109358 2.18942e-06 -0.21612 0.0255356 4.75189e-06 -0.180515 0.00965098 0.0588718 0.210782 -0.0369327 -0.0116832 0.417619 -0.254552 0.77163 -0.242735 0.564836 0.468991 0.0759797 -0.107434 -0.0200061 -0.0505545 0.00115298 -0.450213 0.0842219 0.00247362 -0.0723451 -0.115299 0.0117475 -0.0717202 -0.118508 0.0554956 0.0678643 -0.129773 -0.0957706 0.102369 0.0122335 -0.859534 0.236784 -0.26241 0.00343957 -0.137178 0.166434 -0.0875079 0.000946646 -0.00184454 0.237854 -0.0669767 -0.00544323 0.143683 0.00338215 -0.000595571 -0.00164204 8.95434e-06 -0.24907 0.0145238 -0.0811275 -0.0148156 0.149038 -0.0321177 -0.0184569 0.229819 0.00114275 -0.0165568 0.061745 -0.0198144 -0.0845884 0.00419764 -0.13707 0.00759437 -0.0753961 0.00166539 0.000119684 -0.00179828 -0.0989006 0.0241906 -0.00432436 -0.134122 -0.263526 -0.126062 0.00645531 0.808094 -0.806483 0.295886 0.135288 -0.0188848 0.322513 -0.16845 0.00405051 0.0607428 0.139671 -0.097799 -0.0157229 -0.00381329 0.0165419 0.00783951 0.00194339 0.00216769 -0.0311091 -0.0377448 0.0930495 -0.155055 0.0533541 0.0185798 -0.0455063 -0.00837198 -0.0230764 -0.0170136 -0.0145454 -0.0248064 -0.00466666 0.0323275 0.20228 -0.11118 0.0342999 0.00426002 0.0189851 -0.475405 0.186395 -0.25849 0.0811348 0.159174 -0.253186 -0.0296785 -0.0865609 0.170785 -0.128506 0.100962 0.0947354 0.0325473 0.138364 -0.181428 0.159407 -0.123348 0.157138 0.247906 0.0639956 -0.0465106 -0.0625459 -0.00122281 -0.0172406 -0.05106 0.00856633 -0.123036 -0.590449 -0.360041 4.47403 1.78137 0.992812
 -4.68672e-06 0.76685 -0.0584386 -3.24175e-06 0.294795 -0.0798438 -0.0895098 15.3631 -118.653 0.332177 0.0171079 -0.196743 1.3575e-05 -0.126608 -0.000320512 1.19717e-05 -0.160867 0.00136111 3.83474e-06 -0.230019 0.0271566 7.22151e-06 -0.236463 0.0128136 -0.0644392 0.724767 -0.120043 0.0067593 0.640809 -0.38988 0.840785 -0.358046 0.847867 0.322425 0.4279 -0.481817 0.0155053 -0.0717586 0.00114389 -0.484595 0.0894799 0.00222938 -0.196319 -0.0786453 0.00897009 -0.0833935 -0.151045 0.0703026 0.0946223 -0.196628 -0.229466 0.217817 0.122286 -1.14348 0.0206974 0.0430755 0.0250417 -0.23035 0.173066 -0.0594589 -0.0269326 -0.00109056 0.33027 0.00950217 -0.00269589 0.0596894 0.00814064 -0.00143231 -0.00298497 1.19241e-05 -0.317713 0.018744 -0.10165 -0.0186638 0.187927 -0.0424137 -0.0245579 0.300094 -0.00788745 -0.0254824 0.0947625 -0.0671724 0.394813 -0.0104737 -0.150139 0.00825388 -0.123748 0.00288194 0.00130672 -0.00421659 -0.137756 -0.0596442 -0.0380614 -0.103033 -0.207332 -0.0895133 0.788044 0.13206 -0.943178 0.369718 0.198554 0.552791 0.257315 -0.205349 -0.456901 -0.217262 0.32469 -0.0798372 0.036759 -0.0354601 -0.0271579 -0.0298922 -0.0470194 -0.00911864 -0.0714084 -0.209882 0.385614 -0.188358 0.0202131 -0.0478492 0.0740152 -0.0275844 -0.00886137 -0.0307871 0.0337772 -0.0260684 -0.160293 -0.0152543 0.0733019 -0.141408 0.123247 0.071996 0.089041 -0.313849 0.0581321 -0.14172 0.0333808 -0.0699726 -0.266232 0.144311 0.141254 0.193505 -0.0276328 0.105081 -0.0177804 -0.14278 -0.0517684 0.0373679 0.019061 0.193905 0.436712 0.0373742 -0.160675 -0.050703 -0.0438562 -0.00542462 -0.0252376 -0.0792094 0.0118701 -0.160591 -0.778035 -0.361364 5.72316 2.72488 1.34128
 3.67744e-05 -6.14244 0.468699 2.62365e-05 -2.2609 0.613838 0.531909 -118.653 979.473 -2.69732 -0.12985 1.48119 -0.00011442 1.06947 0.0026057 -0.000100199 1.35414 -0.0115652 -3.15589e-05 1.93331 -0.228397 -6.00472e-05 1.97745 -0.107244 0.556129 -5.87463 0.972812 -0.030504 -5.17676 3.14981 -6.92489 2.99937 -7.10798 -2.62862 -3.44373 3.87949 -0.125533 0.621303 -0.0104794 4.01042 -0.725855 -0.0186079 1.63951 0.696756 -0.0793153 0.712688 1.27831 -0.595797 -0.801499 1.6187 1.89019 -1.79356 -0.986944 9.36818 -0.166507 -0.357129 -0.22734 1.89411 -1.41249 0.480649 0.221232 0.00889115 -2.69745 -0.0868625 0.0227303 -0.49968 -0.0680435 0.0119755 0.0249258 -0.000100644 2.67712 -0.158387 0.860179 0.158115 -1.59035 0.353219 0.203541 -2.48691 0.0645392 0.210479 -0.782642 0.524182 -3.24768 0.0862756 1.23575 -0.068054 1.04227 -0.0235603 -0.0107054 0.0344941 1.13188 0.489786 0.308429 0.844226 1.71894 0.733542 -6.46587 -1.08541 7.71985 -2.98858 -1.60686 -4.54117 -2.11081 1.68447 3.74235 1.78243 -2.65818 0.658346 -0.306207 0.292001 0.223265 0.246106 0.383877 0.0735778 0.586281 1.72074 -3.16044 1.54369 -0.164235 0.391256 -0.607849 0.225947 0.0730382 0.253541 -0.274777 0.2122 1.31252 0.127957 -0.609502 1.16214 -1.01194 -0.592089 -0.730932 2.57144 -0.479712 1.15959 -0.27498 0.572946 2.18647 -1.18334 -1.16337 -1.59262 0.225361 -0.862505 0.144219 1.16737 0.422887 -0.307965 -0.16115 -1.59011 -3.582 -0.310533 1.31453 0.415052 0.358132 0.0431052 0.205246 0.65047 -0.0976114 1.31513 6.3704 2.96006 -46.8787 -22.2934 -10.9827
 -0.000199183 20.0603 -1.4588 -0.000126819 17.5743 -4.6033 0.245863 0.332177 -2.69732 901.009 -12.7649 155.098 3.1847e-05 -0.388173 -0.00213353 8.91677e-06 -0.188607 -6.89501e-05 -5.02953e-06 -0.0387396 0.00251389 -9.32773e-06 -0.24808 0.013196 6.0856 8.09237 -1.40957 1.45178 7.70264 -4.67148 2.32272 4.38521 -10.9852 6.00543 4.86371 -5.59221 -0.522993 -0.0126356 -0.00615606 4.00514 -1.43652 -0.0295526 1.90253 -1.3655 0.0905347 0.278406 0.476369 -0.234973 0.220482 3.01643 -2.12234 0.810102 -0.225149 -3.05344 1.74898 -2.14676 -1.11523 3.43799 0.947492 -2.0126 0.34291 -0.00246822 -1.70274 3.12048 0.232271 -5.98956 -0.0988227 0.0178466 -0.00397445 -4.42449e-05 0.855174 -0.0670953 0.324183 0.0739234 -0.698313 1.68009 0.562442 -6.64218 -0.139742 -0.282218 1.06703 1.90255 -6.69381 0.22037 0.171 -0.0147176 1.19783 0.00877487 -0.0106941 0.00190107 0.0319939 0.770881 -3.28429 -5.05625 8.95969 10.2203 -13.5501 0.116751 -5.4195 29.3935 9.40422 -12.6738 3.42542 -1.47611 -2.92824 3.45132 7.77046 13.3869 -15.7843 0.722079 2.45242 1.20753 -0.517799 -1.0207 -0.659308 2.48351 -4.94139 0.409241 3.25885 -3.49334 0.871084 0.0511318 -1.63845 0.151686 -0.277439 0.950005 -5.26329 9.85329 -11.5162 7.84699 -2.47525 -0.97076 0.971402 -4.82079 -0.0706609 -3.36558 -1.78215 0.869605 -0.175313 -0.216331 -0.678694 -1.65212 -1.4567 0.962365 -0.535537 -2.89112 -0.117664 0.413743 -1.47321 -0.11329 -2.5568 0.485652 1.34824 -1.79508 -3.13659 -1.23863 -1.20608 0.375956 -0.0498787 -0.512586 -1.5892 3.73532 26.6978 -9.86238 2.84984
 -2.39118e-05 2.63248 -0.192077 -1.53859e-05 2.29535 -0.601961 0.0161461 0.0171079 -0.12985 -12.7649 5.57059 -58.8059 5.73359e-06 -0.0627246 -0.000361475 3.26231e-06 -0.0513883 0.000123889 5.4888e-07 -0.0559226 0.00618246 6.95655e-07 -0.0948981 0.00496905 0.663066 1.66494 -0.282802 0.23612 1.49055 -0.904382 0.374221 0.436039 -1.0963 0.503525 1.06054 -1.17761 -0.0310343 -0.0366594 -0.000359759 0.372491 -0.161809 -0.00310424 0.0640045 -0.144045 0.0106228 -0.0141172 0.026989 -0.0137612 -0.2153 0.225811 0.242749 -0.231242 0.0324605 -0.493539 0.0117452 0.0139415 -0.125151 0.0938765 0.301069 -0.280289 0.00846383 -0.00176388 0.180636 0.0649764 0.0139853 -0.318565 -0.00297046 0.000601083 -0.00188225 -3.50215e-06 0.0679944 -0.00613782 0.0102427 0.00321062 -0.0269211 0.18132 0.0583352 -0.699627 0.00337353 -0.00694839 0.0264751 0.0736646 0.150415 -0.00445231 0.0308906 -0.0027899 0.0466673 0.00378476 0.000940661 -0.00475861 0.00568314 -0.306037 -0.373983 0.0293042 1.64158 1.54199 -1.46392 -0.0308493 -0.754939 1.87899 0.630751 -0.537756 0.681044 0.0331518 -0.782405 -0.386825 0.263759 0.956515 -0.504804 0.00792977 -0.0204305 0.00670508 -0.0945245 -0.114431 -0.103845 0.180085 -0.275062 -0.090425 0.228375 -0.168491 0.00762593 -0.0190021 -0.108618 0.0144259 0.126541 0.0106011 -0.281695 0.674483 -0.685061 0.18547 -0.0272303 -0.0952051 0.0786337 -0.486426 0.0468905 -0.198773 -0.0981068 -0.0567579 -0.133263 0.0552484 -0.103385 -0.139609 -0.102229 0.0234275 0.0150823 -0.181812 0.0327937 -0.0473859 -0.202177 0.00504208 0.0632648 -0.0344149 -0.0788461 -0.0727948 -0.115612 -0.0653108 -0.0833294 0.0048987 -0.00442352 -0.114772 -0.524554 -0.23427 4.48006 1.13151 0.900576
 0.000301359 -33.2265 2.42434 0.000194847 -28.9525 7.59288 -0.18823 -0.196743 1.48119 155.098 -58.8059 744.537 -7.63178e-05 0.833249 0.00454094 -4.38329e-05 0.698777 -0.00214057 -7.09012e-06 0.771734 -0.0860251 -9.05108e-06 1.24959 -0.0656616 -8.39707 -20.946 3.55859 -2.96487 -18.7378 11.3691 -4.78406 -5.46911 13.7552 -6.40518 -13.3027 14.7757 0.411443 0.520637 0.00257128 -4.71795 2.08782 0.0390783 -0.794634 1.92969 -0.145534 0.223871 -0.291755 0.149514 2.71776 -2.88611 -2.967 2.85616 -0.375176 6.2254 -0.182359 -0.130253 1.56178 -1.23544 -3.78032 3.54025 -0.10915 0.0219084 -2.20073 -0.871749 -0.179784 4.10806 0.0321878 -0.00663275 0.0251393 4.18749e-05 -0.795069 0.0733892 -0.10182 -0.0356277 0.292176 -2.33098 -0.74691 8.95754 -0.050272 0.0824974 -0.314879 -0.917699 -1.7123 0.0504439 -0.383878 0.0346178 -0.539742 -0.0474343 -0.0115874 0.0594366 -0.0721623 3.88518 4.70316 -0.392878 -20.6065 -19.361 18.5122 0.389021 9.58442 -24.155 -7.98651 6.96095 -8.59245 -0.391278 9.84663 4.78546 -3.43337 -12.2106 6.58807 -0.115291 0.214786 -0.103536 1.19511 1.45378 1.30896 -2.3042 3.5321 1.12635 -2.91307 2.16681 -0.11491 0.234549 1.38677 -0.185638 -1.58037 -0.149124 3.61534 -8.61551 8.77037 -2.45376 0.379552 1.20661 -1.0014 6.16775 -0.589981 2.53953 1.25792 0.698428 1.67433 -0.689765 1.30089 1.76992 1.30156 -0.309265 -0.181376 2.32102 -0.409489 0.584099 2.55434 -0.0620624 -0.753371 0.421461 0.964774 0.940428 1.49632 0.837434 1.06215 -0.067711 0.0561625 1.444 6.58214 2.866 -56.527 -13.8847 -11.3041
 8.98495e-10 -0.000143474 1.15299e-05 -1.13792e-10 4.28725e-05 -1.03219e-05 1.09364e-05 1.3575e-05 -0.00011442 3.1847e-05 5.73359e-06 -7.63178e-05 1000 5.39185e-05 -6.67328e-06 -2.99399e-09 5.06867e-05 -1.01242e-07 -3.98826e-10 5.19698e-05 -5.92687e-06 -1.14135e-09 5.78892e-05 -2.8578e-06 -0.000194143 -0.000597611 0.000102464 -6.75859e-06 -0.000239906 0.000146189 -0.0001609 0.000100847 -0.000241856 -7.17339e-05 5.00761e-05 -5.02446e-05 9.29085e-05 1.4851e-05 -1.51722e-07 -0.000228403 8.71576e-05 3.06305e-06 4.41461e-05 8.95874e-05 -8.65489e-06 3.21015e-05 4.70062e-05 -2.191e-05 5.82056e-05 2.73857e-05 -0.000132476 9.03521e-05 -1.54981e-05 8.18746e-05 5.63682e-05 -8.04253e-05 5.42186e-05 -7.34589e-06 -5.72331e-05 4.91672e-05 -1.48323e-05 8.85266e-07 -2.17061e-05 7.47768e-06 2.26007e-06 -5.23837e-05 3.61666e-07 -6.85492e-08 -3.86184e-07 -2.94649e-09 8.44995e-05 -4.50207e-06 2.04945e-05 3.28283e-06 -3.30581e-05 1.67584e-05 7.01131e-06 -8.94386e-05 5.68765e-06 5.76438e-06 -2.23755e-05 -4.90931e-05 0.000244491 -8.33421e-06 -1.47058e-05 9.45447e-07 6.48105e-07 -7.17943e-07 1.51919e-07 5.7071e-07 -4.35349e-05 -0.000120831 -8.00861e-06 9.76312e-05 5.33347e-05 6.27378e-06 -3.12648e-05 6.15319e-05 -0.000125055 -4.54984e-05 -6.12983e-06 0.000298684 0.000136047 -0.000213108 -7.06041e-05 0.000133392 0.000154828 9.82138e-05 4.60907e-05 7.67169e-06 -0.000112265 -3.57824e-06 8.3563e-05 1.82781e-05 -3.50902e-05 -2.38422e-05 -7.5331e-05 5.2422e-05 2.95025e-05 2.25986e-05 2.84074e-05 4.50096e-06 -2.28541e-05 3.31785e-06 -1.10359e-05 -2.84881e-05 -3.92676e-05 -4.19961e-05 -3.53331e-05 -4.33038e-05 -1.89986e-05 2.78253e-06 1.41691e-05 3.02636e-05 1.08542e-05 2.13755e-05 1.19548e-05 -3.9172e-06 -4.57774e-05 -6.69538e-05 -2.72401e-05 1.03694e-05 1.95152e-05 -2.67152e-05 -4.36885e-05 -7.30059e-06 -2.52786e-05 4.36878e-06 -2.87301e-05 -2.49297e-05 1.1837e-05 3.89286e-05 2.23379e-05 -3.41735e-05 -1.55541e-05 -1.76867e-05 -1.20537e-05 1.73827e-06 3.70254e-06 2.93738e-05 0.000117607 7.68336e-05 -0.00133132 0.00012412 -0.000199112
 -1.024e-05 1.37934 -0.111756 9.293e-07 -0.450304 0.108383 -0.104203 -0.126608 1.06947 -0.388173 -0.0627246 0.833249 5.39185e-05 999.436 -0.416577 2.72053e-05 -0.506136 0.00111262 1.25728e-06 -0.474659 0.0537728 7.42606e-06 -0.531657 0.0257153 2.6519 6.35637 -1.09939 0.0574809 2.44605 -1.49129 1.85761 -1.03557 2.47318 1.23781 -0.223262 0.172934 -1.23348 -0.151647 0.00206867 2.1221 -0.902658 -0.0311645 -0.256103 -1.2347 0.114883 -0.345646 -0.502604 0.234715 -0.626726 0.0627093 1.3739 -1.02508 -0.00517153 -0.724374 -0.266153 0.400761 -0.670954 0.39273 0.653128 -0.672761 0.12491 -0.00668252 0.117085 -0.00414155 -0.0179852 0.405734 -0.00962408 0.0017988 0.00573346 2.7045e-05 -0.809126 0.0422455 -0.189658 -0.0293425 0.296521 -0.195113 -0.0770443 0.981283 -0.0462502 -0.0445691 0.175162 0.74316 -3.66471 0.126049 0.164802 -0.0107315 -0.0233158 0.00818457 -0.00125628 -0.00698463 0.764857 1.43231 0.143805 -0.966998 -0.299105 0.197603 0.464323 -0.43779 1.20939 0.370322 0.0615889 -2.65809 -1.67202 1.85758 1.39296 -1.25627 -1.65468 -1.08866 -0.112616 0.0383995 1.00929 0.058818 -0.868445 -0.409895 0.73588 0.398982 0.936849 -0.478622 -0.3006 -0.12879 -0.174169 0.0116806 0.306707 0.0694168 0.214412 0.348562 0.438419 0.387771 0.338842 0.427487 0.153711 -0.105558 -0.264162 -0.415995 -0.1332 -0.264786 -0.253204 -0.114541 0.265642 0.433928 0.14602 -0.0770864 -0.10124 0.216546 0.333207 -0.05569 0.147474 -0.154311 0.189538 0.158585 -0.209771 -0.657786 -0.583563 0.106153 0.0265132 0.073901 0.0301094 0.0929058 -0.066477 -0.264845 -1.05512 -0.713525 12.1123 -1.31357 1.78375
 1.34582e-07 -0.0107725 0.000789757 9.22316e-08 -0.00841476 0.00220987 -0.000254341 -0.000320512 0.0026057 -0.00213353 -0.000361475 0.00454094 -6.67328e-06 -0.416577 0.81451 2.76612e-07 -0.00403518 5.07992e-05 3.6187e-08 -0.00293171 0.00035892 8.31756e-08 -0.00348223 0.00020082 -0.00702682 -0.0135719 0.00233272 -0.00168546 -0.0094493 0.00573531 -0.00285427 -0.0016569 0.00424086 -0.00388195 -0.00388568 0.00442157 -0.00206498 -0.00136676 6.7758e-05 -0.00956743 0.00095875 8.27655e-05 -0.00331636 -0.00154981 0.000230511 -0.00102707 -0.00219657 0.00105763 -0.000115193 -0.00119452 -0.00288475 0.00243353 -0.000185308 0.000349857 -0.000942888 0.00124079 -5.89161e-05 -0.00134483 -0.00179831 0.0019826 -8.94539e-05 3.46243e-06 0.000179496 0.000208704 -3.13464e-05 0.000573475 5.99618e-05 -1.08356e-05 -1.34014e-05 1.60383e-07 -0.00427443 0.000289608 -0.000671845 -0.000111677 0.00107743 -0.000293636 -0.000163415 0.00192151 -0.000197927 -0.000336983 0.00124254 -0.00116038 0.0109467 -0.000333761 -0.000364385 2.34064e-05 -0.000287584 -9.85198e-06 2.16023e-06 7.75675e-06 -0.00123821 0.000729571 -0.0003613 -0.0010026 -0.000217749 0.000333075 0.000433526 -8.64388e-05 -0.000750226 -0.00205352 2.23405e-06 0.00332048 0.00194719 -0.00203451 -0.00197267 0.000719651 0.001315 0.00100227 0.000271048 -0.000429118 -0.00115164 6.99909e-05 0.00134132 0.000665036 -0.00123198 -0.000969049 -0.00104472 0.000806301 0.000331094 -0.000100635 -4.6304e-05 -0.000243503 -0.000476438 -0.000240427 -0.000439054 -0.00041441 -0.000413654 -0.000462449 1.11132e-05 -0.00072571 -0.000114626 0.000234101 0.000440763 0.000667389 0.000183642 0.000440591 0.000328986 5.1592e-05 -0.000428572 -0.000363284 0.000265643 0.000322353 0.000176872 -0.000193471 -0.000263432 0.000266395 -2.63372e-05 0.000371154 9.48747e-05 1.6533e-05 0.000275014 0.000870454 0.000874542 7.78397e-05 0.000123499 2.55647e-05 9.20806e-05 -0.000263247 0.000107697 0.00034445 0.00137977 0.000754302 -0.0156376 0.00140152 -0.00234792
 5.01225e-10 -0.000130611 1.01221e-05 3.47347e-10 -3.87745e-05 1.0755e-05 9.27724e-06 1.19717e-05 -0.000100199 8.91677e-06 3.26231e-06 -4.38329e-05 -2.99399e-09 2.72053e-05 2.76612e-07 1000 3.79337e-05 -6.64504e-06 -1.02233e-09 4.58756e-05 -5.29423e-06 -1.65406e-09 4.7592e-05 -2.42883e-06 -1.64861e-05 -8.65199e-05 1.47624e-05 -1.08694e-05 -0.000172468 0.000104923 -9.80865e-05 5.88863e-05 -0.00014145 9.28261e-06 -1.68031e-05 1.77753e-05 -1.34102e-05 1.17929e-05 -1.58213e-07 -9.33099e-05 2.71874e-05 1.06839e-06 -1.37974e-05 2.13674e-05 -1.21688e-06 1.57954e-05 2.68273e-05 -1.22385e-05 4.01761e-05 1.15066e-06 -0.000115449 8.43813e-05 -2.92335e-05 9.41848e-05 4.4743e-05 -6.57977e-05 1.89371e-05 1.15638e-05 -6.0121e-05 4.52398e-05 -2.10533e-06 2.85129e-07 -1.95082e-05 9.36676e-06 8.60778e-07 -2.33115e-05 -2.56598e-06 4.48879e-07 4.4688e-07 -2.49094e-09 6.38687e-05 -3.55129e-06 1.67375e-05 3.02754e-06 -3.02016e-05 2.63652e-06 2.62273e-06 -3.53213e-05 4.57464e-06 9.10418e-06 -3.46578e-05 4.90069e-05 -0.000278341 9.27535e-06 5.15249e-06 -2.51056e-07 3.33233e-06 -7.85382e-07 1.58316e-07 6.3222e-07 -3.61846e-05 -0.000106096 -1.6581e-06 0.000114979 0.000160137 0.000113585 2.33577e-05 1.41306e-05 -0.000171193 -0.000116482 -1.45084e-05 0.000472651 -0.000104294 -2.61849e-05 -0.000119029 7.5604e-05 0.000223066 -2.46658e-05 7.19379e-05 -2.70113e-05 -5.58966e-05 -2.41793e-05 -5.33734e-06 1.81313e-05 -8.16427e-06 4.71288e-05 -2.4996e-05 1.50314e-05 -4.49869e-05 -8.20831e-06 7.92205e-06 3.63599e-06 -7.86834e-06 -6.40428e-06 -3.09038e-05 -2.0942e-05 -2.91031e-05 -4.35125e-05 -4.45195e-05 -1.7146e-05 -3.09884e-05 -6.64462e-06 -8.14731e-07 9.29366e-06 4.8529e-06 -1.87313e-05 -1.44709e-05 -1.90885e-05 -2.34991e-05 -4.42848e-05 -4.22244e-05 -1.26661e-05 4.63306e-06 -1.46541e-05 -1.00968e-05 -3.49311e-06 -1.85202e-05 6.0839e-05 -2.93347e-06 -2.52175e-05 8.81035e-06 -2.39214e-06 -1.5032e-06 -1.56906e-05 -5.02235e-06 -9.69917e-06 -7.88873e-06 1.22363e-05 2.86857e-06 2.57201e-05 0.000111287 6.09611e-05 -0.0010774 -7.7088e-05 -0.000187448
 -1.12757e-05 1.85248 -0.145839 -5.65366e-06 0.431857 -0.123614 -0.131052 -0.160867 1.35414 -0.188607 -0.0513883 0.698777 5.06867e-05 -0.506136 -0.00403518 3.79337e-05 999.279 -11.2298 7.44661e-06 -0.614367 0.0707542 1.43719e-05 -0.639621 0.0323438 2.07731 2.98832 -0.532397 0.0933589 2.55917 -1.55954 2.30588 -0.953266 2.24876 1.62796 0.44108 -0.567332 -0.649505 -0.183213 0.00337483 1.0096 -0.505189 -0.0183887 0.497693 -1.16414 0.0931079 -0.314305 -0.496381 0.229607 -0.523639 0.800284 1.29591 -1.15325 0.0447922 -0.963024 -0.0698036 0.154582 -0.626886 0.640141 1.08545 -1.12144 -0.0520796 0.00301801 -0.00980489 0.111429 -0.00679169 0.136217 0.0177534 -0.00297962 -0.00114797 3.28008e-05 -0.89549 0.0487125 -0.238584 -0.040466 0.40497 -0.111249 -0.0584131 0.768237 -0.0802343 -0.110717 0.423988 -0.0108047 0.342563 -0.00489766 0.00867393 -0.00201593 -0.087129 0.0144983 -0.00141683 -0.0131849 1.08655 2.20315 0.324153 -1.35774 -1.49916 -0.829251 -0.00337536 0.346212 2.04872 1.20642 0.116987 -5.92185 -0.304851 1.9362 2.84885 -0.335148 -3.94701 -1.81175 1.64741 -0.0459761 0.890142 0.368877 0.00984705 -0.282002 -0.0293979 0.459917 0.357268 -0.0608491 0.352512 0.441279 0.0661381 0.105389 0.206152 0.240995 0.613409 0.442893 0.472922 0.453227 0.598464 0.317669 0.397037 0.121623 -0.261703 -0.66818 -0.178367 -0.0234169 -0.0159805 0.00611454 0.101064 0.247676 0.285298 0.156804 0.0376871 -0.259783 0.0243856 0.0926609 0.132691 -0.887676 -0.547623 0.143091 -0.381704 -0.688105 -0.747731 -0.38505 -0.229059 -0.10418 -0.0990539 0.0797471 -0.0937924 -0.333349 -1.42646 -0.795605 14.092 0.776677 2.4167
 2.76568e-07 -0.0317899 0.00243853 1.74093e-07 -0.0151292 0.00408288 0.00109358 0.00136111 -0.0115652 -6.89501e-05 0.000123889 -0.00214057 -1.01242e-07 0.00111262 5.07992e-05 -6.64504e-06 -11.2298 0.954663 -5.62156e-08 0.0037016 -0.000404783 -9.98338e-08 0.00382233 -0.000171037 -0.0282782 -0.0417823 0.00739734 -0.00316288 -0.0369291 0.0224839 -0.0279566 0.00841962 -0.0194957 -0.0216543 -0.00939402 0.011367 0.00554087 0.000971006 1.37116e-05 -0.0176068 0.00577118 0.000259705 -0.0094069 0.0103329 -0.000691743 0.00198752 0.00291491 -0.00129241 0.0059144 -0.0106252 -0.016896 0.0150892 -0.000777703 0.0114309 -0.000122568 -0.000559908 0.0065372 -0.00841145 -0.0140992 0.0146327 0.000651412 -3.80105e-05 0.000233638 -0.00088243 2.38735e-05 -0.000559767 -0.000108073 1.67944e-05 1.91462e-05 -1.8109e-07 0.0055001 -0.000243213 0.00178243 0.000310339 -0.0031508 0.000881114 0.000416216 -0.005773 0.000457435 0.000682134 -0.00268072 -0.000220019 -2.00641e-05 -6.08437e-05 -0.000322931 3.92858e-05 0.000354187 -0.000176936 1.69183e-05 0.000161282 -0.0132876 -0.0247683 -0.00530254 0.0145888 0.0183271 0.0107241 0.000455582 -0.00473541 -0.0234913 -0.0170148 -0.00153667 0.0711198 0.0037667 -0.0233272 -0.03422 0.00351202 0.0469291 0.0216365 -0.0197325 0.000362108 -0.0107244 -0.00434448 0.0001836 0.00355096 0.000127045 -0.0059515 -0.00426821 0.000859934 -0.00422776 -0.00538739 -0.000848697 -0.00137434 -0.00254796 -0.00302404 -0.00750168 -0.00526642 -0.00557463 -0.00548884 -0.00672265 -0.00401587 -0.00465614 -0.00132158 0.00326527 0.00826612 0.00222688 0.000523598 0.000285026 -0.000101049 -0.00133644 -0.00287229 -0.00296243 -0.00157076 -0.000322564 0.00314647 -0.000214331 -0.000898829 -0.00146933 0.0107402 0.00681104 -0.00154112 0.00460413 0.00842035 0.00916877 0.00475719 0.00289029 0.00135921 0.00132319 -0.00108374 0.00114984 0.00406429 0.0174059 0.00954966 -0.171645 -0.00988112 -0.0294997
 -2.78086e-10 -3.59233e-05 2.63451e-06 -1.35549e-10 5.20128e-07 -1.2278e-07 2.18942e-06 3.83474e-06 -3.15589e-05 -5.02953e-06 5.4888e-07 -7.09012e-06 -3.98826e-10 1.25728e-06 3.6187e-08 -1.02233e-09 7.44661e-06 -5.62156e-08 1000 1.7674e-05 -3.76934e-06 -1.08728e-09 1.9632e-05 -1.12232e-06 9.34108e-05 -5.02029e-05 6.72267e-06 1.79904e-07 1.79855e-05 -1.10181e-05 3.29666e-05 1.79487e-05 -4.6391e-05 0.000116971 -8.38281e-05 8.47738e-05 -4.97196e-05 4.18906e-06 7.73512e-08 -1.65926e-05 -5.12294e-06 -8.43047e-08 2.64633e-05 -4.68546e-05 4.20483e-06 -2.27428e-07 1.62929e-06 -6.52096e-07 1.38195e-05 3.42607e-05 -4.04733e-05 2.09594e-05 -3.79318e-05 2.61985e-05 7.62196e-05 -0.000103364 -1.22539e-05 5.04133e-05 2.40152e-06 -2.01345e-05 -3.83455e-06 4.14278e-07 -2.55224e-05 1.54873e-05 9.60433e-08 -7.76606e-06 -1.83303e-06 3.23971e-07 3.98392e-07 -9.15018e-10 1.80887e-05 -1.17835e-06 5.02685e-06 1.11023e-06 -1.11086e-05 -3.81928e-07 4.63268e-07 -5.27528e-06 3.30475e-06 5.11613e-06 -1.90639e-05 5.83543e-05 -0.000334461 1.10511e-05 3.88442e-06 -2.49627e-07 -3.01206e-06 -4.8566e-07 7.79751e-09 4.8166e-07 2.54667e-05 -1.75962e-06 -1.9411e-05 -4.3274e-05 4.83573e-05 8.24882e-05 0.000126162 0.000248743 -0.000116639 -0.000142304 -4.72028e-05 -2.58104e-05 -5.04177e-05 8.43479e-05 2.49771e-05 -6.78386e-06 4.87515e-05 7.70055e-06 4.86255e-06 -9.45766e-06 2.83601e-05 -1.15976e-05 -9.60733e-06 -1.4317e-05 -5.25706e-06 9.71453e-06 1.68446e-05 4.66951e-06 7.41018e-07 1.40369e-05 1.52781e-05 1.30876e-05 -2.93549e-06 -6.22812e-06 -2.23582e-06 -3.85513e-07 -8.51946e-07 -9.55727e-06 2.95552e-06 -5.94488e-07 4.31561e-06 -3.7735e-06 -1.11553e-05 -6.82424e-06 -8.99121e-06 -1.87546e-05 -1.90122e-05 -3.35537e-06 -1.64215e-05 -5.27296e-05 -3.67492e-05 2.76271e-05 1.6425e-05 -4.21507e-06 3.43486e-06 8.62972e-06 -1.56518e-05 1.24438e-05 -1.00768e-05 -1.39587e-05 -2.70778e-05 -3.73167e-05 -3.29921e-05 -1.31124e-05 -6.79449e-06 -7.20697e-06 -7.94848e-06 1.82005e-05 -2.47992e-06 8.20987e-06 3.33083e-05 1.47825e-05 -0.00036474 2.18044e-05 -5.65157e-05
 -3.46129e-05 2.36782 -0.18462 2.57052e-06 -0.203297 0.0445373 -0.21612 -0.230019 1.93331 -0.0387396 -0.0559226 0.771734 5.19698e-05 -0.474659 -0.00293171 4.58756e-05 -0.614367 0.0037016 1.7674e-05 983.028 -118.734 3.23357e-05 -1.29959 0.0715968 -1.49277 4.01172 -0.646418 -0.159272 0.379165 -0.233917 1.31139 -1.49143 3.63848 -0.304764 2.9425 -3.18152 0.37425 -0.203018 0.000751439 -1.47203 0.372311 0.00638206 -1.36967 0.478056 -0.0324625 -0.282303 -0.434878 0.200952 -0.110052 -1.01594 0.935106 -0.431531 1.01299 -2.25716 -1.82851 2.58605 -0.00203423 -1.39899 0.539701 0.0604302 -0.0593426 -0.00118201 0.585325 -1.15437 0.020883 0.03421 0.0220237 -0.00389519 -0.00756462 4.31585e-05 -1.16992 0.0706802 -0.458399 -0.0836173 0.832441 -0.163649 -0.0754062 0.932078 -0.154083 -0.145698 0.55081 -1.48502 3.91982 -0.107194 -0.121595 0.00686125 -0.0152475 0.0309971 -0.00631441 -0.0248892 -0.279581 1.46715 1.9358 2.32729 -3.63046 -4.40908 -25.0167 12.2449 -0.605497 1.83065 0.478967 1.36776 -4.55634 2.08649 1.6655 -0.432736 0.594053 -1.08948 -0.707633 0.431535 1.37207 0.351661 0.385838 0.796585 0.871563 0.254067 -0.032441 -0.271311 0.899969 -0.0408428 -0.138138 0.149871 0.740434 1.58788 -0.264565 0.0575277 0.538885 0.542098 0.68604 -0.453315 0.365006 0.194413 0.476365 -0.246226 0.358402 0.631779 0.926231 0.670958 0.52166 1.19577 0.614622 -0.388381 -0.206214 -0.619751 -0.0417012 0.232623 0.330078 0.975252 -0.203883 0.649212 0.759894 -0.0741632 -0.00938185 -0.69963 -0.235345 -0.00698342 0.103387 -0.631818 0.0454856 -0.52022 -2.14591 -1.10267 22.2298 0.656027 3.73291
 4.33012e-06 -0.299835 0.0233092 -2.49796e-07 0.0152345 -0.00293502 0.0255356 0.0271566 -0.228397 0.00251389 0.00618246 -0.0860251 -5.92687e-06 0.0537728 0.00035892 -5.29423e-06 0.0707542 -0.000404783 -3.76934e-06 -118.734 15.3303 -3.94118e-06 0.155676 -0.00857254 0.179012 -0.493012 0.0794856 0.0181847 -0.0515737 0.0317582 -0.158737 0.17789 -0.433886 0.0352326 -0.362364 0.391914 -0.045269 0.0225633 -2.11381e-05 0.176444 -0.0453722 -0.000754403 0.164677 -0.0610054 0.00427256 0.0324627 0.0501389 -0.0231068 0.0136442 0.123255 -0.11413 0.0528512 -0.122672 0.275135 0.222029 -0.314075 0.000637089 0.169587 -0.0663103 -0.00659812 0.00722523 0.000143204 -0.0712833 0.141345 -0.00261731 -0.00282439 -0.00258469 0.000457222 0.000852498 -5.08286e-06 0.138586 -0.0083536 0.0543821 0.00991331 -0.0987501 0.0193837 0.00899057 -0.111185 0.0176333 0.0170184 -0.0643583 0.182456 -0.472459 0.012904 0.0146733 -0.00082685 0.00174697 -0.00377292 0.000769936 0.0030281 0.0336189 -0.175216 -0.236176 -0.287656 0.438076 0.546238 3.05052 -1.49737 0.0761672 -0.223245 -0.0609027 -0.165798 0.554725 -0.254412 -0.202795 0.0522937 -0.0729494 0.132227 0.086323 -0.052723 -0.167229 -0.0428151 -0.0467907 -0.096839 -0.106259 -0.0312318 0.00381738 0.0330445 -0.109692 0.00481372 0.0167399 -0.0184051 -0.0902213 -0.193353 0.0319616 -0.00696468 -0.0655643 -0.0661551 -0.0831433 0.0548394 -0.0444713 -0.0236408 -0.0579636 0.0301219 -0.0436025 -0.076697 -0.112655 -0.0817403 -0.0636647 -0.145407 -0.0744009 0.0473272 0.0250073 0.0752491 0.00498329 -0.0282583 -0.0401674 -0.118587 0.0249348 -0.0789719 -0.0924834 0.0091122 0.00125528 0.085078 0.028619 0.000821328 -0.0125764 0.076746 -0.00550478 0.0633882 0.261533 0.134321 -2.70821 -0.08098 -0.454928
 -1.12261e-10 -5.99288e-05 4.42684e-06 -1.36395e-10 2.62068e-06 -6.57822e-07 4.75189e-06 7.22151e-06 -6.00472e-05 -9.32773e-06 6.95655e-07 -9.05108e-06 -1.14135e-09 7.42606e-06 8.31756e-08 -1.65406e-09 1.43719e-05 -9.98338e-08 -1.08728e-09 3.23357e-05 -3.94118e-06 1000 3.57389e-05 -4.3471e-06 0.000164337 -0.000239409 3.67827e-05 5.63003e-07 2.4784e-06 -1.69872e-06 8.88819e-05 4.08214e-05 -0.000105049 0.000210001 -2.08689e-05 1.14817e-05 -6.59155e-05 6.08328e-06 1.71538e-07 -3.18198e-05 -4.07813e-06 -6.3929e-09 8.85304e-05 -8.28338e-05 6.25507e-06 1.31481e-06 4.65685e-06 -1.97263e-06 2.43364e-06 8.83733e-05 -1.37066e-05 -1.2414e-05 -6.66998e-05 5.89177e-05 0.00014482 -0.000197107 -2.19401e-05 0.000108911 5.12304e-06 -4.34998e-05 -4.61113e-06 7.12387e-07 -5.70178e-05 2.20933e-05 1.32678e-06 -3.52447e-05 -2.22169e-06 4.02498e-07 5.87284e-07 -1.50483e-09 3.3345e-05 -2.24688e-06 9.38671e-06 1.93077e-06 -1.90687e-05 -2.96077e-06 4.0721e-07 -4.35809e-06 5.34836e-06 7.19437e-06 -2.69357e-05 6.95352e-05 -0.000334236 1.1385e-05 2.53692e-06 -2.0814e-07 3.24513e-07 -6.29527e-07 1.15618e-08 6.22547e-07 5.11063e-05 2.13933e-05 1.61622e-05 4.44153e-05 0.000109613 0.000100304 6.36109e-05 7.77489e-05 -6.59151e-05 -0.000145535 -4.35149e-05 5.21425e-05 1.36043e-05 1.49027e-06 6.86049e-05 -8.8438e-06 8.00194e-05 1.8331e-05 0.000118441 -2.49614e-05 1.15305e-05 1.69536e-05 1.14692e-05 1.50455e-06 2.05023e-05 8.28622e-05 2.23133e-05 1.44599e-06 -3.11703e-05 3.27357e-05 1.36254e-05 1.6597e-05 9.77664e-06 1.88682e-05 1.46321e-05 1.4056e-05 5.64091e-06 -2.1067e-05 1.26173e-05 -1.86823e-05 -1.37645e-05 -2.88633e-05 -4.40489e-05 -1.93204e-05 -7.58162e-06 -1.71756e-05 -1.09878e-05 -1.3296e-05 -4.48514e-05 -0.000118834 -6.75389e-05 3.08204e-05 6.64462e-06 -1.91945e-05 -1.5088e-05 -1.00968e-05 -2.98721e-05 -1.44812e-05 -7.02677e-06 -4.15204e-05 -6.09124e-05 -6.7086e-05 -7.22698e-05 -3.18866e-05 -2.31379e-05 -2.19771e-05 -2.14145e-05 3.83747e-05 -4.71955e-06 1.59756e-05 6.75424e-05 3.06341e-05 -0.000668217 -4.92787e-05 -0.000116661
 -1.04365e-05 2.05044 -0.158368 3.379e-06 -0.334354 0.0805084 -0.180515 -0.236463 1.97745 -0.24808 -0.0948981 1.24959 5.78892e-05 -0.531657 -0.00348223 4.7592e-05 -0.639621 0.00382233 1.9632e-05 -1.29959 0.155676 3.57389e-05 995.65 -55.9798 -1.35554 9.17843 -1.49756 0.00384403 1.45419 -0.884036 -1.01831 -1.70103 4.26309 -2.53009 1.66554 -1.67761 0.41809 -0.241717 -0.000956056 -0.21724 0.0255227 -0.00301231 -2.65002 1.04321 -0.0575724 -0.265127 -0.435064 0.199831 -0.282769 -1.47451 0.773788 -0.194378 1.35903 -2.83075 -2.74814 3.84946 0.122796 -2.2781 0.138024 0.711743 0.0393288 -0.0106933 1.15614 -0.546457 -0.0353136 0.949738 0.0280251 -0.00498872 -0.00841331 4.46983e-05 -1.13268 0.0705006 -0.351952 -0.0658365 0.652878 -0.0979617 -0.0673608 0.825107 -0.156071 -0.168874 0.639114 -0.871556 2.37324 -0.0721819 -0.0585715 0.00418872 -0.0621868 0.0265733 -0.00342872 -0.0233306 -0.681543 0.859184 0.0952683 -1.2653 -2.68879 -2.12205 -4.87925 2.12199 0.700558 2.70808 0.805397 -1.20436 -4.26 1.76677 3.01352 -0.90503 -3.00015 -5.1546 1.54085 0.32699 -0.568056 -0.481639 -0.314446 0.187506 -0.440472 -1.29085 -0.662734 0.498029 0.97772 -0.386741 -0.512133 -0.355749 -0.156139 -0.185869 0.0729721 -0.00846365 0.157328 0.535886 0.0974405 0.356154 0.528448 0.737127 1.1041 0.54291 0.250761 0.288397 0.457875 0.423562 0.618302 1.9101 1.14913 -0.358649 -0.143229 0.179218 0.375067 0.443782 0.604973 0.468744 0.276791 0.83076 1.7991 0.932104 0.589627 -0.143374 0.185397 0.30658 0.346301 -0.85083 0.0662888 -0.510811 -2.15495 -1.06049 21.4033 1.51301 3.72519
