 1000 0.00267103 -0.000547038 -1.29864e-09 -0.000137789 0.000115039 -4.65565e-06 -8.56833e-07 1.48329e-05 -8.75851e-05 -5.02998e-06 0.000114938 4.75637e-10 -1.82875e-05 2.20608e-07 -2.51841e-10 -7.27038e-06 5.05756e-07 -1.00087e-09 -2.61363e-05 1.14376e-05 -6.22726e-10 2.74413e-06 -4.83692e-07 1.51263e-05 -0.000347557 8.58598e-05 -6.32262e-05 -0.000226425 0.000254427 -1.07114e-06 -3.89636e-06 1.48216e-05 9.73724e-05 -0.000107905 0.000171112 -6.69134e-05 -3.7692e-06 8.01869e-07 -0.000137396 1.90546e-05 1.20515e-06 -1.17581e-05 -7.60209e-05 1.02654e-05 -6.78478e-06 -1.41799e-05 1.92208e-05 8.42072e-05 -7.09185e-05 -0.000270233 0.000215465 -6.8337e-05 9.05309e-05 0.00011119 -0.000136224 -4.17023e-05 1.5164e-05 -5.09566e-05 4.58599e-05 -2.56779e-06 1.76995e-07 2.50681e-05 5.93753e-06 -1.87667e-07 1.1065e-06 -3.76182e-06 9.52217e-07 3.28674e-07 -8.44793e-11 -1.37262e-05 5.08022e-06 9.04207e-07 -1.33107e-09 -1.30692e-06 9.33509e-06 9.07824e-07 -2.11014e-05 3.91692e-06 2.98834e-06 -2.13879e-05 -1.29646e-05 -0.000318566 2.17166e-05 8.07655e-06 -8.58646e-07 -8.48729e-06 -1.48495e-06 -6.32986e-07 2.13496e-06 1.12859e-05 -2.19872e-05 -0.000113397 -0.000244602 -0.000126618 3.92626e-06 0.000106949 0.000494935 -0.000225981 -0.000203177 -0.000112838 6.66449e-05 -6.78595e-05 6.01888e-07 0.000101832 0.000135255 6.72394e-05 -7.4803e-05 -0.0001821 0.00025855 -0.000151144 3.2042e-05 -1.88445e-05 -9.90682e-06 1.46782e-05 4.64511e-05 1.83896e-05 -1.98437e-05 6.07463e-05 -4.62533e-05 1.48576e-05 -8.48665e-06 -1.1715e-05 1.0948e-05 6.93185e-06 -8.68877e-06 -1.97555e-05 0.000188024 -0.000140963 9.30679e-05 -8.94917e-06 1.19991e-05 2.50688e-05 4.70993e-07 2.7835e-05 -3.7687e-05 2.9258e-05 1.72323e-05 3.05008e-05 -2.51077e-05 -7.9063e-05 4.80632e-05 1.55616e-05 -2.04706e-06 4.43951e-06 -3.65039e-05 4.40289e-05 3.91885e-05 4.01147e-06 3.95577e-05 1.30795e-05 -5.38438e-05 -6.50639e-06 -3.14249e-05 5.99546e-07 1.46893e-06 3.87778e-06 1.74853e-06 -4.03003e-07 2.03156e-05 3.41619e-05 4.05462e-05 -0.000600124 -1.60533e-05 -6.23346e-05
 0.00267103 507.134 -102.707 0.000202237 26.3823 -22.025 1.0128 0.312451 -5.7657 15.8784 1.11709 -25.8126 -0.000131769 3.43658 -0.0265794 -6.95701e-05 2.78342 -0.143989 2.32253e-05 2.46656 -1.08171 1.42849e-05 1.37628 -0.32249 18.9611 36.2607 -9.29094 6.66595 23.3867 -26.3022 12.4047 2.69142 -11.9355 10.2735 14.7605 -25.1186 6.21251 1.0416 -0.123316 20.8912 -3.22239 -0.175929 10.6521 5.60623 -0.967067 1.98006 3.3015 -4.50953 0.877357 8.92528 13.0104 -12.2103 0.856386 -2.81237 2.42899 -2.56989 5.24727 4.07009 7.70538 -10.1793 0.279872 -0.0181397 -1.59373 2.10952 0.00133893 -1.90887 0.264955 -0.0654581 -0.0325964 -3.04225e-05 3.20951 -1.16883 0.946857 0.0443318 -1.20528 -1.3569 -0.085656 2.19725 0.0437549 -0.0998486 0.700069 -0.796898 -0.425003 0.0348769 1.33371 -0.12423 0.136848 0.114805 0.0242135 -0.140206 2.24088 -4.08067 5.55394 16.1411 11.0877 0.575177 -30.7698 19.8695 -9.42265 16.4063 10.1909 -0.429063 -1.23 -1.7255 -4.56126 3.68083 3.96354 1.91736 -8.47092 3.93291 -1.23066 0.659351 -1.40757 -0.782549 -0.293894 -0.303061 0.221827 1.97306 0.673094 -0.637232 0.492344 0.386434 0.354278 -0.732521 0.772599 0.128259 -0.805586 2.98556 -5.97716 2.90875 -0.47091 -0.337017 -0.868761 -3.74128 -1.18393 -2.33365 -1.59461 -1.79818 0.0512919 -0.396735 -1.30504 -1.73315 -1.73149 -0.564609 -0.443598 -2.25335 0.00912699 -1.6175 -3.67105 -0.690965 -0.13128 -2.25782 -0.83703 -1.2357 -1.16319 -0.942266 -0.994329 0.605245 -0.232167 -2.05566 -4.34675 -5.04059 75.7986 -20.9128 5.10888
 -0.000547038 -102.707 21.9254 -4.14206e-05 -5.398 4.50647 -0.210506 -0.0647925 1.19667 -3.24631 -0.228579 5.28185 2.76551e-05 -0.719177 0.00547947 1.44858e-05 -0.58047 0.0299725 -4.82237e-06 -0.516436 0.22642 -2.94468e-06 -0.291489 0.0682148 -3.8738 -7.41035 1.8987 -1.36586 -4.78003 5.37596 -2.53178 -0.552916 2.45075 -2.09956 -3.01775 5.13538 -1.27667 -0.222538 0.0256588 -4.26904 0.648536 0.0360201 -2.18211 -1.16054 0.199596 -0.409666 -0.680997 0.930222 -0.182065 -1.82238 -2.65594 2.4928 -0.17706 0.572771 -0.497109 0.526185 -1.07344 -0.831932 -1.57456 2.08026 -0.0576728 0.0037455 0.326777 -0.430621 -0.000353837 0.392615 -0.0539753 0.0133337 0.0067426 6.35948e-06 -0.673399 0.245049 -0.198236 -0.00926284 0.252238 0.275351 0.0171371 -0.440853 -0.00990668 0.0200484 -0.14054 0.166643 0.0872725 -0.00717064 -0.273506 0.0254732 -0.0293041 -0.0234475 -0.0049403 0.0286303 -0.45777 0.833044 -1.13278 -3.29506 -2.26637 -0.113937 6.28452 -4.06184 1.92528 -3.34879 -2.07936 0.0875757 0.251486 0.352156 0.930816 -0.752671 -0.810045 -0.391228 1.73118 -0.80471 0.251841 -0.134974 0.28772 0.160034 0.0598425 0.0616972 -0.0457008 -0.402809 -0.137793 0.130149 -0.100553 -0.0789637 -0.0720486 0.149163 -0.157697 -0.0261899 0.16469 -0.611138 1.22167 -0.59464 0.096088 0.0687338 0.177515 0.764113 0.241788 0.476371 0.325147 0.366864 -0.0108261 0.0807564 0.267163 0.353995 0.353873 0.114993 0.0905917 0.460327 -0.00229034 0.330853 0.749282 0.140894 0.0268291 0.461532 0.170573 0.252367 0.237247 0.192503 0.20312 -0.123655 0.0474169 0.419689 0.888701 1.02859 -15.5057 4.31559 -1.04059
 -1.29864e-09 0.000202237 -4.14206e-05 1000 -0.00121177 0.00101436 -8.60284e-07 4.74531e-08 3.30494e-06 8.09168e-05 6.09126e-06 -0.000138332 4.63153e-10 -7.11487e-06 -1.85828e-09 2.89811e-11 -1.02569e-06 3.45203e-08 5.16897e-11 -9.01201e-06 3.85269e-06 1.74263e-10 -1.16104e-05 2.55312e-06 8.19333e-05 5.71481e-05 -1.52786e-05 4.66061e-06 1.19003e-05 -1.36065e-05 0.000167303 1.86037e-05 -9.01915e-05 0.000211825 -6.19372e-06 -4.97726e-06 1.82386e-05 -5.05373e-06 1.38104e-07 2.72714e-05 -6.65037e-06 1.83334e-07 8.53154e-05 -9.44121e-06 1.45811e-08 3.17064e-06 4.56095e-06 -6.34916e-06 6.82202e-06 2.79051e-05 -3.19068e-05 1.40629e-05 -2.7128e-05 -2.77135e-05 9.62471e-05 -0.00010838 2.9527e-05 -7.47062e-06 4.96405e-05 -4.76633e-05 -1.9564e-06 -6.45474e-09 3.04151e-05 -5.70439e-05 4.83973e-06 -0.000112857 -5.6383e-06 1.34881e-06 7.99269e-07 1.17657e-10 -1.78187e-05 6.09066e-06 -3.05365e-06 -1.12951e-07 3.53163e-06 -1.71882e-05 -1.76901e-06 4.05331e-05 1.44163e-06 -1.2113e-08 -2.08923e-07 -1.0586e-05 -0.000130087 8.62539e-06 2.56439e-05 -2.34407e-06 -1.75882e-06 -2.71096e-07 -1.70421e-07 4.44976e-07 -2.34773e-05 -4.7062e-05 -1.78378e-05 -2.17544e-05 -7.76448e-06 8.10772e-06 7.63622e-05 -3.11307e-05 -4.4943e-05 5.49106e-05 2.02675e-05 -3.16644e-05 3.84227e-06 4.89567e-05 -4.0462e-05 0.000112982 -3.79445e-05 -6.41922e-06 -1.53021e-05 4.24424e-06 5.73889e-06 2.70329e-06 8.94675e-06 -1.10693e-05 2.47137e-05 -2.71395e-05 -2.59338e-06 5.65239e-06 3.17596e-05 -4.21672e-05 -2.59749e-05 4.02981e-05 4.46701e-05 4.82613e-05 -7.71426e-05 -0.000211153 -8.06681e-05 0.000137896 -4.24715e-05 0.000139942 -7.62971e-06 2.97763e-06 2.73042e-05 2.01402e-05 1.20904e-05 -1.45072e-06 2.25203e-05 -9.59545e-06 6.05706e-05 -4.22745e-05 -0.00010888 -1.04436e-05 -6.48338e-05 6.61537e-05 6.72281e-05 4.36166e-06 -4.61425e-06 -5.22356e-06 -2.38711e-05 6.75261e-05 4.93349e-05 -0.000112489 5.16014e-05 -2.83322e-05 -3.62292e-06 -8.29311e-07 -1.90741e-06 -4.7822e-06 2.02008e-06 -1.82918e-05 -5.10976e-05 -6.85474e-05 0.00054624 -4.44542e-06 5.41169e-05
 -0.000137789 26.3823 -5.398 -0.00121177 408.987 -339.976 0.208621 0.068649 -1.05342 10.52 0.745842 -17.1844 6.79632e-05 -1.09597 -0.00819068 4.63716e-06 -0.0186207 -0.00909514 2.41787e-05 -1.86571 0.802139 3.58509e-05 -2.10778 0.469195 12.0457 21.5128 -5.52569 4.35817 14.2853 -16.0718 12.6172 1.01975 -5.12923 9.02993 9.18087 -15.8053 1.66504 -0.978112 0.00779328 10.7854 -3.34195 -0.0793283 6.54489 0.323708 -0.203208 0.167531 0.542562 -0.739219 -1.57311 3.03921 -1.10842 -0.126608 1.09968 -3.20016 1.18069 -1.09279 3.4001 2.41294 5.2479 -6.73931 0.013622 0.0034898 -1.53866 -1.52702 0.250405 -7.59328 -0.587685 0.147515 0.0836571 1.61588e-05 -1.95633 0.666319 -0.120688 -0.00266362 0.141063 -1.98568 -0.173381 4.12894 0.0596014 -0.0429253 0.307165 -2.14937 -2.55793 0.182024 1.66215 -0.153119 0.0985808 0.0558708 0.0120507 -0.0685006 1.22723 -1.22877 1.12529 2.44727 1.22264 2.00692 2.35888 -1.17986 -1.62339 7.20712 2.2957 -1.84256 -0.743331 0.715497 -1.78747 3.1757 -0.264832 -0.633975 -0.859254 1.31015 0.0414884 -0.547142 -0.954996 -1.64485 0.451587 0.539908 -0.172935 0.0822482 2.44163 -1.10249 -1.57174 -0.43664 -0.295781 2.70156 3.02254 -1.67261 -1.35021 3.77637 -7.65562 3.11664 0.299959 0.00517732 -0.528192 -1.14483 -0.687783 -0.317421 -0.351875 -1.54473 0.482484 0.459465 0.0693817 -0.810559 -1.36853 -0.136052 -0.115022 -0.495725 0.497777 -0.679864 -3.48835 -0.248179 1.4312 -2.13655 -0.144718 -0.975408 -0.738207 -0.513964 -0.517082 0.269851 -0.119423 -1.74823 -3.4336 -4.39832 59.3357 -10.2011 4.73941
 0.000115039 -22.025 4.50647 0.00101436 -339.976 285.141 -0.175437 -0.0576791 0.886659 -8.78232 -0.622739 14.3481 -5.65449e-05 0.910378 0.00684981 -3.80031e-06 0.012167 0.00775061 -2.02044e-05 1.5544 -0.668286 -2.99323e-05 1.75656 -0.391003 -10.0539 -17.9572 4.61239 -3.63978 -11.9243 13.4156 -10.5313 -0.852135 4.28522 -7.53784 -7.66348 13.1931 -1.39115 0.814029 -0.00639416 -9.00111 2.78712 0.0662199 -5.46373 -0.273596 0.170056 -0.14132 -0.454598 0.619398 1.31374 -2.5368 0.925384 0.105517 -0.918542 2.67097 -0.985745 0.912419 -2.83805 -2.01399 -4.38051 5.62534 -0.0116139 -0.00289245 1.28436 1.27532 -0.209076 6.33977 0.490707 -0.123172 -0.0699008 -1.3445e-05 1.62735 -0.554194 0.0990968 0.00215474 -0.115745 1.65666 0.144584 -3.44338 -0.0500593 0.0357266 -0.255658 1.79557 2.13437 -0.151892 -1.38783 0.127847 -0.0824974 -0.0466332 -0.0100565 0.057173 -1.02404 1.02566 -0.939016 -2.04229 -1.02042 -1.67493 -1.96923 0.985193 1.35526 -6.01647 -1.91601 1.53825 0.620309 -0.597485 1.49215 -2.65117 0.221204 0.529108 0.717403 -1.09339 -0.0348218 0.456604 0.797007 1.37292 -0.377001 -0.450335 0.1443 -0.0686877 -2.03803 0.920325 1.31214 0.364279 0.246821 -2.2552 -2.52221 1.39714 1.12739 -3.15276 6.39 -2.60194 -0.250346 -0.00434141 0.440778 0.955432 0.574047 0.264788 0.293448 1.28927 -0.402998 -0.383455 -0.0573836 0.67664 1.14269 0.113104 0.0956996 0.413714 -0.415551 0.567779 2.91139 0.206781 -1.19473 1.78381 0.120314 0.814175 0.616022 0.429014 0.431617 -0.225201 0.0996542 1.4592 2.8666 3.67105 -49.5387 8.53387 -3.95483
 -4.65565e-06 1.0128 -0.210506 -8.60284e-07 0.208621 -0.175437 999.83 -0.0913672 0.956014 0.338261 0.00533301 -0.0753536 1.47727e-05 -0.317736 8.63249e-05 8.98635e-06 -0.279937 0.0124157 -1.07702e-06 -0.351641 0.151571 2.15591e-06 -0.361116 0.0806046 0.11328 0.682567 -0.172846 0.0567098 0.823944 -0.927268 1.10387 -0.136816 0.479958 0.95593 0.182413 -0.367795 -0.0559528 -0.144556 0.00534723 -0.427641 8.78954e-05 0.0030902 -0.154801 -0.36298 0.0465689 -0.16072 -0.200226 0.272387 0.169263 -0.361224 -0.40971 0.406791 -0.0369882 -1.72828 0.640642 -0.583371 -0.324323 -0.388786 0.182921 0.0298498 -0.0534223 0.00443485 -0.0702039 0.0381654 -0.00522282 0.158739 0.00151851 -0.000342774 -0.00444672 4.29163e-06 -0.54491 0.189702 -0.190099 -0.00807837 0.2496 -0.0918612 -0.0188808 0.421972 0.00815112 -0.00376786 0.0240454 0.123967 -0.44664 0.0297231 -0.220536 0.0196802 0.0353544 0.00273584 1.58222e-05 -0.00277685 -0.303918 -0.217046 -0.21087 -0.388407 -0.215541 -0.0350283 0.549263 0.813543 -1.19037 0.264591 0.199934 0.244267 0.45072 -0.145564 -0.198437 0.10694 0.227101 -0.220947 -0.0369129 -0.0220548 -0.0192265 -0.0262984 -0.0540455 -0.0341123 -0.0798797 -0.144928 0.340866 -0.503731 0.125895 -0.0322019 0.00768766 -0.0555221 0.0554752 -0.0422384 -0.0421005 -0.0759119 -0.146784 0.106898 0.285814 -0.217286 0.0475045 0.0659631 0.121209 -0.614932 0.221959 -0.194352 0.0876751 0.188417 -0.380496 -0.0963644 -0.0364494 0.314712 -0.153159 0.174422 0.208046 -0.0317813 0.0694418 0.0191286 0.103777 0.0381943 0.372727 0.428842 0.05796 -0.110148 -0.0860856 0.0301598 0.0332311 -0.0887506 0.0263121 -0.37751 -0.597673 -1.00978 8.24298 4.67427 1.3879
 -8.56833e-07 0.312451 -0.0647925 4.74531e-08 0.068649 -0.0576791 -0.0913672 3.46754 -50.6202 0.0945877 0.00123233 -0.0153899 4.02217e-06 -0.0846549 8.6742e-06 2.6028e-06 -0.0757796 0.00336119 1.46416e-07 -0.0819914 0.0353323 8.66444e-07 -0.102899 0.0230393 -0.00421791 0.330426 -0.082414 0.0237825 0.247733 -0.278646 0.262126 -0.0469865 0.173464 0.18062 0.128651 -0.224826 -0.0056701 -0.0388688 0.00118616 -0.106647 -0.000269461 0.000584017 -0.0678528 -0.0798017 0.0103198 -0.0409744 -0.0543546 0.0739052 0.0503916 -0.116246 -0.165779 0.155385 0.0392789 -0.537915 0.0947576 -0.0609773 -0.0923847 -0.119642 0.0337769 0.0315 -0.0156107 0.00168386 -0.0947742 0.0671013 -0.0016072 -0.00302362 0.000611213 -0.000131576 -0.00147592 1.25762e-06 -0.14998 0.0522369 -0.0517282 -0.00218884 0.0676456 -0.0340407 -0.00620683 0.136253 -0.00269644 -0.00217986 0.0144906 0.0464103 0.0262625 -0.00152372 -0.0449878 0.00401085 0.01511 0.00122848 0.000452862 -0.00169503 -0.0851354 -0.087627 -0.0503298 -0.0635975 -0.0273614 -0.00260565 0.394784 -0.0603126 -0.347283 0.123814 0.0933968 0.262556 0.109812 -0.0426661 -0.214909 -0.0680208 0.119117 -0.0543661 0.00719341 -0.0137152 -0.0181774 -0.021096 -0.0323313 -0.0146402 -0.0305581 -0.095916 0.179915 -0.136934 0.0185221 -0.0286689 0.044402 -0.0266743 0.0235405 -0.0199206 0.00732704 -0.0117464 -0.0863455 0.0126833 0.021194 -0.0488031 0.0251271 0.0355643 0.0356915 -0.119585 0.0239759 -0.014835 0.00841842 -0.0328755 -0.101506 0.037633 0.0707847 0.0823321 -0.00970416 0.0331583 0.00914768 -0.0541602 -0.0592154 0.119213 -0.0248055 0.0961257 0.167752 0.0455432 -0.0569002 -0.0381392 -0.0248195 0.00576206 0.0114718 -0.0258657 0.00728498 -0.110129 -0.134655 -0.266084 2.41913 1.35768 0.405848
 1.48329e-05 -5.7657 1.19667 3.30494e-06 -1.05342 0.886659 0.956014 -50.6202 991.769 -1.72833 -0.0107174 -0.00748822 -8.19576e-05 1.73422 -0.000493198 -5.17502e-05 1.53974 -0.0685307 -1.32154e-06 1.66044 -0.715748 -1.69851e-05 2.06386 -0.462281 0.100794 -6.26071 1.56154 -0.392125 -4.67759 5.26117 -5.08697 0.967384 -3.59336 -3.49865 -2.3794 4.16866 0.121303 0.836352 -0.0267808 2.07661 0.0572146 -0.011858 1.35668 1.69778 -0.220034 0.861664 1.12118 -1.52619 -1.02921 2.25742 3.20817 -3.0083 -0.706134 10.3936 -1.84676 1.19629 1.80854 2.31986 -0.633917 -0.632931 0.308264 -0.0330757 1.80778 -1.28825 0.0315917 0.0315041 -0.0154509 0.00344224 0.0299286 -2.61925e-05 3.06728 -1.06928 1.06903 0.0454853 -1.3996 0.656419 0.120418 -2.64187 0.0508527 0.0398823 -0.264397 -1.022 -0.457656 0.0267312 0.883849 -0.0788034 -0.300427 -0.023568 -0.00872548 0.0325561 1.64397 1.69537 0.961945 1.22776 0.558586 0.0601203 -7.61957 1.12201 6.6936 -2.29451 -1.7251 -5.09215 -2.1268 0.823455 4.13917 1.31052 -2.29564 1.05821 -0.150087 0.258845 0.354425 0.408247 0.625186 0.283476 0.58551 1.84291 -3.47539 2.64713 -0.357364 0.548633 -0.859857 0.514099 -0.460624 0.384253 -0.14322 0.225092 1.66241 -0.238062 -0.428795 0.946511 -0.488444 -0.69003 -0.695181 2.31229 -0.471947 0.290108 -0.162133 0.633293 1.96852 -0.72166 -1.37336 -1.60484 0.181326 -0.641419 -0.181968 1.04331 1.14314 -2.31249 0.476459 -1.85785 -3.24675 -0.889582 1.1033 0.738154 0.481408 -0.115618 -0.225778 0.501485 -0.140895 2.12845 2.58743 5.14653 -46.3598 -26.834 -7.87536
 -8.75851e-05 15.8784 -3.24631 8.09168e-05 10.52 -8.78232 0.338261 0.0945877 -1.72833 887.478 -7.26447 151.721 6.30498e-05 -1.4394 -0.00019332 3.23205e-05 -1.05119 0.0465356 1.73147e-05 -1.30672 0.564301 8.99148e-06 -1.58409 0.356422 6.93495 7.11734 -1.87078 2.00469 5.34809 -6.02112 5.65943 1.05868 -4.77948 6.10115 3.60169 -6.38608 1.14936 -0.179745 -0.00954117 5.7569 -1.80372 -0.0373602 3.44125 0.184183 -0.100376 0.428436 0.590872 -0.810234 1.14751 1.55533 -4.55935 2.76094 -0.409668 -2.65363 2.7121 -2.89166 2.44663 2.66194 1.15047 -2.661 0.488223 -0.0306691 -2.56102 4.42323 0.0124656 -4.4601 -0.0995015 0.0248724 -0.00859388 -5.55095e-06 -0.397081 0.125758 0.198307 0.0136328 -0.347923 -0.845036 -0.0766664 2.01853 -0.397132 -0.271231 1.91262 -0.1819 -6.34309 0.430022 -0.10369 0.00603392 0.517953 0.00504285 -0.0087106 0.00366667 -0.157208 -4.87834 -1.89679 2.31864 6.34304 7.87864 -8.99475 -2.69045 -0.451159 21.2978 6.98498 -11.0814 3.00367 -1.7023 -3.37503 2.99362 8.75438 14.0125 -16.5864 1.521 2.14767 0.855569 -0.473214 -0.85858 -0.858297 2.83245 -5.17565 0.294702 3.37143 -3.44906 0.92553 0.0780395 -1.67187 0.0329454 -0.221493 1.29405 -5.20436 9.29243 -10.722 7.15598 -2.10133 -0.975672 1.38325 -5.54484 0.346331 -3.54647 -1.42854 1.0965 -0.259721 -0.470398 -0.93655 -1.21651 -1.315 1.07102 -0.0720793 -2.81582 0.0972389 1.03931 -1.50445 0.0676574 -2.05345 1.08274 1.61559 -1.55332 -2.95141 -1.0178 -0.960988 0.209971 -0.0237878 -0.939804 -1.22606 1.99931 34.8548 -9.52679 2.35009
 -5.02998e-06 1.11709 -0.228579 6.09126e-06 0.745842 -0.622739 0.00533301 0.00123233 -0.0107174 -7.26447 2.3515 -34.1345 4.97559e-06 -0.110055 -2.5707e-05 2.69584e-06 -0.0825879 0.00359223 1.3168e-06 -0.123864 0.053401 8.87901e-07 -0.138362 0.0310083 0.285266 0.795623 -0.201958 0.166485 0.551094 -0.620004 0.353373 0.0262416 -0.132576 0.182368 0.397746 -0.669932 0.0663657 -0.0287046 -7.37086e-05 0.170188 -0.0760221 -0.00135727 0.0487329 0.0316006 -0.00635578 -0.000183507 0.00882322 -0.012167 -0.096654 0.0677619 0.0241725 -0.0364042 0.0567006 -0.293483 -0.0151435 0.043298 0.0871998 -0.00351429 0.162645 -0.16747 0.00262059 -0.000169868 -0.0603334 0.102439 0.000756559 -0.121528 -0.00201773 0.000544432 -0.000535459 1.2533e-07 -0.0615815 0.0207297 -0.0114573 -0.000228672 0.0106567 -0.0124276 -0.000375991 0.0143236 -0.00928364 -0.00696475 0.0484034 -0.0636379 0.198393 -0.0128843 0.0257605 -0.00256762 0.0216334 0.00260106 0.000808034 -0.00343734 -0.022869 -0.447942 0.0183816 0.563522 0.634943 0.628858 -0.465383 -0.0926259 -0.218884 0.525184 0.124473 -0.168157 0.373823 0.034916 -0.451823 -0.252871 0.131227 0.43004 -0.202141 -0.00824262 -0.0323653 -0.0152449 -0.0463846 -0.0542469 -0.0671418 0.0756379 -0.144907 -0.0456054 0.11583 -0.0950387 0.000808468 -0.0213806 -0.0493621 -0.00456153 0.0631185 -0.00543743 -0.134997 0.307442 -0.296136 0.0400274 -0.00392125 -0.0434451 0.0423463 -0.242227 0.0303133 -0.0667057 -0.0321412 -0.0266814 -0.0763253 0.0272715 -0.0104614 -0.0638549 -0.0513359 -0.00573263 0.0259388 -0.0774074 0.0139826 0.0132607 -0.102769 0.00824506 0.0615975 0.00374037 -0.0303924 -0.0324135 -0.0428688 -0.0214195 -0.0213923 -0.0020914 0.000252148 -0.0960764 -0.164335 -0.251086 2.84886 0.0757002 0.295315
 0.000114938 -25.8126 5.28185 -0.000138332 -17.1844 14.3481 -0.0753536 -0.0153899 -0.00748822 151.721 -34.1345 788.75 -0.000119979 2.66102 0.000265054 -6.43195e-05 2.01488 -0.0880232 -2.9468e-05 2.9982 -1.29295 -1.94434e-05 3.31127 -0.742328 -6.68399 -18.2229 4.628 -3.81879 -12.6234 14.2021 -8.3333 -0.552716 2.85785 -4.36353 -9.05839 15.2718 -1.53749 0.779013 -0.00340972 -4.00895 1.86263 0.0310602 -1.14232 -0.547869 0.123908 0.0749674 -0.138858 0.190629 2.21604 -1.61568 -0.326465 0.690549 -1.19551 6.75672 0.248048 -0.88096 -2.07719 -0.0133682 -3.71609 3.87852 -0.076232 0.00488906 1.51603 -2.47271 -0.0191485 2.96531 0.0343146 -0.00952744 0.015747 -3.89367e-06 1.55855 -0.526797 0.324587 0.00782813 -0.320403 0.219404 0.00219118 -0.192153 0.203968 0.157065 -1.09199 1.56808 -4.30681 0.278888 -0.586839 0.0585595 -0.481377 -0.0591115 -0.0180447 0.0777964 0.533478 10.3728 -0.480023 -12.9818 -14.367 -14.316 10.7909 2.2384 5.09637 -13.1432 -3.06528 4.26984 -8.6066 -0.731796 10.3919 5.64744 -3.28444 -10.2772 5.18453 0.133735 0.661509 0.314099 1.0725 1.26982 1.55882 -1.82053 3.48519 1.023 -2.74657 2.28222 -0.0477384 0.485909 1.18465 0.0984544 -1.42243 0.0822475 3.25163 -7.31585 7.10349 -1.15461 0.160104 1.01938 -1.01086 5.69326 -0.704357 1.63425 0.780801 0.573101 1.75043 -0.604669 0.262063 1.48582 1.21182 0.0956414 -0.585988 1.85318 -0.321407 -0.336168 2.38397 -0.190262 -1.33076 -0.122284 0.634623 0.788188 1.07224 0.522931 0.51991 0.0407967 -0.00545354 2.21111 3.76478 5.61382 -65.9556 -1.16412 -6.76616
 4.75637e-10 -0.000131769 2.76551e-05 4.63153e-10 6.79632e-05 -5.65449e-05 1.47727e-05 4.02217e-06 -8.19576e-05 6.30498e-05 4.97559e-06 -0.000119979 1000 8.31106e-05 -6.31507e-06 -1.01009e-09 4.83957e-05 -1.80884e-06 2.81196e-10 3.67656e-05 -1.57428e-05 2.29735e-11 4.47435e-05 -9.80784e-06 -0.000276464 -0.000558823 0.000144061 -3.07292e-05 -0.00018846 0.000211911 -9.82145e-05 2.73997e-05 -0.000104259 -0.000138818 3.41123e-05 -4.67346e-05 0.000116801 2.97353e-05 -9.48226e-07 -0.00030612 0.000131578 3.09359e-06 -2.37163e-05 0.00016883 -1.95724e-05 3.1955e-05 4.26557e-05 -5.83229e-05 0.000100401 -2.72416e-05 -0.000214579 0.000161373 2.77269e-05 5.60978e-05 -3.0833e-06 -1.03895e-06 0.000129072 -4.15951e-05 -3.91434e-05 5.62302e-05 -2.80708e-06 2.65198e-07 -2.45546e-05 8.31496e-07 1.33451e-06 -5.07989e-05 -9.2984e-07 2.26302e-07 -3.90963e-07 -5.10949e-10 7.27398e-05 -2.50216e-05 1.58456e-05 6.33005e-07 -1.89998e-05 2.41102e-05 3.82305e-06 -8.99926e-05 1.76382e-06 1.77424e-06 -1.34339e-05 -5.21737e-05 0.00024343 -1.57688e-05 5.79207e-06 -4.24317e-07 1.12071e-05 -9.80451e-07 -1.34374e-07 1.12467e-06 -6.28621e-05 -6.44195e-05 1.62069e-05 7.57254e-05 3.92952e-05 9.17482e-06 -7.2954e-06 5.17982e-06 -0.000111443 -3.25026e-05 -1.20425e-05 0.000214354 0.000143466 -0.000104945 -8.092e-05 5.42176e-05 4.29787e-05 6.81566e-05 4.88782e-05 -1.11772e-05 -9.76867e-05 -1.75519e-05 6.09726e-05 4.26164e-05 -3.91069e-05 -3.1326e-05 -8.53679e-05 3.65421e-05 2.54133e-05 1.69791e-05 1.84383e-06 -3.71758e-06 -2.58193e-05 3.74287e-06 -1.60329e-05 -2.59799e-05 -3.27985e-05 -3.01116e-05 -2.35802e-05 -3.78065e-05 -1.21185e-05 5.89719e-06 1.6464e-05 3.47612e-05 2.62148e-05 2.26841e-05 1.12612e-05 8.84083e-07 -3.88931e-05 -4.13324e-05 -1.68284e-05 1.13707e-05 2.35904e-05 -1.85772e-06 -3.4912e-05 1.42467e-06 -3.54251e-06 7.04014e-06 1.49311e-07 -2.14721e-06 6.24366e-06 2.58253e-05 3.9202e-05 -1.5666e-05 -2.18598e-06 -9.50911e-06 -5.51005e-06 -4.92184e-06 5.20281e-06 3.2795e-05 6.02617e-05 8.70343e-05 -0.000766454 -0.000330652 -0.000116534
 -1.82875e-05 3.43658 -0.719177 -7.11487e-06 -1.09597 0.910378 -0.317736 -0.0846549 1.73422 -1.4394 -0.110055 2.66102 8.31106e-05 997.889 -2.79674 1.77433e-05 -1.12855 0.0429534 -1.06337e-05 -0.75459 0.322463 -6.67492e-06 -0.904873 0.197117 8.38228 13.9445 -3.62139 0.812269 4.79164 -5.38927 3.19309 -0.609565 2.24248 4.79071 -0.0811805 -0.201726 -3.52105 -0.777712 0.0277892 6.52651 -3.15118 -0.0700462 0.87485 -4.87949 0.564493 -0.795941 -1.07188 1.4646 -2.19175 1.58939 4.50292 -3.71144 -1.24444 -0.659307 0.987409 -1.09296 -3.67726 1.73683 0.90795 -1.6767 0.0300145 -0.0023025 0.650245 0.116848 -0.0275349 0.951458 0.00742118 -0.00161102 0.0144534 9.92021e-06 -1.62049 0.555929 -0.312096 -0.011948 0.361355 -0.629874 -0.0927147 2.18857 -0.0222095 -0.0325177 0.251897 1.50639 -8.55618 0.566363 -0.134202 0.00934035 -0.306865 0.0214279 0.00325877 -0.0249001 1.99973 1.90777 -0.106721 -1.45634 -0.662085 0.0634845 0.690267 0.246751 2.24268 0.401134 0.160149 -4.39863 -4.01808 1.77099 3.28668 -0.937775 -0.925534 -1.81697 -0.401621 0.581874 2.03486 0.367085 -1.45867 -1.42465 1.4649 1.20358 2.13163 -0.817177 -0.65634 -0.1837 0.0480825 0.142992 0.649596 0.132361 0.546337 0.672863 0.787924 0.593153 0.652489 0.805736 0.203778 -0.300392 -0.661813 -0.991271 -0.648476 -0.585985 -0.46671 -0.190288 0.402321 0.431824 0.0158753 -0.0999899 -0.241738 0.115584 0.626641 -0.15098 -0.0703021 -0.363059 -0.0925854 -0.0428826 -0.276125 -1.07753 -1.51023 -0.171312 -0.166244 0.0282024 -0.0361916 0.278636 -0.168073 -0.617331 -1.24477 -1.70939 14.6534 5.88129 2.17506
 2.20608e-07 -0.0265794 0.00547947 -1.85828e-09 -0.00819068 0.00684981 8.63249e-05 8.6742e-06 -0.000493198 -0.00019332 -2.5707e-05 0.000265054 -6.31507e-06 -2.79674 0.825289 2.39892e-07 -0.00596209 0.000316347 2.53428e-08 -0.00252771 0.00111305 5.81782e-08 -0.00392688 0.000913193 -0.0354939 -0.060113 0.0155521 -0.00616832 -0.0256271 0.0288234 -0.0142538 -2.43109e-05 0.00120743 -0.0197866 -0.00586583 0.0110832 0.00240889 -0.00157221 0.000151247 -0.0359235 0.00848861 0.00035823 -0.0114428 0.00700105 -0.000543226 0.00016162 -0.000421324 0.000565935 0.0040454 -0.00754583 -0.0187553 0.0158443 0.00232852 0.000114661 -0.00582735 0.0067617 0.00727622 -0.00745015 -0.00601222 0.00969625 -0.000384214 2.90131e-05 -0.000911016 -0.00062074 4.35477e-05 -0.00119871 0.000135974 -3.48101e-05 -4.62275e-05 6.35451e-08 -0.00399435 0.00147498 -0.00037953 -1.49041e-05 0.000392601 0.0011192 0.000108277 -0.00289348 -0.000239577 -0.00020429 0.00131842 -0.00464314 0.0325051 -0.00214376 -0.000215645 2.92948e-05 0.000254192 -8.69337e-05 -1.26917e-05 0.00010049 -0.00757149 -0.00438774 -0.000956041 0.0021683 0.00149471 0.000307925 -0.00137216 -0.00120382 -0.00734416 -0.00393499 -0.000708274 0.0160276 0.0139202 -0.00613572 -0.0116313 0.00275068 0.00283324 0.00616183 0.00150088 -0.00253351 -0.00720571 -0.0009788 0.00571936 0.00540349 -0.0054195 -0.00462804 -0.00760282 0.00299958 0.00221816 0.000318121 -0.000291522 -0.000664041 -0.00213253 -0.000625706 -0.00208209 -0.00245518 -0.00262295 -0.00229939 -0.00174088 -0.003083 -0.000630557 0.00125541 0.00273068 0.00383081 0.00254016 0.00211571 0.00155153 0.000427772 -0.00158319 -0.00141405 0.0006499 0.000875126 0.00123031 -0.000420899 -0.00198919 0.000775061 0.00032829 0.00190831 0.000527449 0.000455548 0.00125214 0.00411153 0.00530378 0.000789623 0.00065959 0.000134066 0.000373063 -0.00114996 0.000640823 0.00215904 0.00493826 0.00558984 -0.0676266 0.00410012 -0.00629571
 -2.51841e-10 -6.95701e-05 1.44858e-05 2.89811e-11 4.63716e-06 -3.80031e-06 8.98635e-06 2.6028e-06 -5.17502e-05 3.23205e-05 2.69584e-06 -6.43195e-05 -1.01009e-09 1.77433e-05 2.39892e-07 1000 2.57781e-05 -3.64731e-06 -3.81195e-10 2.45237e-05 -1.04941e-05 -5.70069e-10 3.0641e-05 -6.72495e-06 2.89038e-05 -9.34614e-06 1.82054e-06 -1.02178e-05 -6.02008e-05 6.76586e-05 1.25734e-05 1.30799e-05 -5.50378e-05 6.32766e-05 -2.6617e-06 -3.75396e-07 -2.29838e-05 6.96646e-06 -1.15434e-07 -9.30012e-05 2.51875e-05 7.25321e-07 -1.51078e-05 5.70461e-06 -7.54958e-08 9.2486e-06 1.40914e-05 -1.91856e-05 7.20511e-05 -8.11334e-06 -0.000182708 0.000132704 -2.35289e-05 7.66659e-05 3.28373e-05 -4.48621e-05 1.58065e-05 2.63944e-05 -3.60964e-05 2.24361e-05 6.73981e-06 -4.77527e-07 -6.60019e-06 1.64733e-05 1.05676e-07 -1.93914e-05 -2.48615e-06 6.02407e-07 4.59654e-07 -4.27895e-10 3.7527e-05 -1.29504e-05 1.11928e-05 4.91819e-07 -1.48093e-05 8.95396e-07 9.77711e-07 -2.39216e-05 2.99217e-06 2.73693e-06 -2.00938e-05 9.36857e-08 -0.000351037 2.41967e-05 1.60341e-05 -1.4225e-06 1.19007e-06 -7.99603e-07 -1.33855e-07 9.41637e-07 -2.14515e-05 -5.74543e-05 4.45416e-05 0.000117811 7.81674e-05 5.80794e-05 3.74587e-05 -1.36783e-06 -0.000152576 -0.000104735 -3.45054e-05 0.000241609 -1.20769e-05 0.000140684 -4.77543e-05 8.09169e-07 7.90579e-05 -2.16239e-05 4.08334e-05 -1.50637e-05 -3.26519e-05 -2.44202e-05 -1.97542e-05 3.79603e-06 1.02099e-05 4.81431e-05 -1.78601e-05 -5.27218e-06 -4.15327e-05 6.29452e-06 1.01062e-05 9.79865e-06 -9.08525e-06 -3.37187e-06 -2.11874e-05 -1.04971e-05 -1.82139e-05 -3.47765e-05 -2.3295e-05 -1.30693e-05 -8.97607e-06 -3.9937e-06 -4.07327e-06 1.17105e-05 7.15947e-06 -8.4308e-06 -1.25886e-05 -1.22283e-05 -1.24383e-05 -3.04094e-05 -3.71818e-05 -4.48648e-07 7.01078e-06 -5.55817e-06 5.53848e-06 8.74544e-06 -1.37429e-05 2.49767e-05 7.40431e-08 -2.05104e-05 -1.25021e-05 -1.65848e-05 -9.54675e-06 -1.78537e-05 -3.86919e-06 -9.53607e-06 -8.86284e-06 8.2224e-06 1.64123e-06 2.49932e-05 4.64957e-05 6.42139e-05 -0.000539902 -0.000317078 -9.22129e-05
 -7.27038e-06 2.78342 -0.58047 -1.02569e-06 -0.0186207 0.012167 -0.279937 -0.0757796 1.53974 -1.05119 -0.0825879 2.01488 4.83957e-05 -1.12855 -0.00596209 2.57781e-05 996.882 -46.7304 1.23584e-07 -0.708975 0.3035 3.50723e-06 -0.848659 0.186352 3.49014 4.1738 -1.10381 0.449649 2.84334 -3.199 1.87498 -0.376169 1.39766 2.3694 0.404 -0.831036 -1.13502 -0.435422 0.0151712 2.73676 -1.32799 -0.0292548 1.17586 -2.41967 0.26211 -0.463931 -0.651007 0.887014 -1.39117 1.80305 3.22002 -2.86822 -0.363576 -1.17802 0.407282 -0.36863 -2.00913 0.901536 1.12415 -1.5323 -0.191028 0.0173732 -0.0243522 0.114024 -0.0130713 0.410949 0.0342518 -0.00807394 -0.00271299 1.08094e-05 -1.2109 0.417297 -0.324513 -0.0136641 0.413866 -0.341812 -0.0614101 1.46549 -0.110093 -0.0745572 0.549665 0.567625 1.56154 -0.111294 -0.304596 0.0254067 -0.102455 0.0264531 0.00356145 -0.030276 1.52982 2.47957 -0.643974 -2.73278 -1.71749 -1.00971 -0.426656 0.740523 3.23923 2.33715 0.769633 -6.42904 -2.47488 -0.424581 3.61791 1.22142 -3.42731 -3.29241 2.50817 -0.096687 1.08176 0.607488 0.22446 -0.275499 -0.577372 0.644017 0.613334 0.162828 0.595026 0.413155 0.0105719 -0.0292536 0.30309 0.202456 0.784782 0.50094 0.612548 0.621215 0.85564 0.521606 0.391949 0.242508 -0.196521 -1.35802 -0.391591 -0.0803942 0.0702385 0.067094 0.185893 0.215892 0.402566 0.118982 0.204026 -0.344463 -0.0698913 -0.00854405 0.22837 -0.645061 -0.901122 0.225019 0.0932122 -0.381766 -0.7499 -0.586836 -0.31387 -0.0508343 -0.00300371 0.060766 -0.128093 -0.64052 -1.10127 -1.63115 14.3276 7.43252 2.32937
 5.05756e-07 -0.143989 0.0299725 3.45203e-08 -0.00909514 0.00775061 0.0124157 0.00336119 -0.0685307 0.0465356 0.00359223 -0.0880232 -1.80884e-06 0.0429534 0.000316347 -3.64731e-06 -46.7304 3.06838 7.70662e-09 0.0290373 -0.0124038 -1.1564e-07 0.0347104 -0.00758497 -0.169423 -0.206188 0.0544474 -0.0242708 -0.141263 0.158935 -0.0910362 0.016334 -0.059967 -0.114482 -0.0234182 0.0466008 0.0501329 0.018446 -0.000596037 -0.136115 0.0614597 0.00145037 -0.0605415 0.108342 -0.0115244 0.0198486 0.0276732 -0.0376917 0.0641398 -0.0871937 -0.155535 0.138627 0.0161002 0.0552984 -0.0201947 0.0185516 0.0917589 -0.0436676 -0.0555495 0.0755667 0.00882135 -0.000805744 0.00207871 -0.00555761 0.000585325 -0.0180957 -0.00141367 0.000330234 0.000135661 -4.1122e-07 0.0507307 -0.0174168 0.0141298 0.00059477 -0.0180849 0.0157508 0.00275937 -0.0661771 0.00452569 0.00311323 -0.0231255 -0.0275705 -0.0742038 0.00528853 0.0139204 -0.00115687 0.00428063 -0.0012698 -0.000170566 0.00145292 -0.0730292 -0.117962 0.0281939 0.129825 0.0832899 0.0491224 0.0204921 -0.0354799 -0.152976 -0.115702 -0.0385218 0.30709 0.118045 0.0198425 -0.172363 -0.058426 0.163231 0.157135 -0.119574 0.00454126 -0.0516852 -0.0287586 -0.0103217 0.0133613 0.0275341 -0.0308862 -0.0292515 -0.00771782 -0.0283332 -0.019753 -0.000434912 0.0013699 -0.0142383 -0.00970993 -0.0373858 -0.0238686 -0.029032 -0.0297854 -0.0402766 -0.0249855 -0.0185847 -0.0114009 0.00966833 0.0649723 0.0189089 0.00388541 -0.00337255 -0.00329793 -0.00897097 -0.0103122 -0.018707 -0.00525505 -0.00935353 0.0163643 0.0034011 0.000533674 -0.0108585 0.0311836 0.0429658 -0.0105322 -0.00423652 0.0184788 0.0356821 0.0280726 0.014981 0.00260616 0.000339043 -0.00299427 0.00612197 0.0305381 0.053105 0.0774938 -0.698643 -0.330929 -0.10981
 -1.00087e-09 2.32253e-05 -4.82237e-06 5.16897e-11 2.41787e-05 -2.02044e-05 -1.07702e-06 1.46416e-07 -1.32154e-06 1.73147e-05 1.3168e-06 -2.9468e-05 2.81196e-10 -1.06337e-05 2.53428e-08 -3.81195e-10 1.23584e-07 7.70662e-09 1000 -5.98414e-06 3.41019e-06 -4.74526e-10 5.18694e-06 -1.20439e-06 6.83982e-05 -6.45441e-06 2.73597e-07 6.26482e-06 4.51959e-05 -5.08859e-05 6.65325e-05 5.13386e-06 -2.63088e-05 0.000138215 -4.19421e-05 5.92755e-05 -3.70295e-05 -2.77719e-06 2.89578e-07 -3.74181e-05 -5.39515e-07 1.15736e-07 -1.6382e-06 -3.78069e-05 4.7663e-06 -3.21448e-06 -2.80963e-06 3.82003e-06 3.24979e-05 1.50306e-05 -6.42297e-05 4.08094e-05 -3.34244e-05 2.04096e-05 6.30656e-05 -7.45124e-05 -2.64625e-05 2.74794e-05 -4.84603e-06 -8.23822e-06 1.88869e-07 1.66791e-07 -2.03307e-05 6.26541e-06 3.47553e-09 -4.94842e-06 -1.68402e-06 4.07596e-07 3.05642e-07 -1.25141e-10 -2.12353e-06 6.84305e-07 -4.14393e-07 1.74614e-08 -7.5601e-07 2.3034e-07 2.4657e-07 -4.51646e-06 1.7103e-06 1.15342e-06 -7.93254e-06 5.23645e-06 -0.000333943 2.26854e-05 7.86665e-06 -7.21642e-07 9.25271e-07 -5.01031e-07 -1.8294e-07 6.89539e-07 6.79117e-06 -3.39704e-05 -4.09922e-05 -7.13667e-05 -2.02799e-05 2.11884e-05 3.50675e-05 0.00037915 -0.000169667 -9.4923e-05 -4.67178e-05 -6.40716e-05 -8.33712e-05 0.00011012 2.45216e-05 3.8196e-06 7.43606e-05 2.5123e-06 -2.71844e-05 9.66508e-06 3.8348e-05 -1.1116e-05 -1.05582e-05 -1.29449e-05 -1.70675e-06 1.22337e-05 1.2933e-05 -7.08749e-06 5.79153e-06 3.76042e-06 1.16845e-05 1.36e-05 6.13881e-06 9.09845e-06 -9.76005e-06 -3.83298e-06 1.93814e-06 -4.64325e-07 6.34127e-06 -7.38301e-06 1.24291e-05 2.42414e-06 1.41808e-07 -4.17402e-06 2.03892e-06 -9.19641e-06 1.80105e-07 1.60046e-05 5.16293e-07 -4.36928e-05 -4.19695e-05 2.23858e-05 1.41034e-05 -9.76525e-06 7.88201e-06 1.57962e-05 -7.6843e-06 3.52233e-05 -6.71466e-06 2.54851e-06 -6.59285e-06 -2.20774e-05 -1.95178e-05 -2.03138e-05 -5.42513e-06 -3.70969e-06 -2.53221e-06 3.44254e-06 -5.59243e-07 2.37064e-06 1.00011e-05 3.35198e-06 -4.06124e-05 -4.43509e-05 -9.40148e-06
 -2.61363e-05 2.46656 -0.516436 -9.01201e-06 -1.86571 1.5544 -0.351641 -0.0819914 1.66044 -1.30672 -0.123864 2.9982 3.67656e-05 -0.75459 -0.00252771 2.45237e-05 -0.708975 0.0290373 -5.98414e-06 838.628 -362.865 1.10059e-05 -1.75361 0.394102 -0.921425 4.76821 -1.17297 -0.184049 0.144015 -0.161358 0.159534 -0.678508 2.77587 -0.249149 2.6272 -4.31685 0.172476 -0.329527 0.00679104 0.580358 -0.342195 -0.00479585 -0.600593 -0.383731 0.0487475 -0.369901 -0.454354 0.620169 -0.515077 -0.978876 1.61505 -0.838257 1.03916 -3.21371 -1.47311 1.99041 -0.57787 -1.59285 0.64473 0.188547 -0.160528 0.0158367 -0.604774 -0.889018 0.0271723 -0.0795877 -0.0133671 0.0035823 -0.00903945 9.92157e-06 -1.33399 0.467811 -0.572373 -0.0265889 0.805319 -0.385301 -0.0648103 1.43213 -0.133823 -0.0608024 0.434825 -1.54361 3.56674 -0.224772 -0.369902 0.0340946 0.121669 0.0377995 -0.00444702 -0.0336764 -0.440127 1.53613 2.11792 2.50077 -0.47424 -0.388158 -32.8372 14.2674 0.402342 3.23337 1.26546 3.62786 -6.29909 1.04147 2.19355 -1.04785 0.169456 -1.12351 -0.242065 -0.0820992 1.27936 0.291388 0.189877 0.582941 0.931984 0.163387 -0.172621 -0.523661 0.97126 -0.282138 -0.146054 -0.0461877 0.656871 1.41521 -0.308176 -0.0355902 0.34517 0.231092 0.772502 -0.80108 0.138107 0.114546 0.442933 -0.423143 0.173184 0.607657 0.690909 0.460177 0.299163 1.13825 0.804296 -0.415364 -0.194367 -0.856085 -0.0863599 0.101687 -0.0369858 1.63919 -0.360388 0.470412 1.01448 0.415392 0.146351 -0.931927 -0.417427 -0.0257732 0.163694 -0.411125 0.0512857 -0.85228 -0.892878 -1.9396 19.3307 9.56329 3.08762
 1.14376e-05 -1.08171 0.22642 3.85269e-06 0.802139 -0.668286 0.151571 0.0353323 -0.715748 0.564301 0.053401 -1.29295 -1.57428e-05 0.322463 0.00111305 -1.04941e-05 0.3035 -0.0124038 3.41019e-06 -362.865 158.571 -4.80282e-06 0.758484 -0.170455 0.398876 -2.07358 0.510118 0.0786045 -0.0665097 0.074536 -0.070162 0.293122 -1.19913 0.107288 -1.14337 1.87881 -0.0754875 0.140637 -0.00283769 -0.252153 0.147177 0.00209543 0.259569 0.162389 -0.0206087 0.158733 0.195196 -0.266401 0.22323 0.424814 -0.701073 0.363917 -0.451036 1.39478 0.639576 -0.864124 0.249622 0.690942 -0.280596 -0.0807995 0.0693741 -0.00685004 0.263326 0.385922 -0.011835 0.0360213 0.00592494 -0.00158509 0.00385659 -4.25215e-06 0.575959 -0.201966 0.247111 0.0114743 -0.347633 0.166971 0.028084 -0.620632 0.0569158 0.0261246 -0.18681 0.672586 -1.54695 0.0974734 0.160018 -0.0147509 -0.0520264 -0.0164082 0.00193268 0.0146161 0.190985 -0.663751 -0.920172 -1.0897 0.20414 0.175742 14.2579 -6.20044 -0.172254 -1.40256 -0.55125 -1.57388 2.73434 -0.452829 -0.952039 0.45464 -0.0741715 0.487405 0.10545 0.0356152 -0.555668 -0.126406 -0.0823332 -0.252983 -0.404415 -0.0708697 0.0748105 0.227271 -0.421676 0.122403 0.0633917 0.0199247 -0.284972 -0.614335 0.133818 0.0154686 -0.149723 -0.100596 -0.33502 0.347536 -0.060066 -0.0497645 -0.192161 0.183677 -0.0751053 -0.263886 -0.300044 -0.199947 -0.130022 -0.494041 -0.348744 0.180318 0.0844454 0.371305 0.0373653 -0.0442707 0.0158792 -0.711147 0.156243 -0.204239 -0.440252 -0.180171 -0.0637885 0.404366 0.180962 0.0111976 -0.0710272 0.178394 -0.0222591 0.369902 0.388205 0.841663 -8.4065 -4.12545 -1.33873
 -6.22726e-10 1.42849e-05 -2.94468e-06 1.74263e-10 3.58509e-05 -2.99323e-05 2.15591e-06 8.66444e-07 -1.69851e-05 8.99148e-06 8.87901e-07 -1.94434e-05 2.29735e-11 -6.67492e-06 5.81782e-08 -5.70069e-10 3.50723e-06 -1.1564e-07 -4.74526e-10 1.10059e-05 -4.80282e-06 1000 1.67733e-05 -3.67465e-06 0.000116225 -0.000116175 2.66704e-05 1.19055e-05 5.53659e-05 -6.23767e-05 8.45104e-05 9.76419e-06 -4.50251e-05 0.000171642 9.64001e-06 -2.82747e-05 -4.79245e-05 -2.50316e-06 4.35362e-07 -6.18145e-05 3.38338e-06 3.07629e-07 1.28526e-05 -5.04182e-05 5.82757e-06 -1.83733e-06 -2.35782e-06 3.13038e-06 1.79123e-05 6.29467e-05 -3.8096e-05 6.88729e-06 -5.58924e-05 3.4582e-05 0.000113095 -0.000133597 -3.02786e-05 4.78799e-05 -1.16083e-05 -1.17037e-05 -1.40545e-07 1.80621e-07 -1.54805e-05 7.52138e-06 6.83625e-08 -8.22628e-06 -1.76186e-06 4.42017e-07 4.24262e-07 -2.08321e-10 1.07613e-05 -3.91269e-06 3.53743e-06 1.90889e-07 -5.50281e-06 -1.79846e-06 2.46296e-07 -4.28365e-06 2.15399e-06 1.41723e-06 -9.9049e-06 1.43439e-05 -0.000306755 2.09196e-05 2.90989e-06 -2.94091e-07 -3.38381e-08 -5.37891e-07 -1.82407e-07 7.25983e-07 1.5023e-05 -5.50367e-06 8.43331e-06 1.73526e-05 2.28711e-05 3.10531e-05 6.78449e-05 0.000100459 -8.4598e-05 -8.89296e-05 -3.88368e-05 -2.86632e-05 -2.03446e-05 9.03629e-05 8.47895e-05 -2.59208e-05 3.01739e-05 -4.58929e-05 0.000123236 -3.02842e-05 3.68287e-06 2.81748e-06 1.3768e-06 -4.6564e-06 2.97014e-06 4.03383e-05 1.08109e-05 -1.07689e-06 -2.21534e-05 2.54577e-05 -3.66813e-07 3.47422e-06 -1.25948e-06 9.22272e-06 6.29391e-06 6.41283e-06 5.59188e-06 -1.35425e-05 1.04642e-05 -4.44123e-06 4.63436e-07 -8.1455e-06 -1.71526e-05 -5.90257e-06 5.88117e-06 -4.76273e-06 1.14422e-05 7.62381e-06 -2.04129e-05 -9.32912e-05 -5.90503e-05 3.3459e-05 1.27089e-05 -2.5161e-06 -1.18438e-06 7.35596e-06 -1.19105e-05 -5.66108e-06 3.31755e-06 -1.68691e-05 -1.64342e-05 -2.99275e-05 -3.76169e-05 -2.50157e-05 -1.04035e-05 -1.04616e-05 -9.50235e-06 9.8693e-06 -1.41268e-06 1.03443e-05 1.25988e-05 2.04127e-05 -0.000220353 -0.000137581 -3.86403e-05
 2.74413e-06 1.37628 -0.291489 -1.16104e-05 -2.10778 1.75656 -0.361116 -0.102899 2.06386 -1.58409 -0.138362 3.31127 4.47435e-05 -0.904873 -0.00392688 3.0641e-05 -0.848659 0.0347104 5.18694e-06 -1.75361 0.758484 1.67733e-05 949.895 -214.191 -0.851365 11.8544 -2.93262 0.0631899 1.00709 -1.12926 -2.9167 -0.987633 4.2551 -3.00848 1.38896 -2.07447 0.390581 -0.386722 0.00204911 2.04894 -0.744585 -0.0177535 -2.13088 0.450429 -0.0226618 -0.365105 -0.452888 0.621237 -0.683449 -2.19549 1.25669 -0.190103 1.70778 -4.56312 -2.81962 3.66721 -0.216191 -2.58449 0.535995 0.799372 -0.123149 0.00918142 0.0598729 -0.309671 -0.0196573 0.994785 0.0327892 -0.00822488 -0.0139012 1.39559e-05 -1.40159 0.493867 -0.489678 -0.0228239 0.681341 -0.342829 -0.0675858 1.48424 -0.154575 -0.082808 0.594626 -0.555029 3.08533 -0.20644 -0.26522 0.025503 0.0350266 0.0346314 5.64117e-05 -0.0350063 -0.735095 0.970389 -0.364308 -1.67372 -1.55836 -1.00999 -8.90372 3.30238 1.37898 3.6276 1.55221 1.50054 -6.6816 -0.992461 4.2781 -0.172552 -2.11433 -6.79544 1.52517 0.724166 -0.735665 -0.512288 -0.351519 0.267905 -0.267787 -1.00728 -1.02006 0.469136 1.35565 -0.717372 -0.20276 -0.157085 0.203098 -0.243263 0.180165 -0.00980082 0.0937224 0.473909 0.210427 0.165272 0.269003 0.631657 1.04537 0.569241 0.251285 0.232883 0.162901 0.194704 0.345332 2.24338 1.56373 -0.494739 -0.251031 -0.0937318 0.366581 0.296576 0.355705 0.98351 0.107338 0.576632 2.14368 1.48185 0.681799 -0.429781 -0.000767255 0.298181 0.420627 -0.590196 0.0689288 -0.951265 -1.14278 -2.18217 21.4067 10.8947 3.45607
