 1000 0.0026254 -0.000552056 -9.88088e-10 -0.000132797 0.00010766 -1.9495e-06 -1.00743e-07 -2.1222e-09 -7.70352e-05 -4.42939e-06 0.000101777 2.72384e-10 -1.37782e-05 1.9049e-07 -2.93713e-10 -5.0664e-06 4.01116e-07 -9.42796e-10 -1.69295e-05 7.48919e-06 -6.43606e-10 9.1628e-06 -1.82531e-06 2.21216e-05 -0.000308866 7.79392e-05 -5.42818e-05 -0.000206317 0.000233115 -6.51332e-06 -9.62146e-07 3.21623e-06 9.23033e-05 -9.23431e-05 0.000143904 -7.48311e-05 -5.37052e-06 9.20386e-07 -0.000127135 1.31355e-05 1.20128e-06 -1.38316e-05 -8.2833e-05 1.12716e-05 -4.05601e-06 -1.04345e-05 1.61354e-05 7.18607e-05 -5.57944e-05 -0.000268466 0.000216728 -6.92925e-05 7.8944e-05 0.000111597 -0.000138901 -5.06196e-05 1.50583e-05 -5.1684e-05 5.13898e-05 -4.21953e-06 3.66486e-07 2.29647e-05 4.70661e-06 -2.01008e-07 2.83599e-06 -4.50009e-06 1.28192e-06 7.19574e-07 -1.47037e-10 -2.55112e-06 1.08082e-06 3.8744e-06 1.33938e-07 -5.10817e-06 9.17233e-06 7.72633e-07 -1.96039e-05 2.70603e-06 1.79385e-06 -1.49906e-05 -8.25062e-06 -0.000336836 2.60971e-05 7.45595e-06 -8.8408e-07 -9.41113e-06 -1.61303e-06 -6.97928e-07 2.32967e-06 7.82145e-06 -7.60261e-05 -0.000146932 -0.000225109 -0.000106871 -3.647e-06 0.000158162 0.000439113 -0.0002316 -0.000122203 -8.24214e-05 6.13341e-05 -5.66047e-05 2.66402e-06 9.39248e-05 0.000117135 5.66043e-05 -6.51966e-05 -0.000157464 0.000229347 -0.000133144 2.28906e-05 -1.91096e-05 -1.1197e-05 1.7007e-05 3.84686e-05 1.27852e-05 -2.50729e-05 4.25082e-05 -4.62065e-05 9.63327e-06 -7.46008e-06 -6.86331e-06 1.50181e-05 6.91413e-06 -8.52267e-06 -2.11158e-05 0.000164464 -0.000117499 7.87951e-05 -2.7556e-06 1.49623e-05 2.64711e-05 5.57353e-06 2.82519e-05 -2.96367e-05 2.38718e-05 1.73421e-05 2.5142e-05 -2.42167e-05 -7.58577e-05 4.6708e-05 2.09899e-05 1.291e-06 5.59273e-06 -3.03164e-05 4.01745e-05 3.79399e-05 8.17019e-08 3.12157e-05 1.14543e-05 -4.68878e-05 -1.04192e-05 -2.83074e-05 6.6251e-07 1.67674e-06 4.45827e-06 8.42692e-07 -2.79445e-07 1.92355e-05 3.55114e-05 3.47409e-05 -0.000622431 7.65552e-05 -5.34669e-05
 0.0026254 489.63 -101.82 0.000150723 27.9883 -22.6881 0.450413 0.163556 -2.63493 15.6815 1.14348 -26.6 -8.22917e-05 2.4489 -0.0235759 -4.62283e-05 2.10168 -0.11308 2.67055e-05 1.34366 -0.598931 2.69572e-05 0.027434 -0.0191815 16.8062 35.8126 -9.37889 6.14121 23.7355 -26.84 13.6129 2.16373 -9.40487 9.11464 14.7203 -24.7158 7.94843 1.10232 -0.138356 18.9304 -2.21587 -0.180289 9.76203 7.40455 -1.20524 1.32628 2.66515 -4.16565 1.87074 8.18292 14.2529 -13.4719 2.02998 -3.55804 1.25155 -1.13627 6.67478 2.91296 7.89231 -10.863 0.630042 -0.0534648 -1.81278 2.20635 0.000936683 -2.47087 0.369138 -0.102644 -0.108291 -1.8463e-05 0.976904 -0.359258 0.256105 0.0180851 -0.38815 -0.825694 -0.0238406 0.888991 -0.0517738 -0.121251 0.984169 -1.40838 2.99957 -0.217227 1.72801 -0.180476 0.467428 0.127683 0.0312309 -0.160266 1.47296 -3.93631 9.24718 18.1138 10.7019 1.56697 -31.1242 18.1602 -8.48478 17.4608 11.4451 -0.933919 -1.37518 -2.0161 -4.80508 3.29957 3.53853 1.63361 -8.82998 3.42974 -1.17703 0.478825 -1.47639 -0.973119 -0.846266 -1.06 -0.0139652 2.00252 0.431938 -0.905702 0.0570189 0.0464865 -0.158086 -1.14097 0.286635 -0.264227 -1.19719 3.03302 -6.0204 2.65059 -0.622878 -0.451043 -0.998495 -3.76574 -1.32663 -2.16988 -1.44561 -1.68927 0.124643 -0.0436028 -0.994321 -1.79749 -2.02871 -0.493002 -0.340924 -2.15103 0.124221 -1.74465 -3.36303 -0.585838 -0.0335121 -2.01258 -0.37173 -1.09738 -1.03733 -0.965541 -1.01155 0.45566 -0.205696 -2.19112 -5.03555 -5.1764 90.598 -37.5419 4.62298
 -0.000552056 -101.82 22.308 -3.17392e-05 -5.88156 4.76776 -0.0985739 -0.0355373 0.575264 -3.29391 -0.240335 5.59082 1.8072e-05 -0.531548 0.00499306 1.00103e-05 -0.453931 0.0243351 -5.64495e-06 -0.296451 0.13199 -5.63831e-06 -0.0179729 0.00664344 -3.52572 -7.51572 1.96825 -1.29259 -4.98192 5.63356 -2.85218 -0.458038 1.9887 -1.91258 -3.09128 5.19024 -1.67278 -0.241405 0.0295056 -3.97191 0.455153 0.0379004 -2.05301 -1.5679 0.254808 -0.28331 -0.56574 0.884348 -0.394684 -1.71514 -2.98744 2.82379 -0.427417 0.745771 -0.263136 0.239117 -1.39981 -0.611302 -1.65563 2.27891 -0.132543 0.0112492 0.381657 -0.462544 -0.000259688 0.520621 -0.0772371 0.021475 0.0227873 4.09422e-06 -0.226149 0.0822979 -0.0590254 -0.00404644 0.088482 0.171339 0.00466703 -0.178567 0.00971737 0.0250728 -0.203489 0.297777 -0.628384 0.0454909 -0.36341 0.037953 -0.0990747 -0.0267781 -0.00654375 0.0336054 -0.308848 0.825337 -1.93688 -3.79784 -2.24596 -0.324512 6.528 -3.8133 1.78081 -3.66079 -2.39843 0.195871 0.288712 0.422497 1.00706 -0.692951 -0.742714 -0.342293 1.85322 -0.72089 0.247346 -0.100764 0.309922 0.204362 0.1773 0.222161 0.00255746 -0.419757 -0.0910081 0.190094 -0.011961 -0.0097852 0.0333092 0.23891 -0.0601016 0.0555275 0.251303 -0.637571 1.26374 -0.556574 0.13059 0.0944705 0.209334 0.789879 0.278136 0.454899 0.302647 0.353863 -0.0266196 0.00884834 0.209167 0.377049 0.425614 0.103118 0.0713767 0.451258 -0.0264707 0.366004 0.704973 0.122544 0.00684149 0.422334 0.0776209 0.230157 0.217306 0.202482 0.212105 -0.0955436 0.0431221 0.45964 1.05705 1.08558 -19.0252 7.90494 -0.968271
 -9.88088e-10 0.000150723 -3.17392e-05 1000 -0.000962773 0.000782996 -4.16785e-06 -1.01573e-06 2.25591e-05 4.87395e-05 4.21639e-06 -9.51512e-05 6.91021e-10 -1.1554e-05 2.48104e-08 1.65647e-10 -6.33996e-06 3.03724e-07 4.11377e-11 -1.56561e-05 6.76761e-06 2.26072e-10 -1.76734e-05 3.72159e-06 5.84193e-05 3.33664e-05 -9.28915e-06 -4.32271e-06 -1.09679e-05 1.21948e-05 0.000155487 1.3585e-05 -6.57914e-05 0.000202959 -2.27062e-05 2.21593e-05 2.52128e-05 -4.89343e-06 1.31132e-07 8.76937e-06 -1.70279e-07 3.31495e-07 7.86814e-05 -4.98933e-06 -4.40159e-07 -1.77802e-07 8.429e-07 -1.42355e-06 1.38734e-05 2.25243e-05 -4.07658e-05 2.20016e-05 -3.12504e-05 -2.70379e-05 0.000109767 -0.000126192 3.37192e-05 -1.90009e-05 4.40517e-05 -3.92664e-05 -1.20031e-06 -4.71201e-08 3.26326e-05 -5.51842e-05 4.09258e-06 -9.30145e-05 -5.60549e-06 1.51372e-06 7.84489e-07 2.56476e-10 -3.10769e-05 9.9777e-06 -6.46082e-06 -2.7959e-07 8.10878e-06 -1.51483e-05 -1.50327e-06 3.62764e-05 1.21488e-06 8.00339e-08 -1.02784e-06 -1.32666e-05 -0.000130711 9.93254e-06 2.43762e-05 -2.52675e-06 -5.18136e-07 -4.35804e-07 -2.77469e-07 7.1898e-07 -3.54871e-05 -5.36594e-05 -2.16182e-05 -2.39148e-05 -8.23475e-06 4.84156e-06 7.36703e-05 -1.36233e-05 -3.63813e-05 2.136e-05 6.18271e-06 -2.30889e-05 6.10858e-06 5.68888e-05 -1.85917e-05 0.000106433 -3.62871e-05 -5.233e-06 -1.64084e-05 -5.14836e-06 1.05576e-05 5.57265e-06 1.59299e-05 -2.82941e-06 2.63987e-05 -2.32448e-05 -5.34126e-06 -8.74911e-07 2.62177e-05 -4.31093e-05 -2.58732e-05 3.61319e-05 3.90307e-05 3.6e-05 -8.55639e-05 -0.000207546 -7.78926e-05 0.000137953 -3.28472e-05 0.000139258 -1.30644e-05 4.05954e-06 3.05024e-05 2.36887e-05 1.48693e-05 1.46513e-06 2.66326e-05 -6.63321e-06 5.53182e-05 -4.91348e-05 -0.000119192 -6.7215e-08 -5.81107e-05 7.04918e-05 6.95454e-05 6.29171e-06 -2.48864e-06 -7.17519e-06 -2.16855e-05 6.70531e-05 4.95678e-05 -0.000107988 5.20493e-05 -2.87528e-05 -2.81751e-06 -7.80635e-08 -3.5117e-07 -5.00846e-06 3.46349e-06 -1.57002e-05 -4.88252e-05 -6.35992e-05 0.000508836 -7.30523e-05 4.21655e-05
 -0.000132797 27.9883 -5.88156 -0.000962773 407.09 -328.546 -0.360165 -0.110664 2.34826 10.0688 0.756368 -17.5328 0.00012807 -2.14185 -0.00641987 3.67651e-05 -1.01245 0.0365095 4.00963e-05 -3.8815 1.68186 6.44638e-05 -4.10227 0.871219 10.7109 21.6455 -5.67895 4.05051 14.9501 -16.9106 14.8351 0.170702 -1.78824 8.60158 9.24441 -15.7243 4.16066 -1.21392 0.00433559 9.48579 -2.61568 -0.0795833 6.3699 2.32596 -0.465675 -0.345965 -0.0292537 0.0606831 -1.2309 2.57813 -1.3595 0.13884 2.14456 -3.33626 0.560898 -0.343881 5.4259 1.71136 5.59832 -7.53134 0.338278 -0.0262872 -1.82807 -1.55484 0.253895 -8.48186 -0.699763 0.198431 0.0854836 5.04481e-05 -5.22159 1.67546 -0.840872 -0.0358732 1.08887 -1.66848 -0.115929 3.0639 -0.0462361 -0.0623666 0.516941 -3.49828 -0.663639 0.0708122 2.13422 -0.221579 0.441701 0.0597821 0.0137556 -0.0741658 0.786225 -1.45631 1.68914 2.65464 1.20571 1.97589 1.93364 -1.80309 -0.778378 4.66315 1.12024 -1.2957 -0.733935 0.736395 -1.83371 3.10252 -0.410928 -0.73694 -0.889997 1.12054 0.0753659 -0.538329 -0.926264 -1.69019 0.24957 0.212601 -0.208417 0.3026 2.35861 -1.2945 -1.66967 -0.437698 -0.373407 2.8044 2.70643 -1.86168 -1.5519 3.87029 -7.65761 3.264 0.365875 0.0911588 -0.507059 -0.967971 -0.627482 0.00941876 -0.0973188 -1.33255 0.651339 0.839214 0.342586 -0.711062 -1.4874 0.0913379 0.0633068 -0.286467 0.742933 -0.791225 -3.1079 -0.0382749 1.56759 -1.85498 0.380002 -0.718398 -0.471308 -0.417482 -0.412052 0.160581 -0.0888535 -1.8199 -4.04441 -4.37036 73.1964 -28.2976 3.97787
 0.00010766 -22.6881 4.76776 0.000782996 -328.546 267.621 0.290269 0.0891654 -1.89359 -8.16262 -0.613251 14.2154 -0.00010356 1.73059 0.00521732 -2.97066e-05 0.816345 -0.0293917 -3.25145e-05 3.14178 -1.36133 -5.2242e-05 3.32089 -0.705265 -8.67986 -17.5435 4.60272 -3.28502 -12.1171 13.7061 -12.0223 -0.139928 1.45535 -6.97154 -7.49296 12.7451 -3.37252 0.980922 -0.00338366 -7.6859 2.11717 0.0645019 -5.16287 -1.88871 0.377877 0.278702 0.0217346 -0.0460574 0.998544 -2.0892 1.10208 -0.11284 -1.7386 2.70424 -0.454632 0.278722 -4.3965 -1.38676 -4.53709 6.10352 -0.274383 0.0213257 1.48173 1.26083 -0.205825 6.87564 0.567352 -0.160882 -0.0694043 -4.08127e-05 4.22429 -1.35541 0.679494 0.0289816 -0.879909 1.35127 0.0938098 -2.47969 0.037088 0.050438 -0.418076 2.83631 0.536977 -0.0573302 -1.73011 0.179623 -0.358106 -0.0484486 -0.0111453 0.0601029 -0.636751 1.18017 -1.36852 -2.15089 -0.976995 -1.60104 -1.56715 1.46146 0.631254 -3.78074 -0.90795 1.05047 0.594677 -0.597114 1.48631 -2.51482 0.33318 0.597164 0.721606 -0.907956 -0.0613001 0.436159 0.750567 1.3698 -0.202323 -0.171909 0.168887 -0.245237 -1.91158 1.04925 1.35341 0.354567 0.30254 -2.27298 -2.19275 1.50985 1.25813 -3.13737 6.20609 -2.64582 -0.296451 -0.0739055 0.410777 0.784392 0.508482 -0.00776919 0.0786018 1.07985 -0.528182 -0.680074 -0.277061 0.576383 1.20582 -0.0744653 -0.0516525 0.232129 -0.60216 0.641429 2.51854 0.0306234 -1.27064 1.50376 -0.308452 0.582242 0.381848 0.338343 0.333937 -0.130083 0.0719678 1.47502 3.27846 3.54212 -59.3347 22.9492 -3.22331
 -1.9495e-06 0.450413 -0.0985739 -4.16785e-06 -0.360165 0.290269 999.848 -0.0907928 0.889691 -0.13555 -0.0217227 0.564606 1.39231e-05 -0.283556 5.32206e-07 7.74237e-06 -0.244633 0.0108429 -9.93831e-07 -0.308447 0.133502 2.1432e-06 -0.331823 0.0702546 0.18396 0.714086 -0.185743 0.0567479 0.761246 -0.861521 0.999691 -0.129096 0.428259 1.04446 0.0897763 -0.220558 -0.0312034 -0.138363 0.00502457 0.0264867 -0.109974 0.00108024 0.0663616 -0.404777 0.0489595 -0.12484 -0.153922 0.240928 0.163382 -0.313993 -0.461452 0.449227 -0.110797 -1.72628 0.79784 -0.768234 -0.210939 -0.408046 0.203283 0.0283341 -0.0677869 0.00634035 -0.0225331 0.0370377 -0.00578253 0.201615 0.000815834 -0.000163129 -0.00485621 4.66548e-06 -0.491247 0.157762 -0.16758 -0.00775587 0.232192 -0.225761 -0.0324025 0.773947 0.024648 0.00319412 -0.0296565 0.133086 -0.667538 0.0498826 -0.256421 0.0259432 0.0344014 0.00207801 -0.000179286 -0.00191694 -0.324707 -0.342095 -0.258889 -0.316476 -0.121679 0.0205765 0.720076 0.696153 -1.06935 0.0381831 0.0870211 0.292175 0.387915 -0.0946415 -0.135441 0.151942 0.192811 -0.251644 -0.0156126 -0.0156296 -0.0314234 -0.0500099 -0.06212 -0.0302156 -0.0701036 -0.113829 0.349451 -0.551067 0.110665 -0.00997695 0.0333767 -0.0470418 0.0763068 -0.038505 -0.0488482 -0.058371 -0.142385 0.108313 0.302313 -0.23387 0.0438566 0.0595849 0.11684 -0.575802 0.222458 -0.169572 0.080508 0.192368 -0.396411 -0.118005 -0.0382637 0.327378 -0.156877 0.179121 0.211464 -0.0268843 0.0551446 0.0342936 0.0720595 0.0489549 0.35219 0.428419 0.0628874 -0.111986 -0.086376 0.0283888 0.0299255 -0.0757731 0.0326998 -0.381504 -0.58493 -0.957776 7.79979 5.16607 1.39817
 -1.00743e-07 0.163556 -0.0355373 -1.01573e-06 -0.110664 0.0891654 -0.0907928 3.81687 -53.8835 -0.0493934 -0.00762058 0.195317 4.17092e-06 -0.0827366 -1.38273e-05 2.48658e-06 -0.0720172 0.00318863 2.05441e-07 -0.0768164 0.0332381 9.63636e-07 -0.105503 0.0224332 0.013357 0.371534 -0.0949946 0.023815 0.245524 -0.277707 0.250909 -0.0516282 0.182164 0.217868 0.115608 -0.203898 0.00477171 -0.0407734 0.00116322 0.0283183 -0.0349354 -2.41855e-05 -0.0059684 -0.0976488 0.011663 -0.0346008 -0.045559 0.0713701 0.0521867 -0.115644 -0.201356 0.188805 0.0255853 -0.596351 0.141835 -0.108136 -0.0624842 -0.137517 0.0443941 0.035515 -0.0227848 0.00254328 -0.090144 0.0763604 -0.0022214 0.00536367 0.000718278 -0.000160879 -0.00192123 1.52339e-06 -0.149941 0.0481837 -0.0507532 -0.00233801 0.0699844 -0.0847633 -0.0116076 0.274113 0.00312564 0.000307338 -0.00391474 0.0558805 -0.0319806 0.00239743 -0.0604252 0.00609748 0.0160291 0.00121702 0.000522219 -0.00175327 -0.1004 -0.125738 -0.0564148 -0.0420369 -0.00224678 0.0157164 0.483461 -0.122558 -0.340086 0.0420611 0.0599501 0.322782 0.119518 -0.0409166 -0.232614 -0.0693548 0.128849 -0.068722 0.0172577 -0.0140164 -0.0249886 -0.0326801 -0.0402926 -0.0160426 -0.0318451 -0.0941927 0.203268 -0.165491 0.0140916 -0.0222228 0.0574388 -0.0288712 0.0324245 -0.0201848 0.00561009 -0.00751638 -0.0967635 0.0129011 0.028523 -0.0546117 0.0270608 0.0386265 0.0363074 -0.123441 0.0283209 -0.0110668 0.00782721 -0.0394707 -0.113221 0.0447815 0.0867142 0.0943368 -0.013448 0.0351585 0.00986598 -0.058549 -0.0688 0.137155 -0.0329614 0.109579 0.179691 0.0488842 -0.0651849 -0.0427927 -0.0278184 0.00656958 0.0123756 -0.0242609 0.0100618 -0.124012 -0.145591 -0.277072 2.55742 1.66396 0.455111
 -2.1222e-09 -2.63493 0.575264 2.25591e-05 2.34826 -1.89359 0.889691 -53.8835 991.533 1.04618 0.154258 -3.9196 -7.95333e-05 1.58799 -3.05356e-05 -4.62026e-05 1.37222 -0.0609842 -2.05589e-06 1.45704 -0.630667 -1.77563e-05 1.97697 -0.420528 -0.258303 -6.63152 1.69613 -0.369002 -4.33906 4.90771 -4.56312 0.998059 -3.54191 -3.98465 -1.98101 3.51101 -0.0769938 0.824525 -0.0249328 -0.571119 0.702902 0.000321145 0.112824 1.94134 -0.233578 0.687159 0.887252 -1.39125 -1.00138 2.09795 3.66275 -3.43103 -0.397364 10.8123 -2.61707 2.01399 1.14438 2.49608 -0.791675 -0.660922 0.424687 -0.0471913 1.60815 -1.37858 0.0409822 -0.132906 -0.0180296 0.00431239 0.0364661 -2.971e-05 2.87594 -0.925174 0.983415 0.0455887 -1.35778 1.55461 0.212841 -5.02485 -0.0600171 -0.00882834 0.0971467 -1.14819 0.66776 -0.0493485 1.11894 -0.112915 -0.299144 -0.0219129 -0.00947423 0.03164 1.81286 2.28316 1.01424 0.763469 0.0645316 -0.272914 -8.77514 2.16598 6.15384 -0.62641 -0.983731 -5.88442 -2.17372 0.741224 4.20652 1.25214 -2.33609 1.25626 -0.331024 0.244552 0.45772 0.595698 0.733311 0.291289 0.568882 1.69232 -3.69378 3.00792 -0.25522 0.394363 -1.04962 0.521045 -0.597689 0.36512 -0.106389 0.130053 1.74746 -0.224247 -0.54185 0.99491 -0.495112 -0.703716 -0.66334 2.2426 -0.522363 0.206543 -0.13931 0.715769 2.06475 -0.803752 -1.57795 -1.72916 0.235678 -0.637916 -0.182643 1.06093 1.25072 -2.5005 0.599082 -1.98852 -3.26646 -0.894439 1.19349 0.780225 0.50857 -0.123085 -0.228158 0.440895 -0.182022 2.24976 2.61932 5.02789 -45.8409 -31.0029 -8.29797
 -7.70352e-05 15.6815 -3.29391 4.87395e-05 10.0688 -8.16262 -0.13555 -0.0493934 1.04618 896.644 -7.01763 147.126 0.000116379 -2.41321 0.00175846 5.73345e-05 -1.95912 0.08891 2.70957e-05 -2.9352 1.27515 2.53245e-05 -3.0323 0.648036 5.71935 6.31565 -1.69737 1.55302 5.31079 -6.01041 6.86642 0.413952 -2.14149 5.57539 3.30189 -5.80172 2.4928 -0.422575 -0.00533197 4.39622 -1.34298 -0.0310753 2.71732 1.06317 -0.201823 -0.0753855 -0.00653677 0.0143457 1.49756 0.78538 -5.32679 3.62398 0.168457 -2.77274 2.46264 -2.61946 3.42289 2.19312 1.17595 -2.79624 0.69073 -0.0536251 -2.86078 4.49614 -0.00364799 -4.89147 -0.0930837 0.0269013 -0.0390256 1.96281e-05 -3.00629 0.964507 -0.382508 -0.0119863 0.397831 -1.09468 -0.0887413 2.46731 -0.416751 -0.230964 1.87417 -1.45525 -5.28673 0.415357 0.239904 -0.0274731 0.708303 0.000908634 -0.0116366 0.0107808 -0.482827 -8.09854 0.422256 6.05001 6.64286 8.21016 -7.96987 -4.48993 2.922 12.5946 4.14931 -9.66861 2.95356 -1.61441 -3.29427 3.11499 8.73347 13.5242 -16.8206 1.89346 2.04983 0.833111 -0.333971 -0.738856 -0.965684 2.65305 -5.19736 0.406016 3.30646 -3.44855 0.926117 0.064618 -1.74084 0.0665019 -0.380269 1.18201 -5.17733 9.3653 -10.3596 7.00222 -1.97452 -0.815332 1.48108 -5.38886 0.496548 -3.2941 -1.17784 1.28373 -0.172653 -0.357192 -0.910235 -1.03981 -1.27604 1.27507 0.0758661 -2.61759 0.317736 1.00944 -1.20426 0.252798 -1.87662 1.32264 2.03709 -1.31807 -2.67706 -0.893126 -0.830854 0.124764 0.0133911 -0.966156 -1.55313 2.16001 43.6871 -21.7218 1.78887
 -4.42939e-06 1.14348 -0.240335 4.21639e-06 0.756368 -0.613251 -0.0217227 -0.00762058 0.154258 -7.01763 2.3176 -33.6447 8.18526e-06 -0.167471 8.49146e-05 4.42323e-06 -0.139892 0.00626025 2.16147e-06 -0.225016 0.097628 2.0179e-06 -0.230291 0.0490922 0.212786 0.775418 -0.200655 0.144475 0.559348 -0.632671 0.430201 -0.0143523 0.0246473 0.146684 0.394523 -0.655028 0.151918 -0.0416985 5.61064e-05 0.0980723 -0.0504224 -0.000922151 0.0137215 0.0869656 -0.0127983 -0.02492 -0.0243619 0.0385427 -0.0745583 0.0364837 0.0140668 -0.0208077 0.101725 -0.321548 -0.0509879 0.0913145 0.150598 -0.035887 0.17249 -0.178618 0.0126592 -0.00113471 -0.0641841 0.103726 0.000680007 -0.145379 -0.00259412 0.000802332 -0.00205195 1.63182e-06 -0.211697 0.0679359 -0.0439019 -0.00174441 0.0537037 -0.0155186 -0.000450686 0.0180938 -0.0171062 -0.00909904 0.0729316 -0.127972 0.288691 -0.0212796 0.0384949 -0.00418556 0.0334072 0.00279804 0.000934845 -0.00376381 -0.052063 -0.51462 0.22869 0.748378 0.615818 0.65839 -0.417584 -0.188182 -0.160426 0.392954 0.106692 -0.155768 0.38594 0.0232058 -0.474827 -0.261257 0.137914 0.423878 -0.219703 -0.0209413 -0.0394964 -0.0205814 -0.0468054 -0.0568673 -0.0778831 0.0592227 -0.160156 -0.0438688 0.111223 -0.105448 -0.00856365 -0.0309518 -0.0620718 -0.00791778 0.0518101 -0.0196861 -0.147966 0.309005 -0.297012 0.0289108 -0.00789421 -0.0441657 0.039373 -0.241738 0.0289263 -0.0601058 -0.0283306 -0.0275031 -0.0802876 0.0367364 0.00524468 -0.0671588 -0.0634672 -0.00432185 0.0267941 -0.0756722 0.0161797 0.00321769 -0.0950502 0.0109272 0.0624464 0.00760393 -0.0172477 -0.0291004 -0.0398538 -0.023603 -0.0234226 -0.00321077 0.00282712 -0.101698 -0.190492 -0.252335 3.37936 -0.520048 0.277337
 0.000101777 -26.6 5.59082 -9.51512e-05 -17.5328 14.2154 0.564606 0.195317 -3.9196 147.126 -33.6447 784.002 -0.000196802 4.03579 -0.00232914 -0.000105678 3.38598 -0.151828 -4.94713e-05 5.41291 -2.34879 -4.61738e-05 5.50293 -1.17329 -5.04181 -17.8679 4.62603 -3.32695 -12.9033 14.5948 -10.2158 0.408493 -0.845757 -3.56682 -9.04082 15.025 -3.57018 1.09878 -0.00686656 -2.35149 1.27878 0.0211196 -0.333151 -1.84769 0.275257 0.651768 0.644048 -1.01932 1.70476 -0.898059 -0.0767564 0.317032 -2.24708 7.45923 1.07212 -1.98837 -3.59146 0.7434 -3.97376 4.17092 -0.310824 0.0275581 1.63017 -2.52192 -0.0168535 3.54737 0.0446839 -0.0142974 0.0531737 -3.99147e-05 5.12624 -1.64607 1.09357 0.0439158 -1.34288 0.297518 0.00458076 -0.287492 0.39096 0.209241 -1.67782 3.0858 -6.45447 0.474638 -0.892069 0.0969946 -0.760632 -0.0639442 -0.021018 0.085667 1.21924 12.0086 -5.37236 -17.3235 -14.0331 -15.0976 9.7276 4.52141 3.70532 -10.0779 -2.68317 3.9898 -8.94545 -0.467688 11.003 5.88397 -3.46013 -10.1986 5.63663 0.41248 0.837174 0.440688 1.08799 1.33858 1.82208 -1.45194 3.86438 0.988738 -2.6596 2.54102 0.168567 0.712124 1.48781 0.17674 -1.16919 0.4151 3.57419 -7.40883 7.16797 -0.901095 0.250251 1.04066 -0.952456 5.72441 -0.681452 1.49113 0.694661 0.593033 1.85454 -0.826229 -0.0942729 1.56912 1.49894 0.0612875 -0.613066 1.82389 -0.378023 -0.108812 2.22032 -0.256639 -1.36507 -0.217524 0.329492 0.713541 1.00582 0.574834 0.568128 0.0690766 -0.0657297 2.3588 4.39912 5.68272 -78.8277 12.7054 -6.40045
 2.72384e-10 -8.22917e-05 1.8072e-05 6.91021e-10 0.00012807 -0.00010356 1.39231e-05 4.17092e-06 -7.95333e-05 0.000116379 8.18526e-06 -0.000196802 1000 8.08571e-05 -6.0501e-06 -9.91111e-10 4.82324e-05 -1.79886e-06 2.53151e-10 3.6635e-05 -1.57554e-05 -8.59058e-11 4.73462e-05 -9.84865e-06 -0.000277958 -0.000569128 0.000150336 -2.84458e-05 -0.000176706 0.000199797 -8.01407e-05 2.99304e-05 -0.000109447 -0.000141498 5.98014e-05 -8.77089e-05 0.000110547 3.10929e-05 -9.97112e-07 -0.000374016 0.000145986 3.81779e-06 -4.45875e-05 0.000173123 -2.00137e-05 2.69766e-05 3.6857e-05 -5.81084e-05 8.58406e-05 8.41664e-07 -0.000195274 0.000142238 3.28625e-05 4.93957e-05 -1.22111e-05 9.88279e-06 0.000125921 -3.15587e-05 -4.03177e-05 5.6822e-05 -3.22306e-06 3.50768e-07 -3.7815e-05 -5.60577e-06 1.48371e-06 -5.56576e-05 -1.29984e-06 3.75478e-07 -6.1627e-07 -6.96774e-10 7.66016e-05 -2.42983e-05 1.51666e-05 6.61483e-07 -1.9137e-05 3.43141e-05 4.78526e-06 -0.000119548 1.71267e-07 1.13324e-06 -1.02439e-05 -4.40969e-05 0.000257537 -1.90403e-05 9.68635e-06 -8.76805e-07 1.13763e-05 -8.81852e-07 -1.37267e-07 1.02796e-06 -6.14272e-05 -3.29174e-05 5.39993e-05 0.00010442 4.84946e-05 1.97462e-05 -8.61041e-06 3.81109e-06 -0.000106268 1.87963e-06 7.00646e-06 0.000254025 0.00014093 -0.000137308 -8.45453e-05 4.45622e-05 3.06655e-05 6.11538e-05 4.3306e-05 -1.3583e-05 -9.7746e-05 -1.48468e-05 5.59144e-05 2.80293e-05 -5.03727e-05 -2.98602e-05 -7.32007e-05 4.75224e-05 3.18376e-05 1.46833e-05 -1.20961e-05 -1.775e-05 -3.36105e-05 3.8776e-06 -1.61405e-05 -2.66632e-05 -3.23129e-05 -3.01143e-05 -3.21343e-05 -3.5289e-05 -1.21009e-05 4.60027e-06 1.63919e-05 2.97758e-05 2.45498e-05 2.0944e-05 9.94019e-06 -2.13394e-06 -4.23389e-05 -4.95713e-05 -2.16132e-05 8.10205e-06 2.53798e-05 -7.55255e-06 -4.30087e-05 -3.91786e-06 -8.23361e-06 -2.46198e-07 -8.69357e-06 -7.87958e-06 3.98588e-06 2.51286e-05 3.44291e-05 -1.89707e-05 -5.82003e-06 -1.25524e-05 -8.05913e-06 -2.22031e-06 5.56077e-06 3.38128e-05 6.37878e-05 8.57526e-05 -0.000782842 -0.000322884 -0.000116967
 -1.37782e-05 2.4489 -0.531548 -1.1554e-05 -2.14185 1.73059 -0.283556 -0.0827366 1.58799 -2.41321 -0.167471 4.03579 8.08571e-05 998.041 -2.56262 1.66838e-05 -1.07985 0.0409307 -9.71799e-06 -0.690214 0.296006 -4.36602e-06 -0.906967 0.187276 8.13616 13.7779 -3.66689 0.767203 4.47301 -5.05877 2.7119 -0.631124 2.23014 4.6121 -0.515185 0.511138 -3.29127 -0.799308 0.0292778 7.49651 -3.29631 -0.0814762 1.15894 -4.79741 0.557966 -0.644176 -0.898451 1.41476 -1.84451 0.979292 4.02508 -3.28503 -1.26982 -0.56547 1.05839 -1.20137 -3.60114 1.45585 0.81552 -1.57682 0.0515242 -0.00474956 0.832472 0.208309 -0.0304734 1.06524 0.0131026 -0.00371389 0.0193324 1.36523e-05 -1.61813 0.511346 -0.278654 -0.0114865 0.336772 -0.796591 -0.106454 2.66818 0.00489013 -0.0213487 0.198573 1.23109 -8.49518 0.640631 -0.183012 0.0157482 -0.305601 0.0192294 0.00354248 -0.0229677 1.7991 1.83 -0.840029 -2.17652 -0.999909 -0.32471 0.899091 0.294613 2.03682 -0.195525 -0.196373 -4.8858 -3.82018 2.4151 3.28925 -0.760511 -0.736614 -1.63614 -0.289524 0.483783 1.92389 0.249836 -1.39615 -1.13817 1.57415 1.09413 1.9019 -0.913435 -0.670689 -0.192148 0.209622 0.274812 0.656603 0.0258332 0.464373 0.65416 0.752545 0.573183 0.695474 0.726687 0.190709 -0.295884 -0.643503 -0.899721 -0.581093 -0.5068 -0.356487 -0.050814 0.563901 0.604202 0.160825 -0.0191666 -0.238439 0.216686 0.750713 -0.0225091 0.0519274 -0.253316 0.0662959 0.0665072 -0.20083 -0.966052 -1.33643 -0.0404574 -0.0541478 0.105546 0.0359209 0.186539 -0.169423 -0.60328 -1.2429 -1.59258 14.256 5.33763 2.06534
 1.9049e-07 -0.0235759 0.00499306 2.48104e-08 -0.00641987 0.00521732 5.32206e-07 -1.38273e-05 -3.05356e-05 0.00175846 8.49146e-05 -0.00232914 -6.0501e-06 -2.56262 0.82372 2.28191e-07 -0.00610506 0.000320098 2.13105e-08 -0.00273511 0.00120675 5.28881e-08 -0.00405262 0.000893555 -0.0319889 -0.0561786 0.0148837 -0.00567643 -0.0236932 0.0267955 -0.0123181 -0.000147231 0.00153534 -0.0176539 -0.00478407 0.00908826 0.00101459 -0.00182592 0.000164936 -0.0365295 0.00799935 0.000382649 -0.0113939 0.00531252 -0.000336194 -3.16909e-05 -0.00072556 0.00111345 0.00300225 -0.00455677 -0.0156253 0.0131142 0.00185311 0.000278444 -0.00524986 0.00619169 0.00625355 -0.00568823 -0.00533534 0.00897003 -0.000497316 4.39611e-05 -0.00111052 -0.000936013 5.34267e-05 -0.00128528 6.05944e-05 -1.74601e-05 -4.07448e-05 7.01877e-08 -0.00451036 0.00153551 -0.000404266 -1.81201e-05 0.000452028 0.0013044 0.000117862 -0.0033038 -0.000295206 -0.000201871 0.00150456 -0.00416553 0.0291713 -0.00219186 -0.000197972 2.97043e-05 0.000174389 -7.64466e-05 -1.30816e-05 9.03035e-05 -0.00624743 -0.00394097 0.00107889 0.00430223 0.00232506 0.00117505 -0.00166497 -0.00114681 -0.00640232 -0.00137984 0.00072297 0.0164858 0.0123149 -0.0077993 -0.0107394 0.00204489 0.00206816 0.00514294 0.00118478 -0.00202397 -0.00637817 -0.000547352 0.00517575 0.0042002 -0.00531964 -0.00381405 -0.00633353 0.00307749 0.00208103 0.000407028 -0.000707808 -0.000978497 -0.00194724 -0.000176433 -0.00164221 -0.00212889 -0.00224136 -0.00219551 -0.00162776 -0.00266048 -0.000527347 0.00114435 0.00244965 0.00332274 0.00214911 0.00168475 0.00103521 -0.000111134 -0.00208858 -0.00196707 9.58869e-05 0.000630953 0.0011622 -0.000742718 -0.0023199 0.00028283 -0.000140287 0.00133527 -5.31833e-05 3.03764e-06 0.000833636 0.00338005 0.00427437 0.000277393 0.00022739 -0.000154271 7.62696e-05 -0.0007214 0.000594802 0.00207658 0.00478548 0.00514061 -0.0663825 0.00706928 -0.00581619
 -2.93713e-10 -4.62283e-05 1.00103e-05 1.65647e-10 3.67651e-05 -2.97066e-05 7.74237e-06 2.48658e-06 -4.62026e-05 5.73345e-05 4.42323e-06 -0.000105678 -9.91111e-10 1.66838e-05 2.28191e-07 1000 2.34445e-05 -3.40811e-06 -3.71863e-10 2.47811e-05 -1.06423e-05 -5.59966e-10 2.92629e-05 -6.06394e-06 2.2663e-05 5.63702e-06 -1.91258e-06 -8.33729e-06 -5.15103e-05 5.82097e-05 2.50388e-05 1.35339e-05 -5.48652e-05 6.27126e-05 1.07119e-05 -2.24106e-05 -2.33999e-05 6.18352e-06 -7.24196e-08 -0.000129481 3.37132e-05 9.93526e-07 -3.0932e-05 9.57337e-06 -2.77516e-07 7.73441e-06 1.19991e-05 -1.89069e-05 7.17474e-05 -5.51337e-06 -0.000193979 0.000143769 -1.9996e-05 7.13427e-05 2.87189e-05 -4.09008e-05 7.01527e-06 2.94194e-05 -3.87115e-05 2.52582e-05 6.69065e-06 -5.43902e-07 -1.13265e-05 1.76446e-05 -3.30508e-08 -1.96051e-05 -2.38097e-06 6.51787e-07 4.59756e-07 -4.54047e-10 3.50075e-05 -1.11218e-05 1.00476e-05 4.88062e-07 -1.40786e-05 8.41694e-06 1.69079e-06 -4.28389e-05 6.88797e-07 1.38236e-06 -1.21374e-05 -3.52124e-06 -0.000321976 2.54442e-05 1.75313e-05 -1.76664e-06 1.15208e-06 -9.72528e-07 -2.26935e-07 1.20971e-06 -2.54509e-05 1.52859e-05 5.46828e-05 7.0098e-05 3.80193e-05 3.17844e-05 4.31193e-05 -3.8884e-06 -0.000162359 -3.39789e-05 -6.19169e-06 0.00024577 -1.25498e-05 0.000129214 -5.52777e-05 1.07362e-06 6.89713e-05 -2.35727e-05 3.86979e-05 -1.84766e-05 -3.59195e-05 -2.68104e-05 -1.56576e-05 4.53104e-06 2.64411e-06 4.72498e-05 -2.61164e-05 -6.95198e-06 -4.05965e-05 2.18931e-09 9.79573e-06 8.85202e-06 -1.00407e-05 -4.46336e-06 -2.03483e-05 -9.632e-06 -1.82279e-05 -2.4614e-05 -3.00023e-05 -7.46649e-06 -9.73266e-06 -4.33536e-07 -2.03005e-06 9.52397e-06 6.15813e-06 -7.61852e-06 -1.28494e-05 -1.17769e-05 -1.51069e-05 -3.0679e-05 -4.1593e-05 -2.1078e-07 7.3415e-06 -5.98678e-06 3.32589e-06 7.70742e-06 -1.24628e-05 2.4608e-05 1.32744e-06 -2.01206e-05 -1.32487e-05 -1.70641e-05 -8.89162e-06 -1.9131e-05 -3.80113e-06 -9.88532e-06 -8.26105e-06 6.85061e-06 2.10475e-06 2.48839e-05 4.56967e-05 5.93017e-05 -0.000508852 -0.000335836 -9.10696e-05
 -5.0664e-06 2.10168 -0.453931 -6.33996e-06 -1.01245 0.816345 -0.244633 -0.0720172 1.37222 -1.95912 -0.139892 3.38598 4.82324e-05 -1.07985 -0.00610506 2.34445e-05 996.922 -46.7288 -1.90877e-08 -0.682957 0.293278 3.79414e-06 -0.824617 0.171087 3.59221 3.91694 -1.06808 0.418646 2.64423 -2.99156 1.49201 -0.382318 1.36815 2.40676 0.0635374 -0.272808 -1.09564 -0.449742 0.0162706 3.81126 -1.58503 -0.0374841 1.69552 -2.58343 0.276402 -0.386316 -0.564303 0.887061 -1.41926 1.78209 3.58509 -3.25076 -0.487035 -1.06448 0.595786 -0.600204 -1.8873 0.766984 1.16391 -1.64878 -0.201697 0.0204227 0.127737 0.113347 -0.0148258 0.525382 0.0330823 -0.00883416 -0.000925365 1.26748e-05 -1.16889 0.370731 -0.289871 -0.013242 0.387731 -0.578481 -0.0838401 2.11206 -0.0521444 -0.0447363 0.392162 0.537118 0.657448 -0.0614232 -0.379527 0.0364749 -0.114306 0.0287687 0.00562534 -0.0346897 1.56046 1.17067 -1.29539 -2.39789 -1.24586 -0.790517 -0.477006 0.735098 3.71519 0.776373 0.0956367 -7.04218 -2.49011 -0.17235 3.97746 1.25721 -3.32232 -3.10638 2.60667 -0.13044 1.18608 0.609173 0.202915 -0.32552 -0.548594 0.685257 0.674729 0.150291 0.574468 0.429963 0.0343973 -0.0144103 0.308505 0.176025 0.746773 0.544638 0.647832 0.63997 0.938823 0.512002 0.419155 0.239366 -0.213344 -1.32711 -0.333607 -0.00388217 0.157638 0.142529 0.265091 0.320979 0.552658 0.218359 0.243577 -0.288923 -0.00582621 0.0788814 0.332145 -0.573026 -0.801329 0.332249 0.237923 -0.256991 -0.648998 -0.514509 -0.23865 0.0140849 0.0554005 0.021775 -0.14532 -0.63633 -1.10404 -1.50437 13.7813 7.48876 2.275
 4.01116e-07 -0.11308 0.0243351 3.03724e-07 0.0365095 -0.0293917 0.0108429 0.00318863 -0.0609842 0.08891 0.00626025 -0.151828 -1.79886e-06 0.0409307 0.000320098 -3.40811e-06 -46.7288 3.06814 2.50362e-08 0.0275049 -0.0117802 -1.08425e-07 0.0331803 -0.00684041 -0.173433 -0.193848 0.0527526 -0.0227338 -0.132078 0.149429 -0.0732369 0.0166095 -0.0588014 -0.115783 -0.00756186 0.0204935 0.0482594 0.0190989 -0.000644553 -0.185839 0.0732911 0.00183809 -0.0844835 0.115569 -0.0121267 0.0164668 0.0237837 -0.037396 0.0653249 -0.0856271 -0.172751 0.156623 0.0216192 0.0504835 -0.0285508 0.028815 0.0860276 -0.0368639 -0.0573379 0.0810507 0.00925095 -0.000940887 -0.00491986 -0.00553806 0.000670488 -0.0233942 -0.00134233 0.000354527 6.64092e-05 -4.78789e-07 0.0485651 -0.0153292 0.0126391 0.000576145 -0.0169553 0.0267017 0.0037956 -0.0959677 0.00182017 0.00175468 -0.015666 -0.0267692 -0.0321727 0.00299144 0.0173324 -0.00166134 0.00479869 -0.0013805 -0.000268579 0.00166325 -0.0742308 -0.0571705 0.0597248 0.115833 0.0614478 0.0390225 0.0228317 -0.0351735 -0.175594 -0.0423081 -0.00663961 0.336307 0.118737 0.00778839 -0.189404 -0.0600649 0.158286 0.14825 -0.124128 0.00619923 -0.0566837 -0.0288919 -0.0093195 0.0157684 0.0262385 -0.0326813 -0.0321349 -0.00717117 -0.0273962 -0.0204744 -0.00149061 0.000698327 -0.0144606 -0.00842258 -0.0355395 -0.0258495 -0.0306423 -0.030788 -0.0441326 -0.0245636 -0.0198805 -0.0112901 0.0103913 0.0634874 0.0161026 0.000164661 -0.0076142 -0.00695329 -0.0128366 -0.0154428 -0.0259494 -0.00995526 -0.0112297 0.0136667 0.00025588 -0.00368614 -0.0158752 0.0276446 0.0381334 -0.0157354 -0.0112377 0.0124143 0.0307212 0.0245566 0.0113428 -0.000542222 -0.00250725 -0.00108 0.00691965 0.0304422 0.05344 0.0717725 -0.677331 -0.331738 -0.107486
 -9.42796e-10 2.67055e-05 -5.64495e-06 4.11377e-11 4.00963e-05 -3.25145e-05 -9.93831e-07 2.05441e-07 -2.05589e-06 2.70957e-05 2.16147e-06 -4.94713e-05 2.53151e-10 -9.71799e-06 2.13105e-08 -3.71863e-10 -1.90877e-08 2.50362e-08 1000 -6.24844e-07 9.35212e-07 -4.98797e-10 7.44215e-06 -1.62532e-06 6.85381e-05 -7.14926e-06 3.95005e-07 8.25618e-06 5.36165e-05 -6.06814e-05 7.37058e-05 7.15498e-06 -3.35517e-05 0.000145164 -4.18159e-05 5.75075e-05 -3.91773e-05 -3.49884e-06 3.68724e-07 -5.00681e-05 1.97005e-06 2.30271e-07 -9.41736e-06 -3.82134e-05 5.05975e-06 -2.36629e-06 -1.96288e-06 3.03219e-06 3.75988e-05 1.39105e-05 -7.99305e-05 5.33615e-05 -3.47466e-05 1.99609e-05 6.67163e-05 -8.03622e-05 -3.1395e-05 2.29264e-05 -8.143e-06 -2.83207e-06 -8.49671e-07 2.69895e-07 -2.32176e-05 6.86811e-06 -1.60403e-07 -5.66135e-07 -1.7735e-06 4.84387e-07 3.71304e-07 -1.44801e-10 -5.25983e-07 1.10767e-07 2.67151e-07 5.50767e-08 -1.77812e-06 4.25415e-06 6.12517e-07 -1.35716e-05 6.59758e-07 4.49444e-07 -3.53792e-06 4.24085e-06 -0.000350842 2.71431e-05 8.14677e-06 -8.43413e-07 1.02576e-06 -6.54328e-07 -2.32357e-07 8.94148e-07 1.59759e-06 -3.71108e-05 -4.86795e-05 -6.86386e-05 -2.08504e-05 1.41855e-05 0.000101364 0.000361966 -0.000188299 -4.30455e-05 -2.63446e-05 -6.89126e-05 -7.00891e-05 0.000124299 3.12085e-05 6.42199e-06 7.24818e-05 -1.2579e-06 -2.95074e-05 1.33794e-05 3.22474e-05 -1.20465e-05 -1.34066e-05 -1.16518e-05 -9.96209e-06 1.98406e-06 9.20691e-06 -1.02404e-05 2.52982e-06 -1.50617e-06 9.71979e-06 9.95345e-06 2.01213e-06 1.96296e-06 -1.32893e-05 -5.85331e-06 9.35982e-07 -4.37196e-06 3.29412e-06 -1.15267e-06 8.41681e-06 -5.59152e-07 -3.76618e-06 -5.7211e-06 5.91296e-07 -6.98724e-06 -1.35013e-06 1.53983e-05 -1.60384e-06 -4.77348e-05 -4.8405e-05 2.57963e-05 1.74785e-05 -8.98056e-06 7.64504e-06 1.64819e-05 -8.24096e-06 3.50607e-05 -9.58564e-06 -7.85832e-07 -9.47116e-06 -2.41696e-05 -2.25916e-05 -2.33731e-05 -7.49634e-06 -6.21507e-06 -4.32137e-06 3.06447e-06 -3.15074e-07 2.78711e-06 1.10064e-05 2.99575e-06 -5.516e-05 -3.87157e-05 -1.01545e-05
 -1.69295e-05 1.34366 -0.296451 -1.56561e-05 -3.8815 3.14178 -0.308447 -0.0768164 1.45704 -2.9352 -0.225016 5.41291 3.6635e-05 -0.690214 -0.00273511 2.47811e-05 -0.682957 0.0275049 -6.24844e-07 837.285 -363.835 1.54336e-05 -1.86336 0.397546 -0.851254 4.79599 -1.20662 -0.241351 -0.31092 0.351963 -0.386093 -0.759924 2.98563 -0.178296 2.37223 -3.85405 0.488429 -0.303601 0.00357469 2.09669 -0.653753 -0.013563 0.185154 -0.315257 0.0271884 -0.295095 -0.359491 0.566195 -0.670993 -0.767414 2.19054 -1.33011 0.927893 -3.15693 -1.22051 1.75022 -0.086499 -1.72522 0.825562 0.104118 -0.188108 0.0197949 -0.392514 -0.930168 0.0277087 0.0348677 -0.0224709 0.00668383 -0.00859429 1.21084e-05 -1.29814 0.420785 -0.54296 -0.0279574 0.815933 -0.784118 -0.106083 2.51519 -0.11459 -0.0489011 0.404577 -1.53272 3.3077 -0.240298 -0.474789 0.049117 0.123768 0.0408303 -0.0026229 -0.0385712 -0.539034 3.53601 1.55312 0.347721 -1.21576 -0.550863 -33.4085 15.4012 1.32688 2.94373 1.14909 3.98974 -6.60439 1.08934 2.38253 -1.03529 0.157022 -1.23873 -0.149745 -0.104977 1.29513 0.244777 0.188037 0.643618 1.00728 0.156194 -0.217599 -0.558123 0.943213 -0.291636 -0.104064 -0.0160672 0.737665 1.46494 -0.40205 0.0216548 0.355842 0.14658 0.850259 -0.891528 0.12493 0.0925095 0.406035 -0.405884 0.178477 0.652469 0.717748 0.441204 0.246815 1.18025 0.921564 -0.358979 -0.262408 -0.895028 -0.0731428 0.119588 0.0127644 1.66922 -0.299949 0.482614 1.06309 0.478163 0.177528 -0.964632 -0.433291 -0.0247769 0.162039 -0.363153 0.0705222 -0.865432 -0.911426 -1.79697 18.9826 9.90216 3.08498
 7.48919e-06 -0.598931 0.13199 6.76761e-06 1.68186 -1.36133 0.133502 0.0332381 -0.630667 1.27515 0.097628 -2.34879 -1.57554e-05 0.296006 0.00120675 -1.06423e-05 0.293278 -0.0117802 9.35212e-07 -363.835 159.669 -6.74678e-06 0.809558 -0.172713 0.371016 -2.09435 0.526923 0.103982 0.13113 -0.148445 0.166816 0.329837 -1.29585 0.0774325 -1.03758 1.68578 -0.21331 0.129897 -0.00144677 -0.912017 0.283112 0.00591244 -0.0805635 0.132941 -0.0112757 0.127047 0.154876 -0.243914 0.291921 0.334947 -0.954975 0.579743 -0.404823 1.37671 0.532942 -0.764065 0.0370246 0.751939 -0.360462 -0.0446306 0.0815992 -0.00859292 0.172109 0.405509 -0.012118 -0.0135888 0.00993677 -0.00295255 0.0036711 -5.21167e-06 0.563034 -0.182489 0.23551 0.0121194 -0.35382 0.341097 0.0461543 -1.09435 0.0487318 0.0210767 -0.174351 0.670967 -1.44185 0.104732 0.206254 -0.021339 -0.0531513 -0.0177998 0.00114673 0.0168116 0.235241 -1.53779 -0.679318 -0.156533 0.5287 0.247286 14.5679 -6.72159 -0.575461 -1.2831 -0.503226 -1.7382 2.87906 -0.475653 -1.03833 0.451232 -0.0689656 0.539702 0.0658946 0.0458707 -0.564912 -0.106665 -0.0819014 -0.280461 -0.438804 -0.0677671 0.0948486 0.243244 -0.411261 0.127226 0.0455108 0.00696345 -0.321325 -0.638569 0.175383 -0.0092442 -0.154882 -0.0642688 -0.370152 0.388461 -0.0545274 -0.0403715 -0.176953 0.176978 -0.0777357 -0.28457 -0.313063 -0.192545 -0.107803 -0.514528 -0.401376 0.1566 0.114528 0.389866 0.0317209 -0.0522563 -0.00575926 -0.727318 0.13055 -0.210482 -0.46339 -0.208376 -0.0777719 0.420322 0.188645 0.0108085 -0.0706186 0.158294 -0.030767 0.377339 0.398216 0.783498 -8.29621 -4.28864 -1.34362
 -6.43606e-10 2.69572e-05 -5.63831e-06 2.26072e-10 6.44638e-05 -5.2242e-05 2.1432e-06 9.63636e-07 -1.77563e-05 2.53245e-05 2.0179e-06 -4.61738e-05 -8.59058e-11 -4.36602e-06 5.28881e-08 -5.59966e-10 3.79414e-06 -1.08425e-07 -4.98797e-10 1.54336e-05 -6.74678e-06 1000 1.98402e-05 -4.39107e-06 0.000109294 -0.000124641 2.94577e-05 1.5838e-05 7.07705e-05 -8.0126e-05 9.8089e-05 1.24574e-05 -5.40971e-05 0.000170558 2.73737e-05 -5.7331e-05 -5.01725e-05 -3.44619e-06 5.63147e-07 -9.71869e-05 1.16428e-05 5.88331e-07 -9.07434e-07 -4.88562e-05 5.95551e-06 -9.20857e-07 -1.87652e-06 2.76587e-06 2.31277e-05 6.73766e-05 -5.22818e-05 1.41949e-05 -5.61006e-05 3.0375e-05 0.000117407 -0.000141127 -3.99261e-05 4.64539e-05 -1.62267e-05 -7.23905e-06 -1.14788e-07 1.82038e-07 -1.80951e-05 1.03531e-05 3.555e-08 -1.20857e-05 -1.89381e-06 5.34109e-07 4.87606e-07 -2.4362e-10 1.3277e-05 -4.46022e-06 3.97052e-06 2.35658e-07 -6.46483e-06 4.34433e-06 9.05598e-07 -2.05809e-05 1.09077e-06 7.96337e-07 -6.41717e-06 1.18031e-05 -0.000292996 2.28258e-05 4.74304e-06 -5.21313e-07 -5.29033e-09 -6.84666e-07 -2.41186e-07 9.33396e-07 1.30244e-05 1.84489e-05 5.18604e-06 -3.41373e-06 5.2338e-06 1.58283e-05 9.71563e-05 8.91369e-05 -0.000122131 -5.27224e-05 -2.46554e-05 -2.883e-05 3.43458e-07 9.72547e-05 7.97391e-05 -2.845e-05 3.09716e-05 -4.42118e-05 0.000118056 -3.93972e-05 -1.21487e-07 1.19707e-06 8.1891e-07 -2.51186e-06 1.09816e-05 4.77609e-05 5.64117e-06 2.05505e-06 -2.35412e-05 2.42012e-05 4.26843e-07 5.17022e-06 -7.62697e-07 7.20615e-06 5.77266e-06 3.64761e-06 -2.2619e-07 -1.31779e-05 8.06744e-06 -1.04988e-05 -4.2509e-07 -1.0177e-05 -1.6059e-05 -4.25823e-06 7.99518e-06 -4.01473e-06 1.28764e-05 1.14641e-05 -2.25717e-05 -0.000101741 -6.7732e-05 3.63424e-05 1.74168e-05 2.01781e-06 1.92972e-06 8.59147e-06 -1.18062e-05 -4.34162e-06 4.50689e-06 -1.81098e-05 -1.72943e-05 -3.01343e-05 -3.78567e-05 -2.42125e-05 -1.02468e-05 -1.07562e-05 -1.01231e-05 8.0141e-06 -1.43062e-06 1.15669e-05 1.4193e-05 2.01854e-05 -0.000244359 -0.000146004 -4.19359e-05
 9.1628e-06 0.027434 -0.0179729 -1.76734e-05 -4.10227 3.32089 -0.331823 -0.105503 1.97697 -3.0323 -0.230291 5.50293 4.73462e-05 -0.906967 -0.00405262 2.92629e-05 -0.824617 0.0331803 7.44215e-06 -1.86336 0.809558 1.98402e-05 954.362 -204.273 -0.744593 12.4738 -3.159 -0.0249497 0.527395 -0.59325 -3.83339 -1.15519 4.75793 -3.10734 0.784157 -1.04526 0.604891 -0.372047 -0.00107461 3.89532 -1.1674 -0.0300947 -1.49217 0.45194 -0.0315622 -0.309323 -0.374043 0.593966 -0.794073 -2.26954 1.59487 -0.355974 1.63333 -4.53731 -2.71179 3.643 0.311093 -2.71647 0.709789 0.799011 -0.13995 0.0117044 0.299192 -0.303538 -0.0194848 1.13677 0.0374378 -0.0105518 -0.0160753 1.66036e-05 -1.43892 0.469288 -0.469938 -0.0241557 0.689638 -0.753232 -0.109514 2.59027 -0.111427 -0.0586349 0.489659 -0.562814 2.18179 -0.170439 -0.34835 0.0370197 0.0298182 0.036584 0.0019722 -0.038905 -0.815257 0.282889 -0.80707 -1.59394 -1.15539 -0.690496 -9.13122 3.63212 2.30633 2.45037 1.07345 1.32069 -7.09049 -0.625002 4.50361 -0.0488479 -2.23281 -6.93245 1.76078 0.77643 -0.734641 -0.524407 -0.285792 0.341565 -0.29623 -1.00906 -0.966799 0.528624 1.37299 -0.733108 -0.0900491 -0.0856868 0.264211 -0.196453 0.170901 0.065229 0.121127 0.436454 0.271577 0.133927 0.281066 0.640351 1.02955 0.587803 0.211872 0.231953 0.115414 0.143998 0.348014 2.41722 1.7867 -0.46101 -0.365688 -0.134589 0.363102 0.314811 0.393418 0.983122 0.129729 0.573957 2.22143 1.52823 0.684085 -0.484175 -0.0214135 0.296975 0.41922 -0.516698 0.0905629 -0.963839 -1.15651 -2.00401 21.179 10.9417 3.42947
