 1000 0.00511359 -0.000218424 7.7731e-09 -0.000420536 6.01211e-05 -3.82913e-09 -6.18391e-06 3.17762e-05 -9.11781e-05 -4.99354e-05 0.000240392 1.65324e-09 -1.17057e-05 1.0255e-07 1.78219e-09 -1.82352e-05 2.04524e-07 2.58993e-10 -3.68422e-05 2.41058e-06 7.38815e-10 -1.78412e-05 5.20587e-07 -0.000284474 -0.000621705 9.32246e-05 -5.52744e-05 -0.000507111 0.000228237 -0.000119101 -0.000130696 0.000180973 -0.000194755 -0.000293151 0.000201698 -4.42805e-05 4.21922e-06 7.22534e-07 -0.000427083 9.18042e-05 3.62049e-06 -0.000156611 1.09853e-05 2.48654e-06 -9.80709e-06 -2.03427e-05 6.73948e-06 2.16326e-05 -0.000199963 -0.000256376 0.000202872 -7.91492e-07 3.38639e-05 -3.86314e-05 5.44633e-05 -0.000131441 -9.49918e-05 -0.000113769 0.000121769 -1.10964e-06 7.85215e-08 5.15874e-05 -1.88798e-06 -1.72423e-06 5.78847e-05 7.65794e-07 -2.54989e-07 -4.4272e-08 1.96427e-09 -3.50428e-05 1.32365e-06 -8.49199e-06 -7.80148e-06 2.60476e-05 -4.0197e-05 -8.98594e-06 0.000108935 4.03195e-06 4.40326e-06 -1.71379e-05 -6.08616e-05 0.0002225 -5.29915e-06 -8.18749e-06 5.92374e-07 -5.03867e-06 -1.43894e-06 -4.98056e-07 1.94842e-06 -5.10345e-05 6.3132e-05 -5.44941e-05 -0.000221735 -0.000123736 1.3567e-05 -0.000156501 0.000471158 -0.000145254 -0.000369734 -0.000192308 0.000108457 -1.61672e-05 1.75747e-05 -1.5257e-05 -1.00728e-05 1.26673e-05 -4.29743e-07 -9.21309e-05 0.000160729 -0.000149676 8.77999e-06 9.27837e-06 3.95981e-06 -1.10139e-05 -1.82961e-05 -8.31137e-06 -1.7247e-05 6.36836e-05 -5.10255e-05 -2.00461e-05 -3.18724e-05 -2.2366e-05 -1.52288e-05 3.35281e-06 -1.8692e-05 -2.2841e-05 0.000159375 -6.77002e-05 3.90581e-05 -3.07494e-06 1.44037e-05 3.15491e-05 1.01791e-05 4.65995e-05 2.13104e-05 7.52665e-05 4.53719e-05 3.27034e-05 1.72897e-05 5.22387e-06 3.3538e-05 1.36281e-05 3.60153e-06 3.47677e-05 1.01913e-05 5.01853e-05 7.11475e-05 3.62837e-05 4.44698e-05 4.04561e-05 1.38793e-05 3.92916e-05 1.00712e-05 2.22066e-05 2.37778e-05 2.3606e-05 -2.13601e-05 7.75901e-06 7.84612e-06 1.63773e-05 -2.57101e-05 -0.000351045 0.000177924 -2.86193e-05
 0.00511359 590.593 -23.7298 -0.000607477 31.9247 -4.56431 0.000410965 0.857439 -4.45623 6.41941 4.0561 -19.5385 -0.00014735 1.01184 -0.00648145 -0.000164131 1.64987 -0.0145153 -6.07752e-05 2.1059 -0.139506 -9.48245e-05 1.72503 -0.0469745 26.6639 44.292 -6.73251 3.65327 34.404 -15.4857 12.0895 10.1137 -14.1179 20.7266 21.9964 -15.3924 2.53555 -0.233673 -0.055336 31.4328 -6.79406 -0.266098 13.9153 -2.22053 -0.119375 0.958975 1.60452 -0.533116 0.875508 14.16 14.2026 -12.1756 -1.50911 -0.469006 5.92719 -8.65861 9.62608 8.68946 8.91459 -10.0292 -0.0413762 0.00853803 -4.3842 1.27443 0.101999 -4.71732 -0.178201 0.0618776 0.0057199 -0.000180522 2.9236 -0.107672 0.788952 0.662327 -2.21673 2.89509 0.660022 -7.96773 -0.0881199 -0.0629148 0.253866 5.87304 -28.4593 0.756013 1.36906 -0.111967 0.188451 0.0968246 0.0179955 -0.115537 4.92811 -4.16146 3.4805 13.6997 6.9677 -3.1082 -4.34544 1.96232 -5.34427 22.9448 12.8002 -3.87323 -1.71532 -1.70185 2.17837 7.66809 4.20173 -1.46968 -9.25655 5.38919 0.602276 0.51376 -1.75592 -0.595516 1.83106 2.60422 1.2561 1.69827 -1.52069 1.69595 2.04459 1.98707 1.31754 0.829152 1.16564 1.1726 0.783284 -2.35382 -2.52638 2.0701 -0.156254 -0.744756 -2.12299 -2.90882 -1.85664 -3.65824 -4.18417 -3.11607 -0.742183 -1.45043 -2.17222 -1.66556 -1.25754 -1.29344 -2.94382 -2.97246 -1.66502 -3.52355 -4.0503 -1.75262 -2.43483 -4.18459 -4.08069 -2.98303 -2.30903 -1.9758 -1.82846 2.00046 -0.700747 -0.353573 -0.818005 1.43929 21.8639 -13.3166 1.40523
 -0.000218424 -23.7298 1.82241 2.52257e-05 -1.32277 0.189116 -1.78424e-05 -0.0372196 0.193548 -0.267232 -0.167838 0.808503 6.97554e-06 -0.0487291 0.000269001 7.28576e-06 -0.0754874 0.000631861 2.49289e-06 -0.0928755 0.00613373 3.91056e-06 -0.075755 0.00204935 -1.10542 -1.83481 0.278904 -0.153832 -1.42515 0.641485 -0.501648 -0.419625 0.585758 -0.859648 -0.91175 0.638033 -0.118269 0.00161524 0.00253502 -1.30579 0.273339 0.0110724 -0.585369 0.074026 0.00640001 -0.0452525 -0.0741043 0.0244895 -0.042162 -0.58566 -0.58783 0.503953 0.0608015 0.0183952 -0.246545 0.360232 -0.39963 -0.36009 -0.369341 0.415585 0.00173432 -0.000355029 0.181895 -0.0529043 -0.0042384 0.195978 0.00712336 -0.00247343 -0.000136177 8.00885e-06 -0.130982 0.00475081 -0.0348767 -0.0288418 0.0965721 -0.119709 -0.0273832 0.330552 0.00255575 0.00191475 -0.00783454 -0.234377 1.1854 -0.0315042 -0.0567506 0.00464145 -0.00791684 -0.00399749 -0.000740765 0.00476784 -0.204237 0.175283 -0.144715 -0.568716 -0.288646 0.134985 0.180221 -0.0848691 0.221813 -0.94614 -0.529402 0.159986 0.0713951 0.070014 -0.090734 -0.318059 -0.174525 0.0605815 0.383716 -0.224131 -0.0240823 -0.0213388 0.0726451 0.0245093 -0.0761903 -0.108258 -0.0519079 -0.0699112 0.0625776 -0.0702312 -0.0850569 -0.0824792 -0.0547371 -0.0344135 -0.048407 -0.0486465 -0.0323234 0.0965825 0.104949 -0.0860308 0.00649038 0.0307793 0.0877783 0.120313 0.0765386 0.151239 0.172793 0.12863 0.0304013 0.0599487 0.0900061 0.068834 0.0519748 0.0535362 0.12172 0.123098 0.0688254 0.145568 0.167646 0.0724271 0.100601 0.173236 0.168978 0.123504 0.0955143 0.0816916 0.0755961 -0.082864 0.0290196 0.0145717 0.0336412 -0.0597059 -0.903426 0.55033 -0.0580496
 7.7731e-09 -0.000607477 2.52257e-05 1000 0.00521913 -0.000756365 -4.61473e-09 -8.5285e-06 4.44264e-05 -0.000105278 -6.39282e-05 0.000307727 -1.11756e-09 9.80904e-06 1.59523e-07 9.39794e-10 -4.43066e-06 2.30287e-07 5.65263e-10 -4.91685e-06 4.44389e-07 4.21145e-10 3.07211e-06 9.80286e-09 -0.000380562 -0.000797509 0.00012011 -7.46972e-05 -0.000695444 0.000313184 -0.000156329 -0.000190083 0.000262451 -0.000246416 -0.000519041 0.000353411 5.77597e-05 3.3953e-05 -1.59394e-07 -0.000489176 0.000148529 4.52057e-06 -0.00015433 0.000122396 -4.71379e-06 1.92717e-05 9.69413e-06 -2.6428e-06 5.51169e-05 -0.000166751 -6.50509e-05 8.41692e-05 -2.19612e-05 6.19297e-05 -3.42752e-05 4.59836e-05 -0.000174752 -0.000154296 -0.000119729 0.000152343 1.18385e-05 -1.17143e-06 8.78208e-05 1.64493e-05 -7.10094e-06 0.000213939 1.19193e-05 -4.23004e-06 -1.79976e-06 1.3407e-10 1.82111e-06 3.9455e-07 -4.51611e-06 -5.20679e-06 1.7187e-05 -4.31461e-05 -1.15368e-05 0.000137789 3.42975e-06 1.07311e-06 -4.61771e-06 -8.25277e-05 0.000281434 -7.34701e-06 -8.27025e-06 6.18636e-07 -1.17515e-05 -2.15884e-06 -5.90073e-07 2.76607e-06 -0.000110933 6.91669e-05 -2.52943e-05 -0.00020537 -0.000185026 -0.000167156 0.000137485 4.4772e-05 -8.52673e-05 -0.00013468 -2.56529e-05 3.06536e-05 -1.77958e-05 4.14178e-05 -4.29161e-05 7.38873e-05 -3.89828e-05 3.64718e-05 1.16717e-05 -6.89089e-05 -1.60473e-06 1.90327e-05 6.38161e-05 2.49817e-06 5.90146e-06 -7.57743e-05 -3.75382e-06 -3.08725e-05 -1.45179e-05 4.66324e-05 -1.73197e-05 4.53939e-05 -3.36445e-05 -0.000112978 -0.000193976 -0.000266729 -7.85025e-05 0.000275204 4.65943e-05 8.01413e-05 -1.50447e-05 1.70008e-05 9.15196e-05 9.90643e-06 5.63153e-05 -7.3335e-06 0.000106165 3.30258e-05 5.5412e-05 -6.14249e-05 -5.96701e-05 -1.98636e-05 -2.48685e-05 0.000103192 0.000112689 3.08004e-05 1.2674e-05 7.66434e-05 7.55801e-05 0.00010324 6.64636e-05 -5.73155e-05 8.9693e-05 2.07658e-05 3.11345e-05 3.05089e-05 2.95349e-05 -3.24884e-05 1.47188e-05 1.4321e-05 4.08089e-06 -6.55173e-05 -0.000499973 0.000143932 -5.91069e-05
 -0.000420536 31.9247 -1.32277 0.00521913 709.378 -100.545 0.000219136 0.438086 -2.25086 5.54964 3.74084 -18.0113 4.79597e-05 -0.447001 -0.00526996 -6.16934e-05 0.329975 -0.00836275 -4.11544e-05 0.499131 -0.0362181 -3.33613e-05 0.0163002 -0.00374606 21.8612 35.1553 -5.35406 2.94444 28.2748 -12.7283 12.4396 8.67448 -12.1811 19.1327 18.8592 -13.2525 -2.88079 -1.6052 0.0116761 22.4368 -6.84665 -0.187047 10.5683 -6.97837 0.290082 -0.651414 -0.451928 0.125985 -2.21812 9.05885 2.85991 -4.20839 -0.320008 -0.89705 3.88418 -5.64098 8.67074 7.46326 8.18714 -8.9918 -0.0665501 0.0101023 -3.99202 -2.3372 0.455939 -12.1493 -0.695498 0.242844 0.0920676 -1.94851e-05 0.0688524 -0.0196424 0.238719 0.276741 -0.917588 2.18308 0.567334 -6.83136 -0.0962168 0.0148008 -0.0391321 5.5761 -24.5798 0.657632 1.89293 -0.154748 0.398666 0.0704813 0.017807 -0.0888296 4.333 -2.55017 0.0452702 5.2714 7.59383 8.91454 -1.44001 -0.477638 -0.0352039 7.16854 1.52481 -2.44207 -0.109756 1.32536 0.272819 4.70746 0.113565 -2.15898 0.226621 2.82031 -0.0520511 -0.552869 -1.77934 -1.5513 2.7088 2.74843 0.34078 0.823533 1.84062 -1.07666 0.0841059 1.55336 2.73191 5.68116 3.56767 -0.992116 -0.889149 -0.252365 -5.10476 3.24319 0.704808 -0.759832 -2.1661 -2.76581 -1.41346 -2.46627 -2.27362 -3.1916 -0.250624 0.0507315 -0.551811 -1.42214 -1.66906 -0.766814 -1.69357 -1.16064 -1.2281 -3.33335 -4.58694 -1.13461 -0.549491 -4.03715 -3.46469 -2.88673 -1.99149 -1.66999 -1.49909 1.57833 -0.586629 -0.468796 -1.02799 1.10218 22.9834 -13.9391 1.49476
 6.01211e-05 -4.56431 0.189116 -0.000756365 -100.545 15.2738 -3.23529e-05 -0.0646797 0.332576 -0.793805 -0.534713 2.57453 -6.08232e-06 0.0577957 0.000753884 9.32791e-06 -0.0544882 0.00122688 5.82268e-06 -0.0754695 0.00543649 4.67468e-06 -0.00529839 0.00060714 -3.12601 -5.02629 0.765492 -0.42385 -4.04236 1.81973 -1.7789 -1.24061 1.74211 -2.73591 -2.6963 1.89473 0.398548 0.22297 -0.00146081 -3.21105 0.972067 0.0267844 -1.51971 0.97921 -0.0399831 0.0885618 0.0575076 -0.0157911 0.315088 -1.29494 -0.409294 0.601893 0.0434053 0.127292 -0.556252 0.807916 -1.24024 -1.06698 -1.17053 1.28557 0.0094996 -0.00144252 0.570759 0.33383 -0.0651589 1.73649 0.0996791 -0.0348039 -0.0132289 3.28743e-06 -0.0189921 0.00307747 -0.0365062 -0.0410579 0.136227 -0.312111 -0.0811345 0.976959 0.0126072 -0.00278054 0.00817811 -0.786665 3.51871 -0.0941607 -0.270548 0.0221175 -0.0569189 -0.0100661 -0.00254256 0.012686 -0.619377 0.366652 -0.00781007 -0.754277 -1.08396 -1.27287 0.205031 0.0684179 0.00516538 -1.02485 -0.217157 0.349249 0.0159878 -0.189674 -0.0393477 -0.673397 -0.0165794 0.308279 -0.0323632 -0.402836 0.00732229 0.0789598 0.254099 0.221564 -0.387395 -0.392982 -0.0486537 -0.11737 -0.262959 0.153497 -0.01235 -0.222303 -0.390518 -0.811671 -0.50956 0.142079 0.127198 0.0356192 0.72942 -0.463633 -0.100627 0.108619 0.309473 0.395233 0.20187 0.352433 0.324762 0.455959 0.0356445 -0.00707402 0.0791273 0.203361 0.238608 0.109509 0.241957 0.165995 0.175669 0.47633 0.655535 0.162096 0.0785107 0.577138 0.495217 0.412587 0.284613 0.238676 0.214245 -0.225649 0.0838494 0.0669533 0.146817 -0.157551 -3.28369 1.99171 -0.213527
 -3.82913e-09 0.000410965 -1.78424e-05 -4.61473e-09 0.000219136 -3.23529e-05 1000 -6.78804e-05 0.000217571 0.00018121 0.000106139 -0.000509583 5.19395e-09 -3.90486e-05 -1.0529e-07 3.43889e-09 -4.47446e-05 4.97164e-08 8.23544e-10 -1.61923e-06 -1.90009e-08 1.03249e-09 -3.29399e-05 7.08524e-07 0.000293635 0.00035781 -5.65683e-05 1.51382e-05 0.000300669 -0.000136257 0.00027444 6.53715e-05 -9.86593e-05 0.000538898 -0.000166139 8.70758e-05 -0.000138507 -1.42538e-05 3.3484e-07 -0.000239169 1.94208e-05 9.36359e-07 4.76242e-05 -0.000194016 1.25836e-05 -3.37892e-05 -4.90761e-05 1.48015e-05 3.39565e-05 8.51871e-05 -0.000163955 6.65513e-05 -2.59226e-05 -0.000579017 0.000250661 -0.000327429 -0.000230089 5.80303e-05 8.26252e-05 -7.06541e-05 5.43025e-05 -4.38735e-06 -8.73094e-05 2.50477e-05 2.29853e-07 -2.66001e-05 -2.65487e-06 9.45124e-07 4.14514e-07 5.15705e-09 -8.92107e-05 1.9825e-06 -1.54296e-05 -1.19931e-05 4.10086e-05 -9.49627e-05 -1.48043e-05 0.000186805 -2.33718e-05 -1.12596e-05 4.37467e-05 8.57605e-05 -0.000161578 6.34817e-06 -3.93303e-05 3.64536e-06 3.30943e-05 2.63664e-06 -1.32081e-07 -2.52161e-06 6.98831e-06 0.000158088 -1.28385e-05 -0.000160852 1.42267e-05 0.00013335 0.000951143 -0.00113989 0.000419911 3.95646e-05 3.87338e-06 -8.69818e-05 -0.00028015 0.000373281 -0.000185637 0.000336021 -1.07253e-05 -0.000121395 2.31054e-05 2.66325e-05 1.61818e-06 -2.28116e-05 -2.45557e-05 -8.50346e-06 -1.32474e-05 2.97637e-05 0.000297754 -0.000443139 0.000104509 6.74288e-05 2.61475e-05 -5.98758e-05 1.55473e-05 4.38637e-05 -5.20525e-05 -3.50703e-05 -5.02554e-05 0.000246158 0.000100054 4.40675e-05 -0.000123224 -1.44129e-05 -2.31631e-05 -3.91202e-05 -5.79046e-05 7.56971e-05 -5.52533e-05 -8.88928e-06 -8.11237e-05 -0.00026673 -0.000106795 5.63197e-05 -0.000220405 0.000169589 0.000107426 3.75614e-05 4.20379e-05 0.000127479 -0.000202284 2.79792e-05 -0.000286843 6.71302e-06 0.000288365 -0.000106932 -4.27138e-05 -3.38899e-05 -2.45868e-05 1.25735e-06 -1.67458e-06 -3.36483e-05 -8.0417e-05 -4.87302e-05 0.00180957 -0.00106203 0.000121749
 -6.18391e-06 0.857439 -0.0372196 -8.5285e-06 0.438086 -0.0646797 -6.78804e-05 35.772 -182.627 0.326926 0.186485 -0.89524 1.1212e-05 -0.0841952 -0.000198057 6.68979e-06 -0.0866537 0.000168821 2.96033e-06 0.0298173 -0.00197019 3.4038e-06 -0.0826639 0.00198186 0.473768 1.36053 -0.204837 0.0520059 0.792454 -0.358324 0.358962 0.0117409 -0.0290914 0.83651 0.358016 -0.272787 -0.295979 -0.0357048 9.77314e-05 -0.410059 0.0125837 0.000368942 0.0536216 -0.401446 0.0246587 -0.0636187 -0.111233 0.0327595 0.142694 0.171728 -0.599079 0.284014 0.124906 -1.34138 0.184027 -0.178562 -0.477452 0.0915408 0.00120889 -0.0196482 0.0668296 -0.0037798 -0.549119 0.313407 0.0012902 -0.365674 -0.0103331 0.00363001 0.000726474 1.18168e-05 -0.199086 0.0047018 -0.0326561 -0.0248231 0.0854711 -0.273528 -0.0430796 0.533542 -0.0662471 -0.0345132 0.133497 0.211904 -0.24918 0.0116836 0.0645424 -0.00467004 0.0781895 0.00542726 0.00239328 -0.00786638 0.0257974 0.2328 -0.105145 -0.391075 0.182653 0.542774 3.49729 -3.6318 0.473008 0.519122 0.260491 0.823999 -0.852036 0.40976 -0.873525 0.477256 0.305604 -0.229701 0.0986033 0.0382754 -0.0656002 -0.107548 -0.0928247 -0.00528512 -0.0582007 -0.163485 1.01852 -0.793404 0.0682317 0.00458219 0.318761 -0.0764948 0.0631833 0.0798461 0.0115963 -0.0490333 -0.286923 0.237377 0.014279 0.190587 -0.2021 0.0238048 -0.0951389 0.0823054 -0.190913 0.227791 -0.197833 -0.433741 -0.33596 -0.0843538 0.175811 0.198379 -0.163141 0.116714 -0.168126 -0.225573 -0.193745 0.412433 -0.500668 0.425837 -0.0191645 -0.294516 -0.050137 -0.321035 -0.147031 -0.0940858 -0.0583603 -0.0114425 -0.00596638 -0.0314221 0.00391466 0.0504109 4.12792 -2.35758 0.290894
 3.17762e-05 -4.45623 0.193548 4.44264e-05 -2.25086 0.332576 0.000217571 -182.627 962.005 -1.71039 -0.974561 4.67839 -5.9587e-05 0.448021 0.00103529 -3.53292e-05 0.460135 -0.000912668 -1.53485e-05 -0.155871 0.0102991 -1.76893e-05 0.433726 -0.0104001 -2.46543 -7.10148 1.06919 -0.265499 -4.12128 1.86361 -1.87318 -0.0472071 0.132797 -4.37063 -1.85178 1.41291 1.57026 0.200498 -0.00092156 2.18838 -0.064361 -0.00223088 -0.254624 2.13462 -0.13191 0.34346 0.596332 -0.175921 -0.757988 -0.892615 3.13684 -1.48879 -0.651269 7.03403 -0.956704 0.924131 2.52102 -0.473989 -0.000642203 0.0959692 -0.351114 0.0198646 2.86473 -1.64502 -0.00612772 1.89809 0.0538602 -0.0189231 -0.00377293 -6.3139e-05 1.06171 -0.0251857 0.176269 0.134346 -0.462278 1.4469 0.2275 -2.81772 0.351832 0.181648 -0.702868 -1.13563 1.26126 -0.060062 -0.337194 0.0243877 -0.418714 -0.028479 -0.0125451 0.0412647 -0.133078 -1.23717 0.551084 2.06361 -0.95411 -2.8691 -18.3222 19.0309 -2.48186 -2.71348 -1.33184 -4.32526 4.46534 -2.14909 4.58229 -2.49953 -1.59923 1.20449 -0.517816 -0.200125 0.343605 0.563687 0.485359 0.0271916 0.307559 0.858845 -5.34008 4.15878 -0.359006 -0.0236224 -1.66888 0.402542 -0.330231 -0.417984 -0.0600124 0.257872 1.50345 -1.24649 -0.0766023 -0.998754 1.05968 -0.125475 0.497625 -0.431973 1.00062 -1.19565 1.03624 2.27394 1.76226 0.442736 -0.922905 -1.04151 0.856071 -0.613679 0.879569 1.18096 1.014 -2.16399 2.62401 -2.23404 0.101304 1.54248 0.258654 1.68212 0.769875 0.492351 0.304954 0.0611533 0.030966 0.165397 -0.0179194 -0.259023 -21.6456 12.3596 -1.5258
 -9.11781e-05 6.41941 -0.267232 -0.000105278 5.54964 -0.793805 0.00018121 0.326926 -1.71039 925.52 -39.8567 185.013 -3.84271e-06 0.0300098 -0.000754189 -1.81242e-05 0.216645 -0.00155674 -4.57695e-06 0.141763 -0.00882418 1.75223e-05 -0.348407 0.00919337 5.39351 4.89741 -0.777004 0.532585 3.27372 -1.47445 3.94302 0.835021 -1.27675 6.20444 0.611383 -0.657859 1.09575 0.496088 -0.0240371 5.42054 -0.892977 -0.0483324 3.70547 0.295296 -0.0879308 0.583409 0.76828 -0.245522 2.19974 2.809 -3.85561 1.29925 -0.559301 -2.83233 3.86548 -5.43521 2.3408 4.47763 -0.374906 -1.69211 0.70786 -0.0529613 -1.4962 2.81818 0.0786467 -5.50066 -0.341291 0.118605 2.67117e-06 -5.06862e-05 0.724752 -0.0263578 0.286033 0.225024 -0.752889 0.881577 0.253674 -2.97139 -0.362505 -0.278228 1.08311 1.62957 -12.2999 0.348347 0.349738 -0.0294526 0.69326 -0.00545343 -0.0141946 0.0197419 0.701707 -0.388248 -2.09648 -3.11986 5.01313 4.20119 -6.41894 -0.756388 3.85633 7.28462 1.99181 -6.98849 1.43046 -1.26798 0.279421 4.62341 9.38878 10.1197 -15.2533 1.53536 2.6503 1.59318 0.265596 -0.190218 0.0903193 2.51952 -3.54694 0.659532 1.90162 -2.4317 1.34137 0.784461 -0.675217 0.324081 -0.653873 0.95256 -3.34478 6.09827 -6.79184 5.21274 -1.43381 -0.772812 0.610987 -4.07192 0.222093 -3.04959 -1.27131 1.13928 0.070284 -0.157909 0.344333 -1.19625 -0.790753 0.65776 -0.504053 -2.34721 0.0926192 0.246996 -1.0381 -0.180365 -2.06311 0.463999 0.263836 -1.38082 -2.87862 -1.06896 -0.793132 0.470209 -0.109553 0.294246 0.371071 9.44795 7.30137 -8.76673 -0.2663
 -4.99354e-05 4.0561 -0.167838 -6.39282e-05 3.74084 -0.534713 0.000106139 0.186485 -0.974561 -39.8567 22.0749 -100.922 -3.2367e-06 0.026407 -0.000448704 -1.02491e-05 0.124609 -0.00111866 -4.5748e-07 0.122097 -0.00805515 9.21411e-06 -0.207437 0.00497442 2.61239 4.81053 -0.72725 0.512487 3.67112 -1.65272 1.05491 1.00389 -1.39557 2.04519 2.58228 -1.79096 0.647819 0.189157 -0.0125769 2.87779 -0.532122 -0.0243516 1.51681 0.28319 -0.0513925 0.211821 0.377233 -0.120723 -0.259115 1.09609 0.776695 -0.752496 -0.28144 -0.433185 0.676212 -0.964561 0.972662 0.745232 0.948344 -0.990394 -0.0629883 0.00549273 -0.606301 -0.0434685 0.0430783 -1.36494 -0.0907178 0.0317789 -0.00279279 -2.80304e-05 0.439886 -0.0149177 0.130679 0.121979 -0.40912 0.490279 0.0986539 -1.20667 0.0056316 0.00186242 -0.00797516 0.165693 -2.17694 0.0576125 0.225606 -0.0187595 0.188374 0.0102187 0.00440071 -0.0147053 0.463236 -1.43611 -0.578866 1.88568 4.62622 3.16396 -2.6436 -1.79766 0.59321 0.459268 -0.0195178 0.0920101 1.22691 -0.340981 -1.79668 -0.0313352 1.49622 0.962075 -0.558691 0.266734 -0.125132 -0.0722924 -0.222056 -0.187202 0.254343 0.491934 -0.370413 0.0172566 0.401823 -0.178169 0.250478 0.115385 0.0988311 0.2895 0.562809 -0.000721132 -0.101836 0.356172 -0.762558 0.208348 -0.0391915 -0.165306 -0.25549 -0.637403 0.0087494 -0.338449 -0.460666 -0.383988 -0.31422 -0.0596725 -0.379788 -0.16998 -0.109321 -0.0792004 -0.24316 -0.360229 -0.126242 -0.325176 -0.465284 -0.1211 -0.0238802 -0.413284 -0.544469 -0.34974 -0.265384 -0.222954 -0.215011 0.167383 -0.0653552 -0.0909417 -0.155898 -0.122403 3.32298 -1.10541 0.36142
 0.000240392 -19.5385 0.808503 0.000307727 -18.0113 2.57453 -0.000509583 -0.89524 4.67839 185.013 -100.922 486.443 1.47454e-05 -0.119916 0.00216082 4.86886e-05 -0.589491 0.00533835 2.22715e-06 -0.579167 0.0382297 -4.40918e-05 1.00403 -0.0240864 -12.5944 -23.1335 3.49771 -2.46709 -17.6447 7.9436 -5.11979 -4.81635 6.69765 -9.88463 -12.388 8.59478 -3.10747 -0.890699 0.0600494 -13.8793 2.58608 0.117381 -7.30597 -1.3228 0.244474 -1.00787 -1.80322 0.57703 1.23907 -5.29779 -3.6599 3.58434 1.38556 2.12278 -3.29768 4.70265 -4.70029 -3.62994 -4.54009 4.76888 0.295104 -0.0258167 2.94755 0.184334 -0.20898 6.64924 0.434965 -0.152367 0.0138188 0.000134584 -2.11082 0.0716383 -0.625152 -0.585583 1.96397 -2.40625 -0.481762 5.89253 -0.0339641 -0.0128646 0.0533972 -0.801156 10.6209 -0.281253 -1.08831 0.0904879 -0.907347 -0.0489211 -0.0209353 0.0702671 -2.22931 6.91256 2.79325 -9.03162 -22.2103 -15.2346 12.7564 8.6311 -2.86144 -2.40046 0.103688 -0.349942 -5.90159 1.65041 8.61414 0.0967371 -7.28344 -4.73163 2.85632 -1.29872 0.571312 0.328547 1.06575 0.903903 -1.22245 -2.39066 1.81989 -0.0887109 -1.94699 0.883022 -1.21867 -0.561883 -0.467077 -1.39349 -2.69154 -0.00783121 0.528048 -1.77644 3.73479 -1.05746 0.204534 0.801553 1.21977 3.10237 -0.0445937 1.65738 2.22542 1.83047 1.50689 0.288711 1.81801 0.82807 0.532886 0.373992 1.17296 1.75454 0.605677 1.5568 2.24444 0.583696 0.136781 1.97824 2.61142 1.69414 1.30528 1.082 1.04102 -0.808523 0.314735 0.432074 0.738925 0.468417 -16.0235 5.40319 -1.73061
 1.65324e-09 -0.00014735 6.97554e-06 -1.11756e-09 4.79597e-05 -6.08232e-06 5.19395e-09 1.1212e-05 -5.9587e-05 -3.84271e-06 -3.2367e-06 1.47454e-05 1000 2.67214e-05 -6.12124e-06 -2.30649e-09 3.05322e-05 2.88097e-07 -1.79786e-10 2.13245e-05 -1.02124e-06 -8.30512e-10 2.81927e-05 -2.99272e-07 -0.000228117 -0.000616782 9.3698e-05 -1.42844e-05 -0.000238118 0.000108066 -4.2084e-05 4.13315e-05 -5.41131e-05 -9.35825e-05 5.49921e-05 -3.16048e-05 0.000103042 1.04831e-05 1.66367e-07 -0.000173759 6.9484e-05 3.38846e-06 3.06293e-05 0.000103583 -6.74428e-06 2.50429e-05 3.10822e-05 -9.07663e-06 6.21091e-05 8.57058e-06 -0.000120727 6.47462e-05 -1.72824e-06 4.47926e-05 4.42358e-05 -6.79646e-05 0.000149157 -4.135e-05 -2.4102e-05 2.7863e-05 -1.78899e-05 1.34699e-06 -2.36962e-05 -3.38942e-06 2.64164e-06 -8.42327e-05 -1.10735e-06 3.78016e-07 -2.98428e-07 -2.42432e-09 4.45751e-05 -4.76509e-07 8.8535e-06 5.33456e-06 -1.84328e-05 3.31628e-05 7.65358e-06 -9.70414e-05 2.59248e-06 2.10942e-06 -8.86878e-06 -4.45148e-05 8.84394e-05 -4.07889e-06 -1.75307e-05 1.4902e-06 1.60272e-06 -1.17699e-06 7.84905e-09 1.17697e-06 -8.89484e-05 -0.000196447 -4.19544e-05 7.95679e-05 3.99866e-05 3.87135e-06 -5.00323e-05 1.25674e-05 -0.000164925 2.55726e-05 2.80021e-05 0.000391399 -2.85785e-05 -0.000319369 1.91723e-05 0.000139251 0.000165746 2.0931e-06 3.83329e-05 -2.31236e-05 -7.38331e-05 3.90056e-05 6.25356e-05 -6.46367e-05 -2.80238e-05 -8.09526e-05 -1.31165e-05 4.71724e-05 3.66233e-06 2.28015e-05 2.23963e-05 -1.78203e-05 -1.93751e-05 -6.71401e-06 -3.16462e-05 -3.56367e-05 -5.40619e-05 -3.1171e-05 -3.36425e-05 -4.07262e-05 -2.30996e-06 2.41113e-05 3.8021e-05 2.4774e-05 3.12123e-05 4.50235e-05 4.29302e-05 1.23722e-05 -3.21198e-05 -4.68372e-05 -4.5023e-06 1.31283e-05 2.00339e-05 -2.58873e-05 -2.64059e-06 -7.91906e-06 1.43517e-06 1.73908e-05 -1.72819e-05 7.95e-06 7.55559e-05 7.5816e-05 2.8515e-05 -1.16185e-05 -3.77741e-06 -2.56065e-07 -1.49546e-06 -1.36586e-05 1.10556e-05 1.16805e-05 4.89416e-05 3.88767e-05 -0.000644002 0.00048987 -2.54086e-05
 -1.17057e-05 1.01184 -0.0487291 9.80904e-06 -0.447001 0.0577957 -3.90486e-05 -0.0841952 0.448021 0.0300098 0.026407 -0.119916 2.67214e-05 999.795 -0.111806 1.66944e-05 -0.230666 -0.00201471 3.44625e-07 -0.153895 0.00725599 4.5838e-06 -0.201761 0.0018738 1.95988 4.61218 -0.705065 0.0900328 1.68547 -0.765762 0.409421 -0.251706 0.323401 0.950275 -0.184685 0.0752444 -0.861631 -0.0858986 -0.000889498 1.04628 -0.48364 -0.0238436 -0.161655 -0.901491 0.0578413 -0.199154 -0.250912 0.0736453 -0.480228 0.103882 0.941654 -0.555607 -0.0492889 -0.295591 -0.224095 0.349494 -1.21561 0.440014 0.167932 -0.249888 0.113832 -0.00828425 0.203637 0.0464507 -0.0205486 0.635178 0.00590268 -0.00199558 0.00251363 1.75759e-05 -0.330015 0.00319332 -0.0689437 -0.0397306 0.137363 -0.281822 -0.0632081 0.800719 -0.0200729 -0.0128535 0.0554905 0.437615 -1.1949 0.0473856 0.128519 -0.0110991 -0.0258001 0.00884749 -0.000224136 -0.00868098 0.777345 1.64757 0.361168 -0.640046 -0.289368 0.0214821 0.463614 0.0213319 1.10011 -0.17559 -0.189522 -2.75529 -0.122975 2.29481 0.266216 -1.07219 -1.30038 -0.169233 -0.0231731 0.162155 0.528446 -0.238015 -0.522818 0.331738 0.436157 0.578137 0.248442 -0.267072 -0.0437964 -0.0702972 -0.118885 0.15232 0.176833 0.0974103 0.265679 0.285197 0.408689 0.243991 0.225936 0.285846 0.00839662 -0.215098 -0.334497 -0.226696 -0.215278 -0.360462 -0.365236 -0.155564 0.145429 0.253878 0.000452849 -0.061547 -0.0695876 0.147332 -0.0038073 -0.0311834 -0.0158766 -0.185709 0.0887291 -0.0981707 -0.582431 -0.690492 -0.362013 0.0144705 -0.0154443 -0.0312468 -0.0197823 0.151558 -0.0977103 -0.0819488 -0.359184 -0.290276 4.34594 -3.34981 0.164245
 1.0255e-07 -0.00648145 0.000269001 1.59523e-07 -0.00526996 0.000753884 -1.0529e-07 -0.000198057 0.00103529 -0.000754189 -0.000448704 0.00216082 -6.12124e-06 -0.111806 0.813944 2.35476e-07 -0.00283461 1.48116e-05 4.67193e-08 -0.00211624 0.000135197 1.15129e-07 -0.00270375 6.76514e-05 -0.00482374 -0.00868044 0.00131523 -0.000845554 -0.00665224 0.00299495 -0.00199407 -0.00188244 0.00261898 -0.00342938 -0.003281 0.00231036 -0.00191174 -0.00105574 4.1626e-05 -0.00759695 0.000528105 6.67001e-05 -0.0031009 -0.00144957 0.000165891 -0.000741499 -0.00159006 0.000495618 -0.000210523 -0.00119377 -0.0014961 0.00119856 -4.0802e-06 -0.000206275 -0.00102461 0.00151573 -0.00124809 -0.00123073 -0.00122443 0.00139048 -6.17423e-05 4.42523e-06 0.00065789 -0.000167697 -1.16611e-05 0.000562253 2.80968e-05 -9.76971e-06 1.46062e-06 1.73514e-07 -0.0029911 9.40804e-05 -0.00036551 -0.000266591 0.000896622 -0.000402136 -0.000126748 0.0015169 -0.000186151 -0.000232031 0.000881282 -0.000864307 0.00842969 -0.000222559 -0.000237749 1.95154e-05 -3.65977e-05 -5.24375e-06 1.32784e-06 3.94521e-06 -0.000939554 0.000963297 -0.000124077 -0.0011043 -0.000355825 -6.82995e-06 5.5342e-05 1.26143e-05 -0.0008059 -0.000600837 0.000689779 0.00241556 0.000298517 -0.001941 -0.000809901 0.000239641 0.000654728 0.000104207 7.68162e-05 -0.000366284 -0.000425687 0.000279138 0.000680642 -0.000176938 -0.000787912 -0.000911656 -0.000122201 0.000490138 0.000115843 -0.000215581 -0.000299005 -0.000391003 -0.000317544 -0.000176107 -0.000316398 -0.000364184 -0.00027966 -6.42222e-05 -7.12149e-05 -0.000360634 1.6176e-05 0.000215672 0.000365074 0.000239615 0.000175279 0.00037259 0.000366078 6.63419e-05 -0.000218745 -0.000103993 0.000208932 0.000156201 5.56782e-05 -5.23498e-05 0.000113669 0.000191555 0.00015388 0.000269331 0.000151315 0.000221704 0.000486287 0.000679172 0.000586677 0.000191016 0.000145276 0.000108281 0.00010002 -0.000273622 0.000116799 3.09205e-05 0.000139069 -0.000207216 -0.00351245 0.00282282 -0.000114717
 1.78219e-09 -0.000164131 7.28576e-06 9.39794e-10 -6.16934e-05 9.32791e-06 3.43889e-09 6.68979e-06 -3.53292e-05 -1.81242e-05 -1.02491e-05 4.86886e-05 -2.30649e-09 1.66944e-05 2.35476e-07 1000 2.62771e-05 -9.26413e-06 -5.30291e-10 1.96593e-05 -1.01019e-06 -9.84328e-10 2.1198e-05 -2.79577e-07 -0.000130188 -0.000188406 2.95594e-05 -1.71617e-05 -0.000208469 9.43257e-05 -5.62218e-05 1.539e-06 2.28531e-08 -9.50865e-05 -2.63636e-05 2.17599e-05 4.44768e-05 7.50615e-06 -2.07115e-08 -8.95596e-05 3.55613e-05 1.61847e-06 -5.65864e-05 8.04709e-05 -3.97795e-06 1.53534e-05 1.98743e-05 -5.60865e-06 6.65999e-05 -5.34645e-05 -0.000136638 9.15851e-05 -4.84068e-06 6.81022e-05 1.02135e-05 -1.97776e-05 7.57397e-05 -5.04197e-05 -5.30348e-05 5.39602e-05 -1.22683e-05 9.59934e-07 -1.58728e-05 5.27393e-06 9.4265e-07 -3.91124e-05 -2.77921e-06 9.5075e-07 -6.80628e-08 -1.82356e-09 3.19474e-05 -3.88983e-07 5.50001e-06 4.08518e-06 -1.39544e-05 7.58336e-06 2.23899e-06 -3.06646e-05 1.44667e-06 3.34657e-06 -1.33862e-05 1.97723e-05 -0.00020805 5.58078e-06 -1.82639e-06 1.62914e-07 -1.3585e-06 -1.20278e-06 7.65098e-08 1.13408e-06 -9.52542e-05 -0.000162644 -2.02947e-05 0.000127422 9.54258e-05 5.70744e-05 -2.82683e-05 -5.99494e-05 -0.000198702 7.09511e-05 5.85774e-05 0.000569256 -0.000254344 -0.000199209 -7.92849e-05 0.0001796 0.000210162 -0.000161588 9.67594e-05 -4.9908e-05 -8.97207e-05 -2.41579e-05 9.82859e-06 1.72181e-05 -5.43908e-05 1.62717e-05 -3.44361e-05 -1.54834e-06 -5.39654e-05 -2.2541e-05 7.38666e-06 -1.1176e-05 -1.81885e-05 -2.59501e-05 -4.5571e-05 -3.67086e-05 -4.87171e-05 -3.46963e-05 -3.57092e-05 -1.89571e-05 -2.36228e-05 1.87586e-05 2.80175e-05 1.80973e-05 2.61772e-05 1.68936e-05 2.85804e-05 5.33624e-06 -9.09313e-07 -2.60752e-05 -1.60533e-05 -1.93693e-05 2.88963e-05 -1.03272e-06 1.45383e-06 3.44712e-07 1.44353e-05 6.4913e-05 -5.32594e-06 1.24848e-05 8.72614e-05 4.83858e-05 1.91393e-05 1.9018e-06 6.60918e-06 8.69528e-06 5.55626e-06 -8.35764e-06 1.13119e-05 1.31754e-05 4.88331e-05 2.03823e-05 -0.000529234 0.000388557 -2.32274e-05
 -1.82352e-05 1.64987 -0.0754874 -4.43066e-06 0.329975 -0.0544882 -4.47446e-05 -0.0866537 0.460135 0.216645 0.124609 -0.589491 3.05322e-05 -0.230666 -0.00283461 2.62771e-05 999.647 -4.32718 3.08739e-06 -0.215995 0.0109868 7.73778e-06 -0.250649 0.00318525 2.35897 2.9927 -0.475413 0.151695 2.30147 -1.04371 1.02813 -0.0666436 0.0504841 1.91677 0.390948 -0.345466 -0.854198 -0.106636 0.000486431 0.532608 -0.37543 -0.018251 0.712829 -1.30294 0.0696998 -0.227083 -0.292202 0.0845812 -0.700599 0.921683 1.43907 -1.071 -0.0937085 -0.587464 0.0166029 0.0179402 -1.25021 0.919805 0.59538 -0.736466 0.0799436 -0.00558248 0.331017 0.0260335 -0.0168947 0.556479 0.0236493 -0.00801804 0.00198008 2.12294e-05 -0.388176 0.0043656 -0.0796512 -0.050104 0.171373 -0.203293 -0.0498643 0.654565 -0.0242232 -0.0342101 0.138614 0.139108 0.50521 -0.00229199 0.0482127 -0.00460244 -0.0252459 0.0162286 -0.00026299 -0.0160717 1.29935 2.4911 0.495577 -1.31844 -0.905031 -0.412775 0.55834 0.753871 2.15569 -0.624733 -0.582065 -6.62595 2.28463 3.14131 1.69975 -1.9656 -3.46638 1.11351 0.359309 0.266784 1.04713 0.270314 -0.150027 -0.364655 0.592544 0.356376 0.384367 0.00415204 0.486336 0.445149 -0.0143947 0.179679 0.22747 0.327601 0.580113 0.438344 0.556158 0.346139 0.406739 0.141721 0.351684 -0.177406 -0.450796 -0.262083 -0.260513 -0.254799 -0.427202 -0.200821 -0.0775125 0.153661 0.11987 0.223184 -0.247251 -0.246679 -0.0298993 0.00499493 -0.189893 -0.904129 -0.176825 -0.249426 -1.18172 -1.01794 -0.647452 -0.263542 -0.210447 -0.200373 -0.155365 0.222067 -0.160747 -0.168569 -0.5892 -0.264489 5.47617 -3.70506 0.289501
 2.04524e-07 -0.0145153 0.000631861 2.30287e-07 -0.00836275 0.00122688 4.97164e-08 0.000168821 -0.000912668 -0.00155674 -0.00111866 0.00533835 2.88097e-07 -0.00201471 1.48116e-05 -9.26413e-06 -4.32718 0.838101 2.13812e-08 -0.00138257 0.000100254 5.62295e-08 -0.00157394 5.24888e-05 -0.0152138 -0.0203596 0.00319045 -0.0019934 -0.0172081 0.00778047 -0.00701723 -0.00182672 0.00273526 -0.0124577 -0.00563823 0.00427427 0.00167277 -0.000370864 3.41811e-05 -0.00931416 0.00189074 0.00014022 -0.0074726 0.00335609 -5.33627e-05 -0.000234487 -0.000764476 0.000273312 0.00290512 -0.00589844 -0.0082336 0.00632658 0.000341352 0.00258549 -0.00138269 0.00184114 0.00356363 -0.00556745 -0.00431356 0.00509592 -0.000375501 2.60063e-05 -0.000798298 -0.000151861 4.51701e-05 -0.00145987 -4.9185e-06 6.59624e-07 -7.10678e-07 1.16611e-07 -0.00176405 8.84722e-05 -0.000158939 -7.31045e-05 0.000235844 0.000271461 1.16471e-05 -0.000386435 -0.000258441 -0.000232166 0.000849859 -0.00120752 0.00400585 -0.000153349 -0.000395661 3.53271e-05 -1.66441e-05 -8.14062e-05 1.93635e-06 8.00002e-05 -0.00685632 -0.0106798 -0.00323025 0.00515107 0.00463961 0.00243025 -0.00275377 -0.00377858 -0.0106757 0.00167763 0.00453118 0.0333971 -0.0114162 -0.0159497 -0.0090585 0.00929962 0.017222 -0.0056339 -0.00186973 -0.00151347 -0.00530155 -0.00129527 0.00100173 0.00194466 -0.00340522 -0.00229024 -0.00188087 0.000203045 -0.00235504 -0.00246638 -0.000272051 -0.00115495 -0.00132203 -0.00176268 -0.00303399 -0.00235061 -0.00275801 -0.00159992 -0.00192751 -0.000852686 -0.00171669 0.000944804 0.00238509 0.00140909 0.00135335 0.00141605 0.00224791 0.000960357 0.000264966 -0.000674158 -0.000354431 -0.000953537 0.00125955 0.00129246 0.000270057 0.000141563 0.00109096 0.00462052 0.00111878 0.00140211 0.00594446 0.00527597 0.00356795 0.00152352 0.00119257 0.00109446 0.000869908 -0.00127358 0.00084792 0.000809819 0.00279881 0.000816853 -0.0276861 0.0188904 -0.00143871
 2.58993e-10 -6.07752e-05 2.49289e-06 5.65263e-10 -4.11544e-05 5.82268e-06 8.23544e-10 2.96033e-06 -1.53485e-05 -4.57695e-06 -4.5748e-07 2.22715e-06 -1.79786e-10 3.44625e-07 4.67193e-08 -5.30291e-10 3.08739e-06 2.13812e-08 1000 7.46349e-06 -3.33658e-06 -8.84748e-10 9.45865e-06 -2.50982e-07 7.66372e-05 -7.83725e-05 1.00045e-05 -4.06845e-06 -1.42578e-06 4.86107e-07 4.4895e-05 8.23086e-06 -1.29236e-05 6.90347e-05 -0.000121217 7.71849e-05 -2.97081e-05 2.26559e-06 9.99548e-08 -5.5387e-05 8.28385e-06 2.44807e-07 1.35206e-05 -3.16574e-05 2.15879e-06 -1.55009e-06 -1.11878e-06 4.85004e-07 2.25113e-05 7.64392e-06 -5.1577e-05 2.6427e-05 -2.86313e-05 3.94317e-05 4.33871e-05 -6.61792e-05 -2.15436e-05 4.01119e-05 -9.10905e-06 -9.52176e-06 -3.43927e-06 3.18818e-07 8.33192e-06 1.48763e-05 -9.40984e-07 1.35724e-05 -1.69789e-06 5.98199e-07 1.10342e-07 -5.38897e-10 6.03327e-06 -2.14676e-07 -1.95554e-07 8.81928e-07 -2.98785e-06 -7.33962e-06 -1.01309e-06 1.28034e-05 4.02618e-06 4.85527e-06 -1.86067e-05 4.80919e-05 -0.000277121 8.38466e-06 -6.0192e-06 4.5001e-07 -3.2766e-06 -6.92557e-07 -3.5234e-08 7.32553e-07 1.01928e-05 -8.83225e-05 -1.95785e-05 7.8363e-05 9.41205e-05 9.12406e-05 6.00113e-05 0.000278437 -0.000193119 -0.000102376 -3.79126e-05 2.96421e-05 -6.56071e-05 5.65057e-05 1.67856e-05 -1.89406e-05 3.41801e-05 2.4522e-05 2.41819e-05 -2.34373e-05 4.12912e-07 -1.75376e-05 -1.58561e-05 -2.53678e-05 -1.60386e-05 1.09708e-07 2.13381e-05 -4.67217e-06 5.22785e-06 1.75683e-05 2.36487e-06 -5.24006e-06 -2.90775e-05 -2.12946e-05 1.59816e-07 -1.43236e-05 -1.12934e-05 -1.31646e-05 7.43105e-06 -7.10377e-06 2.00816e-06 -2.89612e-06 -2.00935e-06 -8.15606e-06 -4.7356e-06 -1.69168e-05 -1.63531e-05 -4.66923e-06 -1.84272e-05 -4.09777e-05 -1.43375e-05 2.4707e-05 2.02133e-05 2.96057e-06 1.35134e-05 1.52644e-05 -9.6671e-06 1.61832e-05 2.65731e-06 -1.19988e-05 -1.27099e-05 -1.76478e-05 -2.5027e-05 -6.45895e-06 -2.26792e-06 -1.71976e-06 -3.40788e-06 1.84844e-05 -1.84849e-06 4.40667e-06 1.00013e-05 -9.34717e-06 -0.000251448 0.000155786 -1.57207e-05
 -3.68422e-05 2.1059 -0.0928755 -4.91685e-06 0.499131 -0.0754695 -1.61923e-06 0.0298173 -0.155871 0.141763 0.122097 -0.579167 2.13245e-05 -0.153895 -0.00211624 1.96593e-05 -0.215995 -0.00138257 7.46349e-06 995.157 -62.5773 1.32767e-05 -0.383497 0.00902947 -0.229131 4.2826 -0.620526 0.0497593 0.529177 -0.241132 -0.389685 -0.290377 0.407199 0.763869 3.2328 -2.17503 -0.174023 -0.112148 -0.001726 -0.195081 -0.0588434 -0.00457253 -0.510858 -0.124189 0.0068183 -0.133739 -0.181059 0.0507135 -0.475294 0.465426 1.25836 -0.839518 0.535176 -1.30164 -0.920241 1.43915 -0.666079 -0.441896 0.232636 0.0477378 0.0211851 0.00113107 -0.483509 -0.435348 0.0148838 0.0540709 0.0167105 -0.00622361 -0.000721851 1.7733e-05 -0.308677 0.0071316 -0.129777 -0.0921886 0.313379 -0.169843 -0.0386373 0.484112 -0.1662 -0.113447 0.442611 -0.622037 2.89459 -0.0654015 0.267064 -0.0214458 0.0830623 0.0353145 -0.00239382 -0.0331444 0.32019 4.81101 1.62046 -1.98181 -3.67816 -4.0882 -13.8888 10.0142 0.655183 1.5086 0.469163 -0.947095 -2.26936 2.29523 1.17101 0.198668 0.458405 -2.23224 -0.239451 0.830455 1.09325 0.377364 0.443806 0.812996 0.914977 0.43047 -0.104964 0.0584952 0.721108 -0.0996232 0.179063 0.554249 1.3024 1.42086 -0.407505 0.343783 0.589406 0.504067 0.16012 -0.10202 0.18231 0.0279704 -0.0587817 -0.289268 0.164712 0.390003 0.322121 0.225322 0.261036 0.667882 0.078572 -0.534732 -0.413391 -0.870787 -0.439411 -0.203304 0.0134724 0.125039 -0.469811 0.243841 -0.0402874 -0.866031 -0.715108 -1.04873 -0.511265 -0.319758 -0.132625 -0.359178 -0.0251523 -0.156627 -0.295554 0.0769943 9.35471 -5.79933 0.582322
 2.41058e-06 -0.139506 0.00613373 4.44389e-07 -0.0362181 0.00543649 -1.90009e-08 -0.00197019 0.0102991 -0.00882418 -0.00805515 0.0382297 -1.02124e-06 0.00725599 0.000135197 -1.01019e-06 0.0109868 0.000100254 -3.33658e-06 -62.5773 4.83596 -9.15504e-07 0.024016 -0.000564733 0.0122411 -0.276311 0.0400589 -0.00347754 -0.0373158 0.0169811 0.0238798 0.0168127 -0.0236245 -0.0507894 -0.208776 0.140514 0.00993 0.00548235 0.000155343 0.00879592 0.00369154 0.000319706 0.0299337 0.00506821 -0.000182632 0.00727399 0.00966942 -0.00264499 0.0294615 -0.0305795 -0.0806727 0.0540557 -0.0334366 0.0828287 0.0578815 -0.0905849 0.0409482 0.0274108 -0.0155079 -0.00220876 -0.00131623 -7.40033e-05 0.0318027 0.027771 -0.000984396 -0.0022781 -0.00120764 0.000446461 4.01884e-06 -1.02465e-06 0.0182115 -0.000410465 0.00780816 0.00555128 -0.0188794 0.0098472 0.00230788 -0.0289475 0.00944733 0.00666867 -0.0260138 0.04205 -0.179415 0.00403008 -0.0171045 0.00137338 -0.00490074 -0.00224702 0.000153177 0.00210807 -0.0207932 -0.302077 -0.106057 0.118999 0.237998 0.276031 0.883622 -0.642765 -0.0391588 -0.0989259 -0.0328581 0.0609714 0.144939 -0.146751 -0.074979 -0.0130365 -0.0297104 0.142129 0.0150996 -0.0530227 -0.0698018 -0.0240498 -0.0281894 -0.0517806 -0.0585852 -0.0277776 0.0065843 -0.00370153 -0.0460222 0.00612335 -0.0117196 -0.0355319 -0.0830841 -0.0906075 0.0257488 -0.0220599 -0.0375864 -0.0320764 -0.0102611 0.00633514 -0.011698 -0.00182279 0.00374814 0.018401 -0.0105124 -0.0247862 -0.0204757 -0.0144641 -0.0167668 -0.0424703 -0.00488703 0.0339853 0.0261746 0.0553641 0.0279258 0.012917 -0.000813296 -0.00797978 0.0299654 -0.0154807 0.00255427 0.0551903 0.0456952 0.0667811 0.0325284 0.0203281 0.00842217 0.022728 0.0016425 0.00992758 0.0186641 -0.00524329 -0.595601 0.369626 -0.0370135
 7.38815e-10 -9.48245e-05 3.91056e-06 4.21145e-10 -3.33613e-05 4.67468e-06 1.03249e-09 3.4038e-06 -1.76893e-05 1.75223e-05 9.21411e-06 -4.40918e-05 -8.30512e-10 4.5838e-06 1.15129e-07 -9.84328e-10 7.73778e-06 5.62295e-08 -8.84748e-10 1.32767e-05 -9.15504e-07 1000 2.0733e-05 -4.88932e-06 0.000118336 -0.000365538 5.08575e-05 -6.62844e-06 -3.84311e-05 1.70627e-05 0.000110789 0.000128825 -0.000178337 0.000174027 -2.58365e-05 9.59684e-06 -3.30879e-05 6.5264e-07 3.55579e-07 -0.000115845 2.08745e-05 8.59083e-07 8.64046e-05 -7.16885e-05 3.47928e-06 -1.60031e-06 -2.4943e-06 1.1008e-06 2.08213e-05 5.95741e-05 -4.15742e-05 5.46944e-06 -5.51447e-05 6.60788e-05 0.000104584 -0.000157602 -2.9616e-05 9.33674e-05 -9.97148e-06 -3.04502e-05 -9.67126e-06 8.3348e-07 1.5277e-05 1.12249e-05 -6.16279e-07 7.65284e-06 -1.88193e-06 6.53193e-07 1.63265e-07 -8.306e-10 1.14279e-05 -5.03507e-07 3.14174e-08 1.27654e-06 -4.18447e-06 -1.13117e-05 -1.19246e-06 1.49949e-05 7.55007e-06 6.62992e-06 -2.57337e-05 5.50031e-05 -0.000269026 8.5016e-06 -1.52928e-05 1.18986e-06 -5.67237e-06 -1.091e-06 -5.62829e-08 1.15436e-06 1.88939e-05 -2.42202e-05 2.15603e-05 0.000118245 9.40839e-05 7.1215e-05 -1.02979e-05 9.14747e-05 -0.000184473 -8.92838e-05 -2.08746e-05 0.000242117 -4.59479e-05 -0.000166527 0.000101155 4.60486e-05 0.000164041 -6.25888e-05 0.00014322 -5.24254e-05 -6.93779e-06 5.22434e-06 3.48693e-06 4.71936e-06 3.9756e-05 9.34983e-05 2.6659e-06 -1.76466e-05 -4.49551e-05 4.8278e-05 1.21535e-05 1.79714e-05 6.59971e-06 -6.84364e-07 9.06564e-07 -6.05554e-06 -7.89182e-06 -1.18615e-05 5.21924e-06 -3.22237e-05 -2.53538e-05 -3.81495e-05 -3.5202e-05 -3.69388e-06 2.0046e-05 -8.3801e-06 -3.78926e-06 -1.24081e-05 -6.1466e-05 -0.000103492 -3.89231e-05 3.66427e-05 1.79779e-05 -9.70259e-06 -2.63513e-06 -3.645e-06 -1.58848e-05 -6.90627e-06 3.73993e-06 -4.97883e-05 -4.82921e-05 -4.51871e-05 -5.65197e-05 -2.38429e-05 -1.88173e-05 -1.67984e-05 -1.71052e-05 3.9761e-05 -3.06501e-06 5.60851e-06 8.01347e-06 -1.39846e-05 -0.00044177 0.000259661 -2.97898e-05
