 1000 0.00265455 -0.000545679 -1.28619e-09 -0.00013748 0.000114497 -4.68613e-06 -8.81245e-07 1.52338e-05 -8.49e-05 -4.9026e-06 0.000112239 5.12112e-10 -1.89341e-05 2.16401e-07 -2.46381e-10 -7.86202e-06 5.31117e-07 -9.55768e-10 -2.56266e-05 1.12269e-05 -6.2073e-10 2.42591e-06 -4.11443e-07 1.6495e-05 -0.000335101 8.3095e-05 -6.18164e-05 -0.000221581 0.000249524 9.29828e-07 -4.10164e-06 1.5468e-05 9.88822e-05 -0.000103289 0.000163373 -6.76199e-05 -4.44754e-06 8.31339e-07 -0.000137697 1.83965e-05 1.21185e-06 -1.24445e-05 -7.7304e-05 1.04579e-05 -7.03557e-06 -1.43253e-05 1.97297e-05 8.08794e-05 -6.54824e-05 -0.000266056 0.000211716 -6.76267e-05 8.52305e-05 0.000110811 -0.000135849 -4.28785e-05 1.52827e-05 -5.13977e-05 4.68084e-05 -2.77803e-06 1.93516e-07 2.58e-05 5.34931e-06 -2.25052e-07 2.94045e-06 -3.76898e-06 9.66643e-07 3.56268e-07 -8.90191e-11 -1.42961e-05 5.23591e-06 7.94476e-07 -4.34686e-09 -1.17739e-06 9.17335e-06 8.92605e-07 -2.09145e-05 3.9831e-06 2.90453e-06 -2.11197e-05 -1.18051e-05 -0.000324646 2.24341e-05 8.77152e-06 -9.29853e-07 -8.55067e-06 -1.47195e-06 -6.2307e-07 2.11205e-06 5.88018e-06 -1.3089e-05 -0.000111549 -0.000240544 -0.000124058 2.39706e-06 0.000116413 0.000478431 -0.000227501 -0.000198343 -0.000111304 6.64877e-05 -6.18644e-05 -4.29459e-06 0.000104325 0.000131309 6.26242e-05 -7.28364e-05 -0.000181519 0.000249036 -0.000151208 2.74876e-05 -2.11921e-05 -1.07734e-05 1.77755e-05 3.69898e-05 1.85794e-05 -1.85487e-05 5.49461e-05 -4.54954e-05 1.33125e-05 -1.03688e-05 -1.10271e-05 9.25389e-06 5.3789e-06 -9.9369e-06 -2.00953e-05 0.000183271 -0.000134164 8.44652e-05 -5.45988e-06 1.41619e-05 2.74076e-05 3.3212e-06 3.02293e-05 -3.47363e-05 3.31549e-05 2.11035e-05 3.18171e-05 -2.167e-05 -7.65171e-05 4.93581e-05 1.75845e-05 -1.79917e-06 4.77018e-06 -3.5105e-05 4.52335e-05 3.97604e-05 2.65447e-06 3.8125e-05 1.15438e-05 -5.28046e-05 -6.99805e-06 -3.18315e-05 1.4998e-06 1.99527e-06 4.52515e-06 1.5352e-06 6.58626e-08 1.98289e-05 3.31683e-05 3.93497e-05 -0.000588296 -1.22001e-05 -6.06793e-05
 0.00265455 504.521 -102.557 0.000198276 26.2539 -21.8634 1.00609 0.313351 -5.7485 15.6629 1.1087 -25.6618 -0.000133478 3.45054 -0.0264749 -6.9809e-05 2.82476 -0.146091 2.35787e-05 2.5122 -1.10234 1.45249e-05 1.39482 -0.324992 18.9473 36.286 -9.33915 6.62867 23.3384 -26.305 12.3037 2.69995 -11.9112 10.2392 14.6979 -25.0189 6.25556 1.08098 -0.125996 21.0616 -3.21727 -0.179399 10.7732 5.68776 -0.984218 1.95879 3.29479 -4.57023 0.959508 8.96746 13.1359 -12.3863 0.858502 -2.80426 2.44128 -2.59156 5.42445 4.01822 7.72226 -10.3022 0.295243 -0.0197953 -1.6237 2.11471 0.00130919 -1.96218 0.267948 -0.0671087 -0.036114 -3.07892e-05 3.24447 -1.17247 0.942234 0.0447287 -1.2098 -1.30079 -0.0793166 2.06981 0.0481218 -0.098068 0.698567 -0.808856 -0.375025 0.0320073 1.34043 -0.126639 0.1545 0.116142 0.0251927 -0.142542 2.24081 -4.12687 5.88697 16.4695 11.0972 0.694841 -30.8384 19.7762 -9.37249 16.7002 10.3882 -0.528091 -1.26238 -1.77099 -4.57634 3.66079 3.94092 1.88813 -8.4797 3.91148 -1.23462 0.626921 -1.43383 -0.814302 -0.321177 -0.323598 0.214978 1.96506 0.64391 -0.644344 0.468324 0.360885 0.317624 -0.765205 0.740982 0.107919 -0.825571 2.96335 -5.9603 2.88368 -0.487971 -0.365452 -0.907836 -3.75917 -1.21586 -2.35202 -1.6113 -1.80959 0.0330569 -0.401592 -1.29977 -1.7339 -1.75111 -0.575536 -0.458758 -2.26046 -0.00742494 -1.64002 -3.67212 -0.711445 -0.150173 -2.26744 -0.849101 -1.25021 -1.17388 -0.960655 -1.01188 0.602869 -0.237624 -2.0336 -4.31311 -4.96116 75.4219 -21.3588 5.01868
 -0.000545679 -102.557 21.9734 -4.07643e-05 -5.39173 4.49006 -0.209858 -0.0652135 1.19739 -3.21426 -0.227708 5.27054 2.81043e-05 -0.724554 0.00547766 1.4584e-05 -0.591009 0.0305112 -4.91188e-06 -0.527623 0.231456 -3.00137e-06 -0.296275 0.0689467 -3.88535 -7.44309 1.91565 -1.36322 -4.78793 5.39653 -2.52055 -0.556705 2.45477 -2.10034 -3.01614 5.13405 -1.29024 -0.231405 0.026304 -4.31982 0.649928 0.0368657 -2.215 -1.18152 0.203855 -0.406727 -0.682055 0.946134 -0.199558 -1.83777 -2.6915 2.5381 -0.17815 0.573264 -0.501447 0.532551 -1.11362 -0.824379 -1.58384 2.11316 -0.0610482 0.00410033 0.334114 -0.433313 -0.000346109 0.404954 -0.0547933 0.013722 0.00749168 6.46192e-06 -0.682944 0.246615 -0.197942 -0.00937735 0.25404 0.264905 0.0159092 -0.416487 -0.0108424 0.0197619 -0.140743 0.169644 0.0773594 -0.00661005 -0.275907 0.026064 -0.0330242 -0.0238086 -0.0051593 0.0292155 -0.45945 0.845641 -1.20519 -3.37468 -2.27669 -0.138831 6.32196 -4.05789 1.92217 -3.42144 -2.1275 0.108182 0.259053 0.362785 0.937373 -0.751371 -0.808426 -0.386695 1.73943 -0.80332 0.253588 -0.128825 0.294173 0.167136 0.0656602 0.0661367 -0.0444653 -0.402669 -0.132326 0.132093 -0.0960055 -0.0740262 -0.0648054 0.156419 -0.151804 -0.0221166 0.1694 -0.608864 1.22276 -0.591719 0.0999389 0.0748135 0.186179 0.770618 0.249227 0.481904 0.329772 0.370563 -0.00713258 0.0820474 0.267075 0.35546 0.359208 0.117654 0.0940292 0.46349 0.00108521 0.336696 0.752286 0.145609 0.0307953 0.465214 0.173671 0.256275 0.240315 0.196985 0.207468 -0.123625 0.0487111 0.416732 0.885126 1.01617 -15.4863 4.42314 -1.02598
 -1.28619e-09 0.000198276 -4.07643e-05 1000 -0.00118518 0.00098969 -9.04019e-07 3.02906e-08 3.51933e-06 7.69518e-05 5.86478e-06 -0.000133403 4.4324e-10 -7.09931e-06 -2.22311e-09 1.12874e-11 -9.53032e-07 3.28663e-08 5.24338e-11 -8.60967e-06 3.6827e-06 1.71517e-10 -1.11972e-05 2.44686e-06 8.2005e-05 5.61746e-05 -1.51216e-05 4.43951e-06 1.14652e-05 -1.31454e-05 0.000163724 1.82559e-05 -8.81108e-05 0.000210639 -5.28861e-06 -6.45209e-06 1.70141e-05 -4.97513e-06 1.43368e-07 2.53722e-05 -6.33418e-06 1.95374e-07 8.43715e-05 -1.01678e-05 1.14267e-07 2.98695e-06 4.29295e-06 -6.07482e-06 6.76719e-06 2.82303e-05 -3.10778e-05 1.33326e-05 -2.82402e-05 -2.90414e-05 9.87336e-05 -0.000111478 2.87752e-05 -7.34431e-06 4.90517e-05 -4.76069e-05 -1.65631e-06 -1.8751e-08 2.80725e-05 -5.69083e-05 4.71092e-06 -0.000109391 -5.71823e-06 1.38777e-06 8.15002e-07 1.08132e-10 -1.75028e-05 5.94152e-06 -2.9909e-06 -1.10333e-07 3.47477e-06 -1.67345e-05 -1.71467e-06 3.93474e-05 1.68126e-06 6.8702e-08 -7.90485e-07 -9.4527e-06 -0.000134272 9.0503e-06 2.36564e-05 -2.19223e-06 -1.55991e-06 -2.82687e-07 -1.85703e-07 4.7225e-07 -2.68801e-05 -4.7857e-05 -2.10914e-05 -2.80873e-05 -1.08517e-05 6.15304e-06 7.58354e-05 -2.88945e-05 -4.81058e-05 4.99728e-05 1.85668e-05 -2.8741e-05 7.85307e-06 4.44615e-05 -3.1152e-05 0.000115154 -3.08101e-05 -2.69887e-06 -1.56816e-05 -7.35536e-07 5.16907e-06 1.39266e-06 1.46901e-05 -5.47795e-06 3.16471e-05 -2.45283e-05 -2.54243e-06 9.25405e-07 3.16233e-05 -4.29344e-05 -2.67826e-05 3.9149e-05 4.24866e-05 4.61059e-05 -7.98457e-05 -0.000210244 -7.94787e-05 0.000139063 -4.19381e-05 0.000144483 -9.58801e-06 2.93616e-06 2.64322e-05 1.6326e-05 7.86425e-06 -6.62081e-06 2.48972e-05 -1.18138e-05 5.93556e-05 -4.35581e-05 -0.000107061 -7.90956e-06 -6.3596e-05 6.69215e-05 6.83561e-05 6.11145e-06 -2.72774e-06 -2.88252e-06 -2.18143e-05 6.87159e-05 5.01165e-05 -0.000110446 5.01357e-05 -3.13721e-05 -4.89628e-06 -1.36219e-06 -2.07993e-06 -4.3373e-06 2.28076e-06 -1.77508e-05 -4.97935e-05 -6.68326e-05 0.000530601 -5.33654e-06 5.24372e-05
 -0.00013748 26.2539 -5.39173 -0.00118518 408.235 -338.504 0.217114 0.0712942 -1.09915 10.3612 0.740732 -17.0946 6.44557e-05 -1.06597 -0.00825898 2.19102e-06 0.0165135 -0.0107313 2.53428e-05 -1.86322 0.801744 3.76697e-05 -2.11057 0.467398 12.0867 21.6015 -5.57353 4.36214 14.2946 -16.1171 12.5736 1.0335 -5.16374 9.04823 9.16532 -15.7856 1.6964 -0.959678 0.00665801 10.9598 -3.36074 -0.0816315 6.6744 0.393181 -0.215991 0.172097 0.555528 -0.768102 -1.57199 3.09189 -1.13831 -0.130135 1.08919 -3.17192 1.22824 -1.1518 3.58811 2.39537 5.27251 -6.84556 0.0231042 0.00267995 -1.58267 -1.54454 0.250886 -7.68085 -0.606982 0.1544 0.0868181 1.6769e-05 -1.93783 0.654621 -0.11243 -0.00230842 0.131223 -1.93106 -0.165438 3.98029 0.0624121 -0.0412964 0.300426 -2.19867 -2.6223 0.189348 1.67599 -0.156611 0.115339 0.0563644 0.0124947 -0.0694464 1.24368 -1.28147 1.18708 2.53026 1.27847 2.05031 2.29561 -1.19418 -1.58989 7.17241 2.28618 -1.83793 -0.762657 0.702581 -1.78829 3.18134 -0.262698 -0.644612 -0.84718 1.31693 0.0331829 -0.557388 -0.97281 -1.66527 0.455241 0.552144 -0.165327 0.0921702 2.42974 -1.11108 -1.56865 -0.433153 -0.287678 2.71863 3.00512 -1.67918 -1.35624 3.75938 -7.64546 3.13342 0.301339 -0.00252778 -0.547346 -1.14566 -0.697107 -0.318884 -0.357095 -1.54458 0.47733 0.46002 0.0707292 -0.799636 -1.37133 -0.132639 -0.119361 -0.493249 0.495157 -0.692617 -3.48433 -0.25462 1.42211 -2.13687 -0.147264 -0.97753 -0.736228 -0.519016 -0.521092 0.269792 -0.12291 -1.73071 -3.40546 -4.32905 59.0828 -10.6187 4.66436
 0.000114497 -21.8634 4.49006 0.00098969 -338.504 283.209 -0.182072 -0.0597423 0.922562 -8.62832 -0.616938 14.2378 -5.34805e-05 0.883116 0.00688963 -1.75448e-06 -0.0171335 0.00909465 -2.11249e-05 1.54846 -0.66629 -3.13718e-05 1.75451 -0.388536 -10.0631 -17.9865 4.64077 -3.63403 -11.9024 13.42 -10.4689 -0.861472 4.30333 -7.53433 -7.6315 13.1439 -1.41383 0.796625 -0.0054311 -9.12393 2.79581 0.067973 -5.55798 -0.330812 0.180285 -0.144766 -0.464259 0.641936 1.30956 -2.57433 0.947988 0.108178 -0.907528 2.64083 -1.02287 0.959275 -2.98748 -1.99434 -4.39011 5.69981 -0.019487 -0.00221008 1.31781 1.28672 -0.208956 6.3969 0.505556 -0.128599 -0.0723617 -1.39185e-05 1.60787 -0.543081 0.0919794 0.00185316 -0.107259 1.60706 0.137613 -3.31106 -0.0522793 0.0342825 -0.249406 1.83217 2.18264 -0.157611 -1.39591 0.130438 -0.0962467 -0.0469282 -0.0104011 0.0578183 -1.03519 1.06698 -0.988117 -2.1063 -1.06436 -1.70688 -1.91166 0.994663 1.324 -5.97262 -1.90331 1.53057 0.634856 -0.585251 1.48912 -2.64928 0.218879 0.53665 0.70557 -1.09632 -0.0278228 0.463999 0.809855 1.38651 -0.379107 -0.4594 0.137608 -0.0767761 -2.02307 0.925193 1.30631 0.360468 0.239463 -2.26381 -2.50143 1.39915 1.12961 -3.13078 6.36566 -2.60945 -0.250872 0.00208308 0.455627 0.953747 0.580383 0.265345 0.29706 1.28595 -0.397705 -0.382963 -0.0583562 0.665861 1.14218 0.109977 0.0990722 0.410623 -0.412341 0.576991 2.90081 0.211627 -1.18419 1.77965 0.122128 0.813917 0.61284 0.432154 0.433882 -0.224591 0.102309 1.44099 2.83605 3.60426 -49.2052 8.8606 -3.8825
 -4.68613e-06 1.00609 -0.209858 -9.04019e-07 0.217114 -0.182072 999.832 -0.0911343 0.945533 0.330627 0.00525617 -0.0737949 1.47188e-05 -0.313419 7.94547e-05 8.7464e-06 -0.275553 0.0122398 -1.11082e-06 -0.345782 0.149163 2.14466e-06 -0.355423 0.078913 0.112105 0.688823 -0.175123 0.0599907 0.825741 -0.931299 1.09888 -0.135693 0.472912 0.957938 0.183063 -0.369367 -0.0585532 -0.143995 0.00535863 -0.423272 -0.00142061 0.00311193 -0.151216 -0.365699 0.0470335 -0.156789 -0.195867 0.270709 0.170237 -0.357387 -0.416089 0.412565 -0.0390746 -1.73433 0.647228 -0.59116 -0.326948 -0.389118 0.180767 0.0339986 -0.053385 0.00450092 -0.0719996 0.0376067 -0.00504309 0.154445 0.0014965 -0.000340431 -0.00446884 4.29959e-06 -0.537436 0.185651 -0.186462 -0.00799251 0.24622 -0.0976829 -0.0192885 0.43426 0.00836465 -0.00333074 0.0212859 0.127656 -0.4574 0.0309048 -0.220567 0.0199684 0.0351855 0.00270205 1.52629e-05 -0.00274224 -0.304395 -0.217667 -0.215847 -0.388815 -0.210135 -0.0335471 0.567617 0.80503 -1.17561 0.238349 0.188847 0.249745 0.446185 -0.13989 -0.194759 0.111452 0.224808 -0.22122 -0.037347 -0.0203462 -0.0197152 -0.0271565 -0.0539352 -0.0338127 -0.0786745 -0.141627 0.341918 -0.506876 0.125815 -0.030408 0.00969011 -0.0544904 0.0577254 -0.0397508 -0.0419609 -0.0738825 -0.146368 0.109671 0.28504 -0.217971 0.0475536 0.065068 0.120068 -0.611885 0.22127 -0.192222 0.0858455 0.187363 -0.383542 -0.0991879 -0.0367574 0.315542 -0.153475 0.175469 0.207728 -0.0315238 0.0681068 0.019402 0.0997265 0.038699 0.369818 0.427476 0.0580156 -0.110938 -0.086269 0.0295361 0.0326665 -0.0869185 0.0268216 -0.374789 -0.592477 -0.997027 8.17681 4.65528 1.37862
 -8.81245e-07 0.313351 -0.0652135 3.02906e-08 0.0712942 -0.0597423 -0.0911343 3.5011 -50.9432 0.0929936 0.0011915 -0.0143698 4.05337e-06 -0.0843448 7.20331e-06 2.56733e-06 -0.0753002 0.00334488 1.26426e-07 -0.0811555 0.0349997 8.72674e-07 -0.102463 0.0228231 -0.00483916 0.33558 -0.0840438 0.0247311 0.250082 -0.281897 0.26285 -0.047356 0.173949 0.182271 0.130355 -0.227839 -0.00630162 -0.0391081 0.00119815 -0.106137 -0.000763093 0.000591732 -0.0675277 -0.081267 0.010534 -0.0403492 -0.0537116 0.074205 0.0511414 -0.116317 -0.169599 0.159023 0.0395493 -0.545401 0.0966117 -0.0622589 -0.093942 -0.12077 0.0335287 0.0331556 -0.0158491 0.00172679 -0.0964058 0.067949 -0.00159721 -0.00488472 0.000628236 -0.000136511 -0.00150978 1.2842e-06 -0.149527 0.0516769 -0.0512923 -0.00218913 0.0674535 -0.0364131 -0.00642469 0.142121 -0.00265298 -0.00205788 0.0138344 0.0483209 0.0238307 -0.00138531 -0.0453877 0.00410452 0.0151969 0.00123794 0.00046532 -0.00171712 -0.0860845 -0.0887882 -0.0508525 -0.062746 -0.0257628 -0.00196403 0.403402 -0.0655037 -0.346659 0.117415 0.0915922 0.268497 0.111308 -0.0425132 -0.217725 -0.0683445 0.120495 -0.0549624 0.00739267 -0.0134369 -0.0186722 -0.0218172 -0.032921 -0.01489 -0.0306706 -0.0957737 0.182289 -0.139262 0.0184756 -0.0282487 0.0454785 -0.0268752 0.0243773 -0.0193693 0.0073862 -0.0112978 -0.0874481 0.0133847 0.0211575 -0.049112 0.0254251 0.0357772 0.035505 -0.120398 0.0241165 -0.014704 0.00797442 -0.0340343 -0.10313 0.0381541 0.072304 0.0833682 -0.0100845 0.0334757 0.00893423 -0.0547705 -0.0601838 0.12052 -0.0258466 0.0972386 0.168697 0.0453851 -0.0579969 -0.0388687 -0.0252282 0.00565268 0.0114345 -0.0255554 0.0074981 -0.110557 -0.13456 -0.264977 2.42699 1.36681 0.407626
 1.52338e-05 -5.7485 1.19739 3.51933e-06 -1.09915 0.922562 0.945533 -50.9432 991.764 -1.6873 -0.00992353 -0.0262476 -8.20173e-05 1.71634 -0.000457283 -5.06817e-05 1.51989 -0.0677463 -8.67618e-07 1.6326 -0.704303 -1.69973e-05 2.04094 -0.454784 0.111337 -6.32057 1.58296 -0.408677 -4.69353 5.29052 -5.06938 0.968585 -3.57964 -3.50895 -2.39754 4.20096 0.13314 0.836089 -0.0268741 2.05356 0.0666175 -0.0119344 1.34194 1.71654 -0.223003 0.843425 1.10106 -1.52287 -1.03748 2.24476 3.26145 -3.05937 -0.706416 10.4723 -1.87129 1.21403 1.82758 2.32674 -0.62519 -0.660939 0.311162 -0.0337224 1.82761 -1.29633 0.031195 0.0667147 -0.0158556 0.00357147 0.0304195 -2.65199e-05 3.03808 -1.05093 1.05326 0.0452073 -1.38678 0.698866 0.123911 -2.7395 0.0497169 0.0372087 -0.249328 -1.05446 -0.408026 0.023868 0.886299 -0.0801551 -0.300204 -0.023602 -0.00890922 0.0327757 1.65166 1.70584 0.96597 1.20455 0.524651 0.048676 -7.73694 1.21273 6.63874 -2.15218 -1.67652 -5.17497 -2.14231 0.81507 4.1671 1.30833 -2.30778 1.06287 -0.153092 0.251647 0.361607 0.41942 0.632489 0.28638 0.583801 1.82838 -3.49934 2.67514 -0.354423 0.537005 -0.875338 0.514639 -0.474036 0.371173 -0.143678 0.214841 1.67299 -0.250203 -0.425446 0.946354 -0.491183 -0.689886 -0.687378 2.31335 -0.471777 0.285765 -0.152576 0.6515 1.9873 -0.727107 -1.39393 -1.61477 0.187334 -0.643539 -0.176834 1.04844 1.15455 -2.32336 0.493599 -1.86765 -3.24466 -0.881034 1.11753 0.74752 0.486244 -0.112908 -0.223746 0.492381 -0.144097 2.12339 2.5692 5.09305 -46.2151 -26.8517 -7.8609
 -8.49e-05 15.6629 -3.21426 7.69518e-05 10.3612 -8.62832 0.330627 0.0929936 -1.6873 888.472 -7.23293 151.257 6.41016e-05 -1.45178 -0.000133868 3.25109e-05 -1.0617 0.0471542 1.77739e-05 -1.33419 0.576728 9.45533e-06 -1.60448 0.359199 6.92671 7.07806 -1.86962 1.97714 5.30524 -5.98583 5.60054 1.05949 -4.75802 6.08668 3.56068 -6.31994 1.1316 -0.179016 -0.00952999 5.81892 -1.82015 -0.038202 3.45803 0.175089 -0.10023 0.41285 0.572607 -0.797366 1.17306 1.53819 -4.64781 2.83499 -0.431348 -2.65892 2.7637 -2.95856 2.51893 2.6478 1.13866 -2.68237 0.488112 -0.0311193 -2.62029 4.41481 0.0112589 -4.51377 -0.105158 0.0266603 -0.00921363 -5.30129e-06 -0.428206 0.13568 0.190659 0.0134279 -0.339835 -0.836728 -0.0752572 2.00147 -0.396656 -0.267025 1.91316 -0.221179 -6.4054 0.440718 -0.0944044 0.0053232 0.527041 0.00468764 -0.00879342 0.00410842 -0.153458 -5.16738 -1.73262 2.67825 6.33247 7.84963 -8.88873 -2.81867 -0.131118 20.6202 6.83731 -10.9783 2.98189 -1.70447 -3.36538 3.0184 8.76702 13.968 -16.6104 1.58362 2.12905 0.848781 -0.472315 -0.8579 -0.851739 2.84552 -5.17166 0.298401 3.36544 -3.44296 0.935949 0.078159 -1.66575 0.0399358 -0.227292 1.28993 -5.19183 9.28652 -10.6796 7.1445 -2.09196 -0.967951 1.38317 -5.54181 0.354814 -3.54365 -1.42217 1.1035 -0.261863 -0.483488 -0.949061 -1.19657 -1.30155 1.07904 -0.0684079 -2.80598 0.102857 1.04592 -1.49763 0.0713439 -2.04456 1.09281 1.62368 -1.54664 -2.93915 -1.0118 -0.954303 0.206772 -0.0240034 -0.9317 -1.19711 2.05637 34.6339 -9.56309 2.32409
 -4.9026e-06 1.1087 -0.227708 5.86478e-06 0.740732 -0.616938 0.00525617 0.0011915 -0.00992353 -7.23293 2.34493 -34.0479 5.05007e-06 -0.110633 -2.2571e-05 2.70471e-06 -0.0830888 0.00362436 1.3682e-06 -0.125524 0.0541671 9.31144e-07 -0.13948 0.0311014 0.284413 0.796216 -0.202994 0.165576 0.54952 -0.619574 0.349743 0.0263134 -0.132133 0.180844 0.396359 -0.667672 0.0652785 -0.0284091 -8.45242e-05 0.173863 -0.0770494 -0.00139278 0.050129 0.0312511 -0.0063622 -0.000428532 0.00816403 -0.0114253 -0.0955961 0.068545 0.0227765 -0.0359521 0.0564988 -0.294529 -0.0147487 0.0432928 0.0918747 -0.0044857 0.162787 -0.169177 0.00283594 -0.000192075 -0.0617885 0.10204 0.000767655 -0.12429 -0.00241407 0.000652179 -0.000541157 1.83514e-07 -0.0625121 0.0208964 -0.0114571 -0.000229797 0.0106959 -0.0112755 -0.000253154 0.0116027 -0.00959594 -0.00706738 0.0498943 -0.0655227 0.197233 -0.012995 0.0259604 -0.00262131 0.0220604 0.00262374 0.000830954 -0.00348334 -0.0231769 -0.458031 0.0366674 0.588078 0.633839 0.630023 -0.46167 -0.0995882 -0.214301 0.520381 0.126949 -0.168793 0.374234 0.0332028 -0.4539 -0.252968 0.132704 0.429457 -0.203262 -0.00831034 -0.0334386 -0.0161357 -0.0471694 -0.0550868 -0.0671287 0.0759615 -0.145884 -0.0457894 0.115286 -0.0955002 0.000484342 -0.02207 -0.0499076 -0.00448775 0.0626303 -0.00629553 -0.135564 0.306588 -0.295585 0.0390306 -0.00440864 -0.0440472 0.0412474 -0.242706 0.0296272 -0.067299 -0.0329158 -0.0276015 -0.0775226 0.0267723 -0.00969307 -0.064019 -0.0520219 -0.00623496 0.0251901 -0.0778373 0.0132231 0.0122503 -0.103207 0.00749088 0.0608378 0.00302307 -0.0311745 -0.0331151 -0.0434409 -0.0221234 -0.0220576 -0.00175695 0.000240089 -0.0953814 -0.162951 -0.247886 2.83315 0.0681628 0.292814
 0.000112239 -25.6618 5.27054 -0.000133403 -17.0946 14.2378 -0.0737949 -0.0143698 -0.0262476 151.257 -34.0479 788.198 -0.000122017 2.6787 0.000195685 -6.47267e-05 2.02998 -0.0889271 -3.06743e-05 3.04211 -1.3131 -2.04957e-05 3.34221 -0.745483 -6.67607 -18.2669 4.65953 -3.80452 -12.6085 14.216 -8.26377 -0.555158 2.8529 -4.33607 -9.04196 15.2459 -1.51396 0.774039 -0.00320916 -4.10146 1.89015 0.0319387 -1.17621 -0.539793 0.124068 0.0798451 -0.12373 0.172277 2.19449 -1.63689 -0.293037 0.67977 -1.19116 6.79368 0.237741 -0.880193 -2.19019 0.0093599 -3.7256 3.92487 -0.0810844 0.00540511 1.55419 -2.4675 -0.0193754 3.03501 0.0433785 -0.0119537 0.0160141 -5.36852e-06 1.58312 -0.531319 0.324861 0.00787742 -0.321849 0.192935 -0.000643164 -0.128595 0.211789 0.159845 -1.12891 1.61325 -4.28814 0.281694 -0.592578 0.0599003 -0.491893 -0.0597224 -0.0185975 0.07897 0.54177 10.6241 -0.903744 -13.5663 -14.3659 -14.366 10.7209 2.40713 4.99327 -13.0518 -3.13174 4.29064 -8.62984 -0.693551 10.4579 5.65935 -3.32389 -10.2803 5.22032 0.133454 0.68814 0.335326 1.09252 1.29153 1.56134 -1.83119 3.51369 1.02907 -2.73871 2.29693 -0.0404257 0.502839 1.19911 0.0969773 -1.4135 0.102433 3.27005 -7.30882 7.10231 -1.1332 0.171448 1.03488 -0.987434 5.71446 -0.690018 1.65091 0.799925 0.595145 1.78109 -0.593627 0.245724 1.49183 1.22935 0.10739 -0.569869 1.8662 -0.304521 -0.31397 2.39834 -0.173288 -1.31599 -0.106266 0.653691 0.805641 1.08709 0.53993 0.536004 0.0333355 -0.00520029 2.1991 3.73883 5.54943 -65.7047 -1.00501 -6.72146
 5.12112e-10 -0.000133478 2.81043e-05 4.4324e-10 6.44557e-05 -5.34805e-05 1.47188e-05 4.05337e-06 -8.20173e-05 6.41016e-05 5.05007e-06 -0.000122017 1000 8.25078e-05 -6.2923e-06 -9.93814e-10 4.81748e-05 -1.8022e-06 2.95313e-10 3.62912e-05 -1.55506e-05 8.37011e-12 4.46115e-05 -9.72264e-06 -0.000273622 -0.000555381 0.000143802 -3.01364e-05 -0.000185461 0.000208994 -9.70066e-05 2.76543e-05 -0.000104825 -0.000136053 3.51209e-05 -4.85625e-05 0.000116058 2.9829e-05 -9.63541e-07 -0.000308532 0.000131712 3.14745e-06 -2.32641e-05 0.000168397 -1.95836e-05 3.14018e-05 4.20886e-05 -5.84774e-05 9.83768e-05 -1.98446e-05 -0.00021214 0.000157882 2.82624e-05 5.58018e-05 -4.53753e-06 6.09172e-07 0.000130355 -4.0339e-05 -3.99837e-05 5.69911e-05 -2.67604e-06 2.6272e-07 -2.60748e-05 8.52576e-07 1.3273e-06 -5.11847e-05 -1.01359e-06 2.51252e-07 -3.97747e-07 -5.31619e-10 7.29226e-05 -2.48873e-05 1.58463e-05 6.36218e-07 -1.90809e-05 2.38571e-05 3.76981e-06 -8.95256e-05 1.64653e-06 1.68662e-06 -1.30443e-05 -5.12196e-05 0.000239732 -1.58067e-05 6.27837e-06 -4.75346e-07 1.1174e-05 -9.87507e-07 -1.41644e-07 1.13873e-06 -6.59898e-05 -4.25806e-05 2.84271e-05 8.64047e-05 4.2118e-05 9.8815e-06 -1.77494e-05 -1.56449e-06 -0.000112519 -2.42026e-05 -7.8698e-06 0.000219814 0.000147867 -0.000107563 -7.39299e-05 5.3546e-05 3.88801e-05 6.2373e-05 4.65715e-05 -1.37846e-05 -0.000104648 -1.81404e-05 5.98846e-05 4.30135e-05 -4.19417e-05 -2.73081e-05 -8.07471e-05 3.18985e-05 2.54707e-05 1.22183e-05 7.84515e-07 -5.38623e-06 -2.81762e-05 3.49975e-06 -1.71256e-05 -2.77746e-05 -3.31018e-05 -2.67854e-05 -2.21332e-05 -3.95613e-05 -1.01694e-05 7.41194e-06 1.80388e-05 3.48936e-05 2.67991e-05 2.23899e-05 1.24252e-05 -5.8726e-07 -3.7779e-05 -4.15642e-05 -1.89095e-05 1.03554e-05 2.36158e-05 -2.41893e-06 -3.63235e-05 1.55479e-06 -4.12705e-06 3.58841e-06 -3.58871e-06 -6.46269e-06 2.35479e-06 2.60258e-05 3.46308e-05 -1.58408e-05 -2.61733e-06 -9.85452e-06 -5.9202e-06 -4.25699e-06 5.47976e-06 3.30656e-05 6.11182e-05 8.84358e-05 -0.000771698 -0.000335393 -0.000117604
 -1.89341e-05 3.45054 -0.724554 -7.09931e-06 -1.06597 0.883116 -0.313419 -0.0843448 1.71634 -1.45178 -0.110633 2.6787 8.25078e-05 997.905 -2.77798 1.72655e-05 -1.12259 0.0427659 -1.08651e-05 -0.745182 0.318662 -6.37257e-06 -0.899293 0.194803 8.34712 13.9391 -3.63591 0.814482 4.77508 -5.38227 3.1679 -0.612731 2.2447 4.76776 -0.0970058 -0.175495 -3.51488 -0.783245 0.0282672 6.53141 -3.14566 -0.0708656 0.863611 -4.88021 0.566667 -0.78061 -1.05726 1.46791 -2.15767 1.52176 4.46285 -3.67834 -1.24034 -0.669351 0.979413 -1.0859 -3.70696 1.71252 0.888524 -1.66202 0.0323011 -0.00253736 0.656139 0.123923 -0.0273519 0.948316 0.00808514 -0.00182302 0.0149227 1.03194e-05 -1.61685 0.55026 -0.306577 -0.011819 0.356421 -0.631204 -0.0922621 2.19499 -0.020434 -0.0312972 0.247341 1.47772 -8.53718 0.573807 -0.136882 0.00974347 -0.30832 0.0213429 0.00336386 -0.0249205 1.98768 1.93878 -0.160094 -1.54912 -0.714205 0.0169749 0.716954 0.26735 2.24056 0.29451 0.107685 -4.45682 -3.99911 1.84256 3.2866 -0.916797 -0.898193 -1.79013 -0.394488 0.575745 2.02678 0.358801 -1.45134 -1.39624 1.4804 1.19377 2.11063 -0.823309 -0.654281 -0.187303 0.0642116 0.15756 0.651993 0.123911 0.541522 0.671799 0.785076 0.597074 0.651954 0.801178 0.201911 -0.301719 -0.662091 -0.986598 -0.644495 -0.581734 -0.458598 -0.178463 0.417402 0.447912 0.0295709 -0.0923316 -0.240729 0.125395 0.637712 -0.139506 -0.0590846 -0.351986 -0.0796338 -0.0334281 -0.270682 -1.07027 -1.49731 -0.160179 -0.15661 0.035214 -0.0294039 0.269444 -0.169363 -0.612761 -1.23797 -1.69067 14.5404 5.84994 2.15948
 2.16401e-07 -0.0264749 0.00547766 -2.22311e-09 -0.00825898 0.00688963 7.94547e-05 7.20331e-06 -0.000457283 -0.000133868 -2.2571e-05 0.000195685 -6.2923e-06 -2.77798 0.825159 2.40052e-07 -0.00598322 0.000317482 2.50912e-08 -0.00255573 0.00112594 5.58372e-08 -0.00395772 0.00091536 -0.0352071 -0.05984 0.0155496 -0.00613008 -0.0254726 0.0287118 -0.0141018 -3.00666e-05 0.00122083 -0.0196092 -0.00580218 0.0109731 0.00231333 -0.00158928 0.000152369 -0.0358935 0.00842375 0.000361605 -0.0114142 0.00688683 -0.000530541 0.000144869 -0.000443247 0.000603707 0.00393935 -0.00725506 -0.0184821 0.0156321 0.00228791 0.000141887 -0.00577207 0.00671763 0.00726988 -0.00730742 -0.005923 0.00964719 -0.000396846 3.05792e-05 -0.000910687 -0.000654214 4.36663e-05 -0.00117615 0.000128682 -3.33932e-05 -4.60419e-05 6.24277e-08 -0.00405355 0.00148494 -0.000383544 -1.52998e-05 0.000401118 0.00110865 0.000105765 -0.00285736 -0.000244628 -0.000204377 0.00134056 -0.00458818 0.0322537 -0.00215981 -0.000214599 2.94895e-05 0.000249632 -8.63688e-05 -1.30713e-05 0.000100304 -0.00749082 -0.00444196 -0.000798582 0.00243309 0.00161626 0.000403323 -0.00143329 -0.00124805 -0.00730922 -0.00355914 -0.000517954 0.0161489 0.0137833 -0.00634366 -0.0115639 0.00266439 0.0027259 0.00604136 0.00146963 -0.00250153 -0.00713575 -0.000937365 0.00567463 0.00528788 -0.0054405 -0.00456951 -0.00749152 0.00300712 0.00220181 0.000328927 -0.000341992 -0.00070637 -0.00212149 -0.000587465 -0.0020509 -0.00243422 -0.00259558 -0.00230073 -0.00172845 -0.00305059 -0.000619569 0.0012563 0.00272234 0.00379789 0.00251702 0.00209114 0.00151436 0.000383 -0.00162783 -0.00146189 0.000601964 0.000848092 0.00122277 -0.000452461 -0.0020155 0.000731321 0.000287375 0.00186293 0.000478545 0.000421436 0.00122809 0.00406528 0.00522999 0.000748503 0.00062289 0.000111552 0.0003493 -0.00111014 0.000643127 0.00213074 0.00488917 0.00549512 -0.0669618 0.00438186 -0.00619516
 -2.46381e-10 -6.9809e-05 1.4584e-05 1.12874e-11 2.19102e-06 -1.75448e-06 8.7464e-06 2.56733e-06 -5.06817e-05 3.25109e-05 2.70471e-06 -6.47267e-05 -9.93814e-10 1.72655e-05 2.40052e-07 1000 2.52932e-05 -3.61359e-06 -3.59361e-10 2.39421e-05 -1.02505e-05 -5.67112e-10 2.99103e-05 -6.52317e-06 2.80289e-05 -4.78253e-06 7.00834e-07 -1.04501e-05 -6.06989e-05 6.83653e-05 1.26071e-05 1.28496e-05 -5.38341e-05 6.51886e-05 -1.72509e-06 -2.07741e-06 -2.28117e-05 6.7645e-06 -1.08899e-07 -9.16287e-05 2.4697e-05 7.26376e-07 -1.72127e-05 6.45716e-06 -1.17384e-07 9.02929e-06 1.3736e-05 -1.90205e-05 7.14858e-05 -8.73895e-06 -0.000183096 0.000133689 -2.40706e-05 7.76619e-05 3.38121e-05 -4.62807e-05 1.61641e-05 2.65277e-05 -3.6346e-05 2.27742e-05 6.33542e-06 -4.63008e-07 -4.60477e-06 1.87541e-05 -3.11552e-09 -1.82718e-05 -2.46864e-06 6.06751e-07 4.70794e-07 -4.28251e-10 3.67577e-05 -1.25833e-05 1.08702e-05 4.81305e-07 -1.44547e-05 1.46366e-06 1.02158e-06 -2.50825e-05 2.9534e-06 2.63923e-06 -1.973e-05 -7.31864e-07 -0.000351229 2.45612e-05 1.46876e-05 -1.32522e-06 9.14505e-07 -8.56001e-07 -1.41688e-07 1.00638e-06 -2.42498e-05 -4.37945e-05 4.77043e-05 0.000112326 7.21829e-05 5.41436e-05 3.21629e-05 -2.77432e-06 -0.00015718 -0.000100022 -3.31931e-05 0.000241293 -1.44335e-05 0.000137965 -4.36371e-05 5.19722e-06 8.17513e-05 -3.05715e-05 3.84996e-05 -1.88914e-05 -3.52926e-05 -2.50396e-05 -2.0378e-05 2.46003e-06 1.11404e-05 4.33989e-05 -2.37456e-05 -4.36753e-06 -4.60729e-05 1.38139e-06 1.44339e-05 1.17651e-05 -7.30994e-06 -2.19467e-06 -1.76218e-05 -8.54497e-06 -1.82051e-05 -2.62821e-05 -2.74489e-05 -1.42913e-05 -8.25774e-06 3.34733e-07 -1.91084e-06 1.10118e-05 5.97654e-06 -7.28339e-06 -1.02099e-05 -1.06686e-05 -1.42309e-05 -2.94165e-05 -3.6714e-05 2.05599e-06 7.54355e-06 -3.73052e-06 6.01347e-06 1.02455e-05 -1.07621e-05 2.62139e-05 1.69563e-06 -1.91949e-05 -1.29889e-05 -1.67821e-05 -1.00464e-05 -1.95893e-05 -4.30413e-06 -9.66677e-06 -7.86238e-06 8.03263e-06 1.93159e-06 2.46475e-05 4.50936e-05 6.27192e-05 -0.000531964 -0.000314161 -9.10405e-05
 -7.86202e-06 2.82476 -0.591009 -9.53032e-07 0.0165135 -0.0171335 -0.275553 -0.0753002 1.51989 -1.0617 -0.0830888 2.02998 4.81748e-05 -1.12259 -0.00598322 2.52932e-05 996.88 -46.7958 -4.18947e-07 -0.702787 0.301043 3.59618e-06 -0.842184 0.183862 3.48893 4.15914 -1.10518 0.453208 2.84064 -3.20287 1.85496 -0.376757 1.39376 2.36227 0.394839 -0.816234 -1.14148 -0.438379 0.0154355 2.7566 -1.33354 -0.0296962 1.18917 -2.43521 0.264554 -0.455957 -0.644096 0.891835 -1.39191 1.79613 3.26114 -2.91057 -0.366115 -1.18511 0.408603 -0.369885 -2.02908 0.891451 1.11955 -1.53851 -0.191083 0.0176039 -0.0218507 0.11176 -0.0127859 0.406766 0.0344032 -0.00822523 -0.0025749 1.10424e-05 -1.20325 0.41133 -0.318988 -0.0135394 0.408759 -0.350039 -0.0618565 1.48754 -0.107576 -0.0720765 0.54117 0.576295 1.4988 -0.108872 -0.308316 0.0261219 -0.10433 0.026777 0.00381643 -0.0308599 1.53931 2.43321 -0.722631 -2.77604 -1.70841 -1.01482 -0.418973 0.763117 3.3056 2.16239 0.702905 -6.49859 -2.47714 -0.397986 3.65203 1.22751 -3.41315 -3.26769 2.51717 -0.0970648 1.09665 0.613925 0.226125 -0.27977 -0.574695 0.649427 0.622173 0.167981 0.598463 0.414634 0.0120488 -0.027539 0.304632 0.203834 0.785266 0.507204 0.617706 0.629747 0.860114 0.524505 0.395235 0.241602 -0.19931 -1.35846 -0.387764 -0.0750475 0.076683 0.0724223 0.192595 0.22581 0.41775 0.128435 0.208591 -0.338369 -0.0642525 -0.000373998 0.238641 -0.637849 -0.893149 0.23515 0.106833 -0.371779 -0.742047 -0.581225 -0.307225 -0.0445719 0.00298241 0.0572911 -0.130498 -0.636459 -1.09557 -1.61017 14.2288 7.40413 2.31545
 5.31117e-07 -0.146091 0.0305112 3.28663e-08 -0.0107313 0.00909465 0.0122398 0.00334488 -0.0677463 0.0471542 0.00362436 -0.0889271 -1.8022e-06 0.0427659 0.000317482 -3.61359e-06 -46.7958 3.07462 3.23959e-08 0.0287634 -0.0122939 -1.19975e-07 0.0344207 -0.0074769 -0.16958 -0.205768 0.0545946 -0.0244483 -0.141315 0.159338 -0.0902044 0.016388 -0.059909 -0.114288 -0.0229959 0.0459304 0.0504984 0.0186092 -0.000608688 -0.137274 0.0618107 0.00147422 -0.0612726 0.109203 -0.011649 0.0195324 0.0274091 -0.0379398 0.0642493 -0.0869661 -0.157694 0.140833 0.0162379 0.055716 -0.0202736 0.0186269 0.0928059 -0.043226 -0.0554035 0.0759874 0.00882993 -0.000816993 0.0019695 -0.00546322 0.000573259 -0.0179216 -0.00142047 0.000336534 0.000130325 -4.20306e-07 0.0504308 -0.017173 0.0139087 0.000590053 -0.0178854 0.0161511 0.00278364 -0.0672745 0.00441304 0.00300551 -0.0227475 -0.0280649 -0.0713184 0.00518073 0.0141095 -0.00119113 0.00437023 -0.001287 -0.000182993 0.0014828 -0.0735755 -0.116001 0.0319967 0.132188 0.0829832 0.0494186 0.0201485 -0.0365899 -0.156338 -0.10766 -0.0354186 0.310846 0.118321 0.0186037 -0.174229 -0.0587947 0.162786 0.15618 -0.120168 0.0045672 -0.052464 -0.0291009 -0.0104101 0.0135895 0.027447 -0.0311849 -0.0297119 -0.00797198 -0.0285331 -0.0198501 -0.000502559 0.00129194 -0.0143267 -0.0097859 -0.0374563 -0.0241954 -0.0293161 -0.0302311 -0.0405472 -0.0251566 -0.0187668 -0.0113719 0.00981715 0.0650821 0.0187533 0.00363456 -0.00368615 -0.00355731 -0.00930327 -0.010801 -0.0194587 -0.00571308 -0.00958327 0.0160953 0.00313644 0.00014306 -0.0113644 0.0308843 0.042641 -0.0110305 -0.00489144 0.0180272 0.0353543 0.0278433 0.0146835 0.00231177 5.40703e-05 -0.00283093 0.00624501 0.0303852 0.0529066 0.0766009 -0.694941 -0.329881 -0.109286
 -9.55768e-10 2.35787e-05 -4.91188e-06 5.24338e-11 2.53428e-05 -2.11249e-05 -1.11082e-06 1.26426e-07 -8.67618e-07 1.77739e-05 1.3682e-06 -3.06743e-05 2.95313e-10 -1.08651e-05 2.50912e-08 -3.59361e-10 -4.18947e-07 3.23959e-08 1000 -5.46022e-06 3.16494e-06 -4.60586e-10 4.88779e-06 -1.13071e-06 7.19652e-05 3.39476e-06 -2.25245e-06 7.33778e-06 4.90903e-05 -5.53818e-05 6.84737e-05 5.17431e-06 -2.65078e-05 0.000143008 -4.17486e-05 5.85779e-05 -3.71729e-05 -3.14273e-06 3.00161e-07 -3.68533e-05 -9.98238e-07 1.1051e-07 -1.16593e-06 -3.8732e-05 4.8759e-06 -3.32132e-06 -2.98503e-06 4.12677e-06 3.12943e-05 1.74595e-05 -6.3633e-05 3.9704e-05 -3.33009e-05 1.90018e-05 6.26593e-05 -7.41718e-05 -2.70919e-05 2.58872e-05 -5.92228e-06 -6.40255e-06 1.96348e-07 1.60864e-07 -1.95469e-05 6.14894e-06 -1.38633e-08 -4.32013e-06 -1.61284e-06 3.95591e-07 3.17379e-07 -1.19314e-10 -2.60977e-06 8.54075e-07 -3.14471e-07 2.11082e-08 -9.0326e-07 1.07704e-07 2.16459e-07 -3.91325e-06 1.14638e-06 9.25141e-07 -6.47791e-06 6.34826e-06 -0.00031532 2.17053e-05 8.52417e-06 -7.87469e-07 9.02026e-07 -5.10029e-07 -1.83916e-07 6.99606e-07 -4.47124e-07 3.41035e-06 -3.0404e-05 -6.86651e-05 -2.31553e-05 1.56056e-05 3.69498e-05 0.000359771 -0.000173966 -8.46794e-05 -4.19266e-05 -5.38425e-05 -7.69123e-05 0.00011878 3.21425e-05 7.15209e-06 7.7205e-05 2.7544e-06 -2.92856e-05 9.7921e-06 3.13752e-05 -1.57362e-05 -1.24112e-05 -1.42095e-05 -5.13523e-06 9.42883e-06 1.58259e-05 -1.00976e-05 4.16942e-06 -3.20402e-06 8.42356e-06 1.05408e-05 5.28761e-06 8.48057e-06 -1.11823e-05 -4.66423e-06 8.274e-07 -7.82649e-06 6.10666e-06 -6.35661e-06 1.22401e-05 2.16531e-06 -6.8563e-07 -4.28157e-06 9.65683e-07 -7.58554e-06 -9.42068e-07 1.44817e-05 8.63771e-09 -4.36326e-05 -4.1415e-05 2.35162e-05 1.4835e-05 -9.38396e-06 9.95006e-06 1.88534e-05 -5.76761e-06 3.44569e-05 -9.63362e-06 -1.66297e-06 -9.20727e-06 -2.40895e-05 -2.20949e-05 -2.523e-05 -7.40196e-06 -5.35497e-06 -3.19981e-06 4.01462e-06 5.32702e-09 2.46772e-06 1.04265e-05 3.52529e-06 -4.43577e-05 -4.33615e-05 -9.65673e-06
 -2.56266e-05 2.5122 -0.527623 -8.60967e-06 -1.86322 1.54846 -0.345782 -0.0811555 1.6326 -1.33419 -0.125524 3.04211 3.62912e-05 -0.745182 -0.00255573 2.39421e-05 -0.702787 0.0287634 -5.46022e-06 838.392 -363.054 1.13334e-05 -1.75637 0.39267 -0.93668 4.78223 -1.18116 -0.181548 0.125054 -0.140326 0.126985 -0.684679 2.78981 -0.264271 2.63682 -4.33212 0.176938 -0.327291 0.00665083 0.608833 -0.346806 -0.0050441 -0.58229 -0.383946 0.0486638 -0.36228 -0.447137 0.620178 -0.528645 -0.964494 1.66944 -0.882086 1.04227 -3.23716 -1.47243 2.00088 -0.580142 -1.60259 0.648981 0.196245 -0.162669 0.0161728 -0.60479 -0.899946 0.0280592 -0.0939381 -0.0146447 0.00395688 -0.00898813 9.86515e-06 -1.31976 0.459308 -0.566476 -0.0266231 0.803385 -0.395016 -0.0655159 1.45823 -0.135749 -0.0605825 0.440549 -1.53974 3.57403 -0.228747 -0.374628 0.035007 0.121471 0.0382263 -0.00421688 -0.0343391 -0.448405 1.7533 2.11 2.30995 -0.543333 -0.382546 -32.9438 14.4021 0.492353 3.23186 1.2709 3.66042 -6.3322 1.04531 2.20214 -1.0497 0.169821 -1.12826 -0.244198 -0.0830268 1.282 0.291081 0.190406 0.585907 0.938705 0.159739 -0.179619 -0.523467 0.972189 -0.288345 -0.146723 -0.0454526 0.66487 1.42422 -0.316799 -0.0323331 0.343541 0.228354 0.769301 -0.808444 0.134883 0.109792 0.436711 -0.428613 0.169386 0.606906 0.688062 0.452344 0.289535 1.13959 0.814441 -0.413715 -0.203464 -0.862173 -0.0885364 0.0998664 -0.0346302 1.64058 -0.35998 0.468738 1.01704 0.416993 0.145126 -0.940019 -0.423136 -0.0287378 0.160907 -0.404482 0.0528116 -0.849505 -0.886379 -1.91436 19.247 9.57284 3.0796
 1.12269e-05 -1.10234 0.231456 3.6827e-06 0.801744 -0.66629 0.149163 0.0349997 -0.704303 0.576728 0.0541671 -1.3131 -1.55506e-05 0.318662 0.00112594 -1.02505e-05 0.301043 -0.0122939 3.16494e-06 -363.054 158.779 -4.94871e-06 0.7603 -0.169975 0.40585 -2.08131 0.514084 0.0776054 -0.0583134 0.0654546 -0.0560815 0.296041 -1.20619 0.113958 -1.14845 1.88692 -0.0774905 0.139775 -0.00277857 -0.264709 0.149295 0.00220488 0.251838 0.1626 -0.0205856 0.155577 0.192237 -0.266602 0.229281 0.418915 -0.725267 0.383249 -0.452749 1.40609 0.639809 -0.869381 0.250805 0.695741 -0.282663 -0.0842057 0.0703523 -0.00700051 0.263537 0.390971 -0.0122287 0.0422726 0.00648607 -0.00174983 0.00383641 -4.2291e-06 0.57028 -0.198457 0.24477 0.0114986 -0.347086 0.171312 0.0284126 -0.632447 0.0577881 0.026052 -0.189428 0.671479 -1.55137 0.0992775 0.162192 -0.0151577 -0.0519814 -0.0166067 0.0018343 0.0149156 0.194744 -0.758521 -0.917591 -1.0078 0.234365 0.173439 14.3156 -6.26399 -0.211433 -1.40311 -0.55408 -1.58927 2.75091 -0.454861 -0.95653 0.455813 -0.0743826 0.489865 0.106465 0.0360531 -0.557256 -0.126369 -0.0826257 -0.254469 -0.407651 -0.0693345 0.0779152 0.227372 -0.422412 0.125202 0.0637393 0.0196244 -0.288669 -0.618738 0.137676 0.0140742 -0.149132 -0.099483 -0.333896 0.351018 -0.0587112 -0.0477364 -0.18961 0.1862 -0.0735139 -0.26377 -0.299048 -0.196703 -0.125941 -0.495018 -0.353427 0.179747 0.0884676 0.374247 0.0383428 -0.0435138 0.0148705 -0.712317 0.15619 -0.203673 -0.441713 -0.181009 -0.0633085 0.408206 0.183587 0.0124974 -0.0698707 0.175653 -0.0229403 0.368992 0.385697 0.831378 -8.37695 -4.13273 -1.33631
 -6.2073e-10 1.45249e-05 -3.00137e-06 1.71517e-10 3.76697e-05 -3.13718e-05 2.14466e-06 8.72674e-07 -1.69973e-05 9.45533e-06 9.31144e-07 -2.04957e-05 8.37011e-12 -6.37257e-06 5.58372e-08 -5.67112e-10 3.59618e-06 -1.19975e-07 -4.60586e-10 1.13334e-05 -4.94871e-06 1000 1.69776e-05 -3.73424e-06 0.000115356 -0.000118499 2.73724e-05 1.20343e-05 5.54546e-05 -6.26122e-05 8.29789e-05 9.76725e-06 -4.46801e-05 0.000168397 1.14741e-05 -3.11261e-05 -4.74113e-05 -2.56078e-06 4.50385e-07 -6.46083e-05 4.20206e-06 3.33056e-07 1.16095e-05 -4.9539e-05 5.75984e-06 -1.7088e-06 -2.26891e-06 3.05547e-06 1.72165e-05 6.58145e-05 -3.6456e-05 4.63366e-06 -5.57031e-05 3.11918e-05 0.000114265 -0.000135128 -2.94731e-05 4.6558e-05 -1.33961e-05 -9.42029e-06 -2.05071e-08 1.6704e-07 -1.51935e-05 7.28958e-06 4.67391e-08 -7.46973e-06 -1.79567e-06 4.57275e-07 4.24381e-07 -2.12317e-10 1.0883e-05 -3.93168e-06 3.55811e-06 1.95699e-07 -5.61476e-06 -1.48459e-06 2.84472e-07 -5.23902e-06 2.02067e-06 1.34537e-06 -9.56278e-06 1.40044e-05 -0.000307972 2.1305e-05 3.91372e-06 -3.94327e-07 -1.55303e-07 -5.45097e-07 -1.90775e-07 7.42082e-07 1.07129e-05 1.41103e-06 1.09116e-05 1.78877e-05 2.19875e-05 3.01801e-05 7.33231e-05 0.000102494 -9.30279e-05 -8.48763e-05 -3.71337e-05 -2.6808e-05 -1.75622e-05 9.75261e-05 8.40941e-05 -2.52792e-05 3.3501e-05 -4.83136e-05 0.000114265 -3.45182e-05 4.43512e-06 2.77498e-06 2.74145e-06 3.32393e-06 5.99709e-06 3.68345e-05 1.48492e-05 3.47981e-06 -2.23755e-05 2.24335e-05 -3.94617e-06 1.64545e-06 -3.07553e-06 8.93253e-06 4.67872e-06 6.70574e-06 3.3853e-06 -1.07016e-05 1.05266e-05 -8.03647e-06 1.73708e-06 -8.87583e-06 -1.6169e-05 -4.471e-06 5.61024e-06 -6.52794e-06 1.05436e-05 6.18264e-06 -2.09001e-05 -9.59338e-05 -6.14632e-05 3.33859e-05 1.09276e-05 -3.17868e-06 4.28506e-07 6.76096e-06 -1.08368e-05 -4.20872e-06 4.56533e-06 -1.73685e-05 -1.68952e-05 -3.25003e-05 -3.79203e-05 -2.54088e-05 -1.12171e-05 -1.08756e-05 -1.07351e-05 9.94572e-06 -1.08324e-06 1.05712e-05 1.27626e-05 2.10652e-05 -0.000225896 -0.000139928 -3.94684e-05
 2.42591e-06 1.39482 -0.296275 -1.11972e-05 -2.11057 1.75451 -0.355423 -0.102463 2.04094 -1.60448 -0.13948 3.34221 4.46115e-05 -0.899293 -0.00395772 2.99103e-05 -0.842184 0.0344207 4.88779e-06 -1.75637 0.7603 1.69776e-05 950.374 -213.183 -0.86103 11.933 -2.96463 0.0644503 0.986905 -1.10896 -2.98931 -0.999702 4.28992 -3.03672 1.36602 -2.03386 0.387789 -0.385203 0.00186733 2.11727 -0.761356 -0.0184335 -2.12137 0.446551 -0.0221393 -0.358005 -0.445391 0.621008 -0.691541 -2.20985 1.28994 -0.203697 1.71283 -4.58655 -2.83098 3.69825 -0.213097 -2.59107 0.541089 0.813199 -0.124063 0.00937375 0.0626138 -0.314452 -0.0188093 0.983805 0.0330292 -0.00839783 -0.0140302 1.40814e-05 -1.38908 0.485822 -0.482933 -0.0227594 0.676407 -0.354756 -0.0684844 1.51546 -0.155158 -0.0815086 0.595335 -0.538763 3.02769 -0.205785 -0.267772 0.0260805 0.0339011 0.0349558 0.000309735 -0.0355891 -0.737104 0.985846 -0.414321 -1.73114 -1.55308 -1.00163 -8.93275 3.35981 1.47842 3.53285 1.52237 1.47931 -6.72498 -0.954915 4.29462 -0.159989 -2.12421 -6.8043 1.54297 0.734862 -0.73327 -0.507031 -0.341676 0.274956 -0.269525 -1.00761 -1.01356 0.482293 1.36442 -0.721893 -0.193115 -0.149407 0.211331 -0.233265 0.183427 -0.00167268 0.0967854 0.477817 0.208573 0.166593 0.270309 0.63171 1.04252 0.565562 0.243703 0.228261 0.153229 0.185105 0.343068 2.26011 1.58619 -0.49365 -0.26312 -0.0985614 0.36399 0.296085 0.357723 0.982857 0.104919 0.574544 2.15026 1.48246 0.677874 -0.438623 -0.00545102 0.296789 0.419711 -0.580505 0.0705113 -0.947702 -1.1343 -2.1519 21.3139 10.8836 3.44454
