 1000 0.00264313 -0.000558189 -9.42781e-10 -0.000132391 0.000106667 -2.21729e-06 -1.84045e-07 1.59483e-06 -7.5453e-05 -4.32741e-06 9.93142e-05 2.90465e-10 -1.38993e-05 1.86049e-07 -2.57642e-10 -5.94995e-06 4.42641e-07 -9.26201e-10 -1.83686e-05 8.13067e-06 -6.28066e-10 8.10514e-06 -1.58132e-06 1.7211e-05 -0.00031423 7.94313e-05 -5.43262e-05 -0.000207005 0.000233336 -4.48706e-06 -9.79536e-07 3.09005e-06 8.8574e-05 -9.08348e-05 0.000140935 -7.31519e-05 -5.82983e-06 9.49004e-07 -0.000127274 1.3149e-05 1.22732e-06 -1.6287e-05 -8.14695e-05 1.1156e-05 -4.06478e-06 -1.03037e-05 1.63748e-05 7.32643e-05 -5.62835e-05 -0.000276297 0.000223936 -6.5748e-05 7.89489e-05 0.000103752 -0.000129841 -4.97167e-05 1.39576e-05 -5.45055e-05 5.59477e-05 -3.79173e-06 3.33606e-07 2.2273e-05 6.56404e-06 -2.93856e-07 4.13296e-06 -4.52041e-06 1.31655e-06 7.44803e-07 -1.24811e-10 -3.72246e-06 1.44137e-06 3.51813e-06 1.13242e-07 -4.55892e-06 1.00201e-05 8.15987e-07 -2.08395e-05 2.32327e-06 1.52327e-06 -1.31491e-05 -9.60883e-06 -0.000352571 2.79761e-05 6.2186e-06 -7.65345e-07 -9.13232e-06 -1.67731e-06 -7.45611e-07 2.44241e-06 3.02818e-06 -9.15955e-05 -0.000150762 -0.000213834 -0.000101448 -4.10936e-06 0.000155617 0.000428198 -0.00023455 -0.000105073 -7.46378e-05 5.83019e-05 -5.26668e-05 1.04188e-06 8.54196e-05 0.000118592 5.45127e-05 -6.22902e-05 -0.00015401 0.000225919 -0.000133545 2.04749e-05 -2.43992e-05 -1.94653e-05 1.3336e-05 4.58832e-05 7.5214e-06 -2.43435e-05 4.71219e-05 -4.0356e-05 1.24551e-05 -6.63374e-06 -6.59152e-06 1.15651e-05 8.12242e-06 -8.29043e-06 -1.99384e-05 0.000155984 -0.000119396 8.05214e-05 -4.95995e-06 1.48898e-05 2.68399e-05 7.99497e-06 3.07523e-05 -2.58607e-05 2.99848e-05 1.95026e-05 2.88602e-05 -2.31179e-05 -7.24187e-05 4.42714e-05 1.50451e-05 -9.75381e-07 3.17289e-06 -3.17113e-05 3.87659e-05 3.61876e-05 -1.91292e-06 3.29473e-05 1.27746e-05 -4.11837e-05 -7.1384e-06 -2.69542e-05 1.4912e-06 2.17924e-06 4.79324e-06 2.80195e-07 2.83709e-07 1.87463e-05 3.51972e-05 3.44029e-05 -0.000610198 7.94352e-05 -5.18944e-05
 0.00264313 485.974 -101.498 0.000136273 27.745 -22.3517 0.479793 0.174784 -2.80699 15.2381 1.12678 -26.2072 -8.77896e-05 2.52621 -0.0233445 -5.2304e-05 2.27317 -0.120775 2.3502e-05 1.55684 -0.692767 2.22037e-05 0.174367 -0.0501043 16.8191 35.7956 -9.38119 6.09611 23.6535 -26.6834 13.2399 2.23195 -9.53088 9.01521 14.625 -24.4287 7.82928 1.21048 -0.143053 19.2534 -2.23092 -0.184836 9.93248 7.45312 -1.21569 1.31139 2.67276 -4.29166 1.98997 8.21653 14.5167 -13.789 1.99906 -3.5904 1.25802 -1.1361 6.7797 2.78744 7.89819 -10.986 0.646346 -0.0566939 -1.73814 2.22371 -0.00343029 -2.41379 0.376393 -0.106965 -0.124565 -2.09003e-05 1.23631 -0.437013 0.294075 0.0202842 -0.444588 -0.84681 -0.0266952 0.965306 -0.0318879 -0.114027 0.948414 -1.37944 3.13901 -0.233839 1.71313 -0.183487 0.504842 0.131007 0.0336793 -0.166076 1.43504 -3.81006 10.3316 18.4109 10.7533 2.04477 -31.1829 17.8577 -8.36345 17.9214 11.8872 -1.07542 -1.46148 -2.10842 -4.83432 3.23874 3.47368 1.56726 -8.86698 3.36319 -1.19565 0.422485 -1.5233 -1.04001 -0.908546 -1.12195 -0.043135 1.97615 0.365472 -0.938286 -0.00705355 -0.0132179 -0.222165 -1.21653 0.219144 -0.325382 -1.24675 2.98861 -6.01968 2.59504 -0.672041 -0.513139 -1.06461 -3.80972 -1.38357 -2.21906 -1.493 -1.72866 0.0743677 -0.0694782 -0.987958 -1.80316 -2.06602 -0.530123 -0.373485 -2.17932 0.0848516 -1.77757 -3.38769 -0.629022 -0.0622564 -2.03066 -0.407875 -1.13748 -1.0759 -1.00556 -1.05012 0.453291 -0.232616 -2.16018 -4.97408 -5.10382 89.3148 -37.0145 4.55853
 -0.000558189 -101.498 22.3339 -2.88261e-05 -5.85582 4.71752 -0.105078 -0.0380465 0.613507 -3.21487 -0.237856 5.53229 1.92934e-05 -0.549733 0.00496397 1.13297e-05 -0.491778 0.0260487 -4.99255e-06 -0.342369 0.15222 -4.65812e-06 -0.0486728 0.0130913 -3.54376 -7.54484 1.9773 -1.28859 -4.98633 5.62509 -2.7862 -0.474328 2.02342 -1.89994 -3.08464 5.15229 -1.65512 -0.265135 0.0306189 -4.05714 0.460344 0.0390222 -2.09777 -1.58491 0.258111 -0.281175 -0.569592 0.914688 -0.421509 -1.72965 -3.0559 2.90278 -0.422807 0.755803 -0.265631 0.240109 -1.42794 -0.587518 -1.66404 2.31471 -0.136578 0.0119816 0.367624 -0.468265 0.000661805 0.510858 -0.0791113 0.0224798 0.0263168 4.6297e-06 -0.28132 0.0987745 -0.0670933 -0.00452295 0.100584 0.176557 0.00529674 -0.19552 0.00557693 0.0236733 -0.196874 0.292932 -0.660473 0.0491854 -0.361894 0.0387589 -0.10738 -0.0275944 -0.00708765 0.0349748 -0.30219 0.802471 -2.17353 -3.87721 -2.26654 -0.426451 6.56874 -3.76625 1.763 -3.77365 -2.50187 0.22649 0.308127 0.443772 1.0176 -0.683166 -0.732293 -0.329809 1.8691 -0.710025 0.252346 -0.0893289 0.321152 0.219339 0.191195 0.236176 0.00871678 -0.416034 -0.0773981 0.197784 0.00147637 0.00273634 0.046951 0.255862 -0.0461431 0.0686448 0.262838 -0.631001 1.26908 -0.547302 0.141505 0.107951 0.224167 0.802565 0.291333 0.467217 0.31394 0.3637 -0.0161471 0.0143298 0.20873 0.379874 0.435326 0.111373 0.0785403 0.45917 -0.0183078 0.374539 0.713224 0.132166 0.0129252 0.427973 0.0855492 0.239596 0.226362 0.211788 0.221148 -0.095459 0.0489758 0.455116 1.04871 1.075 -18.8382 7.82942 -0.958824
 -9.42781e-10 0.000136273 -2.88261e-05 1000 -0.000913629 0.000738553 -3.85444e-06 -9.25879e-07 2.05553e-05 4.46134e-05 3.97856e-06 -8.95602e-05 6.39137e-10 -1.06554e-05 2.38322e-08 1.1865e-10 -5.26686e-06 2.58062e-07 4.48092e-12 -1.42503e-05 6.17147e-06 1.90361e-10 -1.59361e-05 3.32094e-06 5.27707e-05 3.06404e-05 -8.51228e-06 -5.73188e-06 -1.67256e-05 1.86635e-05 0.000151026 1.41325e-05 -6.68586e-05 0.000199029 -2.42207e-05 2.4699e-05 2.22255e-05 -4.41563e-06 1.33573e-07 5.70984e-06 4.16322e-07 3.62633e-07 7.43104e-05 -5.24235e-06 -3.21357e-07 -5.238e-08 1.04127e-06 -1.79073e-06 1.45954e-05 2.03876e-05 -4.11991e-05 2.30604e-05 -3.24403e-05 -2.49636e-05 0.000109616 -0.000126186 3.37875e-05 -2.14759e-05 4.12299e-05 -3.51393e-05 -1.13244e-06 -5.98189e-08 3.51858e-05 -5.41572e-05 3.90867e-06 -8.79066e-05 -5.68468e-06 1.56956e-06 8.25037e-07 2.42868e-10 -2.80942e-05 8.87176e-06 -5.88623e-06 -2.57198e-07 7.42377e-06 -1.42368e-05 -1.41473e-06 3.45353e-05 1.87263e-06 2.53461e-07 -2.50273e-06 -1.31347e-05 -0.000166523 1.30283e-05 2.42286e-05 -2.5721e-06 -6.29432e-07 -4.58582e-07 -2.98214e-07 7.6275e-07 -3.77183e-05 -5.37942e-05 -2.21286e-05 -2.54758e-05 -9.20172e-06 4.33694e-06 6.57333e-05 -6.16e-06 -4.01e-05 1.89679e-05 5.36013e-06 -2.52211e-05 5.96879e-06 4.58046e-05 -2.75252e-05 0.000101552 -3.97893e-05 -6.7499e-06 -1.36849e-05 -6.60072e-07 8.14879e-06 -6.59321e-07 1.17286e-05 -1.33262e-06 2.8056e-05 -2.41714e-05 -1.7303e-06 4.5303e-06 3.25702e-05 -3.95805e-05 -1.71825e-05 4.21249e-05 4.21656e-05 3.70426e-05 -8.4863e-05 -0.000205415 -7.41287e-05 0.000135743 -3.25317e-05 0.000136074 -1.03672e-05 4.02995e-06 3.19504e-05 2.59391e-05 1.6079e-05 1.98352e-06 2.79153e-05 -7.25437e-06 5.96131e-05 -5.15583e-05 -0.000120771 1.36662e-07 -6.28222e-05 6.957e-05 6.83315e-05 5.18677e-06 -2.01059e-06 -5.74032e-06 -2.10062e-05 6.83652e-05 5.01343e-05 -0.000106295 5.39094e-05 -2.83487e-05 -1.93575e-06 -7.59999e-07 -3.2492e-07 -5.46379e-06 4.15429e-06 -1.52813e-05 -4.78219e-05 -6.2732e-05 0.000487045 -5.92054e-05 4.16296e-05
 -0.000132391 27.745 -5.85582 -0.000913629 406.992 -326.428 -0.296442 -0.0932361 1.99809 9.8206 0.749102 -17.361 0.000122221 -1.99433 -0.00676828 3.23765e-05 -0.840155 0.0284106 3.97631e-05 -3.73014 1.61891 6.50714e-05 -3.96598 0.83412 10.8424 21.799 -5.72408 4.08794 14.9893 -16.9147 14.5959 0.271364 -2.14589 8.62519 9.27819 -15.7027 3.98284 -1.13917 0.00131319 9.86077 -2.68653 -0.0833751 6.58481 2.34858 -0.474098 -0.292355 0.0374496 -0.0449175 -1.28256 2.63297 -1.4031 0.141395 2.06915 -3.3593 0.637365 -0.427354 5.61651 1.64781 5.63113 -7.66979 0.339883 -0.027329 -1.79786 -1.57598 0.251491 -8.51846 -0.75175 0.218282 0.0931714 5.06144e-05 -4.927 1.55326 -0.771119 -0.0333209 1.01114 -1.67208 -0.114472 3.06376 -0.0207129 -0.0516601 0.44063 -3.48769 -0.798633 0.08313 2.12838 -0.226586 0.47373 0.0610846 0.0147763 -0.0765037 0.798934 -1.52474 1.92334 2.79264 1.32396 2.14714 1.72848 -1.77778 -0.744947 4.5384 1.07575 -1.26086 -0.782242 0.713598 -1.83399 3.10471 -0.411964 -0.759398 -0.879284 1.12843 0.0580317 -0.557133 -0.95816 -1.7273 0.258717 0.226782 -0.19546 0.314315 2.34068 -1.3207 -1.66251 -0.429037 -0.343312 2.82515 2.67733 -1.89182 -1.57121 3.85404 -7.66502 3.30463 0.359323 0.0753313 -0.527074 -0.977808 -0.637605 -0.00776672 -0.115564 -1.33955 0.642072 0.83443 0.348252 -0.690074 -1.48297 0.0884876 0.060971 -0.290355 0.733959 -0.78761 -3.11928 -0.046841 1.56886 -1.84683 0.365138 -0.727722 -0.480295 -0.422809 -0.415519 0.158155 -0.102045 -1.80849 -3.99845 -4.33908 72.2203 -27.3559 3.9932
 0.000106667 -22.3517 4.71752 0.000738553 -326.428 264.263 0.237139 0.0745638 -1.59973 -7.91216 -0.603604 13.9891 -9.82052e-05 1.60102 0.00546546 -2.59864e-05 0.672477 -0.022685 -3.20452e-05 3.0004 -1.30219 -5.24084e-05 3.19057 -0.671027 -8.73197 -17.5585 4.61057 -3.29483 -12.0737 13.6246 -11.7551 -0.220162 1.73442 -6.94737 -7.47378 12.6489 -3.20853 0.914572 -0.000924919 -7.94027 2.16103 0.0671564 -5.30401 -1.89539 0.382341 0.23382 -0.0321075 0.0393389 1.03398 -2.12041 1.13041 -0.114231 -1.66712 2.70604 -0.513409 0.344232 -4.52272 -1.32699 -4.5354 6.1772 -0.273993 0.0220349 1.44825 1.27002 -0.202614 6.86253 0.605721 -0.175878 -0.0751821 -4.06911e-05 3.96082 -1.24862 0.619112 0.0267453 -0.811843 1.34579 0.0920556 -2.46419 0.016298 0.0415058 -0.354029 2.81028 0.642368 -0.0668941 -1.71472 0.182547 -0.381688 -0.0491973 -0.0118982 0.0616133 -0.643031 1.22797 -1.54862 -2.24871 -1.06618 -1.72902 -1.39222 1.43202 0.600408 -3.65686 -0.866471 1.0159 0.629893 -0.575063 1.47733 -2.50102 0.331951 0.611556 0.708511 -0.908683 -0.0469668 0.448601 0.771601 1.3912 -0.208438 -0.182261 0.157406 -0.25315 -1.8853 1.06385 1.33925 0.345391 0.276431 -2.27561 -2.15572 1.52478 1.26588 -3.10485 6.17361 -2.66215 -0.289337 -0.0607033 0.424352 0.78745 0.513485 0.00610972 0.0928031 1.0788 -0.517446 -0.672007 -0.279896 0.555905 1.19479 -0.0717165 -0.0494525 0.233821 -0.591207 0.634558 2.51211 0.0373314 -1.26379 1.48788 -0.294583 0.586144 0.386715 0.34054 0.334662 -0.127325 0.0821398 1.45669 3.22115 3.49498 -58.1815 22.0495 -3.21563
 -2.21729e-06 0.479793 -0.105078 -3.85444e-06 -0.296442 0.237139 999.849 -0.0915036 0.889691 -0.10842 -0.020032 0.524375 1.3985e-05 -0.28197 -7.39562e-06 7.66175e-06 -0.243549 0.01078 -1.07761e-06 -0.303254 0.131485 2.21551e-06 -0.327013 0.0685718 0.174468 0.725115 -0.188491 0.0613676 0.778132 -0.878507 1.01146 -0.13246 0.434119 1.04375 0.0995757 -0.235839 -0.0342785 -0.14046 0.00512136 -0.00314994 -0.10404 0.00125953 0.0561532 -0.407794 0.0494671 -0.120088 -0.149769 0.240952 0.162672 -0.316788 -0.470772 0.460726 -0.110544 -1.74474 0.801717 -0.768562 -0.216207 -0.414913 0.204632 0.0341541 -0.066238 0.00632184 -0.0140135 0.0299401 -0.00528015 0.192521 0.00163743 -0.000386617 -0.00520046 4.87631e-06 -0.489707 0.154673 -0.164786 -0.00772037 0.229769 -0.222017 -0.0316032 0.763558 0.0255405 0.00387121 -0.036116 0.141037 -0.658959 0.0505837 -0.257442 0.0267006 0.0316637 0.00205104 -0.000188898 -0.00187999 -0.328062 -0.316644 -0.274482 -0.325245 -0.128812 0.0048221 0.762171 0.68082 -1.03883 -0.025501 0.0496603 0.302229 0.382787 -0.0804969 -0.130235 0.160887 0.188819 -0.249074 -0.0183164 -0.0124847 -0.0299688 -0.0485628 -0.0598051 -0.0283431 -0.0675108 -0.110277 0.352062 -0.554362 0.112909 -0.00541908 0.0336343 -0.0449848 0.0787859 -0.0313887 -0.0467303 -0.0581545 -0.142413 0.118868 0.297455 -0.231913 0.0441645 0.0585508 0.117147 -0.571455 0.222284 -0.166811 0.0785317 0.192144 -0.40146 -0.120997 -0.0384764 0.329628 -0.158004 0.182823 0.212634 -0.0258498 0.0543825 0.0336889 0.0665644 0.0514653 0.3481 0.427094 0.065609 -0.112096 -0.0862344 0.0278721 0.029771 -0.0734721 0.0373482 -0.379043 -0.586819 -0.949952 7.76294 5.1374 1.39064
 -1.84045e-07 0.174784 -0.0380465 -9.25879e-07 -0.0932361 0.0745638 -0.0915036 3.89941 -54.6244 -0.0422796 -0.00732629 0.18852 4.27858e-06 -0.0838888 -1.52791e-05 2.5019e-06 -0.0729722 0.00322608 1.854e-07 -0.0764776 0.0331499 1.02656e-06 -0.10621 0.0223731 0.0099882 0.382004 -0.0976429 0.0252907 0.254002 -0.286605 0.257957 -0.0543602 0.189613 0.21983 0.121747 -0.213059 0.00466081 -0.0422129 0.00120803 0.0201882 -0.0337459 2.48342e-05 -0.00923371 -0.0997097 0.0119522 -0.0338742 -0.0450894 0.0726242 0.0523239 -0.119413 -0.208642 0.196996 0.0273325 -0.61445 0.143012 -0.106878 -0.0639862 -0.142408 0.0460846 0.0379939 -0.0228869 0.00260099 -0.0891364 0.0759759 -0.00215246 0.00138133 0.00108505 -0.000261817 -0.00211739 1.62099e-06 -0.152792 0.0482938 -0.0510072 -0.00237761 0.0707331 -0.0860977 -0.0116474 0.278129 0.00388347 0.000723566 -0.00753784 0.0595451 -0.0269689 0.0020965 -0.0617294 0.00638394 0.0153627 0.00125102 0.000551992 -0.00181745 -0.103182 -0.1128 -0.0610548 -0.0494424 -0.00716857 0.00972333 0.506914 -0.133274 -0.334489 0.0113829 0.04349 0.336408 0.124642 -0.0388333 -0.23851 -0.0694206 0.131982 -0.0687148 0.0175356 -0.0132726 -0.0251109 -0.0331755 -0.0406867 -0.0158093 -0.0315556 -0.0941687 0.208798 -0.169513 0.0149611 -0.0204268 0.0587717 -0.0291214 0.0340513 -0.0178573 0.00662607 -0.00745429 -0.0990925 0.0166043 0.0275623 -0.0539145 0.0280563 0.0394632 0.0369065 -0.124875 0.0292745 -0.010521 0.00762448 -0.041201 -0.116167 0.0469366 0.0904227 0.0969193 -0.0141659 0.0366472 0.0103286 -0.0592611 -0.0700827 0.140087 -0.0344413 0.112785 0.182271 0.0491569 -0.0662465 -0.0434798 -0.0281463 0.00688098 0.0129368 -0.0239864 0.0117432 -0.125753 -0.149123 -0.279992 2.59834 1.68816 0.461963
 1.59483e-06 -2.80699 0.613507 2.05553e-05 1.99809 -1.59973 0.889691 -54.6244 991.411 0.900133 0.146664 -3.73931 -8.03385e-05 1.58599 4.55259e-06 -4.57972e-05 1.37003 -0.0607888 -1.69666e-06 1.42939 -0.619783 -1.85866e-05 1.96039 -0.413111 -0.194008 -6.72954 1.72065 -0.391431 -4.43315 5.0021 -4.63046 1.0347 -3.62893 -3.96609 -2.06494 3.62989 -0.0738551 0.840124 -0.0254327 -0.414803 0.671655 -0.000574515 0.171381 1.95331 -0.235777 0.663335 0.865658 -1.39552 -0.990528 2.13807 3.74396 -3.53183 -0.422653 10.9915 -2.60231 1.96358 1.15559 2.54998 -0.811659 -0.696185 0.42104 -0.0476373 1.56832 -1.3522 0.0391323 -0.0591909 -0.0249405 0.00626234 0.0395552 -3.11266e-05 2.88747 -0.913621 0.973868 0.0456869 -1.35237 1.55732 0.210583 -5.02717 -0.072993 -0.0163445 0.162848 -1.20216 0.565562 -0.043162 1.12757 -0.116616 -0.2826 -0.0222287 -0.00987746 0.032363 1.83792 2.01394 1.08636 0.891943 0.155192 -0.157048 -9.07759 2.3244 5.96808 -0.0551712 -0.666626 -6.05033 -2.23683 0.692968 4.25502 1.236 -2.36087 1.23854 -0.331702 0.227478 0.453238 0.595901 0.730001 0.282822 0.55564 1.66875 -3.74327 3.03873 -0.267992 0.356543 -1.05954 0.518281 -0.619014 0.318058 -0.123618 0.126812 1.76516 -0.288327 -0.517418 0.968439 -0.506644 -0.70958 -0.665583 2.23769 -0.532739 0.193638 -0.134224 0.736572 2.08915 -0.831925 -1.62334 -1.75236 0.24497 -0.656458 -0.188972 1.05889 1.25629 -2.51974 0.617224 -2.01959 -3.26901 -0.887665 1.1959 0.781539 0.507192 -0.127441 -0.235553 0.43017 -0.20961 2.25073 2.64771 5.01261 -45.9582 -31.0218 -8.30942
 -7.5453e-05 15.2381 -3.21487 4.46134e-05 9.8206 -7.91216 -0.10842 -0.0422796 0.900133 898.194 -6.99241 146.518 0.000113818 -2.34175 0.00158427 5.24443e-05 -1.85396 0.0839486 2.60519e-05 -2.87355 1.25066 2.41201e-05 -2.92606 0.619506 5.79704 6.25702 -1.68531 1.52762 5.23195 -5.90708 6.6594 0.464919 -2.29976 5.56484 3.25508 -5.69706 2.2261 -0.373032 -0.00625433 4.59722 -1.4105 -0.0326956 2.75707 0.912823 -0.183705 -0.0686652 0.00196215 0.00128062 1.43606 0.735513 -5.46876 3.76034 0.0772392 -2.76651 2.56545 -2.73748 3.39948 2.15182 1.15591 -2.80554 0.681446 -0.0544311 -2.81073 4.4785 -0.00897685 -4.85615 -0.11293 0.0334861 -0.0429938 1.96167e-05 -2.84091 0.895703 -0.352264 -0.0110581 0.369278 -1.15582 -0.093543 2.60991 -0.363227 -0.205296 1.70738 -1.64351 -5.48427 0.441862 0.227407 -0.0268841 0.722744 0.000262681 -0.0119625 0.01176 -0.474731 -9.05861 1.40916 7.17071 7.01853 8.73231 -7.89873 -4.84038 3.49604 10.9619 3.55971 -9.43855 2.89699 -1.61919 -3.27035 3.1475 8.73589 13.4044 -16.8366 1.97217 2.00801 0.823331 -0.328301 -0.751639 -0.961348 2.66557 -5.1947 0.395702 3.2866 -3.44837 0.930662 0.0617663 -1.72836 0.069061 -0.386417 1.14693 -5.16559 9.34644 -10.3036 6.97034 -1.97185 -0.819289 1.47442 -5.40117 0.500119 -3.31706 -1.18758 1.27618 -0.197075 -0.403723 -0.957859 -1.01239 -1.2582 1.27007 0.0680817 -2.62406 0.307153 1.00907 -1.22157 0.241187 -1.87287 1.32301 2.01903 -1.32438 -2.68019 -0.897583 -0.83463 0.125791 0.0137583 -0.95697 -1.50876 2.15086 42.6865 -20.662 1.81577
 -4.32741e-06 1.12678 -0.237856 3.97856e-06 0.749102 -0.603604 -0.020032 -0.00732629 0.146664 -6.99241 2.31481 -33.5849 8.0741e-06 -0.163322 7.36925e-05 4.22429e-06 -0.135623 0.00605365 2.15084e-06 -0.222756 0.0968209 2.04494e-06 -0.226742 0.0478821 0.215131 0.777907 -0.201438 0.144462 0.558241 -0.629914 0.416697 -0.0113698 0.0135772 0.144076 0.394431 -0.651339 0.1416 -0.038387 -5.36288e-05 0.107239 -0.0527649 -0.000994391 0.0168545 0.0836434 -0.0124313 -0.0233585 -0.0232427 0.03782 -0.0753602 0.0370991 0.0125405 -0.0200982 0.0998389 -0.324006 -0.0503056 0.0912009 0.148508 -0.0379586 0.172034 -0.179436 0.0128996 -0.00119681 -0.0596967 0.103685 0.000536441 -0.144839 -0.0038438 0.00119121 -0.00221943 1.61904e-06 -0.202363 0.0638265 -0.0416947 -0.00167888 0.0515203 -0.0180865 -0.000738558 0.0251269 -0.0166667 -0.008852 0.0726826 -0.133487 0.288547 -0.0217662 0.0376937 -0.00420802 0.0344876 0.00286773 0.000997308 -0.00389681 -0.0534157 -0.518614 0.289662 0.776744 0.615998 0.679606 -0.407125 -0.204115 -0.154566 0.379841 0.111395 -0.156594 0.386081 0.0193678 -0.479125 -0.262218 0.14013 0.42193 -0.221944 -0.0219371 -0.0423316 -0.0228203 -0.0480918 -0.0583464 -0.0779604 0.0589682 -0.162456 -0.0448351 0.10996 -0.106817 -0.00986259 -0.0327091 -0.0634154 -0.00827624 0.0509202 -0.0223656 -0.149814 0.307807 -0.297651 0.0266413 -0.00961965 -0.04615 0.0370812 -0.243901 0.0271059 -0.0625268 -0.0308875 -0.0302682 -0.0837707 0.034839 0.00572026 -0.0681113 -0.0653021 -0.00629765 0.0247643 -0.077674 0.0139395 0.000599916 -0.0972737 0.0087195 0.0605269 0.00534827 -0.0201106 -0.0313296 -0.0420486 -0.0256406 -0.0253598 -0.00237691 0.00316562 -0.100806 -0.188992 -0.250218 3.3309 -0.485279 0.27661
 9.93142e-05 -26.2072 5.53229 -8.95602e-05 -17.361 13.9891 0.524375 0.18852 -3.73931 146.518 -33.5849 782.727 -0.000194232 3.93632 -0.00205332 -0.000101017 3.28466 -0.146915 -4.91983e-05 5.35856 -2.32938 -4.67602e-05 5.41613 -1.14394 -5.09805 -17.924 4.64381 -3.32736 -12.8764 14.5297 -9.8995 0.338503 -0.58245 -3.50643 -9.03872 14.9405 -3.32505 1.02151 -0.00431556 -2.56731 1.33445 0.0228188 -0.406185 -1.76801 0.26644 0.612567 0.616785 -1.00377 1.7228 -0.911687 -0.0380594 0.297434 -2.19941 7.51684 1.05334 -1.98231 -3.54166 0.792386 -3.96291 4.18997 -0.315974 0.0290003 1.52511 -2.52078 -0.0133317 3.53306 0.0732406 -0.0231011 0.0576055 -3.96605e-05 4.90525 -1.54816 1.04059 0.0423612 -1.29062 0.359239 0.0114966 -0.45476 0.380779 0.203468 -1.67132 3.2129 -6.44993 0.485349 -0.873209 0.0974865 -0.785468 -0.0655235 -0.0224423 0.0886898 1.25074 12.1074 -6.79064 -17.9751 -14.0422 -15.5923 9.481 4.9001 3.5557 -9.75565 -2.79443 4.00416 -8.94666 -0.378862 11.1023 5.90584 -3.51106 -10.1505 5.68936 0.432382 0.903835 0.492232 1.11738 1.37316 1.82409 -1.4464 3.9174 1.01126 -2.6304 2.57286 0.198355 0.752785 1.51838 0.185002 -1.1487 0.477783 3.61649 -7.38143 7.18145 -0.847895 0.289876 1.08645 -0.899745 5.7751 -0.639765 1.54766 0.753756 0.656827 1.93545 -0.781151 -0.103362 1.59038 1.54069 0.106915 -0.566283 1.87029 -0.326249 -0.0487994 2.27221 -0.205577 -1.32126 -0.165731 0.395855 0.765065 1.0565 0.621835 0.612825 0.0499476 -0.0736066 2.33846 4.36389 5.63554 -77.6935 11.8711 -6.38592
 2.90465e-10 -8.77896e-05 1.92934e-05 6.39137e-10 0.000122221 -9.82052e-05 1.3985e-05 4.27858e-06 -8.03385e-05 0.000113818 8.0741e-06 -0.000194232 1000 8.00381e-05 -5.9778e-06 -1.02337e-09 4.81762e-05 -1.7947e-06 2.50381e-10 3.66392e-05 -1.57866e-05 -1.10512e-10 4.77414e-05 -9.83738e-06 -0.00027013 -0.000574267 0.000151611 -2.84456e-05 -0.000176986 0.000199638 -7.77662e-05 3.10349e-05 -0.000112405 -0.00013522 6.21777e-05 -9.14962e-05 0.000109521 3.14869e-05 -1.01515e-06 -0.000375753 0.000145906 3.88388e-06 -3.96581e-05 0.000171117 -1.98285e-05 2.60212e-05 3.58615e-05 -5.81405e-05 8.30279e-05 1.09891e-05 -0.000190461 0.000135631 3.17723e-05 5.56606e-05 -1.18024e-05 8.67668e-06 0.000127256 -2.4492e-05 -4.12123e-05 5.42304e-05 -3.0326e-06 3.50976e-07 -4.06368e-05 -2.45219e-06 1.37677e-06 -5.60934e-05 -1.30175e-06 3.86478e-07 -6.51622e-07 -7.27468e-10 7.69853e-05 -2.401e-05 1.50113e-05 6.65744e-07 -1.91239e-05 3.28836e-05 4.61697e-06 -0.00011676 1.0246e-07 1.12543e-06 -1.04086e-05 -4.35133e-05 0.000254229 -1.92866e-05 9.84819e-06 -9.19389e-07 1.15105e-05 -8.84911e-07 -1.38931e-07 1.03266e-06 -5.57438e-05 -4.09958e-05 5.2985e-05 9.74986e-05 4.58829e-05 2.08006e-05 -1.15219e-05 3.89598e-06 -9.7637e-05 3.33301e-06 7.7956e-06 0.000257229 0.000135638 -0.000136049 -9.16264e-05 4.40354e-05 3.54201e-05 6.19013e-05 5.29151e-05 -1.24533e-05 -9.63083e-05 -9.55122e-06 5.81549e-05 2.72365e-05 -4.54541e-05 -3.092e-05 -7.11034e-05 4.4896e-05 3.33654e-05 1.68712e-05 -8.51353e-06 -1.49846e-05 -3.16187e-05 4.09302e-06 -1.32583e-05 -2.5455e-05 -3.06236e-05 -2.94995e-05 -2.74281e-05 -3.43715e-05 -9.58532e-06 8.67862e-06 1.77778e-05 3.23526e-05 2.32026e-05 1.74835e-05 9.02485e-06 -3.43538e-06 -4.39996e-05 -4.88286e-05 -2.54223e-05 4.18625e-06 2.03177e-05 -1.03584e-05 -4.50152e-05 -7.4379e-06 -1.22373e-05 -1.49767e-06 -1.00493e-05 -8.27443e-06 3.46275e-06 2.22353e-05 2.87486e-05 -2.03664e-05 -7.15876e-06 -1.34787e-05 -9.07302e-06 -1.86469e-06 5.58991e-06 3.411e-05 6.4881e-05 8.71069e-05 -0.000786704 -0.000332255 -0.000118448
 -1.38993e-05 2.52621 -0.549733 -1.06554e-05 -1.99433 1.60102 -0.28197 -0.0838888 1.58599 -2.34175 -0.163322 3.93632 8.00381e-05 998.075 -2.50508 1.74723e-05 -1.07341 0.0406072 -9.80549e-06 -0.680821 0.292486 -4.04907e-06 -0.905236 0.185127 8.02132 13.7241 -3.65396 0.761419 4.45462 -5.02599 2.66907 -0.644844 2.25529 4.5033 -0.553421 0.576083 -3.24988 -0.806813 0.0294959 7.49228 -3.27767 -0.0825423 1.1011 -4.75147 0.552488 -0.616549 -0.869276 1.40755 -1.76438 0.81633 3.90558 -3.15782 -1.23237 -0.628488 1.00302 -1.12908 -3.61184 1.37174 0.792195 -1.52316 0.0547834 -0.00526684 0.855268 0.201442 -0.0298058 1.06158 0.0143974 -0.00426786 0.0203669 1.42518e-05 -1.61477 0.501653 -0.273667 -0.0114479 0.333499 -0.757875 -0.101566 2.5807 0.000437449 -0.0225282 0.213374 1.2152 -8.37521 0.647396 -0.187353 0.0166632 -0.304772 0.0188165 0.00356684 -0.0225746 1.74022 1.82145 -1.0476 -2.30368 -1.08002 -0.453351 0.897058 0.307948 1.95469 -0.182829 -0.20506 -4.96985 -3.75783 2.53751 3.25473 -0.730515 -0.70331 -1.58479 -0.294024 0.460804 1.90472 0.241333 -1.37738 -1.08616 1.58483 1.05952 1.84664 -0.922997 -0.66369 -0.200591 0.231388 0.297344 0.658021 0.0135404 0.451037 0.636508 0.737837 0.585941 0.678308 0.720577 0.188681 -0.291945 -0.630321 -0.885743 -0.563717 -0.493181 -0.335566 -0.0255464 0.596647 0.641969 0.194374 -0.00925411 -0.238963 0.240603 0.781328 0.00517298 0.0801744 -0.223856 0.0936264 0.0921642 -0.175951 -0.936286 -1.29353 -0.0126137 -0.0326546 0.123009 0.0530804 0.166337 -0.183233 -0.601703 -1.24427 -1.58565 14.1641 5.43672 2.06743
 1.86049e-07 -0.0233445 0.00496397 2.38322e-08 -0.00676828 0.00546546 -7.39562e-06 -1.52791e-05 4.55259e-06 0.00158427 7.36925e-05 -0.00205332 -5.9778e-06 -2.50508 0.823352 2.22755e-07 -0.00610316 0.000318524 2.1091e-08 -0.00274817 0.00121404 5.04364e-08 -0.00404563 0.000883146 -0.031133 -0.0551594 0.0146194 -0.00556836 -0.0233117 0.0263012 -0.0119626 -0.000142455 0.0014811 -0.0170265 -0.00462623 0.00874774 0.000739363 -0.00187049 0.000166779 -0.0361844 0.00779674 0.000382823 -0.0111482 0.00491406 -0.000289656 -5.5238e-05 -0.000762945 0.00120259 0.00278277 -0.00392555 -0.0148853 0.0124225 0.00167694 0.000434464 -0.00500431 0.0058864 0.00607485 -0.00529677 -0.00517691 0.00871389 -0.000511613 4.67751e-05 -0.00113629 -0.000936403 5.27961e-05 -0.00125448 4.47476e-05 -1.31699e-05 -3.84718e-05 7.04902e-08 -0.00458567 0.00153457 -0.000403128 -1.82852e-05 0.000453464 0.00118912 0.000103944 -0.00299477 -0.00028199 -0.000192872 0.00147113 -0.00417872 0.0282573 -0.00217577 -0.000201219 3.04045e-05 0.000155735 -7.41215e-05 -1.30981e-05 8.79702e-05 -0.00595097 -0.00386337 0.00158683 0.00463365 0.00248859 0.00144099 -0.00161518 -0.0011562 -0.00608926 -0.00122334 0.000831132 0.0164363 0.0119029 -0.00804114 -0.0104382 0.00191288 0.00192947 0.004899 0.00117481 -0.00192086 -0.00620152 -0.00049832 0.00504025 0.0039754 -0.00525578 -0.00363894 -0.00605462 0.00305678 0.00202812 0.000424242 -0.000765543 -0.00102951 -0.0019088 -0.00012552 -0.00156442 -0.00203565 -0.00215116 -0.00219736 -0.00154735 -0.00259326 -0.000511254 0.00111364 0.00237305 0.00322025 0.00206162 0.00160813 0.00094982 -0.000191753 -0.00215635 -0.00205121 -1.04864e-05 0.000591717 0.00114531 -0.000806143 -0.00237296 0.000188827 -0.000229523 0.00122302 -0.000143329 -7.73927e-05 0.000742245 0.00322568 0.00405925 0.00018719 0.000152964 -0.000204595 2.15677e-05 -0.000642681 0.000634364 0.00202787 0.00469448 0.0050083 -0.0650255 0.0071449 -0.00567093
 -2.57642e-10 -5.2304e-05 1.13297e-05 1.1865e-10 3.23765e-05 -2.59864e-05 7.66175e-06 2.5019e-06 -4.57972e-05 5.24443e-05 4.22429e-06 -0.000101017 -1.02337e-09 1.74723e-05 2.22755e-07 1000 2.34787e-05 -3.37224e-06 -3.65123e-10 2.57087e-05 -1.10625e-05 -5.65784e-10 2.90783e-05 -5.96214e-06 2.25651e-05 -4.445e-07 -3.57099e-07 -8.40563e-06 -5.22007e-05 5.88496e-05 2.49609e-05 1.43587e-05 -5.73491e-05 6.30036e-05 8.16511e-06 -1.82043e-05 -2.01928e-05 6.55177e-06 -1.05457e-07 -0.000126895 3.39043e-05 9.91978e-07 -3.41894e-05 1.46862e-05 -8.41372e-07 7.8458e-06 1.23751e-05 -2.00578e-05 7.41565e-05 -6.36085e-06 -0.000200957 0.000149852 -2.09586e-05 7.74482e-05 3.0595e-05 -4.38106e-05 9.42122e-06 2.76093e-05 -3.91982e-05 2.69523e-05 7.08235e-06 -6.03507e-07 -1.05465e-05 1.93301e-05 -7.18531e-08 -2.0736e-05 -2.26479e-06 6.35704e-07 4.31097e-07 -4.53189e-10 3.49303e-05 -1.08981e-05 9.88331e-06 4.86919e-07 -1.3987e-05 8.16939e-06 1.65252e-06 -4.24458e-05 1.47505e-07 1.14693e-06 -1.05361e-05 -3.20874e-06 -0.00031109 2.52163e-05 1.71091e-05 -1.76751e-06 1.393e-06 -9.83789e-07 -2.59203e-07 1.2532e-06 -2.25637e-05 1.78271e-05 4.32654e-05 4.76888e-05 2.62312e-05 2.34435e-05 5.13431e-05 -3.83322e-06 -0.00016572 -1.93522e-05 6.67517e-07 0.000257609 -1.20798e-05 0.000126386 -6.12834e-05 4.35521e-07 7.07954e-05 -2.1709e-05 4.0917e-05 -1.22065e-05 -3.63389e-05 -2.21559e-05 -1.13142e-05 1.32263e-05 9.98333e-06 3.94699e-05 -2.14813e-05 -3.65404e-06 -3.81137e-05 4.47051e-06 1.13637e-05 9.60098e-06 -8.11589e-06 -4.23029e-06 -1.68874e-05 -8.46325e-06 -1.89385e-05 -2.52839e-05 -3.45455e-05 -1.07391e-05 -1.12419e-05 -2.83413e-06 -3.1568e-06 1.13469e-05 7.52438e-06 -7.22547e-06 -1.0514e-05 -8.57137e-06 -1.24102e-05 -3.01441e-05 -4.07006e-05 -1.95877e-06 2.23406e-06 -7.80177e-06 1.0609e-06 4.43358e-06 -1.69105e-05 2.14759e-05 -1.36053e-06 -2.09118e-05 -1.70787e-05 -1.89324e-05 -1.09886e-05 -1.78131e-05 -4.25652e-06 -1.05803e-05 -8.8843e-06 6.53055e-06 2.10629e-06 2.4629e-05 4.50474e-05 5.68485e-05 -0.000504416 -0.000332718 -9.02252e-05
 -5.94995e-06 2.27317 -0.491778 -5.26686e-06 -0.840155 0.672477 -0.243549 -0.0729722 1.37003 -1.85396 -0.135623 3.28466 4.81762e-05 -1.07341 -0.00610316 2.34787e-05 996.938 -46.6298 -1.45214e-07 -0.690291 0.296948 3.96863e-06 -0.815934 0.167501 3.53203 3.83057 -1.046 0.416081 2.65217 -2.99339 1.48312 -0.395019 1.39883 2.35158 0.0538099 -0.252831 -1.11834 -0.455655 0.0167397 3.78248 -1.58012 -0.0377282 1.67053 -2.61022 0.279605 -0.375753 -0.557129 0.900744 -1.42996 1.74302 3.65656 -3.31243 -0.471391 -1.1136 0.560732 -0.552517 -1.90888 0.715159 1.16459 -1.64174 -0.201143 0.0207701 0.1481 0.0915083 -0.0139029 0.520542 0.0326923 -0.00894494 -0.000800231 1.28511e-05 -1.166 0.363521 -0.286781 -0.0133191 0.387365 -0.556476 -0.0806676 2.06123 -0.0423709 -0.0398208 0.361603 0.514755 0.559641 -0.0553606 -0.385634 0.0380601 -0.118657 0.0294865 0.00611189 -0.035902 1.55045 0.732314 -1.31449 -2.10713 -1.07214 -0.68871 -0.558303 0.694417 3.78128 0.482226 -0.0429834 -7.14904 -2.48052 -0.114122 4.02277 1.25235 -3.29862 -3.05379 2.59031 -0.142047 1.20656 0.613133 0.196817 -0.341916 -0.546812 0.676176 0.675906 0.151503 0.573985 0.419372 0.0233575 -0.0169867 0.305214 0.175232 0.736122 0.535057 0.642742 0.65856 0.92628 0.516028 0.421879 0.237606 -0.212111 -1.32924 -0.321528 0.0078791 0.173001 0.153107 0.277719 0.34326 0.584488 0.231126 0.248722 -0.276661 0.0073485 0.094097 0.355358 -0.558691 -0.786707 0.35436 0.272461 -0.229334 -0.623309 -0.499892 -0.226247 0.0252632 0.0659656 0.0123438 -0.161289 -0.635246 -1.1116 -1.4951 13.7439 7.53481 2.27608
 4.42641e-07 -0.120775 0.0260487 2.58062e-07 0.0284106 -0.022685 0.01078 0.00322608 -0.0607888 0.0839486 0.00605365 -0.146915 -1.7947e-06 0.0406072 0.000318524 -3.37224e-06 -46.6298 3.0587 3.44376e-08 0.0277149 -0.0118909 -1.13112e-07 0.0326257 -0.0066527 -0.1702 -0.189319 0.0515892 -0.0225432 -0.132143 0.149145 -0.0725993 0.017168 -0.0601798 -0.112904 -0.00704528 0.019399 0.049224 0.0193346 -0.000665186 -0.184161 0.0729177 0.0018467 -0.083169 0.116529 -0.0122439 0.0159902 0.0234302 -0.037895 0.0656614 -0.0835571 -0.175742 0.159196 0.0208299 0.0526953 -0.0268257 0.0264912 0.0868319 -0.0342964 -0.0572366 0.0805624 0.00919715 -0.000953827 -0.00587055 -0.00451611 0.00062755 -0.0231408 -0.00131727 0.000356146 6.52323e-05 -4.84892e-07 0.0482978 -0.0149833 0.0124926 0.000578922 -0.0169222 0.0256326 0.00364109 -0.0933979 0.00135996 0.00152811 -0.014192 -0.0258349 -0.0274441 0.00269887 0.0175747 -0.00173008 0.00498254 -0.00141157 -0.000291189 0.00171728 -0.0735947 -0.0366381 0.0607824 0.102312 0.053239 0.0342374 0.0265681 -0.0332045 -0.178369 -0.0284102 -9.60125e-05 0.340673 0.118037 0.00500215 -0.191175 -0.0597133 0.156831 0.145447 -0.123106 0.00672705 -0.0575416 -0.029017 -0.00900954 0.0165126 0.0260897 -0.0321921 -0.0321337 -0.00721714 -0.027317 -0.0199392 -0.000973968 0.000810108 -0.0142808 -0.0083696 -0.0349616 -0.0253483 -0.030345 -0.031606 -0.0434611 -0.0247077 -0.0199757 -0.0111893 0.010308 0.0634427 0.0154882 -0.000406539 -0.00833402 -0.00744681 -0.0134148 -0.0164749 -0.0274183 -0.0105516 -0.0114592 0.0130479 -0.000377416 -0.0044115 -0.016952 0.0268974 0.0373463 -0.0167592 -0.0128598 0.0110668 0.0294291 0.0238061 0.0107212 -0.00107951 -0.0030121 -0.00062715 0.00766291 0.0303194 0.0536676 0.0711661 -0.673991 -0.333059 -0.107279
 -9.26201e-10 2.3502e-05 -4.99255e-06 4.48092e-12 3.97631e-05 -3.20452e-05 -1.07761e-06 1.854e-07 -1.69666e-06 2.60519e-05 2.15084e-06 -4.91983e-05 2.50381e-10 -9.80549e-06 2.1091e-08 -3.65123e-10 -1.45214e-07 3.44376e-08 1000 5.32273e-08 6.23801e-07 -5.22943e-10 7.71455e-06 -1.6675e-06 6.69178e-05 6.69668e-08 -1.43149e-06 8.32806e-06 5.40856e-05 -6.10719e-05 7.68543e-05 7.57992e-06 -3.5041e-05 0.000150717 -4.09768e-05 5.53665e-05 -4.01992e-05 -3.833e-06 3.88284e-07 -5.04464e-05 1.61085e-06 2.35325e-07 -8.65621e-06 -3.99697e-05 5.26163e-06 -2.33339e-06 -1.88571e-06 2.98136e-06 3.96033e-05 1.59164e-05 -8.52538e-05 5.66979e-05 -3.65355e-05 2.08124e-05 7.06283e-05 -8.50747e-05 -3.31741e-05 2.52273e-05 -8.91164e-06 -3.36163e-06 -4.54763e-08 1.86088e-07 -2.17437e-05 6.58149e-06 -1.30881e-07 -1.36065e-06 -1.89461e-06 5.33701e-07 4.06817e-07 -1.35893e-10 -7.34387e-07 1.72474e-07 3.20925e-07 5.77861e-08 -1.89839e-06 4.25534e-06 6.09374e-07 -1.35248e-05 3.57582e-07 2.71228e-07 -2.10246e-06 4.60069e-06 -0.000346186 2.74532e-05 7.5606e-06 -8.04972e-07 9.92696e-07 -6.81544e-07 -2.51162e-07 9.40404e-07 -4.49236e-06 -4.33091e-05 -4.66874e-05 -5.81642e-05 -1.48379e-05 1.83123e-05 0.000126201 0.000376691 -0.000203268 -3.26051e-05 -2.15843e-05 -7.66075e-05 -7.42172e-05 0.000114262 2.69235e-05 9.88363e-06 7.11443e-05 1.93084e-06 -2.89373e-05 7.56428e-06 2.86911e-05 -1.21387e-05 -1.14755e-05 -1.30629e-05 -4.84688e-06 1.00577e-05 1.24548e-05 -1.35967e-05 1.81142e-06 -3.85117e-06 6.40836e-06 7.74242e-06 2.56472e-06 4.58551e-06 -1.13785e-05 -6.12301e-06 -9.47955e-07 -5.87786e-06 6.45911e-06 -8.64935e-06 8.89087e-06 3.08612e-07 -2.25645e-06 -5.03835e-06 4.37913e-07 -7.02575e-06 3.90802e-06 1.59353e-05 -4.08228e-07 -5.04021e-05 -5.33781e-05 2.26937e-05 9.72432e-06 -1.07361e-05 7.65914e-06 1.54357e-05 -9.37828e-06 3.13898e-05 -1.05807e-05 -2.85608e-06 -8.22932e-06 -2.49448e-05 -2.42173e-05 -2.38038e-05 -7.63935e-06 -6.86294e-06 -5.09061e-06 2.96216e-06 1.24096e-07 2.91545e-06 1.06e-05 3.29155e-06 -5.76112e-05 -4.1643e-05 -1.07469e-05
 -1.83686e-05 1.55684 -0.342369 -1.42503e-05 -3.73014 3.0004 -0.303254 -0.0764776 1.42939 -2.87355 -0.222756 5.35856 3.66392e-05 -0.680821 -0.00274817 2.57087e-05 -0.690291 0.0277149 5.32273e-08 836.8 -364.254 1.61961e-05 -1.87613 0.396479 -0.909918 4.80041 -1.20696 -0.237841 -0.335123 0.378415 -0.423195 -0.782178 3.03615 -0.225524 2.4222 -3.91178 0.525919 -0.309163 0.00349223 2.066 -0.639537 -0.0136062 0.187806 -0.285612 0.0232112 -0.282863 -0.35061 0.567814 -0.704793 -0.762063 2.33053 -1.43702 0.952386 -3.23691 -1.26258 1.81245 -0.0689311 -1.77413 0.853259 0.112086 -0.189312 0.020182 -0.350817 -0.967032 0.0296305 0.016825 -0.0220197 0.00676203 -0.00882981 1.26022e-05 -1.28896 0.41102 -0.536449 -0.0280858 0.814496 -0.767557 -0.1036 2.48303 -0.118517 -0.0485533 0.412532 -1.45719 3.3944 -0.253324 -0.486882 0.0515837 0.118062 0.0418122 -0.00210593 -0.0400803 -0.55542 4.16007 1.21864 -0.3072 -1.50637 -0.782514 -33.4388 15.6694 1.54993 2.81125 1.07513 4.0669 -6.61457 1.11873 2.40167 -1.02472 0.170186 -1.22805 -0.151063 -0.0956218 1.31091 0.257893 0.199575 0.661835 1.03191 0.153039 -0.22235 -0.541257 0.961819 -0.292642 -0.101855 -0.00445053 0.758867 1.49566 -0.402628 0.0272367 0.360163 0.165523 0.843308 -0.884979 0.130443 0.0953255 0.412381 -0.403006 0.188574 0.663661 0.728527 0.441302 0.241062 1.19884 0.954407 -0.343641 -0.26712 -0.88899 -0.0583006 0.131187 0.0365017 1.68505 -0.284105 0.493565 1.08525 0.49903 0.195299 -0.962285 -0.430301 -0.0160949 0.171006 -0.357533 0.0831412 -0.865559 -0.923875 -1.78931 18.9313 10.0327 3.09451
 8.13067e-06 -0.692767 0.15222 6.17147e-06 1.61891 -1.30219 0.131485 0.0331499 -0.619783 1.25066 0.0968209 -2.32938 -1.57866e-05 0.292486 0.00121404 -1.10625e-05 0.296948 -0.0118909 6.23801e-07 -364.254 160.126 -7.08989e-06 0.816552 -0.172555 0.397291 -2.09984 0.527967 0.102676 0.141983 -0.16033 0.183354 0.340125 -1.32023 0.0982001 -1.06114 1.71377 -0.230016 0.132538 -0.00141324 -0.900227 0.277415 0.00594134 -0.0818625 0.120248 -0.00956198 0.121979 0.151302 -0.245023 0.307133 0.33318 -1.01775 0.62743 -0.416204 1.41398 0.552225 -0.792544 0.0294427 0.774604 -0.373154 -0.0482091 0.0822566 -0.00877498 0.154195 0.422276 -0.0129755 -0.00577423 0.00976672 -0.00299545 0.00377859 -5.43868e-06 0.560064 -0.178577 0.233111 0.0121969 -0.35383 0.334486 0.0451547 -1.08229 0.0505172 0.0209658 -0.17811 0.639255 -1.48216 0.110597 0.21188 -0.02245 -0.0507616 -0.018259 0.000923055 0.0174993 0.242824 -1.81273 -0.534883 0.128996 0.656461 0.348629 14.6062 -6.85035 -0.673733 -1.22771 -0.471923 -1.77486 2.88851 -0.489288 -1.04848 0.447416 -0.0748084 0.536002 0.0665911 0.0418855 -0.572756 -0.112554 -0.0870671 -0.288886 -0.450297 -0.0664897 0.0971028 0.23632 -0.420073 0.1279 0.0446369 0.00191431 -0.331125 -0.653066 0.175957 -0.0116821 -0.157023 -0.0726219 -0.367754 0.386297 -0.0570129 -0.0416557 -0.180013 0.176035 -0.0822632 -0.289936 -0.318293 -0.192902 -0.105457 -0.523514 -0.416393 0.150185 0.116798 0.387923 0.0253155 -0.0573939 -0.0161128 -0.735464 0.123873 -0.215608 -0.473845 -0.21783 -0.0856474 0.420042 0.187682 0.0070546 -0.074638 0.156109 -0.0363341 0.378038 0.404319 0.781492 -8.28799 -4.3529 -1.35007
 -6.28066e-10 2.22037e-05 -4.65812e-06 1.90361e-10 6.50714e-05 -5.24084e-05 2.21551e-06 1.02656e-06 -1.85866e-05 2.41201e-05 2.04494e-06 -4.67602e-05 -1.10512e-10 -4.04907e-06 5.04364e-08 -5.65784e-10 3.96863e-06 -1.13112e-07 -5.22943e-10 1.61961e-05 -7.08989e-06 1000 2.05927e-05 -4.54663e-06 0.000111831 -0.000130631 3.09196e-05 1.56312e-05 7.0465e-05 -7.95945e-05 0.000101635 1.35177e-05 -5.7785e-05 0.000172759 2.73197e-05 -5.71927e-05 -5.05134e-05 -3.59677e-06 5.7011e-07 -9.95727e-05 1.20402e-05 6.05458e-07 -2.31098e-06 -4.85302e-05 5.92361e-06 -8.31187e-07 -1.63302e-06 2.44414e-06 2.42692e-05 7.06941e-05 -5.35869e-05 1.36424e-05 -5.89899e-05 3.55651e-05 0.000123067 -0.000148366 -3.9642e-05 4.81305e-05 -1.95974e-05 -4.73158e-06 8.293e-07 8.67929e-08 -1.79689e-05 5.48516e-06 5.69363e-08 -7.58367e-06 -2.15274e-06 6.22349e-07 5.46918e-07 -2.55546e-10 1.37117e-05 -4.53229e-06 4.10212e-06 2.48822e-07 -6.81984e-06 4.46882e-06 9.14576e-07 -2.09374e-05 9.70456e-07 6.96589e-07 -5.7848e-06 1.1236e-05 -0.00031426 2.5076e-05 5.50568e-06 -6.16077e-07 -1.52991e-07 -7.46361e-07 -2.73059e-07 1.02796e-06 9.29154e-06 3.3538e-05 9.01893e-06 -2.02464e-06 4.94243e-06 1.50955e-05 0.000104939 9.79042e-05 -0.000121138 -4.18352e-05 -1.96941e-05 -2.29682e-05 3.03268e-07 9.48065e-05 7.76984e-05 -2.63621e-05 3.03899e-05 -4.24458e-05 0.00011766 -3.97931e-05 4.86357e-06 2.94843e-06 -1.54359e-06 -4.54285e-06 2.7162e-06 4.20102e-05 8.9995e-06 1.18754e-07 -2.50674e-05 2.08015e-05 -6.68796e-06 9.13404e-07 -3.85341e-06 6.83042e-06 6.35976e-06 5.83613e-06 6.2038e-06 -7.50953e-06 5.12063e-06 -3.46642e-06 1.60908e-06 -6.54946e-06 -1.37635e-05 -2.76827e-06 6.55429e-06 -6.2293e-06 1.19701e-05 6.80783e-06 -2.17951e-05 -0.000105351 -7.20316e-05 3.36524e-05 1.23538e-05 1.06744e-07 5.41373e-07 7.99986e-06 -1.1684e-05 -5.45635e-06 3.37004e-06 -1.99296e-05 -2.09392e-05 -3.30743e-05 -4.2558e-05 -2.78631e-05 -1.20049e-05 -1.22684e-05 -1.13274e-05 8.19091e-06 -1.34864e-06 1.1996e-05 1.4773e-05 2.07779e-05 -0.000252013 -0.00015443 -4.36947e-05
 8.10514e-06 0.174367 -0.0486728 -1.59361e-05 -3.96598 3.19057 -0.327013 -0.10621 1.96039 -2.92606 -0.226742 5.41613 4.77414e-05 -0.905236 -0.00404563 2.90783e-05 -0.815934 0.0326257 7.71455e-06 -1.87613 0.816552 2.05927e-05 955.154 -202.499 -0.800149 12.5965 -3.19021 -0.0310443 0.486332 -0.545502 -3.97398 -1.19675 4.86954 -3.2083 0.74037 -0.960001 0.582688 -0.370854 -0.00129211 3.9324 -1.17738 -0.0307918 -1.53972 0.452038 -0.0301525 -0.299563 -0.367059 0.599657 -0.8273 -2.32201 1.67258 -0.383388 1.66632 -4.62762 -2.79514 3.75699 0.321834 -2.7727 0.728121 0.836941 -0.137556 0.0116184 0.350954 -0.330815 -0.0178261 1.12931 0.0389925 -0.0112187 -0.0170373 1.70864e-05 -1.42715 0.45808 -0.463165 -0.0242507 0.686602 -0.743295 -0.107561 2.57248 -0.103817 -0.0542133 0.465746 -0.558055 2.11531 -0.169466 -0.354138 0.0385039 0.0217091 0.037276 0.00249078 -0.0401233 -0.840924 0.06578 -0.820232 -1.43447 -1.0403 -0.613456 -9.2105 3.69246 2.49626 2.15366 0.936501 1.28203 -7.1374 -0.53563 4.51345 -0.0279922 -2.24582 -6.92891 1.77111 0.786896 -0.730099 -0.518274 -0.27418 0.352861 -0.300976 -1.0212 -0.964823 0.552414 1.38782 -0.745274 -0.0862575 -0.0759079 0.272025 -0.172559 0.175362 0.0623842 0.117957 0.453916 0.249863 0.140203 0.282422 0.640048 1.03163 0.582781 0.205688 0.226329 0.101583 0.126062 0.341535 2.45291 1.83336 -0.459628 -0.389165 -0.138163 0.364452 0.317288 0.406593 0.981667 0.129494 0.572131 2.24059 1.53761 0.68817 -0.49662 -0.0284949 0.295323 0.419295 -0.504659 0.106482 -0.960553 -1.16494 -1.98472 21.0982 10.9719 3.42394
