 1000 0.00540677 -0.00019769 7.74289e-09 -0.000443792 5.64511e-05 -3.41307e-09 -7.14913e-06 3.43343e-05 -9.59101e-05 -5.87504e-05 0.000247069 1.66443e-09 -1.09827e-05 1.07864e-07 1.7096e-09 -1.73914e-05 1.92917e-07 2.38733e-10 -3.34584e-05 1.88614e-06 8.35741e-10 -1.79338e-05 4.77513e-07 -0.000303514 -0.000659573 8.74059e-05 -5.64901e-05 -0.000549883 0.000219991 -0.000127714 -0.000142566 0.000185068 -0.00021409 -0.000321936 0.000202818 -3.02359e-05 3.80083e-06 6.57741e-07 -0.000438821 9.87339e-05 3.13272e-06 -0.000150356 2.59339e-05 1.14279e-06 -8.52967e-06 -1.6631e-05 4.65182e-06 3.08921e-05 -0.000214303 -0.000258013 0.000184676 1.70319e-06 3.58685e-05 -4.37459e-05 5.7731e-05 -0.000136665 -0.000100899 -0.000124966 0.000112121 4.31047e-07 -4.80108e-08 5.3037e-05 7.00564e-07 -1.91075e-06 5.39621e-05 1.3975e-06 -4.22856e-07 -1.16974e-07 1.96374e-09 -3.44939e-05 1.17406e-06 -8.58566e-06 -8.84377e-06 2.58086e-05 -4.09199e-05 -1.04146e-05 0.000111614 1.86045e-06 3.04529e-06 -9.68437e-06 -8.43e-05 0.000325555 -6.04413e-06 -9.84189e-06 6.10428e-07 -5.38035e-06 -1.27903e-06 -3.75478e-07 1.66347e-06 -4.67432e-05 8.46429e-05 -4.79587e-05 -0.000232694 -9.05235e-05 4.66992e-05 -0.000219943 0.000488997 -0.000131813 -0.000393291 -0.000197581 0.000110342 -2.38455e-05 1.75315e-05 -1.57967e-05 -2.06909e-05 1.48821e-05 9.45719e-06 -0.000102416 0.000176492 -0.000161263 1.08797e-05 6.70326e-06 -1.16505e-06 -1.55442e-05 -1.34852e-05 -7.12078e-06 -2.37977e-05 6.24361e-05 -6.18197e-05 -1.8105e-05 -3.29205e-05 -2.23337e-05 -1.42153e-05 1.34253e-06 -1.99852e-05 -2.7714e-05 0.000176244 -7.73478e-05 3.71493e-05 -1.00476e-05 9.39451e-06 2.63854e-05 3.23934e-06 4.13882e-05 1.80785e-05 8.08612e-05 5.12552e-05 3.84525e-05 2.1661e-05 1.45767e-05 3.64401e-05 1.13055e-05 2.60401e-06 3.73748e-05 1.03588e-05 5.17635e-05 7.55798e-05 3.6787e-05 4.4733e-05 4.09345e-05 1.28825e-05 3.92357e-05 1.02683e-05 2.25031e-05 2.38862e-05 2.41758e-05 -2.43961e-05 3.1372e-06 9.66198e-06 1.965e-05 -2.19837e-05 -0.000388224 0.000174679 -3.59568e-05
 0.00540677 611.027 -20.7695 -0.000544326 30.4753 -3.87733 0.000327872 0.868739 -4.21529 6.23511 4.37255 -18.3984 -0.000138638 0.899419 -0.00613915 -0.0001446 1.46496 -0.0122243 -5.37939e-05 1.74707 -0.100145 -8.98319e-05 1.58655 -0.0389872 25.4501 42.2943 -5.67777 3.37791 33.566 -13.4298 11.6088 9.87248 -12.9126 20.0093 21.5275 -13.7722 1.49792 -0.146676 -0.0472826 29.0879 -6.52723 -0.206981 12.1884 -2.83857 -0.0330359 0.848416 1.16989 -0.329797 0.115583 13.5739 13.0958 -10.0502 -1.45335 -0.51746 5.61445 -7.63859 8.96955 8.69246 8.80094 -8.41848 -0.157568 0.016432 -3.95623 1.02585 0.114923 -4.16031 -0.196108 0.0607095 0.00924929 -0.00016325 2.60865 -0.0861073 0.744024 0.687968 -2.01192 2.57912 0.67609 -7.21369 0.0366111 0.0955645 -0.289286 6.88089 -29.8935 0.616349 1.33962 -0.0945524 0.18768 0.0885758 0.00968872 -0.0988231 4.58872 -4.59818 2.92489 13.7662 4.59779 -5.6577 -1.90968 2.68777 -5.75671 19.6267 11.1628 -3.12581 -1.56617 -1.2765 2.2045 7.63442 4.14729 -1.64332 -8.94404 5.31856 0.492498 0.560868 -1.50156 -0.228759 2.02539 2.53097 1.12729 1.72086 -1.37339 1.69547 2.11026 2.16395 1.55372 1.12499 1.21779 1.18031 0.912043 -2.42316 -2.43811 2.10052 -0.0375574 -0.556425 -1.84758 -2.50621 -1.46579 -3.30887 -4.01944 -3.03637 -0.717013 -1.41642 -2.09729 -1.53597 -1.07872 -1.15914 -2.82943 -2.74021 -1.43653 -3.37486 -3.81999 -1.46974 -2.21744 -3.94823 -3.77804 -2.75656 -2.11788 -1.79105 -1.64415 2.11608 -0.27852 -0.421268 -0.936059 1.18929 22.0549 -12.2783 1.6453
 -0.00019769 -20.7695 1.56621 1.92065e-05 -1.07274 0.136481 -1.22208e-05 -0.0323736 0.15719 -0.220634 -0.153668 0.6466 5.71003e-06 -0.0381208 0.000216343 5.52799e-06 -0.0582077 0.000454206 1.86849e-06 -0.0668185 0.0038101 3.13676e-06 -0.0598418 0.00145761 -0.896299 -1.48815 0.199781 -0.121544 -1.18101 0.472526 -0.409307 -0.347984 0.455143 -0.70506 -0.757975 0.484932 -0.0654062 -0.00201844 0.00185513 -1.02695 0.222208 0.00732019 -0.437351 0.0831343 0.00238327 -0.0355995 -0.0479384 0.0133513 -0.00984841 -0.476863 -0.460537 0.353416 0.0496313 0.01721 -0.198514 0.270143 -0.316757 -0.306011 -0.309844 0.296403 0.00555513 -0.000578599 0.139559 -0.0362026 -0.00406235 0.147026 0.00664575 -0.00205715 -0.000246943 6.23331e-06 -0.100977 0.00326241 -0.0283774 -0.0257481 0.0753298 -0.0905871 -0.0238472 0.254434 -0.00224632 -0.0040179 0.012249 -0.232963 1.05931 -0.0218475 -0.0471788 0.00333006 -0.0066277 -0.00310291 -0.000337001 0.00345947 -0.161492 0.164283 -0.103414 -0.484198 -0.163656 0.203753 0.0679799 -0.0975457 0.202913 -0.686823 -0.392514 0.109698 0.0555415 0.0445459 -0.0780987 -0.268995 -0.146351 0.0575455 0.31501 -0.18794 -0.0164356 -0.0197583 0.0527654 0.00792473 -0.071578 -0.0893953 -0.0394725 -0.0600566 0.0479685 -0.0596112 -0.0745745 -0.0762671 -0.0547848 -0.0396066 -0.0429219 -0.0415584 -0.031929 0.0844133 0.0861048 -0.0741361 0.00137693 0.0195543 0.0648924 0.0880447 0.0512516 0.11618 0.140947 0.106429 0.0249161 0.0497115 0.0738057 0.0539089 0.0378693 0.0407755 0.0993664 0.0964228 0.0504433 0.118391 0.134312 0.05158 0.0777799 0.138839 0.13291 0.0969624 0.0744225 0.0629031 0.0577426 -0.0744691 0.00979518 0.0147405 0.0326741 -0.0419631 -0.773779 0.430849 -0.0577099
 7.74289e-09 -0.000544326 1.92065e-05 1000 0.00433643 -0.000561378 -2.86133e-09 -6.60512e-06 3.20352e-05 -9.54442e-05 -6.50472e-05 0.000273486 -1.28818e-09 1.1349e-05 1.43046e-07 5.21086e-10 -1.77579e-07 1.87129e-07 5.16113e-10 -9.69815e-07 1.74193e-07 4.26545e-10 4.107e-06 -1.29339e-08 -0.000329884 -0.000728114 9.67235e-05 -6.31943e-05 -0.000638894 0.00025579 -0.000135645 -0.00017514 0.000226564 -0.000221022 -0.000480738 0.000299658 7.28354e-05 2.65042e-05 -6.39217e-08 -0.000422256 0.000133314 3.37346e-06 -0.000117256 0.000122794 -4.93182e-06 2.25427e-05 1.18569e-05 -2.66501e-06 4.96132e-05 -0.000141591 -4.87576e-05 5.87647e-05 -2.04558e-05 6.813e-05 -2.97463e-05 3.65222e-05 -0.00014854 -0.000136892 -0.00010878 0.000115349 1.41556e-05 -1.20053e-06 7.56121e-05 1.84505e-05 -7.16821e-06 0.000190175 1.01633e-05 -3.23694e-06 -1.32038e-06 -1.06032e-10 5.88631e-06 2.3935e-07 -2.61934e-06 -4.14929e-06 1.19475e-05 -3.43921e-05 -1.06861e-05 0.00011295 2.61824e-06 -2.02064e-07 2.82566e-07 -9.55322e-05 0.000270319 -5.42374e-06 -6.41322e-06 3.95355e-07 -1.14561e-05 -1.94112e-06 -3.66534e-07 2.32028e-06 -8.94557e-05 3.5361e-05 -1.33025e-05 -0.000155067 -0.000152802 -0.000155569 0.000134811 1.98524e-05 -7.4218e-05 -9.93956e-05 -8.45658e-06 1.58797e-05 -1.96625e-05 2.39816e-05 -4.49288e-05 7.36818e-05 -3.17941e-05 3.49981e-05 2.09423e-05 -6.46505e-05 -3.08958e-07 1.43935e-05 5.51209e-05 -7.57058e-06 -2.51133e-06 -6.03335e-05 3.77345e-06 -2.30592e-05 -2.04036e-05 3.9565e-05 -1.44531e-05 5.37372e-05 -2.16426e-05 -0.00010213 -0.000185056 -0.000256221 -7.6148e-05 0.000264623 3.85717e-05 8.5247e-05 -1.86184e-05 1.03105e-05 7.95575e-05 1.41904e-06 4.59737e-05 -1.45193e-05 0.000104011 3.18704e-05 6.01398e-05 -5.53662e-05 -5.43265e-05 -3.10928e-05 -3.60497e-05 9.16104e-05 0.000100801 2.45015e-05 8.78205e-06 7.3883e-05 7.25737e-05 9.42234e-05 5.88476e-05 -6.02788e-05 7.91845e-05 1.78112e-05 2.71483e-05 2.60234e-05 2.58636e-05 -3.14068e-05 5.21027e-06 1.55612e-05 6.55925e-06 -5.63567e-05 -0.000480949 0.000104534 -6.33514e-05
 -0.000443792 30.4753 -1.07274 0.00433643 743.115 -93.6748 0.000148871 0.374707 -1.79097 5.42402 4.10013 -17.2441 5.71704e-05 -0.531508 -0.00495851 -4.38872e-05 0.149318 -0.00700439 -3.81631e-05 0.312065 -0.0211613 -3.28612e-05 -0.0372161 -0.00226951 20.5499 33.0956 -4.45135 2.59467 27.2168 -10.8908 11.8125 8.28262 -10.8971 18.2254 18.1906 -11.6844 -3.73657 -1.28533 0.00580519 20.1671 -6.38924 -0.142219 9.04319 -7.23388 0.307737 -0.812881 -0.61237 0.141026 -2.27313 8.43724 2.66381 -3.38891 -0.214853 -1.03772 3.39683 -4.58643 7.95428 7.40987 8.13811 -7.56253 -0.163464 0.0162452 -3.45609 -2.68722 0.490338 -11.6113 -0.629948 0.196639 0.0703156 -9.31297e-06 -0.117097 -0.0133373 0.163138 0.246783 -0.714745 1.91475 0.563842 -6.00305 -0.0768787 0.0692322 -0.202353 6.50566 -23.1533 0.484234 1.82741 -0.129122 0.414262 0.0675852 0.012233 -0.0802625 3.96704 -1.04498 -0.28889 3.82976 6.58701 9.19473 -1.49243 -0.0219048 -0.300637 6.91832 1.1155 -2.15913 0.0360526 1.59349 0.243643 4.47509 -0.113394 -2.25737 0.201663 2.73673 -0.0260662 -0.464209 -1.5325 -1.28838 2.68178 2.50676 0.158462 0.785283 2.02028 -0.948515 -0.191045 1.39063 2.61878 5.80187 3.66724 -1.06093 -0.77508 -0.267595 -5.1459 3.05311 0.758779 -0.682713 -2.00052 -2.58995 -1.22686 -2.29308 -2.19086 -3.26848 -0.341829 -0.00148352 -0.548245 -1.42706 -1.6349 -0.729528 -1.65098 -1.05356 -1.10993 -3.30363 -4.53182 -0.975702 -0.427557 -3.98278 -3.27059 -2.76735 -1.91544 -1.60275 -1.43604 1.66725 -0.233826 -0.544542 -1.17934 0.816492 23.2381 -12.9317 1.74485
 5.64511e-05 -3.87733 0.136481 -0.000561378 -93.6748 12.8062 -1.98016e-05 -0.0498595 0.238598 -0.690323 -0.521494 2.19327 -6.53825e-06 0.0618179 0.000631131 6.05073e-06 -0.0259067 0.000916074 4.79236e-06 -0.0435638 0.00289903 4.08094e-06 0.00201042 0.00034702 -2.61504 -4.21075 0.566347 -0.333188 -3.46264 1.38558 -1.50332 -1.05418 1.38693 -2.31928 -2.31433 1.48659 0.462479 0.157858 -0.000576495 -2.56899 0.806684 0.0181267 -1.15892 0.903077 -0.0378994 0.0986298 0.0715787 -0.016324 0.287301 -1.07327 -0.339246 0.431324 0.025188 0.131036 -0.433114 0.584863 -1.01292 -0.942726 -1.0355 0.962249 0.0207753 -0.00206467 0.439832 0.341528 -0.0623586 1.47686 0.0804631 -0.0251158 -0.00900693 1.65517e-06 0.00630587 0.00191432 -0.0231664 -0.0330714 0.095864 -0.243622 -0.0717783 0.764206 0.00865942 -0.00955271 0.0280975 -0.817191 2.95197 -0.0617447 -0.232423 0.0164226 -0.052597 -0.00858619 -0.00155334 0.010196 -0.504611 0.135985 0.0349 -0.488547 -0.835693 -1.16746 0.188765 0.00293483 0.0383457 -0.879932 -0.141107 0.274814 -0.00423679 -0.20287 -0.0314578 -0.569791 0.0140282 0.286801 -0.0256185 -0.347821 0.00322594 0.0589955 0.194701 0.163695 -0.341356 -0.319026 -0.0200791 -0.0995096 -0.256798 0.120245 0.0239035 -0.177202 -0.333161 -0.737595 -0.466051 0.135194 0.0986929 0.0336076 0.654249 -0.38841 -0.0964079 0.0868385 0.254301 0.329283 0.155852 0.291556 0.278434 0.415457 0.0432661 0.000319296 0.0699263 0.181557 0.207942 0.0926736 0.209859 0.134085 0.141286 0.420029 0.57627 0.124006 0.0543155 0.506611 0.41597 0.351934 0.243563 0.203805 0.182599 -0.212119 0.0297391 0.0691953 0.149848 -0.103904 -2.95411 1.64412 -0.221779
 -3.41307e-09 0.000327872 -1.22208e-05 -2.86133e-09 0.000148871 -1.98016e-05 1000 -5.34659e-05 0.000153551 0.000177739 0.000104964 -0.000440601 3.62105e-09 -2.65742e-05 -8.90475e-08 2.52444e-09 -3.15355e-05 -5.41623e-09 7.09843e-10 1.70536e-06 -1.88669e-07 8.77883e-10 -2.30347e-05 4.24466e-07 0.000254189 0.000279084 -3.93617e-05 1.07849e-05 0.0002182 -8.80887e-05 0.000228619 4.18186e-05 -6.07597e-05 0.000423084 -0.000144319 7.18742e-05 -7.20021e-05 -1.14747e-05 -1.31519e-08 -0.000171137 1.88703e-05 3.5091e-07 6.751e-05 -0.000124832 6.67386e-06 -2.39458e-05 -2.89461e-05 6.96624e-06 1.79872e-05 7.11013e-05 -0.000111796 3.95178e-05 -1.93013e-05 -0.00043197 0.000199558 -0.000247143 -0.000213711 5.93532e-05 6.31247e-05 -5.12605e-05 4.15593e-05 -2.91882e-06 -5.74697e-05 1.00264e-05 8.52741e-07 -2.64347e-05 -2.6464e-07 1.00188e-07 2.24846e-07 3.86145e-09 -6.40531e-05 1.08205e-06 -1.11822e-05 -9.87482e-06 2.94053e-05 -7.08744e-05 -1.24332e-05 0.000138174 -1.89855e-05 -1.09842e-05 3.45895e-05 3.014e-05 5.66092e-05 8.13169e-07 -3.48328e-05 2.79373e-06 2.40074e-05 2.54871e-06 -2.23705e-07 -2.33899e-06 9.46184e-06 0.000213234 -6.31389e-06 -0.000202185 8.72324e-05 0.000198188 0.000762722 -0.000887794 0.000357341 7.61745e-06 -8.75287e-06 -5.05182e-05 -0.000216883 0.000314105 -0.000197926 0.000273908 -6.33398e-06 -0.000101418 1.55905e-05 2.63492e-05 2.92695e-06 -1.77299e-05 -1.33246e-05 -2.79247e-06 -1.67974e-05 1.9992e-05 0.000257141 -0.000357247 8.07638e-05 4.70566e-05 1.42733e-05 -5.28004e-05 1.38688e-05 4.05004e-05 -3.70785e-05 -2.93762e-05 -4.22369e-05 0.000197001 8.52109e-05 3.0138e-05 -0.000106463 -1.40699e-05 -2.30994e-05 -3.64276e-05 -5.37223e-05 6.57689e-05 -5.29769e-05 -2.3057e-05 -7.41503e-05 -0.000213583 -9.08175e-05 2.62264e-05 -0.000190198 0.00013364 8.3787e-05 2.62837e-05 3.19594e-05 0.000101939 -0.000176968 1.50215e-05 -0.000249046 -1.01409e-05 0.000218737 -9.53836e-05 -4.14422e-05 -3.32984e-05 -2.55734e-05 4.66429e-06 -9.72568e-07 -3.04828e-05 -7.0222e-05 -4.31025e-05 0.00149445 -0.000806337 0.000114563
 -7.14913e-06 0.868739 -0.0323736 -6.60512e-06 0.374707 -0.0498595 -5.34659e-05 40.7523 -194.795 0.417082 0.239291 -1.00432 9.87828e-06 -0.0721798 -0.000212404 6.28912e-06 -0.0771647 5.98261e-05 3.24498e-06 0.0302391 -0.0017352 3.65035e-06 -0.076757 0.00161051 0.505922 1.3485 -0.180296 0.0503333 0.750244 -0.302014 0.364832 0.000644868 -0.012884 0.835083 0.325613 -0.229293 -0.180297 -0.0370847 -0.000634261 -0.398441 0.0330099 -0.000291923 0.108689 -0.301461 0.0147065 -0.0541877 -0.083483 0.0193293 0.1244 0.177272 -0.541909 0.232553 0.132805 -1.32858 0.186846 -0.178016 -0.571456 0.106181 -0.0266382 -0.00404386 0.0591228 -0.00241546 -0.539423 0.301845 0.00441151 -0.365584 -0.0056039 0.0017712 0.00047086 1.11367e-05 -0.179817 0.00333588 -0.0298408 -0.0260698 0.0780872 -0.257435 -0.045741 0.499813 -0.071047 -0.0456999 0.143595 0.0903244 0.254167 0.00107648 0.0507542 -0.00299743 0.0738146 0.00657715 0.00227875 -0.00890318 0.0302753 0.496408 -0.104167 -0.683453 0.355987 0.839022 3.56769 -3.54378 0.449141 0.659863 0.292758 0.785602 -0.930625 0.468268 -0.938153 0.489552 0.300123 -0.250419 0.0997212 0.0385173 -0.0611596 -0.100965 -0.0874445 -0.00489987 -0.0767968 -0.201363 1.07835 -0.806633 0.0867214 -0.0190079 0.318044 -0.0958602 0.0545334 0.0797361 0.0146082 -0.0504866 -0.298498 0.231057 0.0184349 0.177778 -0.224396 0.0180493 -0.108171 0.0739905 -0.220268 0.232858 -0.22026 -0.469607 -0.362791 -0.117809 0.146429 0.171145 -0.189961 0.106487 -0.191016 -0.250602 -0.217313 0.419807 -0.558777 0.427743 -0.0454431 -0.324807 -0.0659746 -0.348422 -0.168575 -0.113682 -0.0776251 -0.0126532 -0.00369995 -0.0414475 -0.00803694 0.0313823 4.30669 -2.26416 0.343211
 3.43343e-05 -4.21529 0.15719 3.20352e-05 -1.79097 0.238598 0.000153551 -194.795 957.553 -2.03949 -1.16805 4.90231 -4.90684e-05 0.35912 0.00103692 -3.10209e-05 0.382987 -0.000314353 -1.57434e-05 -0.14701 0.00843786 -1.77396e-05 0.376405 -0.00789937 -2.45923 -6.57101 0.878589 -0.239543 -3.64017 1.46547 -1.77698 0.0102065 0.0458134 -4.07247 -1.56995 1.10736 0.896257 0.192882 0.00280313 1.98295 -0.160637 0.00122309 -0.510062 1.4986 -0.0738229 0.274134 0.419002 -0.0973031 -0.616635 -0.861728 2.64747 -1.13702 -0.64708 6.50335 -0.907161 0.861184 2.81385 -0.514031 0.136241 0.013909 -0.290033 0.0118593 2.62694 -1.47871 -0.0209497 1.77178 0.027171 -0.00859009 -0.00229055 -5.55546e-05 0.895874 -0.0167332 0.150749 0.131921 -0.394903 1.27043 0.225423 -2.46325 0.351843 0.224649 -0.706049 -0.459309 -1.29511 -0.00425908 -0.247205 0.0145867 -0.368708 -0.0322253 -0.0111507 0.0436076 -0.146162 -2.44851 0.510934 3.36362 -1.74677 -4.14006 -17.4427 17.3367 -2.19857 -3.23068 -1.40486 -3.8482 4.55243 -2.29189 4.59464 -2.39284 -1.46574 1.22572 -0.488687 -0.187717 0.299142 0.494084 0.427083 0.0239778 0.378613 0.987336 -5.27746 3.94669 -0.425358 0.093779 -1.55385 0.470944 -0.265584 -0.38935 -0.07052 0.248008 1.46029 -1.13236 -0.0915587 -0.86926 1.09854 -0.0886598 0.528644 -0.362004 1.0782 -1.14044 1.07733 2.29838 1.7765 0.577258 -0.717277 -0.838361 0.930782 -0.52233 0.933426 1.22523 1.06223 -2.05562 2.73408 -2.0942 0.223657 1.58848 0.319399 1.70449 0.8244 0.555864 0.379317 0.0630228 0.018001 0.20344 0.0417154 -0.149067 -21.0796 11.0798 -1.68027
 -9.59101e-05 6.23511 -0.220634 -9.54442e-05 5.42402 -0.690323 0.000177739 0.417082 -2.03949 920.821 -46.6344 189.978 -1.53271e-05 0.112938 -0.000677039 -2.31138e-05 0.308285 -0.00169525 -2.89519e-06 0.136303 -0.00725272 2.05979e-05 -0.300923 0.00724759 4.87067 4.53708 -0.633272 0.567975 2.98723 -1.19598 3.81548 0.6045 -0.893839 5.83022 0.369914 -0.431623 1.42072 0.536999 -0.0230592 5.02316 -0.715456 -0.0384215 3.56482 0.624882 -0.0959596 0.683744 0.761007 -0.199669 2.08397 3.22246 -3.44777 0.944592 -0.516997 -3.00872 3.95505 -5.18953 2.23928 4.62264 -0.499179 -1.34303 0.711027 -0.0455111 -1.18154 2.73537 0.117585 -5.55793 -0.309596 0.0959189 -0.00185587 -5.71072e-05 0.84888 -0.0261877 0.317093 0.268308 -0.784593 1.05486 0.312103 -3.26042 -0.393078 -0.366242 1.15592 1.45558 -10.3053 0.238098 0.278066 -0.0205235 0.6894 0.000404302 -0.0148141 0.014462 0.597753 1.01013 -1.75275 -4.19693 5.47303 4.38129 -7.57611 0.314687 1.54519 11.759 3.26135 -7.23692 1.63091 -1.28735 -0.00679533 4.10346 9.06968 9.99868 -14.7442 0.968173 2.6727 1.49893 0.175253 -0.203911 -0.00800807 2.32908 -3.56082 0.672346 1.86314 -2.50204 1.18226 0.697409 -0.767508 0.305904 -0.717581 1.00806 -3.4084 5.96872 -6.83907 5.0912 -1.49483 -0.837792 0.575728 -4.08642 0.103273 -3.10491 -1.3287 1.07664 0.0304001 -0.12901 0.453701 -1.35163 -0.918848 0.539064 -0.606818 -2.43234 0.0123667 0.166325 -1.08935 -0.263525 -2.18131 0.369785 0.215427 -1.43387 -3.00786 -1.16717 -0.870264 0.530081 -0.0452748 0.2861 0.329888 10.0555 7.08148 -8.48219 -0.249273
 -5.87504e-05 4.37255 -0.153668 -6.50472e-05 4.10013 -0.521494 0.000104964 0.239291 -1.16805 -46.6344 28.1581 -113.523 -8.21614e-06 0.0597831 -0.000484629 -1.30406e-05 0.172006 -0.00125061 2.7188e-08 0.140659 -0.00791921 1.0823e-05 -0.198961 0.00421503 2.83926 5.19328 -0.693752 0.57285 4.04321 -1.61806 1.16517 1.11826 -1.45726 2.25202 2.87504 -1.82418 0.770998 0.225065 -0.0129187 3.01192 -0.530868 -0.0214572 1.59324 0.36881 -0.0527887 0.268019 0.405697 -0.106693 -0.312153 1.16265 0.834467 -0.707261 -0.331772 -0.444017 0.745425 -0.994839 1.06476 0.845397 1.07674 -0.95445 -0.0899755 0.00674662 -0.620723 -0.0915612 0.054771 -1.50053 -0.0868086 0.0271866 -0.00461777 -3.2193e-05 0.521373 -0.0152939 0.160276 0.159259 -0.466654 0.560547 0.1247 -1.34741 0.0294002 0.0317112 -0.0994485 0.172242 -2.4551 0.0502813 0.243645 -0.0175571 0.209975 0.0101893 0.00400324 -0.0142675 0.476806 -0.931248 -0.698601 0.985649 5.08525 3.52833 -2.74353 -1.90917 0.666871 0.401717 -0.178861 0.130871 1.32532 -0.251547 -1.91277 -0.028268 1.60408 0.982968 -0.587147 0.302103 -0.111559 -0.0662345 -0.224048 -0.177625 0.289077 0.521104 -0.398997 0.0163009 0.446724 -0.186995 0.283469 0.145868 0.130548 0.33597 0.646711 4.96408e-05 -0.0861547 0.371081 -0.843938 0.230024 -0.0410382 -0.16713 -0.266801 -0.664282 0.036994 -0.344553 -0.504026 -0.431714 -0.345006 -0.0790925 -0.462714 -0.182639 -0.106687 -0.0815513 -0.271135 -0.386986 -0.12634 -0.357116 -0.508622 -0.119867 -0.00984786 -0.451305 -0.57928 -0.376669 -0.279453 -0.235664 -0.229215 0.198649 -0.0292334 -0.113779 -0.189432 -0.202086 3.72165 -1.00622 0.448518
 0.000247069 -18.3984 0.6466 0.000273486 -17.2441 2.19327 -0.000440601 -1.00432 4.90231 189.978 -113.523 477.875 3.3886e-05 -0.245835 0.00203841 5.43653e-05 -0.715403 0.00522817 -1.16102e-07 -0.584879 0.0329423 -4.53485e-05 0.841735 -0.0178417 -11.9526 -21.8167 2.9147 -2.40869 -16.9756 6.79353 -4.93546 -4.6852 6.10725 -9.50205 -12.0492 7.64736 -3.23604 -0.930939 0.053994 -12.6889 2.25228 0.0903524 -6.70487 -1.51976 0.219964 -1.11681 -1.69704 0.446253 1.30509 -4.91124 -3.44219 2.94537 1.42177 1.90237 -3.17414 4.23505 -4.49375 -3.59442 -4.50407 4.01342 0.370805 -0.0278704 2.63412 0.363125 -0.232277 6.38375 0.363444 -0.11382 0.0197588 0.000135165 -2.18832 0.0642286 -0.670831 -0.668402 1.95847 -2.40195 -0.531673 5.74485 -0.130216 -0.137817 0.432196 -0.727508 10.4447 -0.214081 -1.02612 0.0739373 -0.883737 -0.0426687 -0.0166121 0.0595942 -2.00437 3.91185 2.94295 -4.1068 -21.3412 -14.8515 11.583 7.99689 -2.79027 -1.87945 0.759791 -0.468031 -5.5716 1.06718 8.015 0.0749486 -6.81583 -4.22325 2.61287 -1.27785 0.44115 0.262032 0.940045 0.749165 -1.21378 -2.21041 1.71087 -0.0737069 -1.88973 0.809118 -1.20267 -0.618699 -0.540514 -1.41272 -2.70313 -0.0112636 0.396853 -1.61513 3.6062 -1.0154 0.187022 0.708485 1.11307 2.82394 -0.156889 1.47449 2.12676 1.79942 1.44563 0.332992 1.93451 0.777875 0.455441 0.337184 1.14287 1.64622 0.530026 1.49446 2.14316 0.505304 0.0617771 1.88829 2.4279 1.5937 1.20105 0.999467 0.969671 -0.838267 0.122979 0.473224 0.78628 0.734696 -15.6711 4.30438 -1.87734
 1.66443e-09 -0.000138638 5.71003e-06 -1.28818e-09 5.71704e-05 -6.53825e-06 3.62105e-09 9.87828e-06 -4.90684e-05 -1.53271e-05 -8.21614e-06 3.3886e-05 1000 2.25181e-05 -6.1953e-06 -2.00357e-09 2.60642e-05 3.04535e-07 -2.09995e-10 1.5736e-05 -5.35629e-07 -8.02301e-10 2.41871e-05 -1.56525e-07 -0.000219693 -0.000581942 7.83607e-05 -1.23535e-05 -0.000213064 8.61373e-05 -3.51563e-05 4.05444e-05 -5.00838e-05 -8.00139e-05 6.51511e-05 -3.57994e-05 7.36292e-05 8.8941e-06 3.27388e-07 -0.000188471 6.71524e-05 3.07078e-06 1.15192e-05 7.71461e-05 -4.11071e-06 2.21995e-05 2.25023e-05 -5.10768e-06 6.78247e-05 -1.35624e-05 -0.000128926 6.9019e-05 -4.02556e-06 4.81738e-05 4.05496e-05 -5.81865e-05 0.000152105 -3.83689e-05 -2.22576e-05 2.22525e-05 -1.48085e-05 9.3098e-07 -2.14353e-05 3.92091e-06 2.55039e-06 -7.81375e-05 -1.77644e-06 5.43015e-07 -1.81991e-07 -2.10061e-09 3.73069e-05 -1.66351e-07 7.61674e-06 5.02199e-06 -1.50915e-05 2.88914e-05 7.61058e-06 -8.49363e-05 4.99893e-06 4.90143e-06 -1.59017e-05 -2.05185e-05 -3.13708e-05 -1.12294e-06 -1.65085e-05 1.22212e-06 1.99891e-06 -1.15394e-06 1.4525e-07 1.01471e-06 -9.21222e-05 -0.000204501 -3.23969e-05 0.000104892 -1.78925e-05 -3.73759e-05 -2.02439e-05 3.14886e-05 -0.000161053 -3.25501e-05 5.2174e-06 0.000359634 -2.75397e-05 -0.000307679 5.25437e-05 0.000166155 0.000183019 1.15801e-05 4.19245e-05 -2.39176e-05 -7.56928e-05 4.35525e-05 8.03567e-05 -4.48431e-05 -1.83882e-05 -8.13574e-05 -1.75406e-05 2.94978e-05 3.72255e-06 1.93876e-05 2.76846e-05 -1.37212e-05 -1.81049e-05 -8.63221e-06 -3.16062e-05 -3.61739e-05 -5.30406e-05 -3.53813e-05 -3.09709e-05 -4.10997e-05 -6.41425e-06 2.23952e-05 3.70286e-05 2.46063e-05 2.99457e-05 4.49781e-05 4.39033e-05 1.18979e-05 -2.58761e-05 -4.04972e-05 -1.60381e-06 1.20704e-05 1.63367e-05 -2.59224e-05 -2.73082e-06 -7.64227e-06 1.97575e-06 1.91968e-05 -1.5679e-05 7.89768e-06 7.05057e-05 7.5059e-05 2.60265e-05 -1.05789e-05 -3.40214e-06 4.12442e-07 -8.74054e-07 -1.4247e-05 5.19655e-06 1.26783e-05 4.94782e-05 3.76884e-05 -0.000632526 0.000457029 -3.01191e-05
 -1.09827e-05 0.899419 -0.0381208 1.1349e-05 -0.531508 0.0618179 -2.65742e-05 -0.0721798 0.35912 0.112938 0.0597831 -0.245835 2.25181e-05 999.83 -0.090491 1.42552e-05 -0.193609 -0.00215175 5.32808e-07 -0.10791 0.0034814 4.57752e-06 -0.171141 0.000849415 1.85784 4.35666 -0.590088 0.0780756 1.50344 -0.608701 0.321473 -0.272021 0.332754 0.795923 -0.286622 0.1379 -0.612464 -0.0705166 -0.00241616 1.14775 -0.455409 -0.021769 -0.052168 -0.654425 0.0345447 -0.174637 -0.178237 0.0408385 -0.522427 0.248386 0.999673 -0.570725 -0.0182204 -0.333373 -0.215641 0.3141 -1.24437 0.403863 0.130872 -0.181906 0.0951994 -0.00573443 0.191391 -0.0389867 -0.0195608 0.609518 0.0112327 -0.00341549 0.00154094 1.49806e-05 -0.271798 0.000860703 -0.0586923 -0.036916 0.111002 -0.24781 -0.0631062 0.703509 -0.0379562 -0.032194 0.105227 0.256335 -0.21016 0.0214444 0.124781 -0.0093838 -0.0269197 0.0095769 -0.000938536 -0.00869125 0.74829 1.77089 0.306593 -0.811084 0.255657 0.407857 0.185488 -0.0950517 1.08083 0.23666 -0.0252702 -2.48795 -0.169679 2.16531 0.105497 -1.28356 -1.49588 -0.215225 -0.0421775 0.168772 0.546663 -0.238486 -0.600563 0.247166 0.353218 0.547294 0.280797 -0.22252 -0.0111069 -0.114724 -0.213625 0.0865225 0.169118 0.106737 0.254005 0.27964 0.406206 0.249527 0.220826 0.29419 0.0298084 -0.191814 -0.315512 -0.221528 -0.202914 -0.343928 -0.364051 -0.183922 0.100504 0.212836 -0.0230758 -0.0790726 -0.0807261 0.129049 -0.0157987 -0.031665 -0.014825 -0.18803 0.0769518 -0.0864144 -0.557039 -0.677233 -0.347835 0.0127637 -0.0194609 -0.0372876 -0.0261297 0.155505 -0.0426738 -0.0882741 -0.359224 -0.274793 4.31489 -3.16017 0.198412
 1.07864e-07 -0.00613915 0.000216343 1.43046e-07 -0.00495851 0.000631131 -8.90475e-08 -0.000212404 0.00103692 -0.000677039 -0.000484629 0.00203841 -6.1953e-06 -0.090491 0.813913 2.225e-07 -0.00270869 1.22441e-05 4.75307e-08 -0.00201249 0.000109713 1.07165e-07 -0.00255416 5.68897e-05 -0.00449388 -0.00803194 0.00107515 -0.00082799 -0.00631764 0.00252829 -0.00186332 -0.00176894 0.00230713 -0.00317987 -0.00305748 0.00196847 -0.0016981 -0.000965253 3.35919e-05 -0.00695847 0.000507813 5.08956e-05 -0.00275476 -0.00125344 0.000129295 -0.000778132 -0.00145847 0.000370924 -0.000270858 -0.00126451 -0.00156707 0.00111943 4.1009e-06 -0.000172923 -0.000943596 0.00129846 -0.00117907 -0.00119224 -0.00119833 0.00114848 -4.19795e-05 2.34657e-06 0.000603197 -0.00010032 -1.41875e-05 0.000489718 3.64084e-05 -1.12971e-05 -3.53913e-07 1.63505e-07 -0.0027741 7.56306e-05 -0.000358499 -0.000290541 0.000852933 -0.000368544 -0.000130045 0.00137919 -0.000193703 -0.000279973 0.0008681 -0.00104326 0.00862713 -0.000175342 -0.000229373 1.62473e-05 -3.11716e-05 -4.11806e-06 2.10131e-06 2.03316e-06 -0.000851088 0.000999331 -0.00015537 -0.00117303 -5.72282e-05 0.000239387 2.49554e-05 3.73108e-05 -0.000678586 -0.000862867 0.000532444 0.00213708 0.000377491 -0.00179827 -0.000753179 0.000360435 0.000764064 0.00013803 8.81285e-05 -0.000345911 -0.000421663 0.000262082 0.000680717 -0.000159068 -0.000741986 -0.000848916 -0.000109019 0.000461679 7.98258e-05 -0.000191269 -0.000236406 -0.000357413 -0.000320861 -0.000192429 -0.00029724 -0.000344047 -0.000275922 -5.83394e-05 -7.378e-05 -0.000363897 -6.23564e-06 0.000182537 0.000317791 0.000186787 0.000116466 0.000318088 0.00033713 7.65705e-05 -0.000191886 -9.38826e-05 0.000186204 0.000129808 3.12164e-05 -6.16579e-05 9.96685e-05 0.000162461 0.000124526 0.00024171 0.00013 0.000177733 0.000416722 0.000617631 0.000531543 0.000165423 0.000124077 8.67119e-05 7.9611e-05 -0.000279838 4.62099e-05 3.64191e-05 0.000141569 -0.000176658 -0.0033631 0.00256232 -0.000139342
 1.7096e-09 -0.0001446 5.52799e-06 5.21086e-10 -4.38872e-05 6.05073e-06 2.52444e-09 6.28912e-06 -3.10209e-05 -2.31138e-05 -1.30406e-05 5.43653e-05 -2.00357e-09 1.42552e-05 2.225e-07 1000 2.28903e-05 -9.1579e-06 -5.4771e-10 1.6622e-05 -6.88637e-07 -8.70436e-10 1.84627e-05 -1.88851e-07 -0.000126888 -0.000183986 2.54952e-05 -1.56433e-05 -0.000195714 7.8783e-05 -5.47462e-05 -4.72363e-07 2.43282e-06 -9.1178e-05 -2.63945e-05 1.96646e-05 3.15422e-05 7.19919e-06 5.39582e-08 -0.000102228 3.62737e-05 1.46155e-06 -6.01322e-05 6.78329e-05 -2.79383e-06 1.41558e-05 1.47209e-05 -3.20263e-06 6.25727e-05 -5.59392e-05 -0.000121325 7.53225e-05 -3.71389e-06 6.77748e-05 2.56101e-06 -7.60127e-06 7.9459e-05 -4.82787e-05 -4.71343e-05 4.21543e-05 -1.03138e-05 6.90981e-07 -1.37273e-05 4.877e-06 9.61457e-07 -3.37628e-05 -2.79993e-06 8.5567e-07 -4.65257e-08 -1.59444e-09 2.7013e-05 -1.84606e-07 4.63773e-06 3.91366e-06 -1.16281e-05 6.7591e-06 2.24466e-06 -2.67089e-05 2.67257e-06 5.39845e-06 -1.72409e-05 3.43057e-05 -0.000229536 4.85211e-06 -4.29471e-06 3.17164e-07 -5.18106e-07 -1.10171e-06 2.12099e-07 8.95441e-07 -8.76117e-05 -0.000142182 -2.93185e-05 0.000102343 8.35175e-05 5.49934e-05 -6.9863e-06 -3.49893e-05 -0.000206104 2.62817e-05 4.02741e-05 0.000514697 -0.000231615 -0.000189357 -6.38353e-05 0.00018189 0.000229243 -0.00015311 8.28674e-05 -4.92991e-05 -7.87588e-05 -1.82058e-05 1.37894e-05 2.03589e-05 -4.48733e-05 8.27081e-06 -2.29122e-05 2.58759e-06 -5.09012e-05 -2.93713e-05 1.79399e-06 -1.55821e-05 -1.95369e-05 -2.58259e-05 -4.19594e-05 -3.20474e-05 -4.23081e-05 -3.54851e-05 -3.10475e-05 -1.59104e-05 -3.06574e-05 1.34289e-05 2.22348e-05 1.34553e-05 1.55964e-05 1.10182e-05 2.403e-05 6.33136e-06 1.57985e-06 -2.00936e-05 -7.58433e-06 -1.76321e-05 2.48301e-05 -1.50774e-06 5.25777e-07 1.6887e-06 1.79106e-05 6.8223e-05 4.48827e-07 1.72447e-05 8.47664e-05 4.92179e-05 1.81182e-05 1.91772e-06 6.37237e-06 8.30447e-06 6.15274e-06 -9.23452e-06 4.72528e-06 1.32517e-05 4.75721e-05 2.02045e-05 -0.000499217 0.000349894 -2.56155e-05
 -1.73914e-05 1.46496 -0.0582077 -1.77579e-07 0.149318 -0.0259067 -3.15355e-05 -0.0771647 0.382987 0.308285 0.172006 -0.715403 2.60642e-05 -0.193609 -0.00270869 2.28903e-05 999.698 -3.66495 3.614e-06 -0.174479 0.00697452 7.38194e-06 -0.217699 0.00205113 2.22688 2.83492 -0.398353 0.139364 2.13976 -0.863849 0.947359 -0.0764984 0.0642618 1.77107 0.324319 -0.26797 -0.60166 -0.0948237 -0.0011231 0.722917 -0.367298 -0.0173608 0.795313 -1.05568 0.0462672 -0.204623 -0.211402 0.0476056 -0.697831 0.999389 1.34534 -0.929336 -0.069842 -0.597866 0.0512545 -0.0337314 -1.32094 0.904573 0.533925 -0.587888 0.0616024 -0.00348556 0.313932 -0.0201549 -0.0163948 0.515816 0.0279371 -0.00847811 0.00125199 1.84698e-05 -0.324858 0.00170877 -0.0682065 -0.0480095 0.142758 -0.178081 -0.0493843 0.568292 -0.0416067 -0.0602726 0.193425 -0.0891797 1.36313 -0.0164872 0.0451702 -0.00379444 -0.0266778 0.0162641 -0.00192092 -0.0144316 1.23068 2.48224 0.589204 -1.20267 -0.530539 -0.199849 0.232159 0.581941 2.07337 -0.0996224 -0.37167 -6.06229 2.19649 2.99067 1.54842 -2.08216 -3.70336 1.05407 0.390491 0.250525 0.96971 0.25065 -0.164372 -0.368115 0.547364 0.323434 0.331659 -0.00440896 0.486472 0.419134 -0.0199253 0.174696 0.236428 0.338572 0.559038 0.409005 0.519023 0.331758 0.386072 0.136793 0.361921 -0.152046 -0.422186 -0.255229 -0.243041 -0.241739 -0.413754 -0.210362 -0.113627 0.105248 0.0731367 0.195438 -0.267693 -0.268088 -0.0522477 -0.0158521 -0.211507 -0.922628 -0.209363 -0.273794 -1.19102 -1.0183 -0.630878 -0.26397 -0.21547 -0.209476 -0.163499 0.23855 -0.0684557 -0.173277 -0.586269 -0.256795 5.40901 -3.50218 0.321875
 1.92917e-07 -0.0122243 0.000454206 1.87129e-07 -0.00700439 0.000916074 -5.41623e-09 5.98261e-05 -0.000314353 -0.00169525 -0.00125061 0.00522817 3.04535e-07 -0.00215175 1.22441e-05 -9.1579e-06 -3.66495 0.831949 1.86475e-08 -0.00146332 8.89204e-05 5.00165e-08 -0.00161848 4.6144e-05 -0.0127465 -0.0171662 0.00237505 -0.00180029 -0.0147003 0.00591096 -0.00585724 -0.00169606 0.00235121 -0.0103591 -0.00488902 0.00336424 0.000432914 -0.000402186 3.2913e-05 -0.00895112 0.00159576 0.00010966 -0.00681861 0.00186977 2.56021e-05 -0.00050801 -0.00101826 0.000288439 0.00244267 -0.00556643 -0.00688483 0.00487606 0.000201012 0.00225479 -0.00139159 0.00176385 0.00310572 -0.0048737 -0.00366602 0.00374492 -0.000240653 1.3274e-05 -0.00060138 7.12462e-05 3.09101e-05 -0.00105741 -1.20234e-05 2.88607e-06 2.3305e-06 1.26226e-07 -0.00198008 7.9451e-05 -0.00024185 -0.000138313 0.000401291 0.000102052 -2.30515e-05 8.32435e-05 -0.000210628 -0.00023015 0.000693272 -0.000368649 0.000906745 -5.96752e-05 -0.00034123 2.64069e-05 -1.28621e-05 -6.98608e-05 9.12939e-06 6.1108e-05 -0.00564066 -0.0088397 -0.00332532 0.00357751 0.00292082 0.00162934 -0.00121331 -0.00256919 -0.00877303 -0.00100048 0.00318068 0.0264781 -0.00948077 -0.0131866 -0.00727935 0.00851321 0.0159532 -0.00463748 -0.0017664 -0.0012439 -0.00425878 -0.00104234 0.000911693 0.00166516 -0.00280661 -0.00186139 -0.00137649 0.000233807 -0.00205134 -0.00204511 -0.000239259 -0.00101237 -0.00121156 -0.00159894 -0.00254988 -0.00191611 -0.00223581 -0.00130786 -0.00157907 -0.000729063 -0.00153308 0.000705576 0.00193439 0.0011666 0.00107012 0.00115791 0.00188711 0.000867163 0.000371572 -0.000382008 -0.000108819 -0.000715302 0.00116164 0.00120074 0.000326622 0.000206557 0.00102968 0.00407541 0.00110843 0.00130692 0.00516546 0.00456294 0.0030193 0.0013202 0.00105093 0.000978338 0.000779515 -0.001198 0.000312163 0.000722287 0.00241021 0.000673678 -0.0237277 0.0154945 -0.00139154
 2.38733e-10 -5.37939e-05 1.86849e-06 5.16113e-10 -3.81631e-05 4.79236e-06 7.09843e-10 3.24498e-06 -1.57434e-05 -2.89519e-06 2.7188e-08 -1.16102e-07 -2.09995e-10 5.32808e-07 4.75307e-08 -5.4771e-10 3.614e-06 1.86475e-08 1000 1.04133e-05 -3.48246e-06 -8.73426e-10 1.03947e-05 -2.44386e-07 7.9063e-05 -8.32686e-05 9.48078e-06 -4.25263e-06 -4.79109e-06 1.76244e-06 4.54854e-05 4.55986e-06 -7.4187e-06 6.23972e-05 -0.000129418 7.61732e-05 -2.85127e-05 3.4533e-06 4.26067e-08 -4.56635e-05 6.96255e-06 1.18434e-07 1.79416e-05 -2.99567e-05 1.8068e-06 -1.37658e-06 -9.44335e-07 3.7226e-07 2.09569e-05 5.62138e-06 -4.79486e-05 2.29563e-05 -2.73035e-05 3.74923e-05 4.36726e-05 -6.17695e-05 -2.10665e-05 4.13445e-05 -6.01212e-06 -9.91849e-06 -3.30542e-06 2.67399e-07 8.85701e-06 1.44409e-05 -8.57617e-07 1.16098e-05 -1.69943e-06 5.34415e-07 9.25714e-08 -5.24566e-10 5.88286e-06 -1.84465e-07 -2.26886e-07 1.00244e-06 -2.96392e-06 -8.22275e-06 -1.21913e-06 1.35253e-05 3.268e-06 5.82241e-06 -1.81191e-05 5.75533e-05 -0.000242391 6.07716e-06 -6.98539e-06 4.49002e-07 -2.75254e-06 -6.54227e-07 2.87825e-08 6.29099e-07 2.00293e-05 -8.65268e-05 -5.53494e-05 3.84186e-05 0.000161278 0.00014071 1.15954e-05 0.000255273 -0.00016102 -0.000145451 -4.99739e-05 3.92507e-05 -7.0469e-05 5.52688e-05 1.56982e-05 -2.63047e-05 3.89349e-05 1.74287e-05 2.26595e-05 -1.34025e-05 3.88127e-06 -1.36455e-05 -1.51273e-05 -2.37905e-05 -1.75034e-05 1.53008e-06 2.53848e-05 -2.19021e-06 3.3962e-06 8.18429e-06 5.67397e-06 3.39723e-07 -2.36786e-05 -1.46138e-05 5.19612e-06 -1.14037e-05 -8.10134e-06 -1.14039e-05 9.95216e-06 -6.22553e-06 3.47283e-06 -3.55034e-06 -3.40949e-06 -1.1191e-05 -6.93988e-06 -1.85655e-05 -1.48832e-05 -5.17741e-06 -1.9886e-05 -3.54285e-05 -1.02061e-05 2.41724e-05 1.88571e-05 2.84111e-06 1.24064e-05 1.56511e-05 -1.13131e-05 1.64273e-05 3.23939e-06 -1.1201e-05 -1.20248e-05 -1.70773e-05 -2.67758e-05 -6.70107e-06 -2.0899e-06 -1.47338e-06 -3.06144e-06 2.21837e-05 -1.18073e-06 4.76984e-06 1.01562e-05 -7.70315e-06 -0.000252114 0.000144764 -1.80936e-05
 -3.34584e-05 1.74707 -0.0668185 -9.69815e-07 0.312065 -0.0435638 1.70536e-06 0.0302391 -0.14701 0.136303 0.140659 -0.584879 1.5736e-05 -0.10791 -0.00201249 1.6622e-05 -0.174479 -0.00146332 1.04133e-05 996.331 -53.3601 1.45637e-05 -0.35873 0.00748444 -0.37461 3.8022 -0.486822 0.0467209 0.331874 -0.135783 -0.497436 -0.250465 0.334059 0.636898 2.99404 -1.84525 0.126267 -0.110657 -0.00243417 -0.374774 0.0490647 -0.00299831 -0.510032 0.184011 -0.0143159 -0.0928576 -0.0987251 0.0198636 -0.457529 0.528699 1.16537 -0.723853 0.529135 -1.25276 -0.906232 1.31225 -0.723649 -0.486222 0.120169 0.111887 -0.00446228 0.0029825 -0.383472 -0.512368 0.0139214 0.0939059 0.0270501 -0.00874633 -0.00168006 1.44479e-05 -0.238375 0.00430306 -0.105007 -0.0848921 0.251314 -0.12243 -0.0366917 0.404736 -0.159677 -0.143352 0.451787 -1.03881 3.97785 -0.0692651 0.244387 -0.016988 0.0629974 0.0348463 -0.00437663 -0.0306583 0.281672 3.84518 2.14666 -0.464718 -4.44076 -5.237 -12.5976 9.25232 -0.160601 2.52704 0.834992 -0.962262 -1.84491 2.21363 0.979617 0.120235 0.347594 -2.10748 -0.142415 0.767837 1.03362 0.372592 0.464637 0.797338 0.837015 0.422518 -0.0893908 0.0740501 0.729826 -0.091101 0.113202 0.485153 1.24274 1.39474 -0.361716 0.333049 0.591461 0.494993 0.156519 -0.0927062 0.187715 0.0504 -0.0189975 -0.227456 0.201967 0.405341 0.350428 0.256223 0.258822 0.576608 -0.0170648 -0.536147 -0.406218 -0.859328 -0.440166 -0.219385 0.00269694 0.0785737 -0.496775 0.209285 -0.127785 -0.918126 -0.684778 -0.978622 -0.472595 -0.306206 -0.126534 -0.439854 -0.0105652 -0.175941 -0.330521 0.00136497 9.06875 -5.17262 0.653804
 1.88614e-06 -0.100145 0.0038101 1.74193e-07 -0.0211613 0.00289903 -1.88669e-07 -0.0017352 0.00843786 -0.00725272 -0.00791921 0.0329423 -5.35629e-07 0.0034814 0.000109713 -6.88637e-07 0.00697452 8.89204e-05 -3.48246e-06 -53.3601 3.7452 -8.55492e-07 0.0191299 -0.000398486 0.018099 -0.210029 0.0269101 -0.00280638 -0.0215755 0.00879278 0.0261042 0.0119415 -0.0160019 -0.0367584 -0.165617 0.102115 -0.00745153 0.00450332 0.000167245 0.0170724 -0.00259632 0.000183883 0.0254927 -0.012237 0.000958266 0.00386042 0.00381613 -0.000681785 0.0241572 -0.0295822 -0.0637783 0.0397842 -0.0280782 0.0680036 0.0485701 -0.0703809 0.0379515 0.0256909 -0.00720926 -0.00539042 0.000276494 -0.000163867 0.0217916 0.0278717 -0.000794761 -0.00401011 -0.00157903 0.000509353 5.51856e-05 -6.91808e-07 0.0116903 -0.000200813 0.00527561 0.00428464 -0.0126906 0.00581572 0.00184058 -0.0203283 0.00763163 0.00715371 -0.0225361 0.0581183 -0.210283 0.00364321 -0.0133842 0.000930187 -0.00309289 -0.00188977 0.000238452 0.00166154 -0.0157111 -0.204387 -0.118393 0.0184654 0.243117 0.299674 0.682815 -0.506814 0.0107029 -0.138669 -0.0478172 0.0527594 0.100706 -0.120855 -0.0537058 -0.00694775 -0.0194145 0.114525 0.00760065 -0.0418734 -0.0563395 -0.0202585 -0.0251895 -0.043369 -0.0458392 -0.0233355 0.00478625 -0.00396691 -0.0397525 0.00471393 -0.00649149 -0.0266277 -0.0676991 -0.0759281 0.0194653 -0.0182628 -0.0321963 -0.0268779 -0.00857411 0.00486847 -0.0102938 -0.00278709 0.0010241 0.0123148 -0.0110285 -0.0220015 -0.0190128 -0.0140342 -0.0142131 -0.0313022 0.00100806 0.0290456 0.0219025 0.0465938 0.0238522 0.0118749 -0.000122231 -0.00430815 0.0270214 -0.0113516 0.0068978 0.0499067 0.037351 0.0531712 0.0256425 0.0165891 0.00683517 0.0237407 0.000590753 0.00951568 0.0178095 -0.000388958 -0.492693 0.281391 -0.035462
 8.35741e-10 -8.98319e-05 3.13676e-06 4.26545e-10 -3.28612e-05 4.08094e-06 8.77883e-10 3.65035e-06 -1.77396e-05 2.05979e-05 1.0823e-05 -4.53485e-05 -8.02301e-10 4.57752e-06 1.07165e-07 -8.70436e-10 7.38194e-06 5.00165e-08 -8.73426e-10 1.45637e-05 -8.55492e-07 1000 1.92319e-05 -4.65035e-06 0.000117551 -0.000330036 4.05228e-05 -6.03686e-06 -3.88427e-05 1.53026e-05 0.00010563 0.000110195 -0.000143514 0.000164461 -3.4548e-05 1.47357e-05 -2.63768e-05 1.42875e-06 2.16887e-07 -9.12248e-05 1.71497e-05 4.9296e-07 8.94522e-05 -6.42712e-05 2.64643e-06 -1.19679e-06 -1.55765e-06 6.91627e-07 1.7002e-05 4.66783e-05 -3.57999e-05 6.60498e-06 -5.07099e-05 6.72243e-05 9.82196e-05 -0.000137996 -3.06807e-05 9.72261e-05 -4.20434e-06 -2.96151e-05 -7.2618e-06 5.41778e-07 1.68512e-05 1.19211e-05 -6.0513e-07 7.08702e-06 -1.44757e-06 4.46917e-07 9.87392e-08 -7.24309e-10 1.00545e-05 -4.13906e-07 6.63112e-08 1.34872e-06 -3.8948e-06 -1.13075e-05 -1.33613e-06 1.49315e-05 6.83137e-06 7.72426e-06 -2.42902e-05 5.34846e-05 -0.000192794 5.4404e-06 -1.49233e-05 9.95358e-07 -5.03103e-06 -9.66528e-07 8.07166e-08 8.91178e-07 2.5274e-05 3.01875e-06 2.86337e-06 7.94038e-05 0.000143903 0.00010953 -1.53767e-05 8.4737e-05 -0.000143803 -0.000147729 -4.03488e-05 0.000219737 -3.28746e-05 -0.000160475 9.77381e-05 5.09252e-05 0.000166173 -4.8461e-05 0.000138489 -4.0259e-05 -2.89969e-06 1.27798e-05 -2.96326e-07 1.30194e-06 4.11778e-05 7.99829e-05 1.09298e-05 -2.0983e-05 -3.88064e-05 4.7982e-05 8.30737e-06 2.01055e-05 1.24956e-05 3.18785e-06 4.38236e-06 -3.87861e-06 -6.39867e-06 -1.1983e-05 2.22619e-06 -2.7984e-05 -2.79479e-05 -3.94696e-05 -3.8276e-05 -1.14011e-05 6.95324e-06 -1.54663e-05 -8.058e-06 -1.49083e-05 -5.77101e-05 -8.98124e-05 -3.10267e-05 3.10403e-05 9.50847e-06 -1.1762e-05 -3.78178e-06 -4.41879e-06 -1.65028e-05 -8.71751e-06 7.85156e-08 -5.2904e-05 -5.27938e-05 -4.80543e-05 -5.73643e-05 -2.4367e-05 -2.07144e-05 -1.80096e-05 -1.81852e-05 4.72472e-05 -1.47156e-06 6.23201e-06 8.28823e-06 -1.02531e-05 -0.000416778 0.000222948 -3.24343e-05
