 1000 0.0010048 -0.000148915 -1.31982e-09 -8.98549e-05 6.57524e-05 -1.32403e-06 -1.03041e-07 1.20364e-06 -6.42295e-05 -2.95733e-06 5.5797e-05 1.01122e-10 -6.86708e-06 9.66781e-08 -3.29926e-10 1.85256e-07 6.62516e-08 -5.35071e-10 -1.20349e-05 4.22758e-06 -3.54955e-10 2.67063e-06 -5.20538e-07 2.58486e-05 -0.000210482 3.41105e-05 -3.9032e-05 -0.000161371 0.000129458 1.2145e-05 1.57835e-06 -7.9578e-06 7.62774e-05 -8.10974e-05 0.000105121 -2.64629e-05 4.38289e-06 5.49385e-08 -4.95384e-05 1.07369e-05 2.77969e-07 2.71394e-05 -3.18433e-05 2.81768e-06 -3.11585e-07 -5.52595e-06 3.87703e-06 5.93445e-05 -3.04324e-05 -0.000108028 6.70036e-05 -4.16215e-05 7.72318e-05 7.17659e-05 -6.75106e-05 -8.76242e-07 2.79419e-05 -1.58226e-05 2.76582e-06 1.60478e-06 -1.52244e-07 2.31048e-05 1.31836e-05 -1.45457e-07 -1.08865e-06 -1.33817e-06 2.06464e-07 1.09691e-07 -2.06335e-10 -4.02134e-06 1.46923e-06 2.58029e-06 8.31144e-08 -3.03435e-06 -8.22557e-06 -1.30523e-06 2.06709e-05 1.19028e-06 2.75724e-06 -9.6324e-06 1.12511e-05 -0.000191763 6.78603e-06 7.72857e-06 -4.78073e-07 -6.04485e-06 -4.18197e-07 -1.97352e-07 6.19327e-07 2.24252e-05 1.92391e-05 -4.7557e-06 -4.80977e-05 -6.89719e-05 -2.74904e-06 -9.24388e-05 0.000323096 -0.000125857 -9.53163e-05 -3.61625e-05 1.81937e-05 -6.53902e-05 -1.63208e-05 8.45277e-05 9.17021e-05 4.7182e-05 -4.66104e-05 -0.000133408 0.00018919 -0.000114094 3.27703e-05 -1.59046e-05 -2.23682e-06 1.2604e-05 2.80398e-05 1.49759e-05 -6.83579e-06 4.47417e-05 -2.98199e-05 1.62188e-05 -5.33519e-06 -6.74039e-06 5.92081e-06 6.80258e-06 -2.62641e-06 -1.70273e-05 0.000136401 -0.00011677 7.34271e-05 -9.87142e-06 3.58814e-06 1.03046e-05 -1.20146e-05 7.65402e-06 -4.6711e-05 1.48477e-05 1.0215e-05 2.89473e-05 -4.43715e-06 -3.75691e-05 2.70983e-05 -2.50876e-06 -1.29186e-05 -4.60203e-06 -3.8522e-05 2.14512e-05 1.48214e-05 -1.72184e-06 2.043e-05 1.38347e-07 -5.01132e-05 -1.33591e-05 -2.88502e-05 -5.51334e-06 -3.57879e-06 -9.63953e-07 1.0537e-05 -1.19985e-06 1.35992e-05 1.82551e-05 2.66213e-05 -0.000313011 -0.000128527 -4.74276e-05
 0.0010048 634.427 -92.7907 0.000431343 33.1193 -24.2336 0.891184 0.210593 -4.52464 21.7302 1.37391 -26.2753 -9.89721e-05 2.72033 -0.0202016 -5.34923e-05 1.88371 -0.0718667 1.94318e-05 1.95102 -0.689139 1.348e-05 1.47633 -0.332171 21.3375 35.6946 -6.01296 6.83822 26.7701 -21.4929 12.6845 2.33873 -10.0423 12.5408 16.1713 -22.3028 2.58692 -0.289476 -0.0363567 17.694 -4.54208 -0.0773882 6.8008 -0.222167 -0.103274 1.72045 2.09423 -1.50872 -2.02209 9.02378 8.78372 -6.60075 -0.736364 -3.0457 3.20997 -2.70616 -1.68821 6.08266 6.09233 -5.18872 -0.434377 0.0283333 -2.03081 0.448617 0.135788 -2.95463 0.0762458 -0.0111935 -0.000446944 -1.20886e-06 3.33565 -1.17425 1.04927 0.0311606 -0.982707 1.27949 0.237796 -3.57469 0.073889 -0.113227 0.387807 1.34857 -2.79258 0.105449 1.1446 -0.0585573 0.0557491 0.0853362 0.0022568 -0.0881953 2.40477 -0.989122 1.42617 5.23219 13.4165 0.665653 -24.9191 18.6454 -10.3498 9.09571 5.92658 2.0601 -0.788476 -0.515863 -4.0589 4.09076 4.44672 2.24753 -8.33348 4.48488 -1.68044 1.71064 -1.02244 -0.38587 0.626567 0.508835 0.204288 1.92939 1.1627 -0.458104 0.782431 0.794947 1.19695 0.465763 1.38539 0.384521 -0.309578 3.36841 -6.80663 3.37074 -0.214607 0.182833 -0.0288962 -3.30825 -0.393534 -2.20348 -1.70315 -2.13705 0.0169236 -0.979571 -1.79767 -1.70136 -1.03479 -0.572978 -0.427916 -2.30968 0.235462 -0.969488 -4.15367 -0.447557 0.209113 -2.44086 -1.12032 -1.33156 -1.2408 -0.7298 -0.795905 0.852825 -0.162956 -2.1823 -3.47588 -4.86263 57.8051 10.0813 7.08693
 -0.000148915 -92.7907 14.6019 -6.37326e-05 -4.89018 3.57818 -0.135164 -0.0318353 0.685225 -3.20434 -0.20302 3.88261 1.51479e-05 -0.416612 0.0030147 8.12228e-06 -0.288179 0.0109369 -3.02037e-06 -0.297794 0.105133 -2.10652e-06 -0.225506 0.0506922 -3.15199 -5.27082 0.887906 -1.01523 -3.95188 3.17286 -1.87036 -0.347867 1.49281 -1.85304 -2.38815 3.29367 -0.391507 0.0345379 0.0056379 -2.61713 0.662604 0.0114747 -1.01316 0.017996 0.0166545 -0.260699 -0.316636 0.228007 0.294654 -1.33205 -1.29666 0.974429 0.106921 0.44786 -0.475934 0.401409 0.242668 -0.898745 -0.901509 0.767543 0.0641505 -0.00418523 0.300688 -0.0662926 -0.0200688 0.436684 -0.0112247 0.00164779 9.40844e-05 1.70927e-07 -0.505384 0.177807 -0.159765 -0.00475344 0.149891 -0.187959 -0.0351807 0.52886 -0.011772 0.0162988 -0.0557949 -0.191984 0.416851 -0.0157239 -0.169151 0.00865426 -0.00939154 -0.0125918 -0.000330991 0.0130117 -0.355315 0.146428 -0.210487 -0.772252 -1.98039 -0.0973553 3.67866 -2.75426 1.5283 -1.34223 -0.873561 -0.303993 0.116966 0.0762651 0.598161 -0.604502 -0.656817 -0.33144 1.23049 -0.66302 0.248631 -0.252745 0.150983 0.0569682 -0.0927384 -0.0755271 -0.0304633 -0.284491 -0.171892 0.067658 -0.115795 -0.117448 -0.176804 -0.0689104 -0.204637 -0.0567581 0.0457138 -0.497906 1.00525 -0.49791 0.0317454 -0.0269177 0.00431842 0.488419 0.058048 0.325451 0.251228 0.315218 -0.0027428 0.144676 0.265828 0.251133 0.152753 0.0847269 0.063258 0.341209 -0.0346595 0.143017 0.613153 0.0660643 -0.0308606 0.360566 0.165641 0.196741 0.183198 0.107773 0.117505 -0.126039 0.0240728 0.322075 0.512775 0.717638 -8.53054 -1.48879 -1.04597
 -1.31982e-09 0.000431343 -6.37326e-05 1000 -0.00153224 0.00112564 1.86639e-08 2.61772e-07 -1.19649e-06 0.000224984 1.43486e-05 -0.00027404 5.30047e-10 -1.41905e-05 -6.11881e-08 -3.98535e-11 -2.73614e-06 1.18191e-08 -5.56276e-11 -5.69622e-06 1.90252e-06 -2.35183e-11 -6.68593e-06 1.3857e-06 0.000186414 0.000153861 -2.66363e-05 2.67138e-05 0.000114791 -9.22816e-05 0.00022474 1.89415e-05 -8.96253e-05 0.000247303 5.30866e-05 -8.30597e-05 -1.9756e-05 -1.14437e-05 2.29389e-07 4.26312e-05 -2.58046e-05 3.63551e-08 7.64868e-05 -5.93192e-05 4.59973e-06 8.61111e-07 -3.08875e-06 1.88577e-06 -1.59271e-05 5.00028e-05 -6.76757e-06 -4.75852e-06 -1.78702e-05 -1.74616e-05 5.67979e-05 -4.96332e-05 -3.43546e-05 5.22218e-05 5.96489e-05 -4.86971e-05 -2.46782e-06 -7.89925e-09 1.11118e-05 -7.17838e-05 1.11324e-05 -0.000200704 -3.0239e-06 4.31029e-07 3.11042e-07 -4.93414e-11 -8.58982e-06 2.63508e-06 -1.17893e-06 -3.68496e-08 7.94819e-07 9.55086e-06 1.71323e-06 -2.53485e-05 7.86211e-07 -5.76065e-07 1.98022e-06 2.18836e-05 -0.000124363 4.34563e-06 3.17723e-05 -1.5912e-06 -3.12888e-06 3.39747e-07 -3.86226e-08 -3.03272e-07 -1.52254e-06 -1.69578e-05 1.13698e-05 6.81358e-07 5.99919e-07 3.68721e-05 0.000102545 -5.26469e-05 -4.78465e-05 0.000114282 4.31232e-05 -4.52444e-05 1.27087e-06 3.93454e-05 -5.03161e-05 0.000121651 -2.72836e-05 2.45012e-06 -2.17337e-05 1.57214e-05 1.21969e-05 1.06783e-07 4.09534e-06 -1.70456e-05 2.45044e-05 -7.81861e-06 -1.25649e-06 9.43237e-06 4.61381e-05 -3.96209e-05 -4.37147e-05 3.55834e-05 4.59969e-05 8.44188e-05 -4.14526e-05 -0.00020922 -8.92862e-05 0.00013978 -9.17549e-05 0.000139212 4.1355e-06 -2.9328e-06 1.0759e-05 -2.47032e-07 -2.15919e-06 -1.62971e-05 6.99005e-06 -2.93113e-05 6.09539e-05 -2.56118e-05 -6.53775e-05 -3.52315e-05 -7.65967e-05 4.89257e-05 5.15147e-05 -6.46502e-06 -1.50565e-05 -1.7474e-05 -4.40048e-05 5.18645e-05 3.5322e-05 -0.000126761 3.45193e-05 -3.65643e-05 -1.36951e-05 -8.08037e-06 -1.01071e-05 2.94116e-06 -1.19746e-07 -2.47661e-05 -5.73391e-05 -6.95908e-05 0.000714201 2.19805e-05 7.49332e-05
 -8.98549e-05 33.1193 -4.89018 -0.00153224 523.366 -381.582 0.0482972 0.0206163 -0.184216 17.3523 1.05924 -20.2511 4.2156e-05 -1.09536 -0.00776007 3.46651e-06 -0.230598 -0.00130443 1.29704e-06 -0.719681 0.244351 5.08001e-06 -0.857233 0.182127 13.4444 21.5159 -3.63107 4.04873 17.1198 -13.7476 12.7495 0.812381 -3.96523 10.3078 10.4516 -14.5163 -1.89552 -1.07272 0.0134546 7.57827 -3.54703 -0.0326115 3.24188 -3.79297 0.267955 -0.208249 -0.243262 0.147356 -1.93676 3.21341 -0.788883 -0.0939736 0.361812 -3.67183 1.00347 -0.720761 -3.11178 3.99645 3.98655 -3.37792 -0.403383 0.0263333 -2.03757 -2.67888 0.490299 -9.26583 -0.263649 0.0403105 0.0234291 2.44383e-07 -0.402715 0.117597 -0.0409907 -0.00141389 0.0452437 1.38442 0.237959 -3.58446 0.00885993 -0.0652153 0.229327 0.836723 -0.645674 0.0359732 1.57442 -0.0792656 0.0133986 0.0525887 0.00184597 -0.0548076 1.3833 0.39431 1.62483 0.653858 0.560853 2.70956 4.08342 -0.71868 -2.50674 7.29328 2.76112 -1.7769 -0.19718 1.1542 -1.83855 3.18184 -0.334466 -0.470098 -1.1421 1.39779 0.196308 -0.138998 -0.71864 -1.45758 0.737139 0.647167 -0.243573 -0.134736 2.59052 -0.498156 -1.93259 -0.534293 -0.595234 2.87935 3.66191 -1.67891 -1.17667 4.38758 -8.18555 2.58881 0.302454 0.0666551 -0.286823 -1.24648 -0.606986 -0.523564 -0.621163 -2.08813 0.265677 -0.0423959 -0.186805 -1.1315 -1.24113 -0.344112 -0.33147 -0.73262 0.42516 -0.487644 -4.05638 -0.401223 1.51922 -2.74416 -0.536584 -1.29311 -1.02016 -0.614451 -0.650191 0.453333 -0.100385 -1.83796 -3.03114 -4.08581 51.1325 4.86051 5.78082
 6.57524e-05 -24.2336 3.57818 0.00112564 -381.582 280.467 -0.0372376 -0.0154954 0.144288 -12.6947 -0.775148 14.8197 -3.06145e-05 0.794933 0.00569196 -2.42179e-06 0.163759 0.0011155 -1.003e-06 0.523098 -0.177577 -3.76491e-06 0.624077 -0.13257 -9.83769 -15.7432 2.65685 -2.96595 -12.5258 10.0585 -9.32773 -0.595651 2.90621 -7.54297 -7.64711 10.6212 1.38308 0.781979 -0.00974758 -5.54632 2.59257 0.0238768 -2.37549 2.7697 -0.195531 0.149478 0.174766 -0.105539 1.41758 -2.35141 0.577141 0.0688324 -0.26581 2.68592 -0.735142 0.528219 2.27384 -2.92436 -2.9179 2.47227 0.295134 -0.0192665 1.49088 1.96056 -0.358796 6.78058 0.193276 -0.0295482 -0.0171845 -1.75954e-07 0.287893 -0.0837149 0.0273954 0.000953193 -0.0305472 -1.01256 -0.17415 2.62328 -0.00705226 0.0473469 -0.166508 -0.608684 0.474219 -0.0263823 -1.15204 0.0580002 -0.0101411 -0.0384753 -0.00135005 0.0400982 -1.01211 -0.288183 -1.18866 -0.478562 -0.410317 -1.9826 -2.98766 0.525912 1.83432 -5.33647 -2.02061 1.30031 0.144326 -0.844552 1.34522 -2.3285 0.244692 0.343813 0.83564 -1.02259 -0.143749 0.101658 0.525704 1.06641 -0.53946 -0.473457 0.1781 0.0985636 -1.89539 0.364571 1.41404 0.390678 0.435179 -2.10696 -2.67882 1.22931 0.861228 -3.21052 5.98888 -1.89458 -0.22126 -0.0486948 0.209836 0.911997 0.444088 0.383142 0.454422 1.52776 -0.194653 0.031163 0.137088 0.828033 0.90836 0.251577 0.242319 0.536089 -0.310885 0.356857 2.96783 0.293337 -1.1116 2.0082 0.392519 0.946229 0.746427 0.449594 0.475739 -0.331715 0.0734482 1.34479 2.21781 2.98953 -37.4122 -3.55646 -4.22968
 -1.32403e-06 0.891184 -0.135164 1.86639e-08 0.0482972 -0.0372376 999.866 -0.0678706 0.676341 0.609525 0.019216 -0.341754 9.99791e-06 -0.251762 -0.000288439 7.9883e-06 -0.222617 0.00647691 -1.76709e-06 -0.251395 0.0865925 4.28257e-07 -0.242912 0.0523813 0.263046 0.540922 -0.0931012 -0.014578 0.77899 -0.626947 0.879613 -0.114082 0.406783 0.833234 0.103922 -0.179351 -0.187984 -0.0745851 0.00132116 -0.597212 0.075935 0.000498705 -0.160353 -0.258298 0.0224555 -0.166586 -0.170724 0.118021 0.0659296 -0.198605 -0.211665 0.155976 -0.0418954 -1.21215 0.589883 -0.462059 -0.264447 -0.123551 0.169147 -0.0700483 -0.0438693 0.00227837 0.0317814 0.016375 -0.00223071 0.0416134 -0.00489856 0.000729711 -0.00207392 7.717e-07 -0.367598 0.123813 -0.161294 -0.00538962 0.172637 0.0719541 0.00334738 -0.0483254 -0.000662378 -0.0169257 0.0585526 0.0772446 -0.0746997 0.00420858 -0.192161 0.00950148 0.0278906 0.00391586 0.000182918 -0.00412661 -0.136943 -0.0379671 -0.09606 -0.148488 -0.202482 -0.109953 0.0371413 1.05352 -1.35432 0.605006 0.261451 0.0587495 0.595238 -0.233026 -0.22996 -0.0125751 0.293113 -0.160752 0.0162576 -0.00999103 0.0180225 0.00140922 -0.0397549 -0.0158703 -0.0533711 -0.122606 0.285838 -0.297461 0.104076 -0.00849897 -0.0169541 -0.040202 -0.00686604 -0.0166725 -0.0313451 -0.0223264 -0.0960583 0.0167389 0.268973 -0.163504 0.0579896 0.0863126 0.109068 -0.630677 0.172256 -0.26611 0.0670529 0.159815 -0.338585 -0.0782149 -0.0853729 0.268587 -0.141911 0.124919 0.133375 -0.0720844 0.0738171 -0.136112 0.175129 -0.0655311 0.347128 0.309857 -0.0138818 -0.130478 -0.0864047 0.00602858 0.00174784 -0.103679 0.00831969 -0.320394 -0.550397 -0.781134 7.19429 3.2677 1.12477
 -1.03041e-07 0.210593 -0.0318353 2.61772e-07 0.0206163 -0.0154954 -0.0678706 2.72915 -42.9704 0.134568 0.00406368 -0.0719972 2.03017e-06 -0.0499523 -7.27364e-05 1.78264e-06 -0.0461303 0.00134228 -1.22478e-07 -0.0453933 0.0156218 2.33869e-07 -0.0522305 0.0112848 0.0402339 0.209156 -0.0350753 0.0058245 0.19537 -0.157108 0.164708 -0.0284235 0.104599 0.140257 0.0755141 -0.108042 -0.0368829 -0.0149223 0.000149241 -0.123424 0.0165656 -1.05961e-06 -0.0481154 -0.044868 0.00379213 -0.0323941 -0.0355178 0.0244246 0.0167257 -0.0550177 -0.0746123 0.0524034 0.0159188 -0.301534 0.0904093 -0.0650368 -0.0601167 -0.0404066 0.0225288 -0.00327073 -0.00822511 0.000770504 -0.0414975 0.0355036 6.81535e-05 -0.0132462 -0.00151677 0.000222943 -0.000483484 2.34971e-07 -0.0752031 0.0253241 -0.0332333 -0.00110906 0.0355006 0.0162636 0.000905612 -0.0143047 -0.00259147 -0.00415378 0.0143394 0.00725632 0.0844921 -0.00237225 -0.0329206 0.00163572 0.0111186 0.00106285 0.000210265 -0.00128131 -0.0328794 -0.0120731 -0.0212759 -0.0328816 -0.051924 -0.0250162 0.190549 0.0807508 -0.282822 0.103999 0.0535558 0.114771 0.0899384 -0.0350075 -0.120159 -0.0480444 0.0886794 -0.0308829 0.010255 -0.00735311 -0.00192734 -0.00373194 -0.0143217 -0.00300247 -0.0136327 -0.0682601 0.117324 -0.0625803 0.0156789 -0.0199606 0.0251219 -0.0127775 0.00510056 -0.0110686 0.00667453 0.00322638 -0.0446576 -0.00229835 0.0214935 -0.0346082 0.0195009 0.0279982 0.0294595 -0.0936937 0.0126311 -0.0245101 0.00687705 -0.0139781 -0.077308 0.00786151 0.0201434 0.0562382 -0.0046298 0.023715 0.00194267 -0.0409645 -0.0382835 0.0523226 -0.00486045 0.0442659 0.119573 0.0260906 -0.040497 -0.0303958 -0.0170887 0.000569848 0.00283968 -0.0266127 0.00200409 -0.072311 -0.0963799 -0.161067 1.59381 0.788891 0.257188
 1.20364e-06 -4.52464 0.685225 -1.19649e-06 -0.184216 0.144288 0.676341 -42.9704 994.576 -2.9961 -0.0799121 1.39807 -5.00865e-05 1.24024 0.00141574 -4.24598e-05 1.13005 -0.0331641 4.27491e-06 1.11153 -0.382818 -5.20141e-06 1.26571 -0.273697 -0.846465 -4.64041 0.778343 -0.0478944 -4.33901 3.48932 -3.75026 0.699836 -2.59182 -3.16025 -1.60644 2.30679 0.876974 0.405111 -0.00553682 2.9026 -0.354246 -0.000436685 1.17176 1.12578 -0.0964859 0.821039 0.875205 -0.604031 -0.41761 1.26478 1.69929 -1.19529 -0.332044 6.85749 -2.04364 1.4678 1.39064 0.935161 -0.495748 0.0600034 0.182735 -0.0172793 0.893703 -0.802798 -0.0011217 0.290861 0.0350521 -0.00515559 0.0114385 -6.07757e-06 1.86466 -0.629042 0.828013 0.0277101 -0.885035 -0.384823 -0.0219866 0.347161 0.0593004 0.0957984 -0.330671 -0.241504 -1.94009 0.0546791 0.751971 -0.0373615 -0.255723 -0.0240963 -0.00479493 0.029077 0.754459 0.279034 0.482392 0.746243 1.22272 0.545315 -4.34231 -1.84387 6.43581 -2.33782 -1.19553 -2.6198 -2.05629 0.800624 2.7319 1.09638 -2.01304 0.712678 -0.240758 0.167948 0.0453315 0.0879453 0.326423 0.0688456 0.31244 1.55393 -2.66919 1.42551 -0.352951 0.450392 -0.568291 0.291774 -0.111428 0.2517 -0.14536 -0.0737053 1.0155 0.0578779 -0.507866 0.795126 -0.447675 -0.640461 -0.672362 2.1358 -0.292622 0.557043 -0.160313 0.31575 1.77033 -0.180179 -0.465499 -1.29333 0.106451 -0.546084 -0.0477058 0.928801 0.865446 -1.18235 0.0962312 -1.00796 -2.72571 -0.600947 0.916641 0.690715 0.385928 -0.0149636 -0.0662706 0.608564 -0.0460416 1.64232 2.20208 3.65978 -36.3161 -17.747 -5.83259
 -6.42295e-05 21.7302 -3.20434 0.000224984 17.3523 -12.6947 0.609525 0.134568 -2.9961 857.156 -9.14287 162.54 9.77519e-07 -0.10079 -0.00373031 -1.48524e-06 0.105156 -0.00615093 6.79791e-06 0.0385838 -0.0156095 -2.58505e-06 -0.22343 0.0480879 8.15053 8.87549 -1.51625 2.76523 7.27368 -5.84413 6.39389 1.10216 -4.78379 7.22419 4.44655 -6.31045 0.619866 -0.124088 -0.00937881 5.12822 -1.77072 -0.0188303 3.07091 -1.03759 0.0480122 0.679609 0.88638 -0.628926 -0.114302 2.83386 -2.45736 0.914888 -0.641666 -2.11898 2.34287 -1.97562 -0.0216165 3.82876 0.79219 -1.42684 0.299591 -0.00526376 -2.40137 3.65689 0.213805 -5.61081 -0.025389 0.00358481 -0.00316332 -1.29144e-05 1.62167 -0.570052 0.631175 0.0226856 -0.704238 1.39747 0.25167 -3.7364 0.0253757 -0.0775942 0.277881 -0.687428 -4.42617 0.170509 -0.307416 0.0127616 0.557107 0.0194211 -0.0107453 -0.00876881 0.26256 0.453396 -0.704405 -3.77927 4.27315 12.529 -11.8524 0.584313 -8.01083 28.0193 5.8 -11.1986 4.02528 -1.14319 -3.40695 2.14006 7.9619 14.3782 -14.4742 -0.370565 2.6639 1.327 -0.408293 -0.875185 -0.627987 2.75244 -4.84744 0.416508 3.34034 -3.18408 0.73736 0.270377 -1.64093 0.40632 0.109769 1.88767 -5.28211 9.25445 -11.487 7.31292 -2.15882 -1.0993 1.38357 -5.42343 0.189365 -3.58381 -1.74387 0.790875 -0.291706 -0.234816 -0.516734 -1.61902 -1.47697 0.849405 -0.320981 -3.04992 -0.152281 0.836072 -1.77001 -0.126518 -2.35812 0.597486 1.06103 -1.78773 -3.29043 -1.17695 -1.14063 0.444599 -0.0447307 -0.838428 -1.03868 2.37519 28.0674 -4.21134 2.32916
 -2.95733e-06 1.37391 -0.20302 1.43486e-05 1.05924 -0.775148 0.019216 0.00406368 -0.0799121 -9.14287 3.11772 -42.4662 6.73876e-07 -0.0186539 -0.000298787 9.55054e-07 -0.0157409 0.00022424 5.53379e-07 -0.0226597 0.00760014 1.65307e-07 -0.0483568 0.0103777 0.465394 0.895241 -0.150436 0.200998 0.70276 -0.564538 0.384075 0.0327301 -0.151181 0.322625 0.461161 -0.634238 0.0148326 -0.0210388 -0.000455332 0.198143 -0.0878206 -0.00112994 0.0679645 -0.0586963 0.00301582 0.00609504 0.0332064 -0.0237271 -0.155644 0.151839 0.0479809 -0.052799 0.00182609 -0.245526 0.0688572 -0.0490989 -0.0750607 0.0917753 0.135343 -0.104266 -0.0141187 0.000927129 -0.0985174 0.0632591 0.00877057 -0.204626 -0.000932786 0.000160818 -0.000843833 -4.21616e-07 0.0801316 -0.0284878 0.0139198 0.000454982 -0.0135413 0.156572 0.0253154 -0.389515 0.00678033 0.00393882 -0.0135155 -0.0688322 0.220413 -0.00686854 0.0204809 -0.00121996 0.0351274 0.00259392 0.000338297 -0.00295156 0.00944338 -0.0243754 -0.161733 -0.225391 0.727372 1.07998 -0.601407 0.0209684 -0.459557 0.775401 0.0904981 -0.193157 0.387393 0.0845814 -0.406593 -0.274583 0.0902337 0.475723 -0.1892 -0.00423034 -0.0140227 0.0109296 -0.0397854 -0.0523224 -0.0588236 0.0940331 -0.128034 -0.0490862 0.123728 -0.0813088 0.000226345 -0.00909967 -0.0436859 0.0164368 0.0767167 0.0291557 -0.13644 0.355376 -0.361572 0.0687712 -0.000672087 -0.0498578 0.0621313 -0.272484 0.0372954 -0.0872871 -0.0481755 -0.0320831 -0.0838652 0.0042316 -0.0673185 -0.0730865 -0.0410312 -0.0140172 0.0196416 -0.0972383 0.0099384 0.0290301 -0.133598 -0.00105887 0.0575507 -0.0109505 -0.0545733 -0.0465131 -0.0562539 -0.0257456 -0.0273767 0.000152898 -0.00182099 -0.100699 -0.137937 -0.232063 2.36753 0.899212 0.349044
 5.5797e-05 -26.2753 3.88261 -0.00027404 -20.2511 14.8197 -0.341754 -0.0719972 1.39807 162.54 -42.4662 808.525 -1.49343e-05 0.413326 0.00557536 -1.92005e-05 0.352717 -0.00599878 -9.94161e-06 0.493773 -0.166402 -2.38854e-06 0.98223 -0.211102 -8.93177 -16.994 2.85649 -3.81614 -13.3306 10.7088 -7.43649 -0.588836 2.74923 -6.24403 -8.68781 11.9561 -0.275177 0.468214 0.00662014 -3.81549 1.73895 0.0213688 -1.30226 1.24277 -0.0685824 -0.0481209 -0.606229 0.431591 2.97747 -2.92041 -0.766073 0.925868 0.0183694 4.64203 -1.35873 0.978638 1.41847 -1.83083 -2.54751 1.98791 0.254176 -0.0171664 1.94022 -1.27318 -0.173647 4.05654 0.0112873 -0.00210874 0.0174905 8.20715e-06 -1.48945 0.530022 -0.233152 -0.00756482 0.223787 -3.07755 -0.49596 7.62947 -0.143398 -0.0871709 0.299189 1.41476 -3.97014 0.122893 -0.38446 0.0229563 -0.660476 -0.0490695 -0.00605441 0.0554886 -0.184838 0.487923 3.05117 4.26669 -13.7336 -20.5415 11.5774 -0.397811 8.87579 -15.4299 -1.73486 3.94297 -7.39613 -1.55876 7.72917 5.09572 -1.91644 -9.34242 3.95565 0.087379 0.187141 -0.24374 0.759985 1.01081 1.11902 -1.85032 2.54375 0.908139 -2.41234 1.60995 -0.0247089 0.160436 0.868731 -0.328737 -1.44168 -0.598573 2.70805 -6.93659 7.1053 -1.49284 0.0668717 0.964406 -1.20481 5.2615 -0.709967 1.73027 0.950207 0.582675 1.58872 -0.0762661 1.27217 1.40846 0.809491 0.236355 -0.360597 1.90525 -0.186587 -0.562017 2.54983 0.0221287 -1.01776 0.189895 0.992779 0.918365 1.13961 0.514936 0.544237 -0.0161264 0.035324 1.90547 2.61354 4.26804 -45.2858 -16.3298 -6.571
 1.01122e-10 -9.89721e-05 1.51479e-05 5.30047e-10 4.2156e-05 -3.06145e-05 9.99791e-06 2.03017e-06 -5.00865e-05 9.77519e-07 6.73876e-07 -1.49343e-05 1000 6.12184e-05 -5.8099e-06 -7.72559e-10 3.30216e-05 -7.35512e-07 2.16891e-10 2.84395e-05 -9.73442e-06 1.47407e-10 3.09055e-05 -6.56451e-06 -0.000193665 -0.00042805 7.24085e-05 -1.81294e-05 -0.000177319 0.000142544 -7.33806e-05 1.80806e-05 -6.78154e-05 -6.09393e-05 2.31203e-05 -2.80828e-05 7.57565e-05 1.07946e-05 7.90958e-08 -0.000198074 8.91482e-05 1.40836e-06 6.15592e-06 7.65194e-05 -6.09134e-06 2.78467e-05 2.89924e-05 -2.00798e-05 9.65757e-05 -6.65003e-05 -0.00016637 0.000106944 2.12684e-06 5.41746e-05 2.04172e-05 -2.05823e-05 5.72643e-05 -3.21317e-05 -4.65596e-05 3.59735e-05 -2.10976e-06 1.4935e-07 -1.40031e-05 1.43508e-05 1.23843e-06 -3.16006e-05 -1.57679e-06 2.13345e-07 -1.65136e-07 4.69951e-11 4.9078e-05 -1.64543e-05 1.2487e-05 3.74659e-07 -1.15317e-05 2.82703e-05 5.02994e-06 -7.99357e-05 3.37281e-06 3.38229e-06 -1.20128e-05 -4.27982e-05 0.00011923 -3.85256e-06 -4.27252e-06 2.50739e-07 9.79174e-06 -5.96681e-07 9.94596e-08 5.01016e-07 -4.48665e-05 -3.84657e-05 -4.55391e-06 6.84785e-06 4.45272e-05 2.42788e-05 2.41834e-05 3.91586e-05 -3.63252e-05 -0.000127295 -4.53068e-05 8.97731e-05 0.000116594 -2.35201e-05 -2.92205e-05 9.26096e-05 8.09892e-05 8.15633e-05 4.75514e-05 -3.62851e-06 -8.16811e-05 -2.38463e-05 5.09638e-05 5.69266e-05 -5.52525e-06 -1.3234e-05 -8.44981e-05 2.15242e-05 1.61661e-05 7.36203e-06 2.44805e-05 1.95388e-05 -1.32963e-05 -7.51592e-06 -1.1359e-05 -2.38686e-05 -2.70267e-05 -2.87432e-05 -2.39422e-05 -3.50542e-05 -2.12976e-05 -9.8038e-06 1.98113e-06 2.16101e-05 1.43639e-05 6.27152e-06 1.0523e-05 5.33987e-06 -2.07579e-05 -3.27322e-05 -1.35133e-05 9.83774e-06 1.09886e-05 -1.30113e-05 -3.58126e-05 -4.86514e-06 -1.29802e-05 6.86415e-06 -6.10973e-06 -9.39659e-06 -6.75464e-06 1.27825e-05 1.76265e-05 -1.85422e-05 -8.08042e-06 -1.03006e-05 -6.5265e-06 -1.18706e-06 2.80533e-06 2.38969e-05 5.23088e-05 5.97778e-05 -0.000739068 4.37943e-05 -6.96628e-05
 -6.86708e-06 2.72033 -0.416612 -1.41905e-05 -1.09536 0.794933 -0.251762 -0.0499523 1.24024 -0.10079 -0.0186539 0.413326 6.12184e-05 998.206 -2.16887 1.3608e-05 -0.873405 0.0200074 -1.00427e-05 -0.678465 0.231682 -9.81595e-06 -0.713501 0.150676 7.36942 12.2275 -2.08752 0.479305 5.06026 -4.06933 2.72907 -0.468536 1.70729 3.45422 -0.0832515 -0.0555846 -2.79645 -0.28695 -0.00278245 5.16431 -2.55663 -0.0390927 0.489655 -3.00474 0.237539 -0.828402 -0.852121 0.590944 -2.34937 2.57411 3.94088 -2.71111 -0.661079 -0.716555 0.420542 -0.347273 -1.96735 1.77602 1.30995 -1.22382 0.00766819 -0.000371582 0.436004 -0.241165 -0.0250918 0.641781 0.0238409 -0.00299717 0.00669531 -4.21474e-06 -1.20619 0.402779 -0.287901 -0.00835536 0.255047 -0.845247 -0.145391 2.31259 -0.062015 -0.0584318 0.210186 1.83139 -6.80229 0.234125 0.099407 -0.00640579 -0.274304 0.016683 -0.00235244 -0.0144367 1.70922 1.20097 0.4879 0.560487 -0.774427 -0.0593182 0.0242313 -0.462479 1.16163 2.50603 0.987399 -1.91772 -3.61323 0.12724 2.48629 -1.83781 -2.20144 -2.40997 -0.677397 0.40005 1.92043 0.599443 -1.3285 -1.72715 0.795186 1.01607 2.28971 -0.499003 -0.522744 0.0432769 -0.387448 -0.318613 0.432897 0.421617 0.475034 0.683601 0.768139 0.603552 0.596598 0.892146 0.44041 0.0221309 -0.358277 -0.723454 -0.429057 -0.303295 -0.420016 -0.377232 0.0932838 0.256878 -0.0335206 -0.152509 -0.118207 0.19403 0.53985 -0.107177 0.0293437 -0.501992 -0.0752752 0.0196583 -0.0578496 -0.855087 -1.21302 -0.194617 -0.10883 0.0212227 -0.0391148 0.384039 -0.10804 -0.52226 -1.22356 -1.33708 16.6471 -1.66449 1.48703
 9.66781e-08 -0.0202016 0.0030147 -6.11881e-08 -0.00776007 0.00569196 -0.000288439 -7.27364e-05 0.00141574 -0.00373031 -0.000298787 0.00557536 -5.8099e-06 -2.16887 0.82136 2.53765e-07 -0.00572034 0.000210138 4.43353e-10 -0.00243741 0.00086044 1.95451e-08 -0.00328571 0.000735794 -0.0274573 -0.0442697 0.00752306 -0.00517242 -0.0222976 0.0179196 -0.0102393 -0.000254807 0.00161878 -0.0134222 -0.00483372 0.00713029 0.000339889 -0.00190463 0.000113884 -0.0253024 0.00568545 0.000150011 -0.00790778 0.00230289 -4.99918e-05 -0.000760875 -0.00160528 0.00115196 0.00315668 -0.00982572 -0.0146368 0.01013 0.000874188 0.000224629 -0.003706 0.0032996 0.00263158 -0.00690477 -0.00604472 0.00537245 3.77023e-06 -1.9945e-06 -0.000471874 0.000940377 -1.00184e-05 -0.000197879 0.000190651 -2.93561e-05 -3.36522e-05 3.48061e-08 -0.00335152 0.00119005 -0.000724138 -1.9794e-05 0.000655835 0.00100394 0.000120861 -0.00205998 -0.000170804 -0.0002962 0.000996753 -0.00405874 0.0249058 -0.000839002 -0.000528597 3.05695e-05 0.000172684 -5.20896e-05 7.20204e-06 4.522e-05 -0.00543758 -0.00147513 -0.00261526 -0.00319459 0.00139075 0.00137633 0.000407153 0.00047845 -0.00280589 -0.00817649 -0.00313658 0.00583062 0.010322 -0.00039843 -0.00751877 0.00462747 0.00580155 0.00661966 0.00193084 -0.00161587 -0.00553437 -0.00159211 0.00418369 0.00513936 -0.00275137 -0.00345501 -0.00659798 0.00162263 0.00141968 -0.000406913 0.000894667 0.000612478 -0.00141772 -0.00148833 -0.00167127 -0.00200059 -0.00216982 -0.00177522 -0.00122594 -0.00279301 -0.00114885 0.000145193 0.00128122 0.00235892 0.00132955 0.00106017 0.00127645 0.000988262 -0.000376994 -0.000483253 0.000711544 0.000801536 0.000509831 -0.000427284 -0.00135067 0.000606865 0.00013391 0.00172156 0.000631934 0.000268594 0.000364318 0.00272665 0.00373593 0.000810703 0.000524541 0.000105469 0.000291209 -0.00136155 0.000343801 0.00154348 0.00357469 0.00375883 -0.0508685 0.00726331 -0.00428122
 -3.29926e-10 -5.34923e-05 8.12228e-06 -3.98535e-11 3.46651e-06 -2.42179e-06 7.9883e-06 1.78264e-06 -4.24598e-05 -1.48524e-06 9.55054e-07 -1.92005e-05 -7.72559e-10 1.3608e-05 2.53765e-07 1000 2.17484e-05 -3.80373e-06 -3.67782e-10 1.97112e-05 -6.75352e-06 -4.8258e-10 2.48694e-05 -5.31578e-06 5.4132e-05 -2.30935e-05 3.26291e-06 -1.48278e-05 -8.96044e-05 7.19522e-05 1.33478e-06 1.15454e-05 -4.69095e-05 7.2353e-05 -2.77373e-05 3.36635e-05 -2.27401e-05 6.82456e-06 -1.44232e-07 -4.5194e-05 1.22605e-05 2.55148e-07 9.63577e-06 -1.04685e-05 1.17433e-06 8.46568e-06 1.05952e-05 -7.13008e-06 6.98258e-05 -1.77512e-05 -0.000114056 6.82547e-05 -2.94863e-05 7.92252e-05 3.67252e-05 -3.6728e-05 1.29703e-05 2.43852e-05 -3.40681e-05 1.46837e-05 5.8507e-06 -1.95335e-07 -3.03954e-06 1.30041e-05 1.97442e-07 -8.5573e-06 -2.57793e-06 3.70458e-07 2.71092e-07 -2.90777e-10 3.30612e-05 -1.11553e-05 1.06832e-05 3.62773e-07 -1.14582e-05 -3.38768e-06 2.44721e-07 -4.654e-06 3.2874e-06 6.13251e-06 -2.15077e-05 5.75489e-05 -0.000435664 1.55292e-05 9.02281e-06 -4.43099e-07 1.93931e-06 -3.5082e-07 1.36223e-07 2.16582e-07 -9.13781e-06 -7.09766e-05 -1.44734e-05 4.7969e-05 0.000120466 0.000118132 4.12801e-05 4.27506e-05 -4.42126e-05 -0.000240481 -6.38577e-05 0.000179409 -4.80049e-05 0.000134755 -1.98758e-05 1.86397e-05 0.000130055 -2.03256e-05 7.54176e-05 -1.33956e-05 -1.22022e-05 -1.06817e-05 -1.56923e-05 8.46497e-06 2.97006e-06 5.61567e-05 -1.0546e-05 7.53182e-06 -3.73731e-05 1.53497e-06 6.44254e-06 1.02135e-05 -5.39224e-06 -1.14379e-06 -1.12662e-05 -4.71018e-06 -7.93088e-06 -2.81679e-05 -2.76933e-05 -1.29783e-05 -1.69776e-05 -9.18412e-06 -7.4972e-06 2.63881e-06 -1.37464e-06 -1.99641e-05 -1.95174e-05 -2.01562e-05 -1.43306e-05 -3.05686e-05 -2.63227e-05 -1.81376e-07 -1.05824e-06 -1.84822e-05 -3.22438e-07 4.26351e-06 -1.76283e-05 3.52331e-05 -2.62361e-07 -1.70813e-05 -8.74117e-06 -1.66879e-05 -1.35935e-05 -2.51331e-05 -9.19815e-06 -1.03218e-05 -9.0187e-06 1.76456e-05 5.89769e-07 2.3205e-05 4.81522e-05 5.50956e-05 -0.000564907 -0.000173455 -7.82902e-05
 1.85256e-07 1.88371 -0.288179 -2.73614e-06 -0.230598 0.163759 -0.222617 -0.0461303 1.13005 0.105156 -0.0157409 0.352717 3.30216e-05 -0.873405 -0.00572034 2.17484e-05 998.265 -32.3939 -5.17842e-07 -0.550422 0.188557 4.49162e-07 -0.618513 0.132048 2.71493 3.74871 -0.648452 0.309919 3.06485 -2.46557 1.79937 -0.29324 1.06946 1.88292 0.578517 -0.867274 -0.895248 -0.202873 0.00120038 1.46662 -0.843762 -0.0154836 0.562718 -1.38998 0.102049 -0.452525 -0.48333 0.331757 -1.12471 1.69016 1.56319 -1.19357 -0.104695 -0.944807 0.194931 -0.128125 -1.19974 1.08816 1.12584 -0.947704 -0.156219 0.009284 -0.0878699 0.0900074 -0.00664351 0.129186 0.0315116 -0.00438241 -0.00124858 2.72645e-06 -0.893273 0.299831 -0.286692 -0.00942172 0.29503 -0.268378 -0.0569668 0.923955 -0.100547 -0.115855 0.40821 -0.146112 3.11009 -0.105042 -0.100957 0.00404628 -0.0809548 0.0172005 -0.00343252 -0.0138732 1.20238 1.68909 0.835589 0.155309 -2.17831 -1.81178 -0.452228 -0.00509892 1.09299 3.83466 1.02411 -3.84591 -1.71089 -0.604302 2.52719 0.843771 -3.74469 -3.44389 1.93394 -0.0304568 0.616491 0.337595 0.173374 -0.0728248 -0.370322 0.478644 0.332339 0.00955925 0.464889 0.441909 0.0868473 0.046232 0.302442 0.317103 0.677957 0.43851 0.477528 0.480076 0.710666 0.495938 0.453011 0.426004 0.00129144 -1.0229 -0.290175 0.0378951 0.0713597 0.0399541 0.0760989 0.0904939 0.160657 0.0367591 0.224517 -0.265656 -0.0869092 -0.0075692 0.197013 -0.802762 -0.890516 0.0886851 -0.124784 -0.50487 -0.68733 -0.554853 -0.271775 -0.0974247 -0.0502319 0.0900488 -0.0760703 -0.547975 -1.02868 -1.2859 14.4668 2.53763 1.77463
 6.62516e-08 -0.0718667 0.0109369 1.18191e-08 -0.00130443 0.0011155 0.00647691 0.00134228 -0.0331641 -0.00615093 0.00022424 -0.00599878 -7.35512e-07 0.0200074 0.000210138 -3.80373e-06 -32.3939 1.90862 -3.1834e-09 0.0150376 -0.00513404 -2.63921e-08 0.0169577 -0.00360028 -0.0939688 -0.130417 0.0225251 -0.0133797 -0.106841 0.0859433 -0.0610378 0.00840339 -0.030115 -0.0647574 -0.0228475 0.0337855 0.0267644 0.00516377 1.871e-05 -0.054175 0.0270589 0.000536407 -0.0226892 0.0417917 -0.00295701 0.0124468 0.0130465 -0.00889583 0.0361096 -0.0576636 -0.053778 0.040978 0.00300727 0.0307913 -0.00773094 0.00539951 0.0374223 -0.037262 -0.0390733 0.0327965 0.00522937 -0.000311447 0.00366285 -0.00283319 0.000172498 -0.00333066 -0.000915472 0.000126294 4.21348e-05 -5.42774e-08 0.0248748 -0.00830733 0.00812704 0.000268963 -0.00841742 0.00837395 0.00172539 -0.0281229 0.00271475 0.00322385 -0.0114006 0.00415092 -0.101682 0.00343251 0.00320778 -0.000126941 0.00223272 -0.000577571 0.000113841 0.000467273 -0.040222 -0.0551154 -0.0296483 -0.00579064 0.0722917 0.0605362 0.0151865 -0.000500079 -0.0356009 -0.128124 -0.0358404 0.127911 0.0569326 0.0197657 -0.0839731 -0.0282834 0.124174 0.114474 -0.0643659 0.000860193 -0.0205698 -0.0111756 -0.00552114 0.00254834 0.0121789 -0.0162187 -0.0110826 -0.000286795 -0.0154899 -0.0147301 -0.00289379 -0.00160062 -0.0101065 -0.0106465 -0.0226919 -0.014555 -0.0158081 -0.0160016 -0.0231699 -0.0166041 -0.0149146 -0.0139865 0.000126332 0.0342445 0.00978756 -0.0010151 -0.00222162 -0.00129644 -0.00258246 -0.0028209 -0.0048715 -0.000879126 -0.00726937 0.00896547 0.00298464 0.000464573 -0.00635385 0.0267274 0.0298784 -0.00271829 0.0042747 0.0170113 0.0230727 0.0186383 0.00922425 0.00338189 0.00182349 -0.00314695 0.00254766 0.0182969 0.034229 0.0428317 -0.483208 -0.0845419 -0.0592483
 -5.35071e-10 1.94318e-05 -3.02037e-06 -5.56276e-11 1.29704e-06 -1.003e-06 -1.76709e-06 -1.22478e-07 4.27491e-06 6.79791e-06 5.53379e-07 -9.94161e-06 2.16891e-10 -1.00427e-05 4.43353e-10 -3.67782e-10 -5.17842e-07 -3.1834e-09 1000 -1.10767e-05 5.27769e-06 -3.88524e-10 1.46962e-06 -3.60645e-07 8.51719e-05 -7.59746e-06 2.52628e-07 -1.31484e-06 3.13339e-05 -2.52913e-05 5.74198e-05 2.87755e-06 -1.52245e-05 0.000124027 -5.09629e-05 6.23696e-05 -3.47979e-05 9.03475e-07 -1.54259e-08 -9.25671e-06 -6.25682e-06 -1.33856e-07 1.76037e-05 -3.81723e-05 3.16817e-06 -5.52629e-06 -4.38719e-06 3.08604e-06 2.16047e-05 1.7349e-05 -2.81389e-05 1.29245e-05 -3.08757e-05 2.11791e-05 5.9594e-05 -5.39286e-05 -1.977e-05 3.6436e-05 3.90542e-06 -1.12327e-05 -1.12464e-07 1.89306e-07 -1.21727e-05 1.25226e-06 2.91288e-07 -5.82288e-06 -1.66218e-06 2.37909e-07 1.12207e-07 -1.81405e-10 -5.02226e-07 9.32118e-08 -1.56171e-06 -4.23492e-08 9.38732e-07 -2.71112e-06 -3.18397e-07 5.37714e-06 -1.64986e-07 1.47699e-06 -5.0482e-06 3.75381e-05 -0.000276057 9.81076e-06 3.56076e-06 -1.89112e-07 1.83685e-06 -1.10043e-07 -7.69956e-08 1.87949e-07 1.53606e-05 2.09063e-05 -4.20924e-06 -2.89269e-05 6.7345e-06 2.9077e-05 -0.000158432 0.000355212 -8.90334e-05 -9.32263e-05 -2.84554e-05 -1.38208e-05 -0.000104196 9.7602e-05 1.73071e-05 -6.6054e-06 7.14734e-05 3.2339e-07 -2.12264e-05 9.89383e-06 4.3757e-05 -1.06558e-05 -6.23817e-06 1.16873e-06 6.38384e-07 1.10589e-05 1.35283e-05 -4.50323e-06 1.03233e-05 1.42104e-06 6.19367e-06 1.22522e-05 7.38662e-06 1.29006e-05 -1.12878e-05 -4.36099e-06 3.40126e-06 -4.36541e-06 1.0469e-05 -8.43972e-06 7.23224e-06 -2.90812e-06 -5.22898e-06 -1.10768e-05 -3.98933e-06 -1.06254e-05 -3.16724e-06 8.22674e-06 -3.36022e-06 -3.2355e-05 -2.67391e-05 1.81872e-05 8.76266e-06 -1.54511e-05 2.94308e-06 1.26982e-05 -1.19065e-05 3.32159e-05 -1.34474e-05 2.51681e-07 -1.36614e-05 -2.8945e-05 -2.43195e-05 -2.57019e-05 -9.62928e-06 -5.93548e-06 -3.66474e-06 1.05638e-05 -9.8317e-07 -1.30773e-07 6.36906e-06 -1.96454e-06 -4.15514e-06 1.26515e-05 1.09292e-06
 -1.20349e-05 1.95102 -0.297794 -5.69622e-06 -0.719681 0.523098 -0.251395 -0.0453933 1.11153 0.0385838 -0.0226597 0.493773 2.84395e-05 -0.678465 -0.00243741 1.97112e-05 -0.550422 0.0150376 -1.10767e-05 890.291 -309.186 2.57695e-06 -1.06539 0.232059 -0.663436 4.31101 -0.704979 -0.0547555 0.816167 -0.656674 0.32719 -0.439892 1.74982 0.089883 2.64144 -3.55052 -0.0443162 -0.226822 0.00229078 -1.08393 0.137077 -0.000138939 -1.1818 0.169099 -0.0119093 -0.332887 -0.330501 0.226885 -0.222479 -0.739292 0.474426 -0.139606 0.991411 -2.29046 -1.50613 1.45131 -0.309225 -1.06368 0.38641 0.0243663 -0.0560228 0.00729629 -0.720412 -0.665315 0.0335483 -0.425026 0.0287731 -0.00401453 -0.00263344 2.19581e-06 -1.03453 0.352755 -0.416366 -0.0140275 0.448976 -0.345107 -0.0604094 0.939328 -0.127158 -0.0794003 0.276289 -1.03404 4.02992 -0.125529 -0.111834 0.00664157 0.0586333 0.0275094 -0.00957219 -0.01809 -0.0256764 -1.69481 0.765558 4.33959 0.874746 -2.39018 -25.2245 9.76047 -0.890995 1.07458 0.412508 2.72105 -4.80476 1.12091 1.86204 -0.803912 0.299476 -0.835387 -0.11625 0.0423821 1.21739 0.281932 0.238735 0.628632 0.829425 0.407739 0.110961 -0.407244 0.889256 0.0509045 -0.0102014 0.0233018 0.409585 1.36339 -0.0744031 0.111835 0.459991 0.387231 0.86387 -0.491232 0.288654 0.255784 0.504238 -0.135372 0.273646 0.721973 0.776593 0.631534 0.44381 1.01583 0.46646 -0.393263 0.0485069 -0.58775 -0.102709 0.199471 -0.0195592 1.35243 -0.320073 0.405 0.776382 0.189645 0.14788 -0.733185 -0.194798 0.0191955 0.197857 -0.658901 0.0159286 -0.622653 -0.763104 -1.32673 18.1605 0.489736 1.90207
 4.22758e-06 -0.689139 0.105133 1.90252e-06 0.244351 -0.177577 0.0865925 0.0156218 -0.382818 -0.0156095 0.00760014 -0.166402 -9.73442e-06 0.231682 0.00086044 -6.75352e-06 0.188557 -0.00513404 5.27769e-06 -309.186 108.766 -9.43255e-07 0.369434 -0.080466 0.228625 -1.50607 0.246303 0.0177651 -0.287979 0.231696 -0.114621 0.152063 -0.604832 -0.0331584 -0.923458 1.24136 0.0148534 0.0770638 -0.000734454 0.375441 -0.0482737 6.07748e-05 0.409786 -0.0615286 0.0044056 0.113882 0.113314 -0.0777326 0.0775507 0.257221 -0.165347 0.0487321 -0.344934 0.798154 0.524223 -0.505189 0.106911 0.369921 -0.135364 -0.00786715 0.019586 -0.00254733 0.252252 0.232238 -0.0117599 0.149447 -0.00990559 0.00138132 0.00088852 -7.37397e-07 0.357771 -0.121983 0.143706 0.00483978 -0.154945 0.119697 0.0209619 -0.325959 0.0433278 0.0272712 -0.0948853 0.362531 -1.40129 0.0436395 0.0388568 -0.00230927 -0.0198477 -0.00958747 0.00333676 0.00630394 0.00869128 0.590827 -0.265966 -1.51181 -0.31001 0.836294 8.79491 -3.4061 0.311759 -0.373668 -0.145976 -0.947804 1.67492 -0.391169 -0.648915 0.280001 -0.104992 0.290911 0.0407563 -0.0148744 -0.424507 -0.0982283 -0.0830694 -0.218988 -0.289135 -0.142269 -0.038777 0.141976 -0.310015 -0.0177822 0.00351931 -0.00823393 -0.142845 -0.475241 0.0258203 -0.0389076 -0.160275 -0.135042 -0.300773 0.171039 -0.100608 -0.0890814 -0.17564 0.0473405 -0.0952902 -0.251439 -0.270527 -0.220102 -0.154745 -0.353775 -0.162179 0.137121 -0.0169142 0.204845 0.0357765 -0.0694716 0.00690947 -0.471329 0.111744 -0.14106 -0.270476 -0.0659148 -0.051367 0.255583 0.0679396 -0.00663756 -0.0688944 0.229459 -0.0055347 0.217056 0.265914 0.462434 -6.33112 -0.170198 -0.663037
 -3.54955e-10 1.348e-05 -2.10652e-06 -2.35183e-11 5.08001e-06 -3.76491e-06 4.28257e-07 2.33869e-07 -5.20141e-06 -2.58505e-06 1.65307e-07 -2.38854e-06 1.47407e-10 -9.81595e-06 1.95451e-08 -4.8258e-10 4.49162e-07 -2.63921e-08 -3.88524e-10 2.57695e-06 -9.43255e-07 1000 8.19063e-06 -7.74117e-07 0.000134099 -7.39472e-05 1.06109e-05 1.36848e-06 3.60249e-05 -2.91171e-05 6.57845e-05 5.0238e-06 -2.351e-05 0.000161171 -1.69804e-05 1.49641e-05 -4.33546e-05 1.22551e-06 2.63221e-09 3.79157e-06 -1.25263e-05 -1.91874e-07 4.00455e-05 -5.4363e-05 4.15242e-06 -5.21353e-06 -4.55077e-06 3.21741e-06 7.52675e-06 4.87395e-05 -5.61037e-06 -5.58023e-06 -4.6021e-05 3.62558e-05 8.8764e-05 -8.07349e-05 -2.42905e-05 6.17221e-05 7.38569e-06 -1.95333e-05 9.42773e-08 1.20143e-07 -4.00383e-06 7.35547e-06 2.0869e-07 -6.08508e-06 -1.374e-06 2.04222e-07 1.65344e-07 -1.9273e-10 5.92336e-06 -2.14652e-06 1.38119e-06 5.47964e-08 -1.95032e-06 -6.47952e-06 -7.85911e-07 1.29057e-05 6.19614e-07 1.80777e-06 -6.20738e-06 4.74e-05 -0.000287751 1.02626e-05 4.69429e-07 -6.10664e-08 -4.96163e-08 -1.20043e-07 -3.85525e-08 1.59498e-07 3.01598e-05 1.09249e-05 6.83817e-06 1.07819e-05 2.9993e-05 4.5995e-05 -3.39223e-06 9.89424e-05 -1.62175e-05 -7.15838e-05 -2.0444e-05 -1.40455e-05 -6.47175e-05 6.23804e-05 8.33039e-05 -2.23079e-05 3.1912e-05 -5.67459e-05 0.00010246 -8.25242e-06 1.40392e-05 1.11743e-05 1.20082e-05 1.20964e-05 8.28991e-06 3.83176e-05 9.07589e-06 1.03262e-05 -8.38031e-06 2.3766e-05 4.15802e-06 1.00855e-05 5.17693e-06 1.29113e-05 1.0793e-05 9.32478e-06 6.87185e-06 -8.87989e-06 1.02588e-05 -7.45195e-06 1.27257e-06 -1.00432e-05 -1.92539e-05 -1.36636e-05 -6.86591e-06 -1.74896e-05 -2.55676e-06 -4.6942e-07 -1.67478e-05 -6.62844e-05 -3.2859e-05 2.03274e-05 -2.49578e-06 -1.34457e-05 -6.66515e-06 -9.44063e-07 -1.78538e-05 -9.2209e-06 -6.53819e-06 -2.11778e-05 -2.14811e-05 -3.61559e-05 -4.57767e-05 -3.10967e-05 -1.75749e-05 -1.30233e-05 -1.19319e-05 2.1422e-05 -1.95377e-06 5.18276e-06 6.18335e-06 9.72091e-06 -0.000124935 -4.15912e-05 -1.77314e-05
 2.67063e-06 1.47633 -0.225506 -6.68593e-06 -0.857233 0.624077 -0.242912 -0.0522305 1.26571 -0.22343 -0.0483568 0.98223 3.09055e-05 -0.713501 -0.00328571 2.48694e-05 -0.618513 0.0169577 1.46962e-06 -1.06539 0.369434 8.19063e-06 953.239 -208.497 -0.642841 9.48273 -1.55094 0.162046 1.63827 -1.31452 -1.959 -0.641338 2.67908 -2.51011 1.97123 -2.52661 0.153841 -0.264532 7.00832e-05 -0.614545 0.0194315 -0.00298219 -2.6576 1.0122 -0.066966 -0.311295 -0.326454 0.223681 -0.474344 -1.30512 0.395861 0.00630075 1.59054 -3.67723 -2.60587 2.49763 -0.0297766 -2.28149 0.0970657 0.498964 -0.0501122 0.00355553 -0.277544 -0.267839 -0.0191715 0.489325 0.0362459 -0.00530525 -0.00386716 5.26298e-06 -1.01285 0.347292 -0.359664 -0.0124797 0.401017 -0.171793 -0.0413077 0.629944 -0.111886 -0.100941 0.351894 -0.980495 4.69705 -0.156762 -0.0540448 0.00449924 0.00435402 0.0261756 -0.00631019 -0.0200217 -0.521412 -0.327723 0.148759 0.538918 -1.4721 -2.0061 -6.49525 1.70991 -0.376892 2.51411 0.872584 1.84105 -4.76635 -1.50839 3.54307 -0.452056 -1.61286 -5.80989 0.968919 0.428061 -0.686617 -0.659167 -0.602308 0.125779 -0.147407 -0.863365 -1.08587 0.185692 0.976895 -0.373081 -0.370983 -0.339393 -0.0857398 -0.259348 0.0697903 0.0201024 0.0769132 0.445067 0.275176 0.209878 0.364622 0.700284 1.06775 0.811734 0.523049 0.531521 0.504478 0.463046 0.344573 1.69733 0.958303 -0.393052 0.137775 0.194952 0.410125 0.436463 0.475615 0.855452 0.291146 0.584809 1.84674 1.35413 0.83794 -0.167167 0.252698 0.344862 0.442546 -1.02041 0.0376207 -0.703027 -0.961292 -1.51361 19.1524 2.45015 2.24033
