 1000 0.00250489 -0.000504199 -1.35291e-09 -0.000132814 0.000111321 -4.30345e-06 -7.65008e-07 1.33629e-05 -8.63002e-05 -4.92016e-06 0.000111555 4.06802e-10 -1.69356e-05 2.1213e-07 -2.95181e-10 -5.65826e-06 4.17816e-07 -9.55796e-10 -2.44267e-05 1.06089e-05 -6.23993e-10 3.33335e-06 -6.33145e-07 1.65341e-05 -0.00033158 8.02794e-05 -6.1774e-05 -0.000220708 0.000245001 -2.53595e-06 -3.46205e-06 1.3333e-05 9.59259e-05 -0.000103548 0.000163463 -6.49414e-05 -2.50448e-06 6.94488e-07 -0.000130026 1.86034e-05 1.08087e-06 -5.58641e-06 -7.34159e-05 9.64699e-06 -6.71024e-06 -1.39066e-05 1.77987e-05 8.08519e-05 -6.56618e-05 -0.000247531 0.00019415 -6.48496e-05 8.62062e-05 0.000105756 -0.000127639 -3.73433e-05 1.52111e-05 -4.82652e-05 4.12676e-05 -1.74593e-06 9.28056e-08 2.88958e-05 6.74924e-06 -2.28422e-07 1.9958e-06 -3.57568e-06 8.6068e-07 2.85023e-07 -1.17969e-10 -1.10401e-05 4.1977e-06 1.23582e-06 1.50976e-08 -1.69548e-06 6.79411e-06 6.61976e-07 -1.50445e-05 4.10319e-06 3.25348e-06 -2.18573e-05 -9.88642e-06 -0.000313301 2.01882e-05 9.13322e-06 -9.06293e-07 -8.02466e-06 -1.3033e-06 -5.45266e-07 1.86322e-06 1.26372e-05 1.98264e-06 -8.99693e-05 -0.000224404 -0.000123058 6.38846e-06 7.56264e-05 0.000477673 -0.000215293 -0.00021191 -0.000110503 6.30164e-05 -6.83659e-05 -1.1134e-05 0.000102158 0.000127257 5.91313e-05 -7.00117e-05 -0.000179235 0.000255903 -0.000149044 3.46111e-05 -1.69282e-05 -8.80022e-06 1.63081e-05 3.78594e-05 1.94955e-05 -1.68538e-05 5.654e-05 -4.45029e-05 1.63983e-05 -7.55877e-06 -1.03145e-05 1.13827e-05 8.36786e-06 -8.30771e-06 -1.74749e-05 0.000178641 -0.000132875 8.85106e-05 -6.66024e-06 1.37021e-05 2.59177e-05 3.04342e-06 2.86686e-05 -3.73797e-05 2.86332e-05 1.21699e-05 3.29409e-05 -2.23918e-05 -7.3558e-05 4.58672e-05 1.408e-05 -4.04665e-06 4.30667e-06 -3.76144e-05 4.21387e-05 3.71192e-05 1.29319e-06 3.66721e-05 1.09209e-05 -5.33981e-05 -8.89102e-06 -3.29422e-05 4.08332e-07 1.47514e-06 4.01589e-06 2.52863e-06 -4.13807e-07 1.99289e-05 3.31899e-05 3.91383e-05 -0.000583714 -2.32858e-05 -6.15631e-05
 0.00250489 516.731 -102.848 0.000223881 26.5063 -22.2153 0.999145 0.299262 -5.6308 16.4483 1.13347 -25.9709 -0.00011971 3.27352 -0.0264095 -6.28715e-05 2.57377 -0.132738 2.50557e-05 2.22176 -0.968328 1.85566e-05 1.23137 -0.293451 19.1022 36.2478 -9.10352 6.73848 23.5751 -26.1932 12.8108 2.5675 -11.594 10.5175 14.843 -25.1575 6.20164 0.840247 -0.1118 20.8012 -3.40534 -0.165884 10.3272 5.23712 -0.896046 2.02836 3.25992 -4.2076 0.690992 9.06247 12.3275 -11.5007 0.408944 -2.82822 2.77228 -2.93306 4.98198 4.45201 7.48255 -9.68685 0.180321 -0.00839656 -2.65718 1.89302 0.0297959 -2.56175 0.287147 -0.0675181 -0.0248505 -2.61268e-05 2.87469 -1.07095 0.925764 0.0418667 -1.15527 -0.733132 -0.0245169 0.793915 0.118211 -0.0808759 0.531307 -0.793914 -0.796577 0.056218 1.40071 -0.123109 -0.00724102 0.110124 0.0210077 -0.132247 2.29907 -3.92371 4.5314 15.0157 11.1564 0.274729 -30.357 20.0479 -9.52008 15.3728 9.50524 -0.145029 -1.12284 -1.55998 -4.4846 3.76991 4.0439 1.98826 -8.40958 4.04172 -1.2271 0.780559 -1.36659 -0.727518 -0.15412 -0.182692 0.26536 2.00318 0.725916 -0.574121 0.56719 0.44654 0.471837 -0.548681 0.850468 0.235041 -0.722406 2.99247 -5.98408 2.97829 -0.406431 -0.241083 -0.782917 -3.67248 -1.08684 -2.26023 -1.57875 -1.77718 0.0946274 -0.436265 -1.33956 -1.716 -1.65446 -0.554941 -0.439196 -2.22515 0.0288004 -1.53393 -3.6807 -0.656376 -0.108347 -2.26245 -0.843505 -1.21228 -1.12834 -0.906867 -0.955747 0.631263 -0.195035 -2.06393 -4.19597 -4.73948 76.2836 -21.1825 5.12159
 -0.000504199 -102.848 21.589 -4.50614e-05 -5.33007 4.46721 -0.20429 -0.061035 1.14953 -3.30469 -0.227936 5.22271 2.4765e-05 -0.6746 0.00535308 1.28952e-05 -0.52868 0.0272049 -5.11308e-06 -0.458666 0.199833 -3.75932e-06 -0.257637 0.0612998 -3.83544 -7.27997 1.82832 -1.35712 -4.73543 5.26134 -2.56946 -0.518594 2.34046 -2.11233 -2.9823 5.05466 -1.25251 -0.178436 0.0229031 -4.17716 0.673866 0.0333806 -2.07947 -1.06668 0.181898 -0.412644 -0.661256 0.85352 -0.141547 -1.81838 -2.47343 2.3076 -0.0842569 0.56578 -0.55722 0.589757 -1.00194 -0.89411 -1.50302 1.94576 -0.0367027 0.0017252 0.533697 -0.379706 -0.00605141 0.516454 -0.0575047 0.0135203 0.00506858 5.37734e-06 -0.595015 0.221458 -0.190823 -0.00861072 0.237999 0.145623 0.00459216 -0.152275 -0.0247086 0.0158746 -0.10425 0.163416 0.160243 -0.0113224 -0.282143 0.0247962 0.00020844 -0.022104 -0.00421201 0.0265398 -0.461569 0.78707 -0.908249 -3.01218 -2.24121 -0.0518377 6.09334 -4.02742 1.91164 -3.08384 -1.90608 0.0290985 0.225665 0.312895 0.899379 -0.757549 -0.8122 -0.398714 1.689 -0.812639 0.246785 -0.156964 0.274513 0.146204 0.0307652 0.0364831 -0.0536402 -0.401902 -0.146041 0.115232 -0.113801 -0.0896795 -0.0943822 0.10971 -0.170639 -0.0470868 0.145158 -0.602021 1.20203 -0.598345 0.0815004 0.0483301 0.157233 0.737135 0.218155 0.453455 0.316357 0.356331 -0.0193094 0.0872868 0.269526 0.344456 0.332335 0.111065 0.0881506 0.446756 -0.00619635 0.308451 0.738297 0.131539 0.0217876 0.454537 0.168936 0.243323 0.226182 0.182093 0.191896 -0.126758 0.0391482 0.414107 0.843271 0.950947 -15.3353 4.2948 -1.02521
 -1.35291e-09 0.000223881 -4.50614e-05 1000 -0.00130116 0.00109332 -7.857e-07 7.59568e-08 2.86952e-06 9.14905e-05 6.71157e-06 -0.000151609 5.46891e-10 -9.05533e-06 -6.70951e-09 2.85024e-11 -1.80106e-06 5.89124e-08 5.91001e-11 -9.83416e-06 4.17241e-06 1.81626e-10 -1.26711e-05 2.82363e-06 9.3797e-05 6.46925e-05 -1.69742e-05 7.08155e-06 2.02578e-05 -2.27303e-05 0.00017416 1.79375e-05 -8.88705e-05 0.000216961 -6.46609e-07 -1.42015e-05 1.87595e-05 -6.46474e-06 1.82858e-07 3.48944e-05 -9.84391e-06 1.4838e-07 8.5465e-05 -1.09171e-05 2.09262e-07 3.47448e-06 4.29144e-06 -5.666e-06 4.74011e-06 3.64562e-05 -2.86988e-05 9.29731e-06 -2.72134e-05 -2.64383e-05 9.50132e-05 -0.000105742 2.96809e-05 5.15422e-07 4.82707e-05 -4.83692e-05 -2.031e-06 3.14777e-08 1.23297e-05 -5.61095e-05 5.47616e-06 -0.000132045 -5.42454e-06 1.23191e-06 7.47256e-07 1.11687e-10 -1.99192e-05 6.95812e-06 -3.19304e-06 -1.11923e-07 3.54625e-06 -1.34951e-05 -1.34113e-06 3.02592e-05 1.82753e-06 9.79854e-08 -8.74285e-07 -1.00628e-05 -0.000149358 9.38297e-06 2.88738e-05 -2.49089e-06 -1.54324e-06 -1.39117e-07 -1.43371e-07 2.84511e-07 -2.42455e-05 -4.47241e-05 -1.85866e-05 -2.56945e-05 -1.00015e-05 8.57171e-06 8.49919e-05 -4.30658e-05 -5.19428e-05 5.66029e-05 2.02297e-05 -3.25189e-05 -3.09535e-06 4.52783e-05 -3.73207e-05 0.000115966 -3.90346e-05 -5.13328e-06 -1.18215e-05 1.11996e-06 7.80609e-06 5.24653e-07 1.14173e-05 -4.89413e-06 2.14805e-05 -1.73807e-05 -1.63773e-08 4.09693e-07 4.05298e-05 -4.16483e-05 -2.29466e-05 4.31607e-05 4.5646e-05 5.45837e-05 -7.60543e-05 -0.000210985 -8.55382e-05 0.000138608 -5.58431e-05 0.000143435 -7.68503e-06 4.28493e-06 2.8633e-05 2.13627e-05 1.26606e-05 -2.19549e-06 2.34603e-05 -1.59738e-05 6.02872e-05 -4.36408e-05 -9.91919e-05 -1.1035e-05 -6.33715e-05 6.62077e-05 6.8023e-05 5.61257e-06 -2.55e-06 -3.18741e-06 -2.3895e-05 6.6844e-05 4.68331e-05 -0.000114154 4.8083e-05 -3.24101e-05 -6.12019e-06 -2.00311e-06 -2.73689e-06 -4.85995e-06 1.70792e-06 -1.92034e-05 -4.89978e-05 -5.85421e-05 0.000583613 -1.78965e-05 5.62566e-05
 -0.000132814 26.5063 -5.33007 -0.00130116 412.858 -344.554 0.166752 0.0563855 -0.832959 10.889 0.753897 -17.2259 7.3181e-05 -1.26329 -0.00773969 7.26031e-06 -0.168761 -0.00212391 2.23017e-05 -1.91316 0.816382 3.4399e-05 -2.12739 0.479898 12.0044 21.3293 -5.36948 4.3174 14.2878 -15.8798 12.8438 0.892511 -4.6658 9.10665 9.12651 -15.6467 1.66393 -1.08836 0.0127693 10.7428 -3.44683 -0.0741327 6.21293 0.0230299 -0.153917 0.145261 0.463647 -0.599696 -1.46965 3.15957 -1.27875 -0.0154499 0.773508 -3.32984 1.44882 -1.38134 3.12043 2.69449 4.9808 -6.30928 -0.0733109 0.0112019 -2.67676 -1.67526 0.280198 -8.2067 -0.506011 0.120993 0.0730303 1.55248e-05 -2.15726 0.752856 -0.160191 -0.00397419 0.176898 -1.34621 -0.110931 2.64296 0.109361 -0.0300126 0.202732 -2.02326 -2.54661 0.170558 1.71481 -0.149241 0.0181528 0.0542132 0.0106283 -0.0653918 1.23356 -1.09588 0.957356 2.23574 1.10349 1.9312 2.65251 -1.18639 -1.67651 7.30638 2.28262 -1.91655 -0.67254 0.774363 -1.75885 3.18118 -0.270908 -0.620824 -0.865273 1.32343 0.0665599 -0.489517 -0.943211 -1.63813 0.489398 0.551135 -0.172005 0.0548868 2.43416 -1.03293 -1.58309 -0.475893 -0.323961 2.71958 3.05537 -1.60482 -1.31517 3.76853 -7.64198 3.04628 0.303868 0.0341513 -0.508484 -1.13991 -0.666378 -0.301905 -0.373035 -1.55866 0.491055 0.404418 0.0577961 -0.836328 -1.34701 -0.17737 -0.143796 -0.497014 0.468021 -0.61058 -3.52037 -0.259117 1.4301 -2.16809 -0.185875 -0.992384 -0.745414 -0.520422 -0.520661 0.285003 -0.100685 -1.7519 -3.25331 -4.02435 59.5669 -10.3161 4.74732
 0.000111321 -22.2153 4.46721 0.00109332 -344.554 290.091 -0.141046 -0.047617 0.705325 -9.12601 -0.63193 14.4391 -6.1141e-05 1.05414 0.00649896 -6.01462e-06 0.138029 0.00193741 -1.87111e-05 1.60028 -0.682858 -2.88338e-05 1.77989 -0.401498 -10.0588 -17.8738 4.49958 -3.61993 -11.9732 13.3073 -10.7626 -0.74884 3.9137 -7.63169 -7.64799 13.1119 -1.39565 0.909661 -0.0105933 -9.00066 2.88598 0.0621257 -5.20701 -0.0226395 0.129404 -0.123255 -0.390304 0.504842 1.23219 -2.64757 1.07164 0.0128524 -0.648799 2.79 -1.21419 1.15769 -2.61495 -2.25777 -4.17399 5.28716 0.0611912 -0.00936709 2.24277 1.40455 -0.23486 6.87853 0.424183 -0.101426 -0.0612601 -1.29709e-05 1.80212 -0.628849 0.132563 0.0032627 -0.14624 1.12736 0.09283 -2.21199 -0.0919749 0.0250338 -0.169109 1.69694 2.13324 -0.142881 -1.43735 0.125093 -0.0153565 -0.0454274 -0.00890427 0.0547927 -1.03338 0.918322 -0.80202 -1.87307 -0.924587 -1.61808 -2.22301 0.99454 1.4051 -6.12322 -1.91262 1.60628 0.56343 -0.649137 1.47403 -2.66616 0.227157 0.520154 0.725255 -1.10881 -0.0559624 0.410117 0.790258 1.37267 -0.41016 -0.461518 0.144087 -0.0460368 -2.03978 0.865644 1.32681 0.398593 0.271401 -2.27916 -2.55962 1.34585 1.10246 -3.15856 6.40364 -2.55319 -0.254608 -0.0286245 0.426 0.955058 0.558371 0.252839 0.312337 1.30601 -0.411756 -0.338847 -0.0479108 0.700894 1.12914 0.148172 0.120188 0.416424 -0.392246 0.511967 2.94964 0.216763 -1.19848 1.81725 0.155281 0.831595 0.624485 0.43611 0.436314 -0.238783 0.0843494 1.46799 2.7268 3.37225 -49.9263 8.66322 -3.97699
 -4.30345e-06 0.999145 -0.20429 -7.857e-07 0.166752 -0.141046 999.831 -0.0891818 0.93539 0.344491 0.00601299 -0.0912064 1.46336e-05 -0.317483 7.78695e-05 8.96365e-06 -0.278276 0.0121658 -1.15622e-06 -0.347383 0.148568 2.04252e-06 -0.354765 0.0802169 0.113432 0.663653 -0.164961 0.0508512 0.80382 -0.893769 1.08088 -0.128799 0.456774 0.955019 0.171849 -0.347843 -0.0760093 -0.137188 0.00500586 -0.410477 -0.00271957 0.00273278 -0.159852 -0.357365 0.0451282 -0.166675 -0.203474 0.261024 0.171246 -0.315218 -0.412814 0.385749 -0.0177903 -1.73664 0.680685 -0.62462 -0.335012 -0.335969 0.132087 0.0482661 -0.0553361 0.0048154 -0.17669 0.0710322 -0.00526171 0.129149 -0.00375094 0.000899968 -0.00362245 3.80593e-06 -0.53319 0.189356 -0.190528 -0.00787957 0.24595 -0.118475 -0.0205972 0.451421 -0.00353743 -0.00774115 0.0497012 0.115691 -0.433025 0.0272554 -0.212268 0.0179963 0.0607776 0.00288389 4.77074e-05 -0.00295803 -0.292415 -0.210361 -0.191998 -0.377317 -0.22759 -0.0364017 0.482802 0.84556 -1.23281 0.335287 0.224251 0.229867 0.461417 -0.164618 -0.209854 0.0923054 0.235358 -0.219527 -0.032469 -0.0244671 -0.0197287 -0.0250234 -0.054246 -0.0320685 -0.0830989 -0.14984 0.339576 -0.491492 0.120925 -0.0383056 0.0193266 -0.0618812 0.0516071 -0.0514134 -0.0509798 -0.0490871 -0.144782 0.0864978 0.293744 -0.218929 0.0468618 0.0738491 0.120957 -0.625899 0.221481 -0.200078 0.0857707 0.188011 -0.370366 -0.0952142 -0.0290888 0.309552 -0.150018 0.165561 0.201837 -0.0334473 0.0690315 0.0233424 0.111387 0.0322483 0.378649 0.428945 0.0484252 -0.112112 -0.085139 0.0315263 0.0353321 -0.0936624 0.0211928 -0.377783 -0.571089 -0.883674 8.24883 4.67005 1.38892
 -7.65008e-07 0.299262 -0.061035 7.59568e-08 0.0563855 -0.047617 -0.0891818 3.35419 -49.5216 0.0943641 0.00145297 -0.0209403 3.84359e-06 -0.0816434 5.14378e-06 2.50558e-06 -0.0728391 0.00318488 1.06025e-07 -0.0782484 0.0334543 7.91013e-07 -0.0973745 0.0220808 -0.00207568 0.313779 -0.0768105 0.0221317 0.236531 -0.262848 0.248979 -0.0425839 0.158985 0.177151 0.120738 -0.210483 -0.0113892 -0.0355996 0.00106695 -0.0997301 -0.000793778 0.00048601 -0.0664511 -0.0761945 0.0096826 -0.0410066 -0.0533082 0.0683218 0.0491163 -0.101772 -0.15923 0.143056 0.0412506 -0.519057 0.104389 -0.0740763 -0.0928995 -0.103615 0.0207195 0.0338167 -0.0153688 0.00168871 -0.116847 0.071409 -0.00149681 -0.0074005 -0.000813258 0.000204591 -0.00117206 1.08726e-06 -0.141456 0.0502559 -0.0499427 -0.00205606 0.0642012 -0.0385226 -0.00632639 0.136116 -0.00554282 -0.00317476 0.020458 0.0410553 0.0275849 -0.00151401 -0.041724 0.00353638 0.0210375 0.00120375 0.000419202 -0.00163608 -0.0793174 -0.0814218 -0.0479149 -0.0649817 -0.0313455 -0.0035447 0.365701 -0.0412469 -0.346516 0.136528 0.0942769 0.243926 0.10371 -0.0431609 -0.204549 -0.066111 0.11477 -0.0523087 0.00729073 -0.0136646 -0.0169215 -0.0190356 -0.0301817 -0.012942 -0.0298008 -0.094451 0.172593 -0.128854 0.0174903 -0.0298263 0.0452424 -0.026479 0.0216921 -0.021689 0.00532738 -0.00534865 -0.0816658 0.00795324 0.0228702 -0.0485431 0.0239899 0.0358327 0.0351058 -0.117223 0.0230335 -0.0151544 0.00805572 -0.0298493 -0.0965197 0.0335097 0.0667622 0.0785914 -0.00803164 0.0309654 0.00814094 -0.0521104 -0.0570353 0.115734 -0.0227108 0.0910482 0.163325 0.0451257 -0.0553913 -0.0369012 -0.0234781 0.00582377 0.0114887 -0.0265108 0.0056738 -0.106281 -0.124199 -0.230577 2.33405 1.30827 0.391644
 1.33629e-05 -5.6308 1.14953 2.86952e-06 -0.832959 0.705325 0.93539 -49.5216 992.089 -1.76129 -0.0153826 0.106358 -8.02119e-05 1.71424 -0.00044009 -5.10052e-05 1.51664 -0.0665633 -5.62273e-07 1.62442 -0.694739 -1.58942e-05 2.00213 -0.454201 0.0647526 -6.07076 1.48607 -0.367027 -4.55952 5.06671 -4.93588 0.899378 -3.38046 -3.50511 -2.27631 3.97909 0.239354 0.787494 -0.0248497 1.98949 0.0667493 -0.010177 1.36002 1.65875 -0.211317 0.88324 1.12613 -1.44517 -1.02513 2.0204 3.14962 -2.83079 -0.768336 10.2548 -2.07698 1.47991 1.86146 2.05468 -0.38785 -0.693843 0.309371 -0.0338213 2.28335 -1.4056 0.0303087 0.116288 0.0137387 -0.00349431 0.0243546 -2.32214e-05 2.96528 -1.0545 1.05785 0.0437865 -1.36129 0.766395 0.126051 -2.71091 0.110145 0.0611855 -0.394166 -0.931859 -0.495003 0.0273227 0.838081 -0.0710321 -0.427316 -0.0236074 -0.00825816 0.0321232 1.56663 1.6135 0.936169 1.2805 0.64892 0.0755921 -7.21455 0.775972 6.83088 -2.61305 -1.79091 -4.83593 -2.0529 0.852672 4.02755 1.30276 -2.26065 1.04141 -0.154661 0.264589 0.337897 0.377192 0.596565 0.255994 0.58468 1.85611 -3.40755 2.54683 -0.344429 0.584606 -0.895966 0.522042 -0.433862 0.428708 -0.105862 0.103019 1.6076 -0.149355 -0.471051 0.963047 -0.476454 -0.71067 -0.69882 2.31747 -0.463584 0.30291 -0.158581 0.587861 1.91384 -0.656428 -1.325 -1.56604 0.152821 -0.61214 -0.165823 1.02622 1.12554 -2.29473 0.445468 -1.79874 -3.23148 -0.901169 1.09782 0.730189 0.465568 -0.119245 -0.231035 0.525502 -0.11223 2.09985 2.43883 4.555 -45.727 -26.4315 -7.76895
 -8.63002e-05 16.4483 -3.30469 9.14905e-05 10.889 -9.12601 0.344491 0.0943641 -1.76129 884.037 -7.39537 153.431 6.31435e-05 -1.43527 -0.00031594 3.34201e-05 -1.03728 0.045156 1.68955e-05 -1.26239 0.540783 1.02089e-05 -1.55469 0.354269 7.15645 7.2942 -1.87879 2.07962 5.5452 -6.16733 5.94231 0.991811 -4.57881 6.17822 3.69005 -6.50374 1.31747 -0.222251 -0.00846605 5.7165 -1.80056 -0.0347923 3.47848 0.167996 -0.0964076 0.462218 0.621951 -0.805683 1.03867 1.38257 -4.20082 2.54055 -0.476209 -2.23168 2.37944 -2.52266 2.33139 2.46825 1.49996 -2.76628 0.45871 -0.0310756 -2.21556 4.13185 0.0260146 -4.3549 -0.0627268 0.0150019 -0.00759601 -7.40413e-06 -0.406597 0.131826 0.204159 0.0136087 -0.354641 -0.404532 -0.0335241 0.992866 -0.343344 -0.270445 1.79459 -0.104922 -6.20811 0.398614 -0.13406 0.00805351 0.402801 0.00601478 -0.00846362 0.00243762 -0.137617 -3.95195 -2.38156 1.14852 6.53486 8.14103 -9.32335 -2.29508 -1.52702 23.4548 7.35631 -11.4695 3.1325 -1.67681 -3.39265 2.91979 8.71557 14.1496 -16.4686 1.32626 2.2252 0.878081 -0.507162 -0.89363 -0.839706 2.81647 -5.18148 0.291373 3.40211 -3.41934 0.76615 0.111373 -1.71683 0.0770008 -0.121348 1.07222 -5.24883 9.36124 -10.873 7.23015 -2.11542 -1.0508 1.3647 -5.52636 0.309206 -3.56205 -1.42891 1.0734 -0.279582 -0.418153 -0.979627 -1.24679 -1.36196 1.06592 -0.0803163 -2.84996 0.0813025 0.943736 -1.50811 0.0496128 -2.11433 1.01586 1.60014 -1.56695 -3.00261 -1.06648 -1.01625 0.23368 -0.022726 -0.949224 -1.44968 0.735909 35.4313 -9.99774 2.3505
 -4.92016e-06 1.13347 -0.227936 6.71157e-06 0.753897 -0.63193 0.00601299 0.00145297 -0.0153826 -7.39537 2.38259 -34.5239 4.85028e-06 -0.107979 -3.61502e-05 2.65175e-06 -0.0799032 0.00341628 1.22257e-06 -0.117529 0.0502634 8.80292e-07 -0.133261 0.0302451 0.292516 0.798146 -0.198673 0.169446 0.556642 -0.618674 0.364566 0.0243598 -0.126818 0.192897 0.399089 -0.669943 0.0719676 -0.0303336 -3.11311e-05 0.174367 -0.0771868 -0.0013352 0.0494152 0.0305098 -0.00612647 0.000741449 0.011101 -0.0144902 -0.0977938 0.0787894 0.0216157 -0.0368996 0.0513409 -0.291403 -0.000500099 0.0251767 0.0798948 0.0109512 0.153761 -0.158843 0.00122256 3.70081e-05 -0.0868112 0.103329 0.00136674 -0.13379 -0.000987954 0.000271311 -0.000435843 1.15186e-08 -0.0590607 0.0202578 -0.0106268 -0.000185987 0.00928584 -0.00335536 0.000904249 -0.0135286 -0.00837364 -0.00653938 0.0429144 -0.0589069 0.19463 -0.0119713 0.0276498 -0.00259429 0.0227538 0.00253292 0.000740249 -0.00330012 -0.0192431 -0.411173 -0.0382556 0.478236 0.646961 0.635313 -0.476035 -0.0720341 -0.234671 0.542579 0.115266 -0.167822 0.373197 0.0407076 -0.445104 -0.252745 0.126659 0.432379 -0.198037 -0.00695734 -0.0290178 -0.0121997 -0.0454208 -0.0528693 -0.0661581 0.0767188 -0.141054 -0.045193 0.115818 -0.0927224 0.00372537 -0.0201188 -0.0475523 -0.00347755 0.0630387 0.00263099 -0.132578 0.307866 -0.29696 0.0423995 -0.00239155 -0.0412401 0.0444292 -0.241808 0.0319622 -0.065157 -0.0317191 -0.0246727 -0.0734129 0.0265385 -0.013022 -0.0636496 -0.0490145 -0.00537149 0.0263637 -0.0765279 0.0150183 0.0168301 -0.102575 0.00907051 0.0625466 0.00450801 -0.0303818 -0.0315936 -0.0413715 -0.0199639 -0.0198824 -0.00258463 4.1051e-05 -0.0959599 -0.158849 -0.227424 2.85889 0.0558731 0.293972
 0.000111555 -25.9709 5.22271 -0.000151609 -17.2259 14.4391 -0.0912064 -0.0209403 0.106358 153.431 -34.5239 790.511 -0.000115959 2.5892 0.000501751 -6.28112e-05 1.93382 -0.0830736 -2.70556e-05 2.82384 -1.20802 -1.91508e-05 3.16535 -0.718663 -6.79719 -18.1255 4.51409 -3.85439 -12.6433 14.0524 -8.51651 -0.5059 2.70246 -4.56264 -9.01271 15.1435 -1.65531 0.806931 -0.00414899 -4.05871 1.86766 0.0302247 -1.15136 -0.522191 0.118503 0.0569182 -0.191471 0.249026 2.22979 -1.83399 -0.283231 0.704072 -1.08691 6.62845 -0.0653133 -0.485392 -1.88063 -0.328675 -3.49991 3.65674 -0.0449859 0.000362181 2.04999 -2.46705 -0.0324362 3.1881 0.0125972 -0.00385066 0.01268 -1.14376e-06 1.48283 -0.510772 0.302004 0.0066888 -0.284294 0.0281392 -0.0259634 0.41827 0.185217 0.146602 -0.962717 1.45098 -4.18188 0.256476 -0.62148 0.0584297 -0.50914 -0.0570841 -0.0163649 0.0740549 0.445317 9.44118 0.821441 -10.9358 -14.5209 -14.3459 10.951 1.7327 5.43445 -13.4322 -2.81335 4.22802 -8.52292 -0.857549 10.1483 5.59603 -3.15262 -10.245 5.04108 0.110506 0.576591 0.242216 1.04053 1.22605 1.52207 -1.82893 3.36727 1.0045 -2.72443 2.20816 -0.109241 0.449898 1.13411 0.0724917 -1.41294 -0.0932263 3.16918 -7.26535 7.06457 -1.20155 0.123812 0.962625 -1.0496 5.63219 -0.734915 1.58496 0.762793 0.522718 1.66956 -0.586338 0.317904 1.46839 1.14992 0.0848677 -0.59156 1.81766 -0.343258 -0.409281 2.35733 -0.207795 -1.33935 -0.1371 0.627666 0.761909 1.02976 0.485891 0.482046 0.0509539 -0.000608812 2.18954 3.62199 5.08521 -65.6156 -0.706474 -6.67765
 4.06802e-10 -0.00011971 2.4765e-05 5.46891e-10 7.3181e-05 -6.1141e-05 1.46336e-05 3.84359e-06 -8.02119e-05 6.31435e-05 4.85028e-06 -0.000115959 1000 8.23618e-05 -6.37645e-06 -9.79212e-10 4.72046e-05 -1.73623e-06 2.92852e-10 3.63333e-05 -1.54388e-05 5.70826e-11 4.34727e-05 -9.65674e-06 -0.000268538 -0.00054941 0.000138757 -2.92221e-05 -0.000183414 0.000203754 -9.69362e-05 2.57903e-05 -9.93393e-05 -0.000135281 3.21528e-05 -4.37194e-05 0.000116096 2.77162e-05 -8.42314e-07 -0.000304061 0.00013066 2.92881e-06 -2.31844e-05 0.000163747 -1.86751e-05 3.27525e-05 4.27297e-05 -5.50766e-05 0.000100833 -3.73009e-05 -0.000209743 0.000158584 2.6027e-05 6.19803e-05 -1.15342e-05 8.20795e-06 0.000124388 -4.45337e-05 -3.72388e-05 5.37933e-05 -1.28084e-06 1.09027e-07 -8.64419e-06 1.12319e-06 1.1466e-06 -4.24577e-05 -1.85504e-07 3.99907e-08 -4.01767e-07 -4.31836e-10 6.97944e-05 -2.45052e-05 1.58516e-05 6.14921e-07 -1.86834e-05 2.51296e-05 3.8255e-06 -8.76162e-05 3.15129e-06 2.26935e-06 -1.59688e-05 -5.40509e-05 0.000256753 -1.57615e-05 3.97856e-06 -2.49791e-07 7.88155e-06 -9.95632e-07 -1.25584e-07 1.13088e-06 -6.23832e-05 -5.52367e-05 1.37297e-05 7.0629e-05 3.65218e-05 5.38058e-06 -3.52773e-07 3.88671e-06 -0.000105177 -5.27534e-05 -2.04166e-05 0.000199944 0.00015347 -9.66613e-05 -7.35673e-05 5.99668e-05 4.27042e-05 7.1822e-05 5.20218e-05 -1.29407e-05 -9.85985e-05 -1.37966e-05 6.24548e-05 4.42739e-05 -2.96712e-05 -2.59517e-05 -7.85863e-05 3.51938e-05 2.54802e-05 1.59947e-05 2.10147e-06 -3.76158e-06 -2.70706e-05 2.07647e-07 -1.41345e-05 -2.62464e-05 -3.1441e-05 -2.66348e-05 -2.38196e-05 -3.65389e-05 -1.23722e-05 5.10484e-06 1.54756e-05 3.24823e-05 2.4601e-05 1.89936e-05 1.23647e-05 -2.33411e-06 -3.45642e-05 -3.79765e-05 -1.8052e-05 9.8216e-06 2.19146e-05 -1.28551e-06 -3.36344e-05 3.38412e-06 -4.02774e-06 2.58724e-06 -2.82477e-06 -5.44799e-06 2.59619e-06 2.1428e-05 3.59234e-05 -1.56574e-05 -2.68436e-06 -9.79467e-06 -5.98859e-06 -4.87146e-06 4.37303e-06 3.27711e-05 5.70637e-05 7.67779e-05 -0.000766502 -0.000329309 -0.000116446
 -1.69356e-05 3.27352 -0.6746 -9.05533e-06 -1.26329 1.05414 -0.317483 -0.0816434 1.71424 -1.43527 -0.107979 2.5892 8.23618e-05 997.868 -2.83521 1.74152e-05 -1.12073 0.0419923 -1.07079e-05 -0.749901 0.31795 -7.56403e-06 -0.884674 0.195257 8.45503 13.9239 -3.54497 0.803673 4.81387 -5.34907 3.20722 -0.583559 2.17034 4.85832 -0.0600587 -0.235115 -3.57206 -0.737548 0.0252194 6.61722 -3.19103 -0.0676954 0.917412 -4.85702 0.552323 -0.8329 -1.09753 1.41367 -2.26988 1.92519 4.52048 -3.75979 -1.23921 -0.719359 1.16621 -1.27889 -3.58454 1.90129 0.842914 -1.62633 0.00474013 0.000529736 0.232047 0.118895 -0.0236412 0.778165 -0.0057784 0.00162312 0.0141563 8.22016e-06 -1.57547 0.551642 -0.314473 -0.0117083 0.357135 -0.635765 -0.0917306 2.10893 -0.0489276 -0.0414625 0.297288 1.61082 -8.64554 0.540943 -0.0974256 0.00577032 -0.242494 0.0215477 0.00284656 -0.0246044 2.04113 1.80063 0.0404847 -1.14779 -0.466939 0.225615 0.593434 0.17645 2.23368 0.766059 0.318229 -4.17564 -4.07087 1.53128 3.27767 -1.0154 -1.02909 -1.90836 -0.418981 0.604043 2.04798 0.39567 -1.47948 -1.50829 1.41116 1.23935 2.20049 -0.79542 -0.670648 -0.168669 0.0227864 0.0832389 0.64808 0.166359 0.545057 0.727278 0.79719 0.556558 0.666091 0.812567 0.211271 -0.283373 -0.664909 -1.00582 -0.656484 -0.59298 -0.505573 -0.234365 0.350754 0.360335 -0.0170378 -0.124317 -0.236857 0.0733514 0.577526 -0.185563 -0.117804 -0.375405 -0.145341 -0.0793214 -0.294037 -1.09809 -1.56365 -0.214594 -0.196653 0.00377791 -0.056814 0.311527 -0.145445 -0.619173 -1.16498 -1.47843 14.7109 5.88184 2.18213
 2.1213e-07 -0.0264095 0.00535308 -6.70951e-09 -0.00773969 0.00649896 7.78695e-05 5.14378e-06 -0.00044009 -0.00031594 -3.61502e-05 0.000501751 -6.37645e-06 -2.83521 0.825558 2.45296e-07 -0.0059282 0.000311876 2.4045e-08 -0.00250316 0.00109445 5.87775e-08 -0.00388463 0.000915281 -0.0361231 -0.0605129 0.015348 -0.00624912 -0.0259211 0.0288023 -0.0144837 -4.0754e-05 0.00128376 -0.0202263 -0.00595521 0.0111938 0.00272389 -0.00156264 0.000148446 -0.036131 0.00871263 0.000344876 -0.0115002 0.00725593 -0.000568483 0.000173 -0.000411498 0.000527185 0.0042677 -0.00877794 -0.0192049 0.0162412 0.00247676 0.000210122 -0.00638458 0.00729977 0.00720179 -0.00809655 -0.00595309 0.00953117 -0.000287473 1.82314e-05 0.00022033 -0.000526907 2.77267e-05 -0.000705828 0.000177726 -4.30853e-05 -4.78003e-05 6.07927e-08 -0.00389927 0.00146867 -0.000397259 -1.48998e-05 0.000403879 0.00105274 9.93226e-05 -0.00262383 -0.00019405 -0.000198923 0.00120527 -0.00481504 0.0332126 -0.00207076 -0.00030137 3.51229e-05 0.000150273 -8.75673e-05 -1.1085e-05 9.95054e-05 -0.00779594 -0.00414253 -0.00141535 0.00123533 0.00101239 -3.0579e-05 -0.00114971 -0.00103358 -0.00735905 -0.00519961 -0.00129999 0.0154104 0.0142377 -0.00538445 -0.0117457 0.00304502 0.00321537 0.00652923 0.00157144 -0.00263078 -0.00734725 -0.00111469 0.00581811 0.00572242 -0.00530822 -0.00480652 -0.00791623 0.00294462 0.0022756 0.000257302 -0.000180785 -0.00048834 -0.00216623 -0.000783647 -0.00213195 -0.00262294 -0.00269592 -0.00221522 -0.00180281 -0.00315053 -0.000671205 0.00121294 0.00275446 0.00390279 0.00258493 0.00216036 0.00169868 0.000591593 -0.00140898 -0.00118874 0.000785954 0.000950943 0.00122361 -0.000288907 -0.00184735 0.000907115 0.000491779 0.00199701 0.000712037 0.000585399 0.00133204 0.00423504 0.00553858 0.000940408 0.000773858 0.000218209 0.00045121 -0.00128792 0.000558326 0.00218881 0.00478428 0.00514125 -0.0684089 0.00387716 -0.00640057
 -2.95181e-10 -6.28715e-05 1.28952e-05 2.85024e-11 7.26031e-06 -6.01462e-06 8.96365e-06 2.50558e-06 -5.10052e-05 3.34201e-05 2.65175e-06 -6.28112e-05 -9.79212e-10 1.74152e-05 2.45296e-07 1000 2.54037e-05 -3.67115e-06 -3.51932e-10 2.41436e-05 -1.02553e-05 -5.57815e-10 2.99195e-05 -6.6605e-06 2.93273e-05 -1.42614e-05 2.99528e-06 -1.09753e-05 -6.22832e-05 6.91554e-05 1.07349e-05 1.23558e-05 -5.26485e-05 6.19323e-05 -6.23052e-06 5.66477e-06 -2.12453e-05 6.69471e-06 -1.17528e-07 -8.81656e-05 2.41869e-05 6.72473e-07 -1.45434e-05 6.20275e-06 -1.40897e-07 9.54167e-06 1.40016e-05 -1.79432e-05 7.23724e-05 -1.44458e-05 -0.000176533 0.000128397 -2.44464e-05 8.05057e-05 2.60932e-05 -3.67606e-05 1.89947e-05 2.21506e-05 -3.42355e-05 2.20002e-05 7.04466e-06 -5.02802e-07 -1.42221e-06 1.68491e-05 4.24684e-08 -1.66683e-05 -2.03348e-06 4.66903e-07 3.9978e-07 -3.9922e-10 3.65817e-05 -1.28905e-05 1.11244e-05 4.74024e-07 -1.44785e-05 4.45973e-06 1.26291e-06 -2.96004e-05 4.35941e-06 3.4139e-06 -2.34046e-05 3.78912e-06 -0.000358857 2.33948e-05 1.4814e-05 -1.25116e-06 -1.07874e-06 -7.68063e-07 -1.03474e-07 8.79135e-07 -2.24364e-05 -6.39597e-05 3.78686e-05 0.000120688 8.66191e-05 6.24148e-05 4.40043e-05 -5.91006e-06 -0.000140888 -0.000135863 -4.55299e-05 0.000232683 -1.98194e-05 0.000133133 -4.46783e-05 3.65056e-06 8.35805e-05 -3.018e-05 4.62086e-05 -1.27658e-05 -2.98355e-05 -2.14898e-05 -1.56576e-05 1.15612e-05 1.4125e-05 5.4187e-05 -1.79659e-05 -3.06676e-06 -4.12547e-05 3.43759e-06 1.26254e-05 1.15579e-05 -6.02215e-06 -1.52966e-06 -1.58827e-05 -8.36065e-06 -1.52478e-05 -2.35337e-05 -2.99296e-05 -1.21836e-05 -9.70245e-06 -2.09625e-06 -2.8149e-06 1.02501e-05 5.06274e-06 -9.451e-06 -1.05965e-05 -1.44902e-05 -1.20267e-05 -2.80219e-05 -3.69853e-05 -5.80664e-07 6.35092e-06 -6.40474e-06 6.23874e-06 9.35083e-06 -1.41773e-05 2.35576e-05 -3.36611e-07 -2.13242e-05 -1.3751e-05 -1.80419e-05 -1.07012e-05 -2.04569e-05 -4.09736e-06 -1.00319e-05 -9.20909e-06 8.55351e-06 1.51228e-06 2.49279e-05 4.51019e-05 5.67623e-05 -0.000536324 -0.000318717 -9.21149e-05
 -5.65826e-06 2.57377 -0.52868 -1.80106e-06 -0.168761 0.138029 -0.278276 -0.0728391 1.51664 -1.03728 -0.0799032 1.93382 4.72046e-05 -1.12073 -0.0059282 2.54037e-05 996.949 -46.1943 -2.44537e-07 -0.690938 0.293511 3.08536e-06 -0.826852 0.18408 3.47089 4.212 -1.09066 0.443821 2.8294 -3.14503 1.87955 -0.355382 1.33382 2.40026 0.416281 -0.847534 -1.16162 -0.408263 0.0136766 2.73919 -1.32557 -0.028176 1.13458 -2.3687 0.252941 -0.478006 -0.652979 0.838377 -1.36907 1.91926 3.00549 -2.69541 -0.327583 -1.22747 0.527224 -0.499034 -1.97626 1.01295 1.02913 -1.43292 -0.201494 0.0180647 -0.311968 0.162001 -0.0116855 0.310169 0.0225969 -0.00494755 -0.00174065 9.8037e-06 -1.17443 0.413106 -0.324391 -0.0133187 0.407441 -0.372619 -0.0624856 1.44959 -0.138308 -0.0876993 0.604817 0.53612 1.7168 -0.114639 -0.272099 0.0213834 -0.0424891 0.0253214 0.00271042 -0.0282758 1.50577 2.57612 -0.384452 -2.51657 -1.71023 -0.975399 -0.462928 0.660487 3.00266 2.88013 0.951047 -6.17589 -2.45117 -0.506569 3.50064 1.19375 -3.47547 -3.36492 2.47391 -0.0907388 1.02354 0.584288 0.217998 -0.258776 -0.579916 0.632475 0.587446 0.141259 0.572569 0.406467 0.0366369 -0.0394499 0.306422 0.199151 0.768085 0.528793 0.596266 0.573795 0.849681 0.504614 0.381483 0.254636 -0.192969 -1.35599 -0.402222 -0.0944666 0.0376163 0.044862 0.161857 0.167981 0.361796 0.0880392 0.194377 -0.372331 -0.0981067 -0.0334813 0.185469 -0.65358 -0.935976 0.185571 0.0446281 -0.416585 -0.790018 -0.611224 -0.334586 -0.0722537 -0.0211683 0.0741781 -0.107474 -0.641433 -1.0384 -1.44058 14.3311 7.4625 2.33487
 4.17816e-07 -0.132738 0.0272049 5.89124e-08 -0.00212391 0.00193741 0.0121658 0.00318488 -0.0665633 0.045156 0.00341628 -0.0830736 -1.73623e-06 0.0419923 0.000311876 -3.67115e-06 -46.1943 3.01749 2.15087e-08 0.0279615 -0.0118524 -1.02408e-07 0.0334358 -0.00740848 -0.166718 -0.205699 0.0531872 -0.0238005 -0.139098 0.154616 -0.0902879 0.0151841 -0.0562475 -0.11469 -0.0237976 0.0469326 0.0507646 0.0169884 -0.000522474 -0.134624 0.0606454 0.00138017 -0.057902 0.104797 -0.0109893 0.020169 0.0273755 -0.0351273 0.0624201 -0.0916731 -0.143758 0.128934 0.0143511 0.0568684 -0.0255748 0.0244341 0.0891842 -0.0484317 -0.0505666 0.0700364 0.00923003 -0.00083075 0.0154264 -0.00765917 0.000509503 -0.0131559 -0.000875733 0.000188284 8.80855e-05 -3.64958e-07 0.0485376 -0.0170086 0.013913 0.000571433 -0.0175468 0.0168913 0.00276821 -0.0645404 0.00575369 0.00366093 -0.0253968 -0.0256368 -0.0806607 0.00538505 0.0122635 -0.000959621 0.00150895 -0.00120204 -0.000128444 0.00134207 -0.0710956 -0.120902 0.0156156 0.117804 0.0819971 0.0470298 0.0219471 -0.0313605 -0.140158 -0.139518 -0.0465722 0.291644 0.115558 0.0234651 -0.164887 -0.0564726 0.163622 0.158743 -0.116609 0.00420015 -0.0483716 -0.0273574 -0.00991387 0.012411 0.0273231 -0.0300052 -0.0277044 -0.00662661 -0.0269695 -0.0192295 -0.00163514 0.00181946 -0.0142406 -0.00947067 -0.0362058 -0.0248712 -0.0279438 -0.0272356 -0.03953 -0.0239156 -0.0178858 -0.0118362 0.00938592 0.064132 0.0191944 0.0045089 -0.00179891 -0.00221245 -0.00773108 -0.00793953 -0.0165486 -0.00374434 -0.00879236 0.0174858 0.00468964 0.00170811 -0.00871623 0.0312507 0.0441221 -0.00855167 -0.00189391 0.0199201 0.037166 0.0289002 0.015791 0.00358803 0.00119704 -0.00360101 0.00507976 0.0302334 0.0495884 0.0678727 -0.690787 -0.328711 -0.108825
 -9.55796e-10 2.50557e-05 -5.11308e-06 5.91001e-11 2.23017e-05 -1.87111e-05 -1.15622e-06 1.06025e-07 -5.62273e-07 1.68955e-05 1.22257e-06 -2.70556e-05 2.92852e-10 -1.07079e-05 2.4045e-08 -3.51932e-10 -2.44537e-07 2.15087e-08 1000 -7.26229e-06 4.00506e-06 -4.46418e-10 4.22437e-06 -1.0014e-06 6.91346e-05 -1.32056e-06 -9.72968e-07 5.8264e-06 4.33823e-05 -4.82658e-05 6.58486e-05 4.64837e-06 -2.45167e-05 0.00013911 -4.16934e-05 5.87189e-05 -3.5809e-05 -2.64961e-06 2.57843e-07 -3.27179e-05 -1.55161e-06 7.72447e-08 2.43907e-06 -3.81966e-05 4.66284e-06 -3.51838e-06 -3.1356e-06 4.02982e-06 3.11116e-05 1.42765e-05 -6.01526e-05 3.77791e-05 -3.46294e-05 1.54299e-05 6.6109e-05 -7.6488e-05 -2.45566e-05 2.54827e-05 -3.64873e-06 -7.99935e-06 1.47214e-07 1.70941e-07 -2.16379e-05 4.28129e-06 8.0284e-08 -5.51217e-06 -1.51875e-06 3.4915e-07 2.66744e-07 -1.21247e-10 -2.63495e-06 8.84261e-07 -5.87596e-07 8.67041e-09 -5.32782e-07 9.8457e-07 3.04794e-07 -5.83694e-06 1.69573e-06 1.27262e-06 -8.27972e-06 7.45684e-06 -0.000308222 1.98456e-05 8.25215e-06 -7.20196e-07 6.70176e-07 -4.30993e-07 -1.5735e-07 5.9308e-07 5.87641e-06 -7.71009e-07 -3.24494e-05 -7.72238e-05 -2.72989e-05 1.64479e-05 1.15074e-05 0.000379345 -0.000147977 -0.000102896 -4.80058e-05 -5.10138e-05 -7.80144e-05 0.000110625 2.7315e-05 -1.67463e-06 7.14658e-05 -9.49841e-09 -2.7332e-05 9.33072e-06 3.62055e-05 -1.21725e-05 -1.10603e-05 -6.60794e-06 1.32289e-06 1.23458e-05 1.73655e-05 -1.04401e-05 7.17845e-06 -4.00442e-06 8.33915e-06 1.06043e-05 3.48039e-06 8.54995e-06 -1.17082e-05 -4.28037e-06 1.27368e-06 -5.03161e-06 8.66789e-06 -6.87456e-06 1.01354e-05 1.53392e-06 -2.25322e-06 -4.54713e-06 2.41136e-07 -5.01327e-06 2.27102e-06 1.17738e-05 -3.27742e-06 -4.49685e-05 -4.09224e-05 2.1717e-05 1.30919e-05 -8.68467e-06 9.49353e-06 1.83953e-05 -5.93123e-06 3.65247e-05 -8.47564e-06 2.05032e-06 -6.78699e-06 -2.29155e-05 -2.01633e-05 -2.09887e-05 -6.0114e-06 -4.18665e-06 -2.49687e-06 4.2996e-06 -4.13653e-07 2.24136e-06 9.63647e-06 3.26638e-06 -3.71417e-05 -4.38978e-05 -9.00908e-06
 -2.44267e-05 2.22176 -0.458666 -9.83416e-06 -1.91316 1.60028 -0.347383 -0.0782484 1.62442 -1.26239 -0.117529 2.82384 3.63333e-05 -0.749901 -0.00250316 2.41436e-05 -0.690938 0.0279615 -7.26229e-06 840.786 -361.047 9.97994e-06 -1.67993 0.382502 -0.870419 4.7249 -1.14102 -0.177063 0.177047 -0.196277 0.177339 -0.629245 2.60889 -0.176437 2.5772 -4.22252 0.0893723 -0.314454 0.0065183 0.569859 -0.347243 -0.0045799 -0.645443 -0.389651 0.0492394 -0.377903 -0.449774 0.578702 -0.452615 -0.913822 1.36915 -0.683066 1.06682 -3.19914 -1.33114 1.79254 -0.638186 -1.46984 0.506705 0.241515 -0.165911 0.0163489 -0.907031 -0.800369 0.0262134 -0.144072 -0.0232095 0.00569647 -0.00725784 8.77949e-06 -1.29214 0.462236 -0.563711 -0.0253209 0.775664 -0.461373 -0.0694078 1.50021 -0.156805 -0.0681019 0.45866 -1.53167 3.48053 -0.207054 -0.332997 0.0293108 0.188466 0.0363885 -0.00515609 -0.0315363 -0.390004 0.856195 2.09397 3.07741 -0.267337 -0.45518 -32.3822 13.8139 0.124922 3.13981 1.19778 3.53441 -6.18873 1.03079 2.16894 -1.03526 0.175498 -1.10274 -0.225025 -0.0698279 1.26771 0.292816 0.19264 0.582061 0.91303 0.192432 -0.13759 -0.52259 0.960005 -0.257165 -0.105824 -0.0502639 0.640873 1.38842 -0.288052 0.0114768 0.356972 0.225824 0.797268 -0.777825 0.151509 0.140364 0.455716 -0.406241 0.18702 0.613791 0.689364 0.482569 0.329924 1.11622 0.778566 -0.417308 -0.154971 -0.842488 -0.0904693 0.110919 -0.0529189 1.64852 -0.371979 0.469806 1.00136 0.40547 0.13278 -0.911572 -0.396207 -0.0161356 0.175346 -0.432827 0.0396077 -0.844434 -0.823201 -1.75284 19.1611 9.45025 3.05903
 1.06089e-05 -0.968328 0.199833 4.17241e-06 0.816382 -0.682858 0.148568 0.0334543 -0.694739 0.540783 0.0502634 -1.20802 -1.54388e-05 0.31795 0.00109445 -1.02553e-05 0.293511 -0.0118524 4.00506e-06 -361.047 156.596 -4.32747e-06 0.721053 -0.164171 0.373743 -2.03934 0.492501 0.0749442 -0.0803215 0.0890556 -0.0773694 0.269708 -1.11816 0.0750939 -1.11326 1.82407 -0.0391956 0.13311 -0.00270125 -0.245786 0.14825 0.00198663 0.276861 0.163746 -0.0206769 0.160902 0.191708 -0.246627 0.194707 0.39362 -0.589873 0.294318 -0.459428 1.37783 0.573616 -0.772376 0.273632 0.632745 -0.219146 -0.102933 0.0711881 -0.0070209 0.391406 0.344928 -0.0113379 0.0635629 0.0100977 -0.00247719 0.00306581 -3.72967e-06 0.553554 -0.198009 0.24147 0.0108421 -0.332227 0.198316 0.029838 -0.644973 0.0663669 0.0290519 -0.195647 0.662289 -1.49809 0.0891079 0.14294 -0.0125837 -0.0803258 -0.0156766 0.0022234 0.0135841 0.167916 -0.366147 -0.902542 -1.32947 0.11324 0.203294 13.9542 -5.95804 -0.0516358 -1.35147 -0.517897 -1.52177 2.66614 -0.444815 -0.934257 0.445765 -0.076238 0.474762 0.0972977 0.030039 -0.546473 -0.126083 -0.0829028 -0.250694 -0.393227 -0.0828737 0.0591428 0.22508 -0.413659 0.110695 0.0456029 0.0215152 -0.275937 -0.598187 0.124109 -0.00489062 -0.153689 -0.097593 -0.343157 0.334873 -0.0653949 -0.0605045 -0.196217 0.175003 -0.0804987 -0.264534 -0.297114 -0.208085 -0.14229 -0.480833 -0.335014 0.179783 0.0668344 0.362633 0.0388463 -0.0479146 0.022615 -0.709784 0.160052 -0.202436 -0.431271 -0.174528 -0.0574619 0.392539 0.170455 0.00695951 -0.0755091 0.186387 -0.0170588 0.363725 0.355294 0.755061 -8.26981 -4.0457 -1.3163
 -6.23993e-10 1.85566e-05 -3.75932e-06 1.81626e-10 3.4399e-05 -2.88338e-05 2.04252e-06 7.91013e-07 -1.58942e-05 1.02089e-05 8.80292e-07 -1.91508e-05 5.70826e-11 -7.56403e-06 5.87775e-08 -5.57815e-10 3.08536e-06 -1.02408e-07 -4.46418e-10 9.97994e-06 -4.32747e-06 1000 1.577e-05 -3.39467e-06 0.000121998 -0.000110177 2.46265e-05 1.12212e-05 5.36994e-05 -5.97799e-05 8.08765e-05 8.55922e-06 -4.03532e-05 0.000171806 8.84744e-06 -2.66818e-05 -4.80343e-05 -2.51907e-06 4.05812e-07 -5.40345e-05 1.15018e-06 2.21189e-07 1.56248e-05 -5.17377e-05 5.84759e-06 -2.30033e-06 -2.97181e-06 3.75225e-06 1.62562e-05 6.11231e-05 -3.47447e-05 5.62453e-06 -5.6254e-05 3.12963e-05 0.000110273 -0.000128288 -2.98427e-05 5.10118e-05 -7.55427e-06 -1.64127e-05 1.51921e-07 1.47348e-07 -1.50056e-05 8.42767e-06 6.91119e-08 -8.71992e-06 -1.41857e-06 3.39033e-07 3.58297e-07 -1.94141e-10 9.77957e-06 -3.63597e-06 3.38723e-06 1.78852e-07 -5.26887e-06 1.63965e-07 3.86174e-07 -7.46451e-06 2.58242e-06 1.69741e-06 -1.11797e-05 1.7784e-05 -0.000298007 1.92241e-05 4.65771e-06 -4.40834e-07 -1.33427e-06 -5.26736e-07 -1.73404e-07 7.05854e-07 2.22148e-05 3.08342e-06 1.13223e-05 2.18456e-05 2.69452e-05 3.30943e-05 6.0772e-05 9.3577e-05 -7.5068e-05 -0.000103915 -4.33439e-05 -2.66323e-05 -2.23763e-05 9.52559e-05 8.82056e-05 -2.27805e-05 3.42474e-05 -4.95558e-05 0.000115561 -2.20378e-05 3.05778e-06 4.45218e-06 4.35813e-06 2.00272e-06 1.79978e-06 3.98852e-05 1.44324e-05 9.6281e-06 -1.90198e-05 2.36223e-05 -1.30947e-06 2.62255e-06 -2.33605e-06 6.5579e-06 5.5493e-06 6.45677e-06 4.19341e-06 -1.04976e-05 9.19066e-06 -9.89178e-06 1.96425e-06 -9.08235e-06 -1.69286e-05 -4.58817e-06 1.74202e-06 -7.68655e-06 8.43301e-06 1.05795e-05 -2.32904e-05 -9.2012e-05 -5.79459e-05 3.01492e-05 8.50049e-06 -4.07313e-06 -6.08039e-07 9.53382e-06 -1.06955e-05 -4.33023e-06 3.7671e-06 -1.95635e-05 -1.94899e-05 -3.37823e-05 -4.20227e-05 -2.75229e-05 -1.30912e-05 -1.20576e-05 -1.13323e-05 1.11534e-05 -1.64557e-06 1.02072e-05 1.21162e-05 1.99049e-05 -0.000216147 -0.000137443 -3.82333e-05
 3.33335e-06 1.23137 -0.257637 -1.26711e-05 -2.12739 1.77989 -0.354765 -0.0973745 2.00213 -1.55469 -0.133261 3.16535 4.34727e-05 -0.884674 -0.00388463 2.99195e-05 -0.826852 0.0334358 4.22437e-06 -1.67993 0.721053 1.577e-05 948.74 -216.753 -0.819866 11.5811 -2.81017 0.0739547 1.04159 -1.15409 -2.7668 -0.91827 4.01163 -2.89441 1.44468 -2.16913 0.325532 -0.368336 0.0019358 1.88911 -0.704451 -0.0160235 -2.1508 0.45506 -0.0234997 -0.371495 -0.448262 0.579246 -0.642242 -2.02557 1.08208 -0.138424 1.74089 -4.55182 -2.63891 3.39997 -0.29692 -2.46754 0.388802 0.832946 -0.129341 0.0100324 -0.222233 -0.228032 -0.0215181 0.939446 0.0162692 -0.00394962 -0.0113111 1.25177e-05 -1.34864 0.484681 -0.48236 -0.0218262 0.660302 -0.436611 -0.0736885 1.58358 -0.184107 -0.094394 0.637355 -0.600108 3.21834 -0.203366 -0.237397 0.0219599 0.110409 0.0335807 -0.000738757 -0.0331433 -0.70826 0.883349 -0.20677 -1.43269 -1.54722 -1.03047 -8.77704 3.11463 1.05571 3.84551 1.59424 1.58195 -6.53025 -1.11394 4.22091 -0.213664 -2.07554 -6.75007 1.47096 0.691239 -0.74683 -0.529158 -0.378083 0.250956 -0.262763 -0.992686 -1.03128 0.42227 1.31293 -0.699989 -0.195247 -0.188057 0.183528 -0.277351 0.15529 0.0261721 0.0880436 0.442216 0.228384 0.155519 0.265649 0.64117 1.04597 0.577175 0.276465 0.250314 0.183304 0.221225 0.349399 2.16508 1.49627 -0.496775 -0.202473 -0.0850292 0.362327 0.299948 0.340619 0.998984 0.104008 0.575981 2.11513 1.47369 0.676241 -0.408448 0.0157709 0.301324 0.424081 -0.62313 0.0549138 -0.94439 -1.07757 -1.97868 21.2119 10.8584 3.43452
