 1000 0.00411118 -0.000367062 2.88332e-09 -0.000396452 0.00011736 -5.9516e-06 -6.53809e-06 5.22005e-05 -0.000164332 -1.89224e-05 0.000274147 1.27659e-09 -1.56703e-05 1.31142e-07 8.53737e-10 -1.98234e-05 4.20473e-07 -2.61581e-10 -4.72843e-05 6.95009e-06 -1.86533e-11 -1.58367e-05 1.09897e-06 -0.000130656 -0.000498482 9.83241e-05 -6.38528e-05 -0.000413608 0.000290009 -4.04117e-05 -7.02853e-05 0.000182698 -1.95384e-05 -0.000198214 0.000237261 -5.96478e-05 -1.13681e-06 8.53676e-07 -0.000258269 4.87914e-05 2.54944e-06 -6.48225e-05 -4.43443e-05 7.02348e-06 -1.0229e-05 -3.04708e-05 1.98193e-05 4.08039e-05 -7.85463e-05 -0.000243111 0.000223638 -3.49842e-05 4.33522e-05 5.63808e-05 -8.42746e-05 2.19789e-06 -1.89568e-05 -6.89296e-05 7.96047e-05 -5.68228e-06 2.76288e-07 2.0778e-05 1.22362e-05 -1.67579e-06 3.78625e-05 -1.51918e-06 3.45346e-07 4.3506e-07 9.2262e-10 -3.50911e-05 2.90101e-06 -6.23159e-06 -1.08618e-06 1.10196e-05 -1.12251e-05 -4.39605e-06 6.18226e-05 2.64137e-06 4.05152e-06 -2.08115e-05 -5.55575e-06 -0.000153612 7.27329e-06 -7.33373e-06 4.72462e-07 -2.09247e-05 -1.45496e-06 -5.36146e-07 2.00638e-06 -1.59299e-05 4.16953e-05 -8.76188e-05 -0.000254826 -0.00015731 4.9654e-06 5.76061e-05 0.000353902 -0.000116454 -0.000267089 -0.000132822 4.53345e-05 -2.65555e-05 3.31734e-05 5.66931e-05 7.3887e-05 1.7218e-05 -5.38491e-05 -7.94964e-05 0.000172916 -0.000129808 2.27377e-05 -4.01506e-06 2.84619e-06 1.10718e-05 1.69353e-05 6.57937e-06 -2.07695e-05 3.7561e-05 -3.81192e-05 6.86763e-06 -1.2428e-05 -7.40654e-06 -8.14256e-08 5.25045e-06 -5.39501e-06 -1.57307e-05 0.000146984 -7.85668e-05 5.39602e-05 -1.04554e-06 1.39289e-05 2.55108e-05 2.56053e-05 3.36512e-05 -2.25577e-06 4.22822e-05 2.81603e-05 2.34413e-05 -1.06935e-05 -4.05448e-05 4.0283e-05 1.80146e-05 -7.33393e-06 4.73103e-06 -1.06525e-05 3.38478e-05 4.9989e-05 2.59373e-05 3.60906e-05 1.62677e-05 -2.8184e-05 1.85479e-06 -1.33742e-05 8.8033e-06 9.97206e-06 1.17888e-05 -4.94508e-06 2.55385e-06 1.64684e-05 5.52643e-05 3.3603e-05 -0.000759725 0.000185991 -9.58121e-05
 0.00411118 560.852 -48.6279 -0.000322878 40.9327 -12.1142 0.633522 0.933565 -7.51446 16.4998 2.08522 -30.2718 -0.000168976 1.8237 -0.0105384 -0.000153385 2.5861 -0.0459423 -3.86306e-05 3.14369 -0.465536 -6.84736e-05 2.46853 -0.161396 23.311 43.1421 -8.72659 5.19247 33.3361 -23.3796 8.79758 8.67737 -22.8338 13.9996 19.5634 -24.1699 2.79893 0.296916 -0.0762619 24.805 -5.12134 -0.247859 10.5846 0.392199 -0.340811 1.45158 3.35278 -2.1862 0.104019 9.11657 13.7421 -14.1866 -0.575593 -1.71324 3.56947 -5.02702 -0.93447 5.31251 7.40503 -10.1153 0.326977 -0.00864352 -2.38446 0.787087 0.184737 -5.3605 -0.0218239 0.005571 -0.0241762 -0.000152646 4.59025 -0.365398 1.07647 0.179043 -1.91148 1.42731 0.519091 -7.27036 0.0938397 -0.0865875 0.450151 1.54141 -11.7223 0.516858 2.05318 -0.155857 0.727349 0.10429 0.0239011 -0.129199 3.79331 -4.04338 5.57926 15.4719 9.69561 -0.730979 -24.8632 17.4559 -11.275 21.5772 10.9218 -1.23076 -2.03748 -2.89653 -2.42367 6.26795 5.17522 0.904913 -9.67629 5.28652 -0.904529 1.12951 -1.93342 -1.16175 0.536293 1.26042 0.787431 1.83337 0.765475 -0.274931 0.810154 0.693746 0.434236 0.0762145 1.29482 0.0505895 -0.629258 3.3451 -6.80464 3.97459 -0.47572 -0.45699 -1.24422 -3.7899 -1.63121 -3.11604 -2.68539 -2.46507 -0.0960304 -0.64601 -2.28254 -1.80117 -1.68318 -0.658631 -1.11396 -2.86215 -0.352613 -2.43489 -4.44029 -1.06766 -0.817234 -3.34103 -2.26998 -1.89523 -1.70373 -1.39001 -1.49287 1.05425 -0.45842 -1.23668 -4.05113 -3.12714 58.588 -16.7727 6.99581
 -0.000367062 -48.6279 5.15338 2.83908e-05 -3.60659 1.06738 -0.0575726 -0.0842626 0.678587 -1.45152 -0.183785 2.66806 1.57924e-05 -0.171183 0.000933066 1.39885e-05 -0.238 0.00418573 3.40881e-06 -0.28805 0.0426102 6.06817e-06 -0.225176 0.0146937 -2.05557 -3.80204 0.769076 -0.460358 -2.93732 2.06004 -0.775626 -0.765346 2.01393 -1.23497 -1.72437 2.13046 -0.258275 -0.0352438 0.00712791 -2.19021 0.443228 0.0219244 -0.942208 -0.0523319 0.0322346 -0.132701 -0.304914 0.198755 -0.0128456 -0.802897 -1.2095 1.24888 0.0488353 0.149812 -0.316091 0.445306 0.0766186 -0.468189 -0.653407 0.892502 -0.0287398 0.000756884 0.210184 -0.0694855 -0.0162845 0.472591 0.00201728 -0.000513234 0.0022792 1.39118e-05 -0.41915 0.0332612 -0.0982179 -0.0163007 0.174217 -0.124987 -0.0457877 0.641307 -0.00911646 0.00700969 -0.0365196 -0.129451 1.03818 -0.0457891 -0.181224 0.0137623 -0.06607 -0.00917917 -0.00210144 0.0113693 -0.33453 0.357251 -0.490657 -1.36292 -0.856073 0.0683889 2.19118 -1.54133 0.993756 -1.89845 -0.960213 0.108378 0.17974 0.254739 0.212773 -0.55283 -0.456328 -0.0795126 0.852573 -0.466742 0.0803206 -0.0995599 0.17041 0.102305 -0.047596 -0.111584 -0.0695791 -0.161106 -0.0676473 0.0240948 -0.0717476 -0.0613076 -0.0384051 -0.00685666 -0.114244 -0.00456418 0.0554974 -0.295473 0.599785 -0.350471 0.0418662 0.0402554 0.109625 0.333855 0.143532 0.274484 0.236227 0.216815 0.00820275 0.0569698 0.201489 0.158588 0.148185 0.0580441 0.0981458 0.252235 0.0310458 0.214349 0.391071 0.093982 0.0719269 0.29452 0.200199 0.167039 0.150049 0.122422 0.131473 -0.0929381 0.0404109 0.108871 0.356646 0.2753 -5.15762 1.47621 -0.6159
 2.88332e-09 -0.000322878 2.83908e-05 1000 0.00270819 -0.000805289 -4.80604e-06 -6.01512e-06 4.90682e-05 -0.000114503 -1.36359e-05 0.000198945 2.87071e-10 -3.4903e-06 9.7694e-08 7.35948e-10 -1.36084e-05 3.07555e-07 -1.45631e-10 -2.99804e-06 4.8891e-07 -1.26167e-10 -6.79686e-08 3.27672e-08 -0.00013996 -0.000344032 6.88427e-05 -5.40302e-05 -0.000321194 0.00022524 -2.46591e-06 -5.07259e-05 0.000129994 3.12428e-05 -0.000204082 0.000241176 2.56218e-06 8.52952e-06 7.04474e-08 -0.000208965 5.79338e-05 2.26753e-06 -3.68103e-05 1.80183e-06 1.58011e-06 6.66115e-07 -1.26398e-05 8.18228e-06 2.56476e-05 -3.88045e-05 -2.78313e-05 3.44554e-05 -3.0528e-05 -8.46438e-06 6.01447e-05 -8.55635e-05 8.20497e-06 -5.17382e-05 -3.45721e-05 6.02124e-05 2.3778e-06 -3.69073e-07 3.78934e-05 -4.54304e-06 -1.48577e-06 4.89138e-05 5.83343e-06 -1.37838e-06 -1.25372e-06 4.81679e-10 -1.60809e-05 1.39867e-06 -5.63915e-06 -9.42184e-07 9.85772e-06 -1.55464e-05 -5.89282e-06 8.24517e-05 -8.65837e-07 3.64306e-07 -2.17726e-06 7.905e-06 -5.40897e-05 2.35869e-06 1.97945e-06 -1.06602e-07 -1.4263e-05 -1.07118e-06 -3.86219e-07 1.46858e-06 -5.46015e-05 1.13233e-05 -3.24778e-05 -8.75477e-05 -5.23905e-05 -4.05895e-05 3.82013e-05 2.5491e-05 -2.52889e-05 -0.000100317 -3.33552e-05 1.19685e-05 -1.34641e-05 5.73481e-05 1.08342e-06 7.02986e-05 -3.84706e-05 1.32288e-05 1.29378e-07 -3.22492e-05 5.77592e-06 1.15488e-05 3.60628e-05 1.91722e-05 2.73738e-05 -3.89947e-05 -5.7592e-06 -6.91079e-06 -4.18085e-06 -1.40745e-05 1.39463e-05 5.55914e-05 4.24235e-05 -2.79022e-05 -0.000134604 -0.000203146 -5.75896e-05 0.000157204 -1.21387e-05 0.000157663 -3.50154e-05 1.31053e-05 3.84635e-05 3.55755e-05 2.95234e-05 2.176e-06 3.81334e-05 8.38264e-06 4.17413e-05 -5.66158e-05 -9.40006e-05 3.69126e-06 -3.6823e-05 6.51006e-05 6.08971e-05 1.09627e-05 -8.74866e-06 2.21631e-05 3.02561e-05 7.48242e-05 2.75277e-05 -8.23202e-05 4.91643e-05 -7.75983e-06 9.51355e-06 9.5704e-06 1.05598e-05 -1.07352e-05 6.05109e-06 7.51228e-06 2.19671e-05 -1.33456e-05 -0.000387041 0.000144132 -4.23424e-05
 -0.000396452 40.9327 -3.60659 0.00270819 609.294 -179.328 0.425636 0.600098 -4.78128 14.1667 1.82265 -26.4367 -1.08137e-05 0.108825 -0.00825811 -8.22889e-05 1.28143 -0.0274891 -6.81072e-07 0.512161 -0.0821115 -4.70579e-07 0.131643 -0.0145737 18.3041 33.4381 -6.76879 4.54392 26.6003 -18.6595 10.0504 7.50227 -19.8845 13.4924 16.4134 -20.3832 -1.02377 -1.00882 0.00833064 16.0844 -4.775 -0.156992 8.12443 -2.71014 0.0713422 0.244705 1.02482 -0.675903 -2.054 6.15252 1.95308 -3.50516 0.476571 -2.04296 2.12156 -2.91615 -1.73042 4.37045 6.25673 -8.45333 0.195703 0.00161016 -2.75586 -4.15559 0.551888 -12.597 -0.85505 0.191662 0.182145 -4.44677e-05 1.33756 -0.124596 0.524623 0.0911361 -0.948251 1.41898 0.539691 -7.56548 0.128422 0.00539493 -0.00952931 0.759825 -10.6326 0.474758 2.63843 -0.198031 0.740543 0.0692233 0.01914 -0.0890489 3.06182 -1.98761 1.85519 4.95734 3.73781 4.42871 2.92454 -2.52171 -1.48576 10.7057 3.6848 -3.19309 -0.217943 0.514065 -1.76318 4.41432 0.112936 -0.617824 -1.17442 2.58902 -0.00520356 -0.700001 -1.82793 -2.19098 1.28396 1.82227 0.225317 0.351693 2.57956 -0.941948 -1.97112 -0.237201 0.330032 4.64131 3.70587 -2.02875 -1.59778 3.30869 -7.95237 3.80917 0.546716 -0.486481 -1.46443 -2.29543 -1.30213 -1.31114 -1.30093 -2.40088 0.295047 0.295462 -0.719358 -1.36464 -1.93858 -0.147564 -0.619312 -1.05325 0.0181799 -2.06509 -4.67555 -0.862294 0.754311 -3.50074 -1.52153 -1.79003 -1.39846 -1.13273 -1.18788 0.758306 -0.359274 -1.18684 -3.82519 -2.92708 56.9026 -17.7287 6.59009
 0.00011736 -12.1142 1.06738 -0.000805289 -179.328 54.0696 -0.127672 -0.179635 1.43175 -4.18998 -0.539524 7.82556 3.95833e-06 -0.0410549 0.00244783 2.48102e-05 -0.388791 0.00826521 1.95736e-07 -0.158978 0.0253668 1.36761e-07 -0.0447867 0.00467257 -5.41788 -9.89686 2.0034 -1.348 -7.87254 5.52243 -2.97438 -2.22095 5.88649 -3.99386 -4.85783 6.03279 0.29372 0.291547 -0.00214851 -4.76349 1.40715 0.0465238 -2.41223 0.786521 -0.0191991 -0.0763107 -0.311309 0.205196 0.607859 -1.82088 -0.578311 1.03761 -0.143239 0.603922 -0.629015 0.864729 0.507017 -1.29325 -1.85251 2.50272 -0.0579048 -0.000476778 0.81552 1.22978 -0.16332 3.72782 0.253792 -0.0568862 -0.0540657 1.3575e-05 -0.408843 0.0378164 -0.158504 -0.0274719 0.286155 -0.419297 -0.159752 2.23944 -0.03891 -0.00222843 0.0060268 -0.217973 3.14944 -0.140643 -0.780984 0.0586214 -0.220553 -0.020481 -0.00566216 0.026346 -0.906134 0.588735 -0.54893 -1.46687 -1.10648 -1.31118 -0.864885 0.745786 0.440079 -3.16887 -1.08979 0.945124 0.0647413 -0.152313 0.521542 -1.30658 -0.0336371 0.182644 0.347526 -0.765931 0.00135906 0.20713 0.540816 0.648234 -0.380125 -0.53928 -0.0667825 -0.103873 -0.763186 0.278536 0.583004 0.0699056 -0.0978683 -1.3732 -1.09617 0.600804 0.472932 -0.979452 2.35309 -1.12753 -0.161629 0.144019 0.433352 0.679331 0.385289 0.38806 0.384842 0.710287 -0.0874402 -0.0871987 0.213388 0.403965 0.573785 0.0435664 0.183213 0.311802 -0.00516148 0.611147 1.38348 0.255075 -0.223174 1.03619 0.450355 0.529755 0.413845 0.33523 0.351542 -0.224439 0.106325 0.351188 1.13189 0.866189 -16.8372 5.24542 -1.95004
 -5.9516e-06 0.633522 -0.0575726 -4.80604e-06 0.425636 -0.127672 999.957 -0.0795938 0.43589 0.184392 0.0168818 -0.228775 1.01205e-05 -0.108296 -0.000211718 7.27999e-06 -0.125294 0.00138177 1.44319e-06 -0.199009 0.0281389 3.41529e-06 -0.158396 0.00932902 0.116636 0.330163 -0.067206 0.0238655 0.539866 -0.37963 0.688802 -0.129693 0.297107 0.532273 0.108166 -0.161881 -0.0597407 -0.0500499 0.00159197 -0.477362 0.0782814 0.00361431 -0.0550944 -0.165001 0.0186117 -0.0655281 -0.124488 0.0790458 0.0682069 -0.130978 -0.138183 0.153613 -0.000522549 -0.815372 0.262087 -0.3137 -0.0999028 -0.173959 0.161162 -0.0761038 0.0411965 -0.0032545 0.119496 -0.000592523 -0.00433003 0.12019 0.00255743 -0.000553475 -0.00106196 7.95373e-06 -0.248518 0.0165913 -0.0666124 -0.010544 0.121128 -0.0693676 -0.0237876 0.345291 0.00136677 -0.0047763 0.0237841 0.0400676 -0.314187 0.0153611 -0.0822682 0.00550757 0.0187465 0.00146524 0.000102307 -0.00158046 -0.0941476 0.0808967 -0.0844223 -0.296759 -0.194275 -0.0428577 0.184042 0.81514 -0.721142 0.0314433 0.040538 0.0150564 0.294691 -0.133298 0.0570503 0.130034 0.139433 -0.112985 -0.0233985 0.013977 0.0176692 -0.00385179 0.00373964 0.00845815 -0.0141396 -0.00879804 0.10981 -0.198281 0.0646516 0.0338304 -0.0397842 0.00737554 -0.00544887 0.00487573 -0.00519001 -0.0320658 0.00827548 0.0535071 0.219382 -0.119599 0.0247835 -0.00804013 -0.0107293 -0.483544 0.197955 -0.245885 0.0692595 0.154399 -0.310868 -0.0614004 -0.110939 0.194038 -0.131917 0.107863 0.0950331 0.0495864 0.12674 -0.180112 0.146496 -0.14249 0.13494 0.262363 0.0810604 -0.0735335 -0.0710149 -0.00799412 -0.00970466 -0.0335521 0.0101865 -0.106116 -0.404183 -0.45256 4.22192 -0.0271386 0.674241
 -6.53809e-06 0.933565 -0.0842626 -6.01512e-06 0.600098 -0.179635 -0.0795938 15.489 -119.217 0.243012 0.018248 -0.244922 1.28483e-05 -0.134721 -0.000270717 9.40963e-06 -0.15224 0.00168058 3.03843e-06 -0.197301 0.0278663 5.67115e-06 -0.211051 0.0126718 -0.0125777 0.965719 -0.188036 0.0518097 0.786507 -0.552445 0.704559 -0.231973 0.560267 0.34663 0.497544 -0.614369 -0.0382705 -0.0682851 0.00144063 -0.502549 0.0790813 0.003194 -0.192499 -0.131633 0.0162433 -0.0762762 -0.160114 0.101246 0.0923968 -0.174494 -0.297455 0.297933 0.133677 -1.09851 0.000445324 0.0842499 -0.117141 -0.257115 0.161311 -0.035416 0.0216033 -0.00206031 0.141736 0.12161 -0.000907819 -0.0342913 0.00755324 -0.00162736 -0.00263834 1.0804e-05 -0.323358 0.0218353 -0.0832088 -0.0131507 0.151396 -0.100148 -0.0336153 0.480486 -0.0112142 -0.0114129 0.0567848 0.0406906 0.238295 -0.00840729 -0.0666315 0.0041622 0.00764034 0.00321594 0.00180245 -0.00505484 -0.119611 -0.0311521 -0.0838109 -0.15071 -0.0523695 0.0143792 1.01311 -0.0296241 -0.883085 0.17504 0.1481 0.746358 0.305314 -0.237112 -0.553961 -0.23341 0.376988 -0.0878125 0.0582294 -0.0167713 -0.0410563 -0.0631282 -0.0660293 -0.0154169 -0.0632076 -0.173299 0.444884 -0.246916 0.0253596 -0.0206293 0.0919194 -0.022999 0.013416 0.00587364 0.0401678 -0.030357 -0.174516 -0.00577587 0.0863324 -0.151511 0.133796 0.0715906 0.043414 -0.326906 0.0419648 -0.122498 -0.00351928 -0.122448 -0.319443 0.162344 0.174705 0.215371 -0.0369887 0.0963368 -0.0426745 -0.154779 -0.088037 0.0485551 -0.00745772 0.198385 0.425641 0.00119385 -0.194807 -0.0946953 -0.0541762 -0.0180107 -0.0188246 -0.0494098 0.012633 -0.141562 -0.535649 -0.428446 5.55859 0.218559 0.929566
 5.22005e-05 -7.51446 0.678587 4.90682e-05 -4.78128 1.43175 0.43589 -119.217 980.283 -1.96563 -0.141682 1.89312 -0.000107414 1.12838 0.00219 -7.8197e-05 1.2739 -0.0141503 -2.46896e-05 1.64935 -0.233061 -4.67836e-05 1.75109 -0.10519 0.130458 -7.82249 1.52285 -0.404732 -6.35806 4.46602 -5.78265 1.94281 -4.69848 -2.81984 -4.01213 4.95571 0.321899 0.592751 -0.0131553 4.14736 -0.636385 -0.0265661 1.60879 1.13475 -0.140229 0.648631 1.34902 -0.853786 -0.77912 1.43613 2.43585 -2.44145 -1.07266 8.97288 0.00221699 -0.696724 0.949381 2.10659 -1.31148 0.280162 -0.176392 0.0168495 -1.163 -0.995515 0.00795138 0.266603 -0.0639564 0.0137933 0.0221699 -9.06206e-05 2.70603 -0.183082 0.702016 0.111307 -1.27942 0.824817 0.276373 -3.95032 0.0911431 0.0923816 -0.459556 -0.376461 -1.96421 0.0695958 0.549678 -0.0344346 -0.0474552 -0.0262079 -0.0147022 0.0412072 0.979777 0.245527 0.683217 1.23869 0.443078 -0.113258 -8.27205 0.227966 7.19543 -1.35942 -1.17045 -6.10892 -2.49607 1.93519 4.52 1.90694 -3.07503 0.719694 -0.479718 0.137346 0.334953 0.515011 0.536656 0.123886 0.516489 1.41542 -3.63261 2.0148 -0.207199 0.167148 -0.751052 0.18736 -0.109917 -0.0478136 -0.327235 0.246618 1.42278 0.0485341 -0.71278 1.23926 -1.09465 -0.58687 -0.357129 2.6685 -0.34686 0.99891 0.0265225 0.998464 2.61187 -1.32683 -1.43178 -1.76513 0.300482 -0.788852 0.345952 1.26064 0.716141 -0.398202 0.0558202 -1.62166 -3.47894 -0.0147098 1.58751 0.771728 0.440755 0.144834 0.151513 0.404912 -0.10365 1.15564 4.3737 3.49985 -45.3628 -1.81105 -7.59004
 -0.000164332 16.4998 -1.45152 -0.000114503 14.1667 -4.18998 0.184392 0.243012 -1.96563 907.586 -10.9291 151.771 3.74185e-05 -0.504443 -0.00179976 1.80395e-05 -0.384165 0.00347212 1.86973e-06 -0.38278 0.0536799 -2.04655e-06 -0.588832 0.0361814 6.08675 7.53541 -1.55549 1.21771 6.48436 -4.5479 2.26776 3.22819 -8.45624 5.86013 3.583 -4.62872 -0.647253 -0.0240467 -0.00447396 4.73575 -1.6206 -0.0436869 2.22844 -1.46998 0.104887 0.265394 0.509757 -0.333887 1.04201 3.42299 -3.89163 2.0761 -0.451287 -3.0565 2.7098 -3.65601 -0.488215 3.90983 0.238181 -2.12328 0.169105 0.0162152 -4.29857 3.96407 0.188046 -7.08592 -0.178891 0.0400408 -0.00475595 -2.9967e-05 0.584157 -0.0531263 0.241494 0.0532516 -0.563115 1.45164 0.455322 -6.28354 -0.292722 -0.36657 1.87107 1.20777 -8.91109 0.398705 0.489468 -0.0369552 0.987282 0.00158932 -0.0107391 0.00919086 0.204821 -3.57189 -1.80197 0.606544 5.73848 6.8318 -11.3117 -0.890377 -0.89112 23.6214 9.13654 -12.274 2.93611 -1.69699 -2.70146 4.06661 8.24303 13.4824 -16.6792 1.70088 2.27705 1.07055 -0.527894 -1.01577 -0.580339 2.8213 -4.95233 0.358306 3.1922 -3.45384 1.29274 0.0364891 -1.57598 0.165771 -0.495192 1.32784 -5.14855 9.68769 -11.0194 7.81505 -2.38314 -0.809351 0.878962 -4.73282 -0.0157919 -3.15845 -1.80489 0.925343 -0.197723 -0.465736 -0.799093 -1.37097 -1.31331 1.0462 -0.532929 -2.75369 -0.109717 0.60659 -1.37948 -0.148424 -2.52126 0.646056 1.51287 -1.8302 -2.95865 -1.19239 -1.14331 0.341599 -0.0714431 -0.367044 -0.570261 5.82734 24.2955 -18.1828 1.20296
 -1.89224e-05 2.08522 -0.183785 -1.36359e-05 1.82265 -0.539524 0.0168818 0.018248 -0.141682 -10.9291 4.39686 -50.7982 5.26613e-06 -0.0663691 -0.000267656 2.86623e-06 -0.0546766 0.000399947 9.64059e-07 -0.0734178 0.0101431 5.66826e-07 -0.101838 0.00605818 0.593813 1.50372 -0.300615 0.204605 1.23307 -0.865006 0.246301 0.320364 -0.837517 0.389562 0.825161 -1.00721 -0.0667705 -0.0232526 -0.000326891 0.382543 -0.159058 -0.0038527 0.0956917 -0.141457 0.0114205 -0.00107403 0.0306514 -0.0204259 -0.153347 0.228114 0.162009 -0.201033 0.0181893 -0.330307 0.0169127 0.000272886 -0.123805 0.0784333 0.230262 -0.268565 0.0279237 -0.00175747 -0.0516656 0.129719 0.01129 -0.374408 -0.0116054 0.00266025 -0.000421017 -2.58076e-06 0.0518798 -0.00512537 0.0111657 0.00340937 -0.0335297 0.151869 0.044762 -0.635662 -0.0105694 -0.0171459 0.0867709 0.027187 0.0567137 -0.00217097 0.0810636 -0.00668738 0.0773277 0.00369686 0.00133957 -0.00507465 0.0278272 -0.704002 -0.0230618 0.869607 1.20106 1.08075 -1.1851 -0.113438 -0.498873 1.63441 0.674545 -0.50179 0.623941 -0.0166301 -0.758038 -0.343597 0.26829 0.859806 -0.459069 0.0229642 -0.0413225 -0.0210784 -0.101882 -0.119037 -0.0875924 0.190114 -0.258049 -0.0856396 0.200841 -0.150587 0.00794529 -0.025565 -0.102853 0.0217142 0.105326 -0.0031788 -0.252087 0.579928 -0.576249 0.144617 -0.0282462 -0.091465 0.0327793 -0.430364 0.0213423 -0.162377 -0.109121 -0.0733025 -0.147602 0.0343616 -0.0687776 -0.117263 -0.0991398 0.00584556 -0.00253614 -0.161046 0.00531125 -0.0454867 -0.187328 -0.0192297 0.032532 -0.0489918 -0.0818658 -0.0893609 -0.106618 -0.070932 -0.0757686 0.0161722 -0.00785532 -0.080614 -0.277644 -0.192443 3.60049 -0.67502 0.481719
 0.000274147 -30.2718 2.66806 0.000198945 -26.4367 7.82556 -0.228775 -0.244922 1.89312 151.771 -50.7982 740.166 -8.01241e-05 1.00662 0.00386195 -4.38663e-05 0.847653 -0.00655413 -1.39841e-05 1.13844 -0.157733 -8.07354e-06 1.52722 -0.0909869 -8.64217 -21.7324 4.34566 -2.95752 -17.8089 12.4931 -3.64785 -4.61522 12.0712 -5.71572 -11.8878 14.5167 1.00398 0.407453 0.00191368 -5.57117 2.36496 0.0557672 -1.36411 2.1866 -0.181427 0.0573419 -0.384236 0.256781 2.22245 -3.36678 -2.22474 2.83174 -0.204084 4.82609 -0.299568 0.0713032 1.78893 -1.20494 -3.30692 3.89458 -0.401012 0.024722 0.84514 -1.92525 -0.167498 5.55398 0.160482 -0.0368397 0.00824689 3.52424e-05 -0.686268 0.0695718 -0.134752 -0.045098 0.438393 -2.26522 -0.663182 9.41654 0.143864 0.243688 -1.23356 -0.380646 -0.641542 0.0235174 -1.16668 0.0960911 -1.07105 -0.0531629 -0.0190724 0.0727839 -0.399995 10.2357 0.295927 -12.6249 -17.2334 -15.5203 17.2101 1.66552 7.27882 -24.2923 -9.86737 7.49562 -9.0375 0.272551 10.9649 4.87103 -4.01357 -12.6367 6.93002 -0.365905 0.5534 0.282778 1.48129 1.74065 1.27201 -2.79232 3.81462 1.22547 -2.94848 2.23377 -0.136735 0.369555 1.51203 -0.318187 -1.50449 0.0243331 3.72623 -8.53079 8.50207 -2.22625 0.450722 1.33168 -0.488417 6.2812 -0.308755 2.39449 1.60551 1.04137 2.13199 -0.485789 1.00109 1.70947 1.45101 -0.101453 0.0468715 2.36758 -0.0739655 0.64303 2.72123 0.279972 -0.423289 0.693291 1.15127 1.32029 1.58834 1.04411 1.11312 -0.238761 0.114112 1.16643 4.00273 2.64963 -52.2586 10.075 -6.95027
 1.27659e-09 -0.000168976 1.57924e-05 2.87071e-10 -1.08137e-05 3.95833e-06 1.01205e-05 1.28483e-05 -0.000107414 3.74185e-05 5.26613e-06 -8.01241e-05 1000 5.20646e-05 -5.7056e-06 -2.49029e-09 5.01028e-05 -2.49445e-07 -2.84934e-10 4.92801e-05 -6.77652e-06 -1.01002e-09 5.54359e-05 -3.05636e-06 -0.000190698 -0.000588146 0.000118347 -1.41426e-05 -0.000238164 0.000167524 -0.000137344 7.69067e-05 -0.00019031 -7.76817e-05 4.92053e-05 -5.36085e-05 9.81293e-05 1.92125e-05 -5.12939e-07 -0.000235223 9.02682e-05 3.61327e-06 4.36137e-05 0.000109115 -1.21005e-05 2.89536e-05 5.16073e-05 -3.27865e-05 4.26396e-05 6.52796e-05 -9.17826e-05 5.36808e-05 -9.42103e-06 5.19423e-05 5.04218e-05 -7.67338e-05 6.90434e-05 -1.39782e-06 -4.7754e-05 4.70894e-05 -2.18706e-05 1.37995e-06 -1.24714e-05 -1.49837e-05 2.04996e-06 -4.89516e-05 -2.78549e-07 6.58917e-08 -5.04585e-07 -2.6605e-09 8.46533e-05 -5.22931e-06 1.77063e-05 2.56059e-06 -2.92404e-05 1.78847e-05 6.30465e-06 -9.52762e-05 3.92454e-06 2.78128e-06 -1.51836e-05 -4.2684e-05 0.000261278 -1.19943e-05 -1.95914e-05 1.52076e-06 -3.12305e-06 -6.60256e-07 5.91698e-08 6.06597e-07 -3.71501e-05 -0.000136465 -3.92758e-06 9.67151e-05 6.08672e-05 1.8644e-05 -6.02821e-05 2.12221e-05 -0.000122966 5.87008e-05 3.4439e-05 0.000319664 0.000104348 -0.000235719 -9.31773e-05 8.1804e-05 0.00010084 6.0862e-05 3.38884e-05 1.01801e-05 -8.99309e-05 2.98639e-06 5.74516e-05 -9.70121e-06 -4.7598e-05 -2.87559e-05 -5.46508e-05 5.25738e-05 3.53224e-05 2.36185e-05 9.51742e-06 -9.33706e-06 -2.3155e-05 7.6937e-06 -1.19425e-05 -2.39808e-05 -3.82345e-05 -3.87296e-05 -2.83381e-05 -3.56087e-05 -9.42898e-06 1.04615e-05 2.14192e-05 3.01669e-05 1.74968e-05 2.49334e-05 2.13905e-05 -2.5966e-07 -4.92705e-05 -6.28554e-05 -2.47484e-05 1.20238e-05 2.37115e-05 -2.23491e-05 -3.74723e-05 -4.93679e-06 -1.56501e-05 6.93863e-06 -2.19411e-05 -1.32415e-05 2.1007e-05 4.47763e-05 2.75557e-05 -2.56392e-05 -1.18328e-05 -1.32638e-05 -1.06219e-05 -1.50063e-06 3.75029e-06 2.36096e-05 7.74788e-05 8.02185e-05 -0.00112544 0.000345093 -0.000130569
 -1.56703e-05 1.8237 -0.171183 -3.4903e-06 0.108825 -0.0410549 -0.108296 -0.134721 1.12838 -0.504443 -0.0663691 1.00662 5.20646e-05 999.399 -0.459132 2.49361e-05 -0.556828 0.00292441 5.09169e-07 -0.498333 0.0681773 7.19982e-06 -0.566409 0.0306603 2.82022 6.84724 -1.38974 0.151885 2.69674 -1.89759 1.79423 -0.856383 2.10447 1.39498 -0.183758 0.129581 -1.41492 -0.233663 0.00752779 2.33487 -1.01832 -0.03903 -0.330223 -1.58819 0.171146 -0.344088 -0.615885 0.391565 -0.525169 -0.328208 1.09821 -0.78788 -0.0612294 -0.45025 -0.288309 0.450611 -0.90107 0.329549 0.586372 -0.727605 0.210568 -0.0123968 0.0437251 0.252348 -0.0193939 0.415028 -0.00392518 0.000858056 0.00816164 2.72217e-05 -0.898496 0.0545585 -0.179995 -0.025045 0.287373 -0.224181 -0.0761808 1.15023 -0.0288732 -0.0210756 0.119346 0.669964 -4.50851 0.207722 0.208219 -0.0164212 -0.000604257 0.0072519 -0.000585004 -0.00672493 0.799288 1.48167 -0.020945 -1.27456 -0.718524 -0.141488 0.779719 -0.176748 1.33834 -0.650439 -0.354661 -3.17153 -1.51868 2.32355 1.55641 -0.867881 -1.22824 -0.888545 -0.0848888 0.0593627 0.978672 0.0194321 -0.740688 -0.181529 0.852033 0.468003 0.826195 -0.544406 -0.326686 -0.102783 0.0178062 0.185642 0.341776 0.0370789 0.23459 0.344733 0.437677 0.384541 0.326657 0.393909 0.0933934 -0.164422 -0.341118 -0.401924 -0.174044 -0.271017 -0.275447 -0.0751289 0.340071 0.483201 0.167545 -0.0600099 -0.122323 0.236433 0.352595 -0.0325695 0.130165 -0.127891 0.204364 0.124488 -0.291285 -0.695953 -0.575433 0.104204 0.0423243 0.0811585 0.0548521 0.0903321 -0.0805968 -0.230808 -0.756925 -0.812625 11.0962 -3.519 1.26995
 1.31142e-07 -0.0105384 0.000933066 9.7694e-08 -0.00825811 0.00244783 -0.000211718 -0.000270717 0.00219 -0.00179976 -0.000267656 0.00386195 -5.7056e-06 -0.459132 0.814598 2.36107e-07 -0.00405154 6.09722e-05 3.00902e-08 -0.00288714 0.00042022 7.69828e-08 -0.00353075 0.000222994 -0.00744921 -0.0146422 0.00296196 -0.00160366 -0.00957547 0.00671882 -0.00289539 -0.0015451 0.00414107 -0.00401316 -0.00371414 0.00467263 -0.00234073 -0.00148502 8.59893e-05 -0.0108695 0.00110464 0.000117755 -0.00383038 -0.00167191 0.000292003 -0.000836788 -0.00221598 0.00142849 -5.20581e-05 -0.000780392 -0.00238064 0.00220635 -0.00021665 -0.000103295 -0.00105354 0.00153078 -0.000190921 -0.00126967 -0.00171345 0.00237768 -0.00018449 7.90613e-06 0.000655502 -0.000204879 -2.39112e-05 0.000734765 2.85709e-05 -6.4296e-06 -5.40775e-06 1.45218e-07 -0.00444627 0.000336376 -0.000577849 -8.78309e-05 0.000954995 -0.000233908 -0.000136945 0.00188692 -0.000176099 -0.000246594 0.00122617 -0.00101937 0.0105578 -0.00045904 -0.000457432 3.51029e-05 -0.00021658 -1.09883e-05 6.0622e-07 1.04719e-05 -0.00138543 0.00058112 -0.000312866 -0.000810073 -0.000293358 9.32218e-05 0.000166589 -0.000187128 -0.00113028 -0.00110695 0.000499777 0.00406401 0.00181591 -0.00260973 -0.00207546 0.000411529 0.000961339 0.00086051 0.000219166 -0.000471617 -0.00113972 0.00015965 0.00130424 0.00051327 -0.00133131 -0.0010632 -0.0010131 0.000874741 0.000390218 -0.000110286 -0.000227448 -0.000370757 -0.000468715 -0.000164198 -0.000444352 -0.000448785 -0.000417143 -0.000470384 -2.35991e-05 -0.000684563 -4.38764e-05 0.000316723 0.000599841 0.000715775 0.000314851 0.000481221 0.000396364 2.4608e-05 -0.000500507 -0.000400127 0.000259838 0.000341566 0.00024284 -0.00018469 -0.000267396 0.000255193 2.21465e-05 0.000358373 9.29047e-05 9.14043e-05 0.000432717 0.00098897 0.000930552 0.000112944 0.000121574 5.12608e-05 9.36382e-05 -0.000246966 0.000144986 0.000293657 0.000912051 0.000735469 -0.0147388 0.00559332 -0.00155354
 8.53737e-10 -0.000153385 1.39885e-05 7.35948e-10 -8.22889e-05 2.48102e-05 7.27999e-06 9.40963e-06 -7.8197e-05 1.80395e-05 2.86623e-06 -4.38663e-05 -2.49029e-09 2.49361e-05 2.36107e-07 1000 3.45447e-05 -5.56855e-06 -7.92437e-10 4.11693e-05 -5.68608e-06 -1.35419e-09 4.15046e-05 -2.32935e-06 -2.06838e-05 -7.77226e-05 1.56436e-05 -1.39326e-05 -0.000156756 0.00011015 -6.43208e-05 3.9932e-05 -9.95778e-05 1.74508e-05 -1.11251e-05 1.2148e-05 -8.68966e-06 9.74389e-06 -1.4299e-07 -9.37291e-05 2.6874e-05 1.26072e-06 -1.93712e-05 2.5492e-05 -1.78858e-06 1.31842e-05 2.66541e-05 -1.66864e-05 3.79069e-05 2.22225e-05 -0.000119829 9.03676e-05 -2.75625e-05 6.50222e-05 4.72255e-05 -7.3179e-05 2.97321e-05 1.84785e-05 -5.15604e-05 4.26957e-05 -8.8935e-06 5.80776e-07 -6.70095e-06 1.794e-06 7.02994e-07 -2.15092e-05 -2.49533e-06 5.41769e-07 4.66884e-07 -2.01014e-09 5.82637e-05 -3.70892e-06 1.33697e-05 2.15965e-06 -2.43447e-05 4.191e-06 2.32084e-06 -3.73242e-05 3.98427e-06 4.81598e-06 -2.53227e-05 2.32942e-05 -0.000269512 1.23929e-05 -9.7534e-07 1.30974e-07 -7.99539e-06 -8.99776e-07 -1.3695e-08 9.21321e-07 -3.24969e-05 -0.000112947 3.23165e-05 0.000148741 0.000114508 7.5758e-05 1.65498e-05 -3.21138e-05 -0.000193626 -2.11655e-06 2.06186e-05 0.000464903 -9.62083e-05 -3.09708e-05 -0.000131923 5.70417e-05 0.000165312 -3.83812e-05 5.33329e-05 -3.01511e-05 -6.21525e-05 -3.27507e-05 -1.09007e-05 1.41773e-05 -1.41635e-05 3.478e-05 -2.347e-05 6.80004e-06 -3.8534e-05 -3.86237e-06 1.40801e-05 5.38698e-06 -9.17422e-06 -6.72333e-06 -2.55084e-05 -1.89522e-05 -2.99099e-05 -3.7735e-05 -3.71842e-05 -1.49807e-05 -2.43782e-05 -2.91178e-06 4.09593e-06 8.96452e-06 1.11055e-05 -1.54934e-05 -8.54273e-06 -1.15435e-05 -1.65523e-05 -3.94598e-05 -4.18827e-05 -8.67709e-06 1.29269e-05 -8.07362e-06 -5.20585e-06 -3.5532e-06 -1.5084e-05 5.2409e-05 -1.52357e-06 -2.00222e-05 9.07995e-06 -1.67043e-06 -1.17259e-06 -1.15291e-05 -4.03366e-06 -7.84282e-06 -7.45696e-06 7.29832e-06 3.04036e-06 2.04542e-05 7.20514e-05 6.12771e-05 -0.000904711 0.000170038 -0.000120702
 -1.98234e-05 2.5861 -0.238 -1.36084e-05 1.28143 -0.388791 -0.125294 -0.15224 1.2739 -0.384165 -0.0546766 0.847653 5.01028e-05 -0.556828 -0.00405154 3.45447e-05 999.165 -13.6129 5.43576e-06 -0.626303 0.0864131 1.25034e-05 -0.65219 0.0363449 2.35064 3.25263 -0.682068 0.183549 2.8059 -1.97403 2.14046 -0.73741 1.77959 1.74832 0.443315 -0.6381 -0.871087 -0.229729 0.00744499 1.08119 -0.589543 -0.0225027 0.538721 -1.50903 0.141569 -0.315819 -0.605834 0.382618 -0.538672 0.615363 1.44638 -1.3741 0.0133903 -0.681786 -0.128793 0.239676 -0.935056 0.552865 1.05067 -1.30927 0.0426146 0.000201116 -0.217848 0.320299 -0.00904059 0.114026 0.0182473 -0.0037898 0.000171125 3.13056e-05 -0.969896 0.0607562 -0.220357 -0.0328998 0.373661 -0.159924 -0.0625675 0.976437 -0.07008 -0.0656537 0.349664 0.205233 -0.740558 0.0371255 0.0931414 -0.00865369 0.0417325 0.0161929 0.000772554 -0.017106 1.2426 2.33153 -0.230395 -2.24912 -1.58229 -0.808036 0.285849 0.712774 2.5981 -0.274857 -0.404579 -6.8917 -0.290869 2.32158 3.27644 -0.161538 -3.6323 -1.70542 1.70946 -0.017008 1.07754 0.447484 0.0408658 -0.307073 0.00738143 0.565458 0.475395 -0.00541326 0.367397 0.468376 0.0802029 0.132771 0.216691 0.255709 0.646905 0.494524 0.553811 0.521994 0.643403 0.337207 0.386326 0.0827313 -0.357208 -0.692709 -0.218913 0.0170277 -0.0314175 0.00226758 0.137346 0.296085 0.374825 0.21645 0.0689472 -0.243628 0.0400815 0.149241 0.164127 -0.828882 -0.527639 0.18531 -0.315765 -0.655307 -0.737996 -0.424066 -0.207315 -0.0808165 -0.0481621 0.0784648 -0.125324 -0.292452 -1.00914 -0.890713 13.2077 -2.88834 1.70256
 4.20473e-07 -0.0459423 0.00418573 3.07555e-07 -0.0274891 0.00826521 0.00138177 0.00168058 -0.0141503 0.00347212 0.000399947 -0.00655413 -2.49445e-07 0.00292441 6.09722e-05 -5.56855e-06 -13.6129 1.01712 -4.52591e-08 0.0050729 -0.000675899 -1.00904e-07 0.00525557 -0.000267989 -0.0374209 -0.0531168 0.0110838 -0.00453333 -0.0463948 0.0326252 -0.0312393 0.00798772 -0.0188277 -0.0272524 -0.0102003 0.013861 0.00971269 0.00195285 -3.4675e-05 -0.0220432 0.00815742 0.000384492 -0.0118932 0.0174292 -0.00146242 0.0029274 0.00532889 -0.00332136 0.00724491 -0.0100004 -0.0219702 0.0210961 -0.000497905 0.00943117 0.000671627 -0.00171126 0.011816 -0.00870731 -0.0161781 0.0203506 -0.000566995 -8.18442e-06 0.00385636 -0.00431049 7.44108e-05 -0.000276088 -0.000128932 2.45156e-05 1.23671e-05 -2.51331e-07 0.00843127 -0.000471771 0.00221706 0.00033454 -0.00384582 0.00183727 0.000626662 -0.0101351 0.000513589 0.000464571 -0.00260714 -0.00319805 0.0144492 -0.000693757 -0.00161811 0.000145758 -0.00105604 -0.00023646 -1.16822e-05 0.000250197 -0.0181851 -0.0322374 0.00168332 0.0308301 0.0230442 0.0121088 -0.00363315 -0.0106646 -0.036298 0.000441813 0.00562589 0.0993646 0.00432642 -0.0334697 -0.0471402 0.00182559 0.0518848 0.0245165 -0.0246071 4.55056e-05 -0.0155147 -0.00628311 -0.000194678 0.00467592 -0.000313925 -0.00862434 -0.0068382 0.000236619 -0.00523323 -0.00684537 -0.00122719 -0.00199429 -0.00315361 -0.0037808 -0.00941442 -0.00709191 -0.00784461 -0.0075285 -0.00882767 -0.00504803 -0.00544083 -0.00103771 0.00534078 0.0102409 0.00329436 -5.0946e-06 0.000579792 -5.07761e-05 -0.00208403 -0.00412251 -0.00490558 -0.00278363 -0.000835668 0.00357066 -0.000466955 -0.00192635 -0.00218968 0.0120244 0.00785703 -0.00243218 0.00463617 0.00964437 0.0108612 0.00628402 0.00313999 0.00131011 0.000857097 -0.00125547 0.00184186 0.00423892 0.014558 0.0126099 -0.192317 0.0434693 -0.0245856
 -2.61581e-10 -3.86306e-05 3.40881e-06 -1.45631e-10 -6.81072e-07 1.95736e-07 1.44319e-06 3.03843e-06 -2.46896e-05 1.86973e-06 9.64059e-07 -1.39841e-05 -2.84934e-10 5.09169e-07 3.00902e-08 -7.92437e-10 5.43576e-06 -4.52591e-08 1000 1.85416e-05 -4.26977e-06 -9.56731e-10 1.7754e-05 -1.12169e-06 8.55219e-05 -4.5018e-05 6.97733e-06 1.46279e-06 2.79572e-05 -1.97075e-05 4.23671e-05 1.71182e-05 -4.67106e-05 0.000121593 -7.12519e-05 7.73089e-05 -4.83486e-05 1.10404e-06 2.49406e-07 -2.41389e-05 -4.33522e-06 3.69789e-08 1.6703e-05 -4.71638e-05 4.93744e-06 -5.45642e-07 8.59744e-07 -4.45668e-07 1.54493e-05 3.45669e-05 -4.89122e-05 2.86961e-05 -3.68169e-05 2.29613e-05 7.00705e-05 -0.000102662 -9.8831e-06 4.25417e-05 -2.43621e-06 -1.77631e-05 -5.17995e-06 4.67737e-07 -1.65958e-05 1.28192e-05 -2.7683e-07 4.4765e-07 -1.5941e-06 3.47764e-07 4.83466e-07 -7.03196e-10 1.53708e-05 -1.12847e-06 4.22624e-06 8.86452e-07 -1.00246e-05 1.36646e-06 6.93237e-07 -9.41295e-06 3.95765e-06 3.38218e-06 -1.7145e-05 3.77817e-05 -0.000349896 1.58764e-05 2.09858e-06 -1.74047e-07 -7.24937e-06 -6.46374e-07 -7.35003e-08 7.25616e-07 1.91579e-05 -5.00199e-05 -2.59046e-05 -3.11769e-05 2.13341e-05 5.3683e-05 0.000187804 0.000235926 -0.000159485 -8.9792e-05 -3.58724e-05 -4.22762e-05 -3.06032e-05 8.17294e-05 2.32219e-05 -5.10098e-06 4.22469e-05 5.75699e-06 1.10408e-05 -8.12457e-06 2.56361e-05 -1.03433e-05 -1.38629e-05 -1.23202e-05 -1.01972e-05 6.79452e-06 1.50367e-05 1.49517e-06 -3.61439e-06 6.16194e-06 1.3314e-05 8.09573e-06 -7.39495e-06 -1.39536e-05 -5.45857e-06 -4.13595e-06 -3.11455e-06 -8.75899e-06 5.16475e-06 1.05957e-06 6.79935e-06 -4.93343e-07 -6.46271e-06 -2.38782e-06 -2.25962e-06 -1.64831e-05 -1.10379e-05 4.59245e-06 -1.02824e-05 -5.24356e-05 -4.14033e-05 2.64035e-05 1.57194e-05 -2.19935e-06 6.37647e-06 1.16124e-05 -1.08721e-05 1.43795e-05 -7.37628e-06 -9.01456e-06 -2.01726e-05 -2.98705e-05 -3.0488e-05 -1.05839e-05 -4.27655e-06 -5.0772e-06 -5.99331e-06 1.07633e-05 -2.28561e-06 6.73481e-06 2.1465e-05 1.2625e-05 -0.000327923 0.000113721 -3.6226e-05
 -4.72843e-05 3.14369 -0.28805 -2.99804e-06 0.512161 -0.158978 -0.199009 -0.197301 1.64935 -0.38278 -0.0734178 1.13844 4.92801e-05 -0.498333 -0.00288714 4.11693e-05 -0.626303 0.0050729 1.85416e-05 976.636 -140.47 3.05847e-05 -1.38062 0.0839532 -1.44378 4.68297 -0.886882 -0.0906861 0.473069 -0.334603 0.897578 -1.28855 3.2767 -0.421382 3.08119 -3.6475 0.359033 -0.193117 -0.000198624 -1.22325 0.296823 0.00627239 -1.24833 0.355472 -0.0231659 -0.269612 -0.488786 0.308167 -0.184617 -1.13017 1.304 -0.70401 1.07769 -2.00343 -1.95315 2.97361 -0.286441 -1.50737 0.62749 0.0973285 0.0659251 -0.00448304 0.204489 -0.963134 0.0264737 -0.123909 0.00629232 -0.00135966 -0.00631652 3.87989e-05 -1.19628 0.0823813 -0.448978 -0.0756107 0.852015 -0.239604 -0.0837734 1.214 -0.177841 -0.113125 0.585551 -1.25818 3.12518 -0.12123 0.0273223 -0.00238617 0.245725 0.0350633 -0.00373714 -0.0316031 -0.297476 4.0702 1.39723 -0.782904 -3.54442 -2.90391 -27.2928 14.0131 0.408211 1.81341 0.463461 1.60483 -5.21239 2.14842 1.95309 -0.378731 0.702046 -1.14815 -0.868441 0.5256 1.45517 0.337345 0.37916 0.817028 0.986723 0.270574 -0.0959038 -0.2928 0.916281 -0.102522 -0.127824 0.22572 0.87158 1.7503 -0.371683 0.0663156 0.552092 0.501657 0.673994 -0.551386 0.322057 0.130664 0.32584 -0.32217 0.247482 0.67084 0.829204 0.529315 0.385226 1.20698 0.73746 -0.374785 -0.312564 -0.719798 -0.0993698 0.228627 0.30558 1.04473 -0.213256 0.607428 0.788845 -0.0536779 -0.0159011 -0.88123 -0.317606 -0.064219 0.0944322 -0.458976 0.0565557 -0.466694 -1.52296 -1.15016 21.4571 -5.39267 2.66736
 6.95009e-06 -0.465536 0.0426102 4.8891e-07 -0.0821115 0.0253668 0.0281389 0.0278663 -0.233061 0.0536799 0.0101431 -0.157733 -6.77652e-06 0.0681773 0.00042022 -5.68608e-06 0.0864131 -0.000675899 -4.26977e-06 -140.47 21.2298 -4.44084e-06 0.197635 -0.0120148 0.206412 -0.682645 0.129338 0.0121745 -0.0734015 0.0518856 -0.129267 0.183652 -0.466959 0.0593862 -0.449725 0.532512 -0.052083 0.0256744 0.000116594 0.174101 -0.0431171 -0.000876656 0.178406 -0.0546721 0.0037698 0.0373078 0.0677586 -0.0426654 0.0267227 0.163138 -0.189005 0.102257 -0.155443 0.290157 0.282137 -0.429602 0.0412431 0.217547 -0.0914117 -0.0131703 -0.00953028 0.000645469 -0.0289707 0.140053 -0.00389859 0.0194363 -0.000814972 0.000176143 0.000824499 -5.46963e-06 0.169707 -0.0116715 0.0638138 0.0107354 -0.121031 0.0341481 0.0119724 -0.173535 0.0244906 0.0158099 -0.0818708 0.184814 -0.448233 0.0173613 -0.00410898 0.000355223 -0.0351317 -0.00507733 0.00054279 0.00457463 0.0426383 -0.584767 -0.204888 0.106198 0.511973 0.431509 3.9591 -2.0384 -0.0557654 -0.263751 -0.0699947 -0.231454 0.754841 -0.311563 -0.282849 0.0544684 -0.102291 0.165868 0.125902 -0.0762852 -0.210907 -0.0488046 -0.0547042 -0.118144 -0.143008 -0.0394957 0.013735 0.0424173 -0.132793 0.0146806 0.0184032 -0.0328309 -0.126259 -0.253463 0.0536025 -0.00959191 -0.0799042 -0.0727776 -0.0972962 0.0795058 -0.0466817 -0.0189112 -0.0471236 0.0467576 -0.035792 -0.0969794 -0.119974 -0.0767303 -0.0559472 -0.174581 -0.106362 0.0542992 0.0451503 0.104047 0.0143037 -0.0330708 -0.0442042 -0.151163 0.0309926 -0.0878752 -0.114158 0.00787818 0.00241724 0.127519 0.0459376 0.00928135 -0.013664 0.0663249 -0.00814682 0.0675978 0.220535 0.16649 -3.10882 0.782699 -0.38626
 -1.86533e-11 -6.84736e-05 6.06817e-06 -1.26167e-10 -4.70579e-07 1.36761e-07 3.41529e-06 5.67115e-06 -4.67836e-05 -2.04655e-06 5.66826e-07 -8.07354e-06 -1.01002e-09 7.19982e-06 7.69828e-08 -1.35419e-09 1.25034e-05 -1.00904e-07 -9.56731e-10 3.05847e-05 -4.44084e-06 1000 3.37471e-05 -4.43021e-06 0.000144234 -0.000254445 4.63564e-05 1.82087e-06 1.55173e-05 -1.10666e-05 0.000101662 4.39887e-05 -0.000118212 0.00020327 2.41745e-06 -1.55426e-05 -6.34627e-05 1.97776e-06 4.47883e-07 -6.44395e-05 2.63563e-06 4.13043e-07 6.77783e-05 -7.96804e-05 7.05524e-06 8.04558e-07 2.70035e-06 -1.55051e-06 5.72236e-06 9.58756e-05 -2.24591e-05 -1.25524e-05 -6.49367e-05 4.10242e-05 0.00014043 -0.000205439 -1.51731e-05 9.39311e-05 -1.73018e-06 -4.31546e-05 -8.21157e-06 8.51429e-07 -4.28989e-05 2.01655e-05 6.21084e-07 -2.64175e-05 -2.08564e-06 4.65513e-07 6.89554e-07 -1.23851e-09 3.08676e-05 -2.36098e-06 7.66818e-06 1.446e-06 -1.60197e-05 -1.36381e-06 5.88509e-07 -7.79354e-06 6.03189e-06 4.79696e-06 -2.45077e-05 4.43235e-05 -0.000350456 1.61639e-05 -2.89325e-06 1.64051e-07 -8.4317e-06 -8.28964e-07 -1.12752e-07 9.49267e-07 5.55218e-05 -3.13363e-05 1.77635e-05 5.86917e-05 6.38462e-05 6.15512e-05 7.74572e-05 6.53954e-05 -0.000117801 -8.5107e-05 -2.75737e-05 6.86547e-05 1.92121e-05 -8.85085e-06 6.22245e-05 -7.82473e-06 7.66547e-05 1.56132e-05 0.000117482 -3.27764e-05 6.84337e-06 9.50115e-06 3.17085e-06 -4.26283e-06 1.96258e-05 6.85311e-05 1.66828e-05 -3.12938e-06 -3.0508e-05 4.13874e-05 2.07952e-05 1.67387e-05 5.94773e-06 9.44963e-06 1.1571e-05 9.80385e-06 2.66457e-06 -2.50452e-05 1.44817e-05 -2.0909e-05 -1.17397e-05 -2.43079e-05 -3.58459e-05 -1.24256e-05 3.53552e-06 -7.42402e-06 3.27361e-07 -5.45137e-06 -4.03196e-05 -0.000119611 -7.07763e-05 3.82693e-05 1.76362e-05 -8.76236e-06 -7.29045e-06 -4.06518e-06 -2.54454e-05 -1.33866e-05 -4.63809e-06 -3.56684e-05 -5.3494e-05 -5.84751e-05 -6.35116e-05 -2.37478e-05 -1.82886e-05 -1.81022e-05 -1.90132e-05 2.44367e-05 -5.98987e-06 1.36257e-05 4.54381e-05 2.84161e-05 -0.000615304 0.000138061 -7.89683e-05
 -1.58367e-05 2.46853 -0.225176 -6.79686e-08 0.131643 -0.0447867 -0.158396 -0.211051 1.75109 -0.588832 -0.101838 1.52722 5.54359e-05 -0.566409 -0.00353075 4.15046e-05 -0.65219 0.00525557 1.7754e-05 -1.38062 0.197635 3.37471e-05 994.966 -61.3469 -1.2851 10.4865 -2.01036 0.0699867 1.51786 -1.06537 -1.66776 -1.70124 4.47079 -2.73001 1.41664 -1.52119 0.341524 -0.227449 -0.0025304 0.425351 -0.153359 -0.00965296 -2.60762 0.933042 -0.0490002 -0.250988 -0.468202 0.294361 -0.297395 -1.84037 0.838252 -0.0917878 1.42013 -2.49775 -2.93063 4.41945 -0.170215 -2.26973 0.266183 0.832501 0.178207 -0.016074 0.803197 -0.331133 -0.0236279 0.812607 0.0255693 -0.00565532 -0.00968169 4.053e-05 -1.1588 0.082193 -0.320463 -0.054026 0.603826 -0.162085 -0.0736872 1.06233 -0.172454 -0.120992 0.627911 -0.528801 1.37226 -0.0577596 0.11315 -0.00766208 0.188806 0.0288051 -0.000752732 -0.0282917 -0.635124 1.48104 -0.560544 -2.73204 -2.41233 -1.55163 -4.84262 2.73428 1.70688 1.62201 0.481192 -1.75142 -4.62086 2.44428 3.24021 -0.743233 -3.07144 -5.28591 1.74581 0.451892 -0.470901 -0.369535 -0.153939 0.263205 -0.452192 -1.23585 -0.552153 0.659769 1.0777 -0.386412 -0.399196 -0.212517 -0.0287541 -0.031174 0.131916 0.0521199 0.236658 0.567291 0.0982449 0.370918 0.522604 0.710266 0.968679 0.469937 0.0492862 0.233582 0.257888 0.275896 0.577073 2.07482 1.36162 -0.388273 -0.320608 0.0836966 0.308738 0.426091 0.542148 0.453429 0.211615 0.737588 1.8033 0.886357 0.506965 -0.322409 0.108402 0.253974 0.34414 -0.612578 0.0786734 -0.454084 -1.51489 -1.07997 20.4973 -4.57379 2.63275
