 1000 0.00415827 -0.000378886 2.87398e-09 -0.000391786 0.000117408 -6.06032e-06 -6.64229e-06 5.30731e-05 -0.000161658 -1.83904e-05 0.000270534 1.31079e-09 -1.60182e-05 1.31162e-07 9.30465e-10 -2.07772e-05 4.40124e-07 -2.60482e-10 -4.89783e-05 7.33665e-06 -2.66547e-11 -1.64078e-05 1.14519e-06 -0.000128764 -0.000502631 0.000100539 -6.41811e-05 -0.000413937 0.000293955 -3.93043e-05 -6.86575e-05 0.000178733 -1.92738e-05 -0.000199607 0.000240764 -5.99211e-05 -1.86788e-06 9.12045e-07 -0.0002609 4.87456e-05 2.64632e-06 -6.96158e-05 -4.47697e-05 7.27922e-06 -1.04631e-05 -3.15727e-05 2.12503e-05 4.03331e-05 -7.94188e-05 -0.000247597 0.000230512 -3.43353e-05 4.04694e-05 5.5818e-05 -8.37783e-05 1.05268e-06 -1.77757e-05 -7.01372e-05 8.22158e-05 -6.87634e-06 3.85385e-07 1.8038e-05 1.5249e-05 -1.44881e-06 3.105e-05 -1.47593e-06 3.43765e-07 4.64634e-07 9.72305e-10 -3.62959e-05 3.00953e-06 -6.23722e-06 -1.09197e-06 1.1234e-05 -1.03867e-05 -4.05268e-06 5.80828e-05 2.66944e-06 3.85266e-06 -2.05711e-05 -6.3806e-06 -0.00016254 7.93032e-06 -6.83078e-06 4.46748e-07 -2.10875e-05 -1.46426e-06 -5.79828e-07 2.05974e-06 -1.65106e-05 4.97909e-05 -9.2016e-05 -0.000261104 -0.000158863 1.3115e-06 5.94847e-05 0.000354181 -0.000122431 -0.000261008 -0.000133152 4.63525e-05 -1.88073e-05 2.77217e-05 5.58297e-05 6.79184e-05 1.31837e-05 -5.45543e-05 -8.95044e-05 0.000174576 -0.000140975 1.99442e-05 -2.02585e-06 1.89422e-06 1.19296e-05 2.71388e-05 6.91052e-06 -2.32414e-05 3.92271e-05 -3.48371e-05 1.07331e-05 -7.73e-06 -4.78673e-06 3.90386e-06 2.4537e-06 -7.32513e-06 -2.11217e-05 0.000142151 -7.70744e-05 5.49374e-05 1.04937e-06 1.61158e-05 2.54884e-05 2.3498e-05 2.85877e-05 -6.94096e-06 3.96336e-05 3.24527e-05 3.07238e-05 -1.42097e-05 -4.27662e-05 4.33973e-05 2.52996e-05 -4.8613e-06 6.41985e-06 -9.53924e-06 3.4181e-05 4.90517e-05 2.53924e-05 3.6931e-05 1.61636e-05 -2.754e-05 3.99508e-06 -1.06927e-05 1.04764e-05 1.06098e-05 1.23609e-05 -4.43366e-06 2.93054e-06 1.64551e-05 5.51162e-05 3.58967e-05 -0.000758971 0.00018763 -9.53427e-05
 0.00415827 556.462 -49.2693 -0.000323606 40.7047 -12.1954 0.64139 0.947275 -7.62891 16.2428 2.04114 -30.0823 -0.000171365 1.86877 -0.0104767 -0.000156005 2.67689 -0.0478174 -3.87726e-05 3.24706 -0.489839 -6.63239e-05 2.51966 -0.165913 23.3198 43.2163 -8.8693 5.19154 33.1697 -23.5608 8.74865 8.55663 -22.5598 13.9004 19.4034 -24.1648 2.90495 0.363518 -0.0804808 25.0267 -5.08913 -0.256118 10.8225 0.607594 -0.376243 1.48709 3.49725 -2.35902 0.229655 9.05866 13.9453 -14.5446 -0.57635 -1.60554 3.50244 -4.96624 -0.785326 5.15825 7.44184 -10.3341 0.365456 -0.0123087 -2.31517 0.877801 0.173062 -5.26067 -0.0191227 0.00518134 -0.0299096 -0.000158376 4.70386 -0.376517 1.08854 0.179419 -1.94649 1.38413 0.492562 -7.03696 0.0947781 -0.0899552 0.484368 1.42586 -11.352 0.521296 2.04549 -0.159544 0.724213 0.10692 0.0257664 -0.133733 3.79193 -4.0173 6.06668 15.9148 9.67445 -0.550358 -25.1329 17.3815 -11.1971 22.1472 11.3522 -1.35059 -2.11404 -3.00689 -2.47511 6.22258 5.13518 0.88037 -9.72888 5.24725 -0.905105 1.09121 -1.97515 -1.23361 0.458705 1.20526 0.778526 1.82643 0.735165 -0.313585 0.755249 0.635836 0.362662 -0.0242566 1.24875 -0.010855 -0.676766 3.35508 -6.79554 3.94718 -0.507529 -0.502994 -1.29762 -3.83493 -1.6952 -3.15248 -2.70472 -2.47481 -0.110697 -0.640434 -2.25728 -1.79421 -1.7099 -0.672092 -1.11166 -2.86838 -0.369585 -2.43886 -4.45032 -1.09166 -0.823797 -3.34032 -2.27873 -1.91035 -1.72114 -1.41145 -1.51171 1.02843 -0.528452 -1.22371 -3.99685 -3.23948 58.0603 -16.7951 6.90304
 -0.000378886 -49.2693 5.30227 2.90553e-05 -3.66182 1.0971 -0.0594276 -0.0871965 0.702569 -1.45895 -0.183675 2.70699 1.63081e-05 -0.178505 0.000946969 1.44999e-05 -0.250896 0.00444108 3.49431e-06 -0.303113 0.0456824 5.99336e-06 -0.234241 0.0153966 -2.09953 -3.88856 0.798069 -0.469801 -2.98406 2.11961 -0.787506 -0.770563 2.03159 -1.25197 -1.7462 2.17477 -0.273054 -0.0418494 0.00765719 -2.25612 0.449755 0.0231288 -0.983217 -0.072473 0.0360821 -0.138444 -0.324067 0.218534 -0.0243191 -0.814547 -1.25313 1.30725 0.0498922 0.143284 -0.3167 0.449207 0.0649384 -0.464131 -0.670403 0.930913 -0.0328028 0.00110221 0.208368 -0.0791056 -0.0155758 0.473534 0.00181751 -0.000489919 0.0028477 1.47095e-05 -0.437755 0.034939 -0.101228 -0.0166511 0.180834 -0.123722 -0.0443611 0.633768 -0.00936972 0.00749215 -0.0404142 -0.122044 1.02652 -0.0471532 -0.184338 0.0143835 -0.0671653 -0.00960841 -0.00231326 0.0120157 -0.341431 0.362431 -0.544734 -1.43148 -0.872054 0.0535956 2.26141 -1.56705 1.00763 -1.98954 -1.01897 0.121416 0.190377 0.270008 0.221888 -0.560354 -0.462306 -0.0789805 0.875205 -0.473011 0.0820513 -0.0982054 0.177746 0.11092 -0.0416137 -0.108964 -0.0702422 -0.163874 -0.066341 0.0280758 -0.0683147 -0.0573859 -0.0327728 0.00203708 -0.112501 0.00086135 0.0609321 -0.302571 0.611554 -0.355368 0.0456019 0.0452324 0.116725 0.344911 0.152299 0.283521 0.242927 0.222244 0.00969237 0.057664 0.203449 0.161291 0.153695 0.0604655 0.0999946 0.258084 0.0332159 0.219204 0.400183 0.098108 0.0740258 0.300635 0.205182 0.171901 0.154762 0.126917 0.135924 -0.092562 0.0475625 0.109992 0.359258 0.291184 -5.21852 1.50923 -0.620497
 2.87398e-09 -0.000323606 2.90553e-05 1000 0.00277366 -0.000834813 -5.08687e-06 -6.39266e-06 5.22145e-05 -0.000114026 -1.34685e-05 0.000199536 3.42259e-10 -4.09762e-06 9.97358e-08 8.05454e-10 -1.48989e-05 3.30244e-07 -1.32581e-10 -3.96596e-06 6.41034e-07 -9.71422e-11 -9.08247e-07 8.48403e-08 -0.000143035 -0.00034639 7.03701e-05 -5.48895e-05 -0.000323585 0.000229822 -3.93505e-07 -5.02402e-05 0.000128808 3.26482e-05 -0.000205881 0.000245102 3.0654e-06 8.21015e-06 8.90995e-08 -0.000211156 5.82501e-05 2.34647e-06 -4.16035e-05 1.91884e-06 1.71977e-06 7.56259e-08 -1.34944e-05 9.04154e-06 2.79242e-05 -4.07356e-05 -3.36111e-05 4.04032e-05 -3.05439e-05 -1.0074e-05 6.15231e-05 -8.79046e-05 7.62324e-06 -5.14921e-05 -3.60227e-05 6.32211e-05 1.68203e-06 -3.12119e-07 3.6076e-05 -2.70763e-06 -1.4455e-06 4.83424e-05 6.25974e-06 -1.51202e-06 -1.38323e-06 5.37648e-10 -1.76172e-05 1.52352e-06 -6.0322e-06 -9.93468e-07 1.05946e-05 -1.53658e-05 -5.70613e-06 8.14724e-05 -1.22408e-06 1.40434e-07 -1.08826e-06 7.59938e-06 -4.61692e-05 2.0757e-06 1.64915e-06 -8.87813e-08 -1.40967e-05 -1.17271e-06 -4.18915e-07 1.60326e-06 -4.80072e-05 7.07208e-06 -4.31427e-05 -0.000106474 -6.30995e-05 -4.78141e-05 3.47214e-05 2.20225e-05 -2.3381e-05 -9.89319e-05 -3.40282e-05 1.3333e-05 -1.6293e-05 5.62209e-05 8.33888e-06 7.09347e-05 -3.87573e-05 1.15614e-05 6.5414e-06 -2.87499e-05 7.32028e-06 9.84183e-06 3.01824e-05 9.57267e-06 2.84112e-05 -3.47848e-05 -4.89496e-07 -3.33789e-06 -5.40341e-06 -4.75023e-06 1.50003e-05 5.63519e-05 4.18286e-05 -2.68091e-05 -0.000130195 -0.000198227 -5.46365e-05 0.00015524 -4.29436e-06 0.000154541 -3.27194e-05 1.44419e-05 3.89785e-05 3.5089e-05 2.84843e-05 2.20027e-06 3.8386e-05 1.50535e-05 4.36999e-05 -5.79493e-05 -9.52136e-05 4.45799e-06 -3.29519e-05 6.67288e-05 5.96576e-05 8.82206e-06 -1.05201e-05 2.04756e-05 2.9382e-05 7.54884e-05 2.7237e-05 -8.32716e-05 4.95469e-05 -5.85745e-06 1.03034e-05 1.08441e-05 1.18668e-05 -1.03199e-05 6.31861e-06 7.3545e-06 2.12841e-05 -1.10694e-05 -0.000381537 0.000145675 -4.11921e-05
 -0.000391786 40.7047 -3.66182 0.00277366 603.925 -179.943 0.445565 0.628 -5.01152 13.9532 1.78471 -26.2793 -1.57879e-05 0.172868 -0.00823149 -8.52825e-05 1.38071 -0.0291749 -1.29801e-06 0.586031 -0.0943965 -1.2462e-06 0.179216 -0.0175284 18.3265 33.5342 -6.88733 4.57193 26.4981 -18.8259 10.0309 7.43043 -19.7347 13.4461 16.3265 -20.4396 -0.945988 -0.973864 0.00675671 16.2515 -4.76485 -0.162456 8.3474 -2.50391 0.0419453 0.295415 1.14392 -0.778351 -2.04282 6.13211 1.91854 -3.53987 0.449372 -1.93513 2.0901 -2.89395 -1.60587 4.24802 6.27852 -8.62828 0.225959 -0.00128329 -2.69118 -4.09316 0.535326 -12.5235 -0.889488 0.204929 0.193643 -4.88002e-05 1.45211 -0.1337 0.548603 0.0938797 -0.994373 1.377 0.514646 -7.35946 0.14212 0.011059 -0.0401305 0.607908 -10.5873 0.492186 2.64037 -0.20364 0.735847 0.0704922 0.0202595 -0.0914589 3.07419 -2.09105 2.03338 5.17523 3.7657 4.41106 2.76489 -2.60017 -1.42131 10.6868 3.77389 -3.1943 -0.274741 0.449503 -1.78545 4.40523 0.11939 -0.626296 -1.1717 2.57663 -0.023826 -0.725049 -1.8613 -2.23625 1.25655 1.81759 0.240778 0.36671 2.56417 -0.99451 -1.96618 -0.236662 0.339328 4.61324 3.65938 -2.07003 -1.63105 3.3184 -7.939 3.85106 0.53694 -0.501534 -1.48656 -2.29969 -1.32172 -1.31061 -1.29742 -2.38326 0.304962 0.31561 -0.695388 -1.33189 -1.93359 -0.133919 -0.600891 -1.0403 0.0251447 -2.05041 -4.65546 -0.858308 0.764563 -3.4702 -1.50604 -1.78105 -1.39067 -1.12962 -1.18178 0.734877 -0.413247 -1.17678 -3.78346 -3.03928 56.4587 -17.694 6.51888
 0.000117408 -12.1954 1.0971 -0.000834813 -179.943 54.9112 -0.135173 -0.190158 1.51797 -4.17776 -0.534812 7.87495 5.47641e-06 -0.0605379 0.00246997 2.59957e-05 -0.423148 0.00887204 3.84879e-07 -0.182886 0.0293549 3.68237e-07 -0.0594123 0.00560763 -5.49145 -10.0478 2.06364 -1.37291 -7.93909 5.64044 -3.00524 -2.22683 5.91426 -4.02926 -4.89175 6.12416 0.27414 0.284714 -0.00170112 -4.87233 1.42152 0.0487361 -2.5087 0.734635 -0.0106315 -0.0922734 -0.350666 0.238498 0.612032 -1.83723 -0.575093 1.06081 -0.136895 0.579079 -0.627359 0.868771 0.476041 -1.27252 -1.88187 2.58601 -0.0676828 0.000384072 0.806212 1.22625 -0.160374 3.75181 0.267233 -0.0615657 -0.0581867 1.50324e-05 -0.447907 0.0409971 -0.167537 -0.0286114 0.303355 -0.411887 -0.154219 2.20535 -0.0434614 -0.00390987 0.015165 -0.175331 3.17462 -0.147601 -0.791205 0.0610258 -0.221873 -0.0211139 -0.00606741 0.0273932 -0.921021 0.626966 -0.609012 -1.55025 -1.12856 -1.32208 -0.827759 0.7785 0.426205 -3.20237 -1.12989 0.957154 0.0825467 -0.134854 0.534658 -1.31998 -0.0359786 0.187439 0.351002 -0.771674 0.00695758 0.217188 0.557491 0.669798 -0.376604 -0.544529 -0.0722363 -0.109653 -0.767996 0.297717 0.588725 0.0706145 -0.10185 -1.38173 -1.09578 0.620578 0.488733 -0.99445 2.37813 -1.15399 -0.160694 0.150305 0.44533 0.688993 0.395913 0.39269 0.388542 0.713778 -0.0914875 -0.0943078 0.208845 0.399138 0.579371 0.0400152 0.179955 0.311768 -0.00731561 0.61429 1.39454 0.25703 -0.229 1.03983 0.451274 0.533603 0.416619 0.338435 0.354055 -0.220189 0.123807 0.352508 1.13336 0.910489 -16.9121 5.29977 -1.95277
 -6.06032e-06 0.64139 -0.0594276 -5.08687e-06 0.445565 -0.135173 999.957 -0.0799531 0.438256 0.184675 0.0165299 -0.227044 1.00966e-05 -0.1086 -0.000209106 7.18928e-06 -0.125888 0.00142362 1.38568e-06 -0.198845 0.0286965 3.38032e-06 -0.157991 0.00939405 0.114679 0.338779 -0.0698104 0.0269257 0.55295 -0.393753 0.686604 -0.121019 0.274918 0.538065 0.113302 -0.169882 -0.0612635 -0.0519335 0.00169994 -0.483153 0.0778635 0.00378013 -0.0578592 -0.171621 0.0196245 -0.0653785 -0.126371 0.0831902 0.0690662 -0.134923 -0.146513 0.16413 -0.00165277 -0.82406 0.266727 -0.320489 -0.103736 -0.180221 0.161204 -0.0735395 0.0425273 -0.00339987 0.117545 -0.0022167 -0.00412057 0.118767 0.00261354 -0.000582315 -0.00114777 7.93166e-06 -0.249176 0.0168071 -0.0663671 -0.0103658 0.121152 -0.0700287 -0.0233729 0.34618 0.00249655 -0.00327163 0.0167307 0.0432176 -0.336231 0.0169031 -0.0815937 0.00562834 0.0190017 0.0014288 8.20879e-05 -0.00152348 -0.0968461 0.0840457 -0.0974213 -0.314449 -0.195542 -0.0436017 0.209701 0.815046 -0.701205 -0.031245 0.0121075 0.0225796 0.291481 -0.125828 0.0650589 0.138324 0.138331 -0.113575 -0.0249897 0.0154589 0.0186346 -0.00332491 0.00494137 0.00966355 -0.0122079 -0.00691622 0.111395 -0.202708 0.0661636 0.0353169 -0.0385819 0.00923195 -0.00280223 0.00718668 -0.00394589 -0.0325429 0.00958633 0.0566365 0.220962 -0.120543 0.0251934 -0.00846175 -0.0101327 -0.483144 0.201118 -0.244942 0.0702422 0.156822 -0.315029 -0.0626355 -0.111135 0.197392 -0.130787 0.110457 0.0974966 0.0521719 0.127683 -0.179543 0.146404 -0.141571 0.13656 0.266369 0.0845254 -0.0729757 -0.0703889 -0.00704379 -0.00848111 -0.0331416 0.0121194 -0.105907 -0.402237 -0.455643 4.22222 -0.0430038 0.671839
 -6.64229e-06 0.947275 -0.0871965 -6.39266e-06 0.628 -0.190158 -0.0799531 15.4846 -119.196 0.242968 0.0175972 -0.238934 1.28354e-05 -0.135364 -0.000267356 9.23343e-06 -0.152745 0.0017261 3.00039e-06 -0.196148 0.0282756 5.64464e-06 -0.2112 0.0128105 -0.0170779 0.984373 -0.194269 0.0552671 0.800679 -0.569544 0.69852 -0.22419 0.54095 0.346171 0.5073 -0.630936 -0.0395489 -0.0705381 0.00154737 -0.511154 0.0791516 0.00337903 -0.198264 -0.138595 0.0173487 -0.0762457 -0.162987 0.106885 0.0922809 -0.182993 -0.307816 0.313448 0.135989 -1.10587 -0.00574144 0.0956897 -0.123112 -0.268366 0.164956 -0.0327107 0.0244959 -0.00231441 0.145448 0.12134 -0.000929035 -0.0361972 0.00774997 -0.00171562 -0.00285559 1.08345e-05 -0.325043 0.0221753 -0.083147 -0.0129699 0.151903 -0.103446 -0.0338235 0.492856 -0.00943224 -0.00905992 0.046447 0.0477385 0.227195 -0.00832582 -0.0650745 0.00417485 0.0072753 0.00325343 0.00185287 -0.0051436 -0.122103 -0.0276764 -0.0875683 -0.152569 -0.0481446 0.0145904 1.04286 -0.0497323 -0.85772 0.0900257 0.11272 0.775996 0.315223 -0.238116 -0.56298 -0.235331 0.382597 -0.0867301 0.0601124 -0.0156318 -0.0419101 -0.0652313 -0.067177 -0.0155693 -0.0621005 -0.170321 0.451246 -0.253206 0.0269391 -0.0175166 0.0928457 -0.022361 0.0166859 0.00983302 0.0423451 -0.0336509 -0.176491 -0.0020238 0.0873179 -0.151245 0.136458 0.0721113 0.0432037 -0.327748 0.0436359 -0.12163 -0.00354951 -0.124626 -0.322119 0.168802 0.182103 0.218995 -0.0368033 0.0981742 -0.0411993 -0.154337 -0.0883714 0.0503786 -0.00757514 0.202487 0.428823 0.00151663 -0.195538 -0.0947276 -0.0536491 -0.0168345 -0.0170536 -0.0482529 0.0150149 -0.141876 -0.535313 -0.444139 5.58297 0.196691 0.930065
 5.30731e-05 -7.62891 0.702569 5.22145e-05 -5.01152 1.51797 0.438256 -119.196 980.226 -1.96645 -0.136507 1.84462 -0.000107303 1.13353 0.00216298 -7.67549e-05 1.27805 -0.0145294 -2.43789e-05 1.63965 -0.236471 -4.65311e-05 1.75185 -0.106309 0.167123 -7.97586 1.57376 -0.433407 -6.4753 4.60614 -5.73415 1.87888 -4.53987 -2.81686 -4.09272 5.09167 0.33255 0.611836 -0.0140695 4.21842 -0.636724 -0.0280969 1.65675 1.1931 -0.149529 0.648251 1.37312 -0.901228 -0.778465 1.50601 2.5213 -2.56913 -1.0908 9.03459 0.0525153 -0.789996 0.998555 2.19852 -1.34131 0.257864 -0.199967 0.0189209 -1.19314 -0.992963 0.00807963 0.282844 -0.0657449 0.0145697 0.0240073 -9.08866e-05 2.7199 -0.185906 0.701472 0.109782 -1.28373 0.851533 0.27798 -4.05051 0.0763557 0.0729048 -0.373606 -0.435684 -1.87363 0.0689773 0.537068 -0.0345565 -0.0442404 -0.0265164 -0.0151138 0.0419342 1.00012 0.215999 0.71413 1.25488 0.4092 -0.113694 -8.51595 0.390499 6.98749 -0.657389 -0.877277 -6.35269 -2.57765 1.94319 4.5939 1.92263 -3.12133 0.7108 -0.495286 0.127801 0.341745 0.532043 0.545925 0.124978 0.507256 1.39107 -3.68519 2.06624 -0.220296 0.141529 -0.758845 0.182012 -0.136834 -0.0804606 -0.345253 0.273365 1.43887 0.0177657 -0.721075 1.23708 -1.11667 -0.591349 -0.355623 2.67553 -0.360735 0.991787 0.0266494 1.01622 2.63392 -1.37983 -1.49243 -1.79509 0.298852 -0.804101 0.333814 1.25704 0.718821 -0.413278 0.0566716 -1.6555 -3.50548 -0.0174807 1.59354 0.771963 0.436368 0.135098 0.136923 0.395511 -0.123192 1.15835 4.37151 3.62819 -45.568 -1.63228 -7.5951
 -0.000161658 16.2428 -1.45895 -0.000114026 13.9532 -4.17776 0.184675 0.242968 -1.96645 908.514 -10.7315 151.18 3.89251e-05 -0.503321 -0.00176292 1.79304e-05 -0.38445 0.00362576 1.73888e-06 -0.40403 0.0580103 -9.50619e-07 -0.59891 0.0372296 6.15419 7.46659 -1.56634 1.20077 6.39904 -4.54556 2.23128 3.17704 -8.33635 5.82805 3.52856 -4.59988 -0.667249 -0.0220348 -0.00435634 4.72081 -1.61634 -0.0445341 2.27106 -1.46874 0.104385 0.272203 0.523951 -0.355058 1.07688 3.22842 -4.01549 2.24509 -0.471419 -2.84189 2.63702 -3.58589 -0.502768 3.74958 0.326279 -2.20066 0.214811 0.0112317 -4.08561 4.02318 0.169148 -6.85733 -0.185065 0.042666 -0.00561123 -3.1612e-05 0.581187 -0.0531552 0.241235 0.0525716 -0.564823 1.36234 0.419175 -5.89365 -0.290922 -0.354978 1.87869 1.12409 -9.01143 0.418996 0.499741 -0.0388164 0.972639 0.00094681 -0.0109065 0.0100074 0.214907 -4.03989 -1.623 1.17257 5.66303 6.72549 -11.2061 -1.01124 -0.244073 22.4049 8.91832 -12.12 2.88094 -1.7212 -2.67724 4.13392 8.29558 13.4693 -16.7675 1.80488 2.26216 1.08087 -0.502344 -1.01492 -0.581233 2.84911 -4.95518 0.360241 3.22418 -3.45361 1.28367 0.0543411 -1.56576 0.162712 -0.464067 1.24135 -5.14539 9.74091 -10.9864 7.83163 -2.36912 -0.80911 0.891007 -4.71809 -0.00534611 -3.14902 -1.788 0.939676 -0.203736 -0.481547 -0.850783 -1.32894 -1.28835 1.07328 -0.507304 -2.74233 -0.0933531 0.6173 -1.36573 -0.135893 -2.51004 0.667301 1.54818 -1.81504 -2.94346 -1.18125 -1.12512 0.333169 -0.0820665 -0.360991 -0.55488 5.37353 24.0518 -18.2155 1.15735
 -1.83904e-05 2.04114 -0.183675 -1.34685e-05 1.78471 -0.534812 0.0165299 0.0175972 -0.136507 -10.7315 4.28884 -50.0029 5.32591e-06 -0.0655222 -0.000259073 2.73996e-06 -0.0542979 0.000417285 1.02321e-06 -0.0759809 0.0107446 7.07686e-07 -0.102663 0.00617921 0.580388 1.48137 -0.300384 0.201188 1.20757 -0.857959 0.233628 0.312246 -0.817289 0.374976 0.807932 -0.993582 -0.0688581 -0.0220314 -0.000323915 0.370724 -0.155197 -0.00383366 0.0940023 -0.13838 0.0112472 -1.78445e-05 0.0302686 -0.0208774 -0.148021 0.218499 0.160462 -0.200062 0.0215377 -0.318243 0.00692528 0.0142574 -0.122361 0.0678126 0.229808 -0.269083 0.0305308 -0.00201603 -0.0422067 0.136994 0.0100058 -0.355361 -0.0127209 0.0029926 -0.000307987 -2.75515e-06 0.0514343 -0.0050947 0.0110366 0.00331387 -0.0330523 0.141396 0.0409367 -0.593225 -0.0129522 -0.0187131 0.0981598 0.0205595 0.0655972 -0.0026417 0.0803346 -0.00679491 0.0773849 0.0037329 0.00139311 -0.00516508 0.0247477 -0.730338 0.0257176 0.942828 1.17737 1.06159 -1.16468 -0.130869 -0.475626 1.60973 0.688495 -0.496944 0.61526 -0.0239975 -0.756515 -0.341563 0.266642 0.847963 -0.456425 0.0211499 -0.0457702 -0.0242893 -0.101821 -0.119435 -0.0888368 0.186789 -0.258605 -0.0861482 0.198366 -0.151971 0.00590308 -0.0277231 -0.103989 0.0183887 0.102663 -0.00838969 -0.251617 0.572037 -0.567808 0.13941 -0.0294761 -0.092477 0.0300784 -0.426596 0.0188657 -0.161675 -0.10905 -0.0745261 -0.148914 0.0335467 -0.0644654 -0.116267 -0.0997669 0.00440809 -0.0031394 -0.159915 0.00373167 -0.0464306 -0.185938 -0.0202797 0.0311479 -0.0491837 -0.081626 -0.089432 -0.106599 -0.0714127 -0.0758518 0.0159775 -0.00873748 -0.079112 -0.272088 -0.202108 3.53554 -0.667868 0.472076
 0.000270534 -30.0823 2.70699 0.000199536 -26.2793 7.87495 -0.227044 -0.238934 1.84462 151.18 -50.0029 739.766 -8.22219e-05 1.00899 0.0037944 -4.2601e-05 0.854908 -0.0069221 -1.51127e-05 1.19406 -0.16929 -1.03074e-05 1.56216 -0.0941552 -8.57747 -21.7324 4.40791 -2.95262 -17.704 12.5785 -3.51651 -4.56606 11.9574 -5.58816 -11.8151 14.5365 1.05044 0.396254 0.00183711 -5.47977 2.34382 0.0563148 -1.36003 2.17523 -0.18188 0.0418861 -0.383782 0.265494 2.17718 -3.27427 -2.23521 2.85872 -0.256419 4.71797 -0.155749 -0.134716 1.79566 -1.06429 -3.35249 3.9625 -0.446341 0.0289862 0.714019 -2.06354 -0.150734 5.35221 0.179313 -0.0422367 0.00679492 3.82975e-05 -0.690245 0.0701423 -0.135087 -0.0444453 0.437996 -2.14262 -0.616082 8.92657 0.181954 0.271137 -1.42256 -0.288391 -0.785215 0.0306122 -1.17397 0.099145 -1.08869 -0.0544866 -0.0201438 0.0751998 -0.360461 10.7769 -0.418884 -13.8875 -17.1432 -15.4716 17.1689 1.95065 7.04214 -24.3033 -10.2294 7.53833 -9.04558 0.385599 11.1092 4.91472 -4.05057 -12.6544 6.99837 -0.346469 0.627597 0.334148 1.50256 1.77312 1.31021 -2.78586 3.88102 1.25168 -2.95739 2.28848 -0.108321 0.406794 1.55178 -0.273691 -1.48866 0.10293 3.7761 -8.54544 8.50729 -2.18358 0.475682 1.36702 -0.456221 6.32141 -0.276964 2.42074 1.62885 1.07524 2.18408 -0.480616 0.954551 1.7205 1.48216 -0.0820238 0.0562851 2.38711 -0.0519418 0.666813 2.74228 0.29969 -0.409307 0.706637 1.1649 1.3414 1.61223 1.06714 1.13123 -0.239425 0.128861 1.16207 3.98209 2.84092 -52.0976 10.1232 -6.91401
 1.31079e-09 -0.000171365 1.63081e-05 3.42259e-10 -1.57879e-05 5.47641e-06 1.00966e-05 1.28354e-05 -0.000107303 3.89251e-05 5.32591e-06 -8.22219e-05 1000 5.19157e-05 -5.60261e-06 -2.45432e-09 5.01035e-05 -2.67656e-07 -2.71299e-10 4.94614e-05 -6.95271e-06 -1.00991e-09 5.5496e-05 -3.09688e-06 -0.000187415 -0.00058445 0.000119258 -1.46156e-05 -0.000237332 0.000169057 -0.000134901 7.51582e-05 -0.000186132 -7.79203e-05 4.63143e-05 -5.05109e-05 9.87898e-05 1.98204e-05 -5.58903e-07 -0.000234646 9.03555e-05 3.65986e-06 4.46392e-05 0.000111332 -1.25234e-05 2.84666e-05 5.20971e-05 -3.43134e-05 4.02154e-05 7.1541e-05 -8.68757e-05 4.77953e-05 -1.05578e-05 4.77817e-05 5.53807e-05 -8.40515e-05 7.07953e-05 -1.67467e-06 -4.83981e-05 4.87522e-05 -2.28856e-05 1.49417e-06 -1.25682e-05 -1.7151e-05 1.95519e-06 -4.61638e-05 -4.14239e-07 1.03487e-07 -4.87691e-07 -2.62648e-09 8.42801e-05 -5.25873e-06 1.74508e-05 2.4902e-06 -2.89344e-05 1.68999e-05 5.91298e-06 -9.14093e-05 3.51348e-06 2.43118e-06 -1.38794e-05 -4.28417e-05 0.000281204 -1.33903e-05 -1.90491e-05 1.52026e-06 -2.81817e-06 -5.68685e-07 7.77501e-08 4.95393e-07 -4.95585e-05 -0.000106085 1.91767e-05 0.000127825 7.61587e-05 2.77361e-05 -4.7628e-05 2.55126e-05 -0.000121661 6.19734e-05 3.61519e-05 0.000315578 0.000101288 -0.000236625 -8.83716e-05 8.31072e-05 0.000102979 5.40899e-05 3.60402e-05 7.89294e-06 -9.2281e-05 3.54127e-06 6.32979e-05 -7.69498e-06 -5.28767e-05 -2.62682e-05 -5.89281e-05 5.01614e-05 2.35606e-05 1.58266e-05 -5.69766e-07 -1.82884e-05 -2.6167e-05 7.12314e-06 -1.32475e-05 -2.6086e-05 -3.71947e-05 -4.20238e-05 -2.76273e-05 -3.7096e-05 -1.18437e-05 7.58633e-06 1.9796e-05 2.64868e-05 1.59316e-05 2.31602e-05 1.43144e-05 -4.13232e-06 -4.9223e-05 -6.4643e-05 -2.76741e-05 1.25976e-05 2.58708e-05 -2.18657e-05 -3.88185e-05 -7.46985e-06 -1.96402e-05 2.0813e-06 -2.698e-05 -1.85771e-05 1.97478e-05 4.23369e-05 2.504e-05 -2.74872e-05 -1.2554e-05 -1.47139e-05 -1.18066e-05 -7.07464e-07 5.35009e-06 2.34856e-05 7.71036e-05 8.02573e-05 -0.00111645 0.00033857 -0.000130004
 -1.60182e-05 1.86877 -0.178505 -4.09762e-06 0.172868 -0.0605379 -0.1086 -0.135364 1.13353 -0.503321 -0.0655222 1.00899 5.19157e-05 999.399 -0.459278 2.4926e-05 -0.560473 0.00311583 5.21271e-07 -0.499343 0.0697863 7.41084e-06 -0.569579 0.031186 2.80552 6.88404 -1.41668 0.162044 2.7168 -1.9359 1.77233 -0.835868 2.05478 1.38571 -0.191419 0.139897 -1.42051 -0.243917 0.00817346 2.37735 -1.03312 -0.0400609 -0.352153 -1.61285 0.176266 -0.340557 -0.622957 0.410723 -0.503306 -0.388534 1.03919 -0.725781 -0.0592517 -0.447665 -0.293499 0.461066 -0.919691 0.306501 0.571294 -0.715778 0.214257 -0.0130665 0.0426675 0.25409 -0.0185684 0.399948 -0.00262571 0.000567649 0.00837478 2.72009e-05 -0.903859 0.055503 -0.178637 -0.0245452 0.286452 -0.211728 -0.0708345 1.09567 -0.0272918 -0.0192308 0.114139 0.652173 -4.55213 0.217319 0.208894 -0.0168907 -0.0010954 0.00702929 -0.000573913 -0.00651197 0.784283 1.49709 -0.0804735 -1.36354 -0.773174 -0.193546 0.801427 -0.149954 1.3212 -0.748626 -0.407992 -3.22031 -1.48713 2.3734 1.56085 -0.823982 -1.18202 -0.861828 -0.0863593 0.0560451 0.973042 0.0167182 -0.724514 -0.155766 0.857817 0.466887 0.805649 -0.551056 -0.328688 -0.100838 0.0381838 0.203097 0.343555 0.0326358 0.233256 0.338172 0.433407 0.385513 0.323542 0.38946 0.0895963 -0.166713 -0.340296 -0.396125 -0.17136 -0.268507 -0.268457 -0.0616148 0.358226 0.498029 0.177932 -0.0569875 -0.12329 0.246142 0.364728 -0.0219822 0.137976 -0.116963 0.214184 0.131127 -0.287721 -0.686575 -0.560919 0.114513 0.0506884 0.0877362 0.0612211 0.0830905 -0.0893771 -0.229473 -0.750226 -0.81491 11.0419 -3.52458 1.25959
 1.31162e-07 -0.0104767 0.000946969 9.97358e-08 -0.00823149 0.00246997 -0.000209106 -0.000267356 0.00216298 -0.00176292 -0.000259073 0.0037944 -5.60261e-06 -0.459278 0.814598 2.29503e-07 -0.00404191 6.18145e-05 3.03162e-08 -0.00287726 0.000427131 7.41517e-08 -0.00352514 0.000224652 -0.00742423 -0.0146791 0.00301204 -0.00159362 -0.00955007 0.00678664 -0.00287457 -0.00153495 0.00412186 -0.00397936 -0.00367526 0.00466172 -0.00236168 -0.00150074 8.78916e-05 -0.0109825 0.00111621 0.00012151 -0.00384871 -0.00169983 0.000299372 -0.000811942 -0.00221092 0.00147571 -3.31884e-05 -0.000686026 -0.00227948 0.00211929 -0.000227856 -0.00012619 -0.0010328 0.00151192 -0.00019388 -0.00121844 -0.00169693 0.00239448 -0.000193587 9.00454e-06 0.000637311 -0.000229417 -2.18939e-05 0.000717976 2.27617e-05 -5.27892e-06 -4.37915e-06 1.44416e-07 -0.00445789 0.000340095 -0.000569063 -8.5502e-05 0.000944517 -0.000226568 -0.000133172 0.00187155 -0.000173881 -0.000236991 0.0012217 -0.00101782 0.0103946 -0.000470323 -0.000455856 3.59207e-05 -0.000214903 -1.09975e-05 4.66502e-07 1.06222e-05 -0.00137105 0.000555337 -0.000296765 -0.000751817 -0.000276551 8.13623e-05 0.000146795 -0.00019721 -0.00114359 -0.000960746 0.000568274 0.00411301 0.00177948 -0.00265911 -0.00205919 0.000376399 0.000919823 0.000835189 0.000219857 -0.000463977 -0.00113086 0.000165792 0.00129066 0.000492486 -0.00132433 -0.00105463 -0.000995216 0.000878762 0.000393156 -0.000106299 -0.000243825 -0.000381175 -0.000461266 -0.00014723 -0.00043949 -0.000437465 -0.000409361 -0.000476156 -2.20471e-05 -0.0006765 -3.81837e-05 0.000321202 0.000602344 0.00071429 0.000319892 0.0004827 0.00038971 1.05179e-05 -0.000518186 -0.000416027 0.000247589 0.000340645 0.000246825 -0.000193753 -0.000280691 0.00024337 1.32296e-05 0.000346285 8.15711e-05 8.45489e-05 0.000431022 0.000980065 0.000914929 0.000102256 0.000113331 4.58529e-05 8.78396e-05 -0.000234315 0.00016354 0.000291244 0.000901726 0.000758414 -0.014635 0.00559251 -0.00153575
 9.30465e-10 -0.000156005 1.44999e-05 8.05454e-10 -8.52825e-05 2.59957e-05 7.18928e-06 9.23343e-06 -7.67549e-05 1.79304e-05 2.73996e-06 -4.2601e-05 -2.45432e-09 2.4926e-05 2.29503e-07 1000 3.41837e-05 -5.45008e-06 -7.37307e-10 4.06358e-05 -5.73132e-06 -1.29151e-09 4.07655e-05 -2.30878e-06 -1.48783e-05 -6.62272e-05 1.35017e-05 -1.29925e-05 -0.000149631 0.000106485 -5.99201e-05 3.88039e-05 -9.70027e-05 2.02282e-05 -7.70923e-06 7.9589e-06 -7.20875e-06 9.4716e-06 -1.53754e-07 -8.75484e-05 2.54461e-05 1.21052e-06 -1.76783e-05 2.61541e-05 -1.93218e-06 1.27753e-05 2.66708e-05 -1.73299e-05 3.56788e-05 2.60969e-05 -0.000116009 8.68258e-05 -2.86719e-05 6.32592e-05 5.15026e-05 -7.97136e-05 2.97341e-05 1.92664e-05 -5.12594e-05 4.27916e-05 -8.85382e-06 6.01395e-07 -7.4092e-06 -1.03723e-06 5.91404e-07 -1.73013e-05 -2.34755e-06 5.25189e-07 4.85572e-07 -1.95768e-09 5.72107e-05 -3.68087e-06 1.30573e-05 2.07511e-06 -2.38201e-05 3.69144e-06 2.15967e-06 -3.56083e-05 3.16624e-06 4.0007e-06 -2.19565e-05 1.86161e-05 -0.000221236 1.05925e-05 -1.64385e-06 1.83596e-07 -7.56571e-06 -8.98322e-07 -2.07248e-08 9.26678e-07 -4.27215e-05 -7.77155e-05 4.93395e-05 0.000159358 0.000111997 7.18722e-05 1.89405e-05 -3.24311e-05 -0.000185539 1.2796e-05 2.59172e-05 0.00047229 -0.000101356 -3.81615e-05 -0.000128568 6.62687e-05 0.000167129 -3.34099e-05 6.92376e-05 -3.40675e-05 -6.81551e-05 -3.29579e-05 -1.14294e-05 1.38079e-05 -7.09583e-06 3.65389e-05 -3.00839e-05 6.03758e-06 -4.33728e-05 -1.08807e-05 3.81638e-06 -6.5354e-07 -1.13137e-05 -9.14394e-06 -2.97099e-05 -2.04345e-05 -2.79481e-05 -4.59197e-05 -3.76502e-05 -1.27595e-05 -2.46573e-05 -2.4175e-06 4.64172e-06 8.13313e-06 9.66622e-06 -1.53649e-05 -1.07579e-05 -1.55496e-05 -2.02078e-05 -4.50785e-05 -4.57905e-05 -7.3789e-06 1.04042e-05 -8.99606e-06 -7.08191e-06 -5.95184e-06 -1.97773e-05 4.70085e-05 -6.18872e-06 -2.32689e-05 4.23516e-06 -3.34574e-06 -1.62447e-06 -1.04948e-05 -3.96643e-06 -9.03064e-06 -8.97626e-06 7.5376e-06 4.2867e-06 2.01681e-05 7.08282e-05 6.11161e-05 -0.000893194 0.000170185 -0.000118789
 -2.07772e-05 2.67689 -0.250896 -1.48989e-05 1.38071 -0.423148 -0.125888 -0.152745 1.27805 -0.38445 -0.0542979 0.854908 5.01035e-05 -0.560473 -0.00404191 3.41837e-05 999.151 -13.8551 5.30534e-06 -0.631006 0.0888829 1.24157e-05 -0.655914 0.0369165 2.34821 3.24704 -0.690816 0.191787 2.82882 -2.01539 2.1197 -0.718085 1.73219 1.7422 0.438075 -0.637 -0.885978 -0.239028 0.00807567 1.09515 -0.600555 -0.0229505 0.531195 -1.54561 0.147165 -0.314913 -0.617622 0.404634 -0.53488 0.574438 1.45092 -1.38223 0.0148135 -0.678993 -0.138446 0.25559 -0.95964 0.523646 1.04549 -1.31855 0.0458389 -0.000130054 -0.223539 0.313296 -0.00856383 0.103781 0.0185316 -0.00396562 0.000108696 3.14266e-05 -0.977229 0.0618893 -0.219934 -0.0323886 0.374077 -0.147177 -0.057557 0.923846 -0.0666547 -0.0599411 0.332966 0.220007 -0.880519 0.044503 0.0945243 -0.00895707 0.0423544 0.0163881 0.00101404 -0.0175465 1.24584 2.28584 -0.343706 -2.3562 -1.59655 -0.828954 0.302169 0.748186 2.63768 -0.488384 -0.497552 -6.99473 -0.286805 2.37371 3.32521 -0.142415 -3.59055 -1.68408 1.70559 -0.0145017 1.10225 0.455353 0.0413926 -0.311804 0.0146394 0.570858 0.486871 -0.000497353 0.368254 0.46886 0.080514 0.13647 0.218954 0.256832 0.648179 0.493311 0.55978 0.534422 0.647595 0.343021 0.39012 0.0826469 -0.357279 -0.69092 -0.212122 0.0269217 -0.0191071 0.0139282 0.153545 0.313716 0.397409 0.229377 0.0791424 -0.232501 0.0529986 0.164725 0.181892 -0.812664 -0.515679 0.204923 -0.288488 -0.634447 -0.722221 -0.414825 -0.1967 -0.0703183 -0.0375794 0.0705511 -0.142064 -0.291487 -1.00188 -0.90382 13.196 -2.94434 1.69169
 4.40124e-07 -0.0478174 0.00444108 3.30244e-07 -0.0291749 0.00887204 0.00142362 0.0017261 -0.0145294 0.00362576 0.000417285 -0.0069221 -2.67656e-07 0.00311583 6.18145e-05 -5.45008e-06 -13.8551 1.0241 -4.31077e-08 0.00524798 -0.000714861 -1.02962e-07 0.0054313 -0.000280515 -0.0379659 -0.0538482 0.011401 -0.00468788 -0.047383 0.0337436 -0.0314671 0.00791503 -0.0186351 -0.0275753 -0.0102113 0.0140124 0.0101111 0.00212507 -4.36672e-05 -0.0225778 0.00844968 0.000398817 -0.0119803 0.0182454 -0.00156071 0.00301407 0.00560901 -0.00363234 0.00732401 -0.00953197 -0.0223714 0.0215502 -0.00053566 0.00953014 0.000854222 -0.00200407 0.0123602 -0.00839082 -0.0163652 0.0208429 -0.000629531 -3.02421e-06 0.00397326 -0.00430934 7.26822e-05 -0.000187006 -0.000134651 2.64601e-05 1.43037e-05 -2.59042e-07 0.00874873 -0.000497709 0.00227464 0.000338127 -0.00395214 0.00171642 0.000578405 -0.00966539 0.000484123 0.000416378 -0.00245885 -0.00349234 0.0165698 -0.000812618 -0.00166088 0.000152865 -0.00107799 -0.000243367 -1.54897e-05 0.000261004 -0.0185338 -0.0322464 0.00336683 0.0330369 0.0236406 0.0125704 -0.00394437 -0.0113421 -0.0375179 0.0035409 0.00706331 0.10255 0.00434449 -0.0347882 -0.0486376 0.00159279 0.0521663 0.0246272 -0.0249684 1.70299e-05 -0.0161345 -0.00650067 -0.000204901 0.00482818 -0.00041335 -0.00883858 -0.00712298 0.000167543 -0.00533248 -0.00696309 -0.00124881 -0.00207606 -0.00323244 -0.00384806 -0.00958731 -0.00718979 -0.00806255 -0.00783984 -0.00904474 -0.0052138 -0.00558839 -0.00105398 0.00543286 0.0103876 0.00325466 -0.000150206 0.000408774 -0.000221241 -0.00235264 -0.00445161 -0.00532565 -0.0030229 -0.000998812 0.00346818 -0.000665685 -0.00218846 -0.00248796 0.0119899 0.00781116 -0.00276149 0.00431788 0.00950132 0.0108119 0.00625362 0.00303678 0.00117826 0.000715557 -0.00115586 0.00212344 0.004295 0.0146944 0.01304 -0.195316 0.0449856 -0.0248343
 -2.60482e-10 -3.87726e-05 3.49431e-06 -1.32581e-10 -1.29801e-06 3.84879e-07 1.38568e-06 3.00039e-06 -2.43789e-05 1.73888e-06 1.02321e-06 -1.51127e-05 -2.71299e-10 5.21271e-07 3.03162e-08 -7.37307e-10 5.30534e-06 -4.31077e-08 1000 1.82894e-05 -4.27631e-06 -9.21807e-10 1.74183e-05 -1.11021e-06 8.42774e-05 -4.22913e-05 6.56242e-06 1.74882e-06 2.91754e-05 -2.08182e-05 3.89429e-05 1.70905e-05 -4.65031e-05 0.000119018 -7.46251e-05 8.20681e-05 -4.73683e-05 9.33377e-07 2.55266e-07 -2.50897e-05 -3.98681e-06 5.41673e-08 1.44814e-05 -4.57529e-05 4.87516e-06 -2.81383e-07 9.99214e-07 -5.64389e-07 1.61327e-05 3.48243e-05 -5.0875e-05 3.03468e-05 -3.74273e-05 1.62762e-05 7.44447e-05 -0.000109048 -8.73859e-06 4.11102e-05 -5.35479e-06 -1.46337e-05 -6.04581e-06 5.29295e-07 -1.57353e-05 1.34711e-05 -1.90029e-07 -2.24289e-06 -1.58661e-06 3.55196e-07 4.98134e-07 -7.02089e-10 1.50945e-05 -1.11933e-06 4.3143e-06 8.78342e-07 -1.01143e-05 1.67819e-06 7.40799e-07 -1.0229e-05 3.60135e-06 2.94703e-06 -1.54754e-05 3.46909e-05 -0.00035214 1.65906e-05 3.38011e-06 -2.75221e-07 -7.53869e-06 -6.41368e-07 -8.17692e-08 7.29079e-07 1.28637e-05 -3.70809e-05 -1.9331e-05 -2.56217e-05 1.95528e-05 5.01277e-05 0.000187127 0.000233318 -0.000166823 -7.65924e-05 -3.14256e-05 -4.50309e-05 -3.9555e-05 8.17523e-05 1.88609e-05 -3.26778e-06 4.09569e-05 -1.4202e-06 6.66454e-06 -4.14355e-07 1.93561e-05 -1.4592e-05 -1.74834e-05 -1.77816e-05 -6.29369e-06 1.27378e-05 1.25153e-05 -8.17329e-06 -2.51428e-06 6.37019e-06 1.06511e-05 9.5605e-06 -7.01152e-06 -1.07146e-05 -4.4884e-06 -5.467e-06 -5.83655e-06 -6.89468e-06 -3.37232e-06 2.46942e-06 5.25893e-06 -7.28079e-07 -4.68694e-06 6.16359e-07 4.10206e-07 -1.31995e-05 -1.38191e-05 4.94754e-06 -7.87249e-06 -5.18073e-05 -4.13518e-05 2.64258e-05 1.76734e-05 -1.89648e-06 5.84659e-06 1.06331e-05 -9.83772e-06 1.55081e-05 -4.24421e-06 -4.86904e-06 -1.7255e-05 -2.97905e-05 -2.9488e-05 -9.8766e-06 -3.64515e-06 -4.83498e-06 -5.95155e-06 1.03357e-05 -1.95145e-06 6.69803e-06 2.13429e-05 1.25664e-05 -0.00032599 0.000113072 -3.59794e-05
 -4.89783e-05 3.24706 -0.303113 -3.96596e-06 0.586031 -0.182886 -0.198845 -0.196148 1.63965 -0.40403 -0.0759809 1.19406 4.94614e-05 -0.499343 -0.00287726 4.06358e-05 -0.631006 0.00524798 1.82894e-05 975.761 -143.175 3.03108e-05 -1.39737 0.0858102 -1.46918 4.73998 -0.909926 -0.0856862 0.469853 -0.336461 0.857068 -1.28068 3.26293 -0.446376 3.10781 -3.70578 0.374711 -0.19741 -0.000222985 -1.20157 0.290621 0.00633534 -1.24289 0.348091 -0.0224584 -0.268919 -0.495996 0.324429 -0.196121 -1.16922 1.36401 -0.742242 1.09375 -2.00186 -1.98527 3.04004 -0.299651 -1.55294 0.652165 0.104908 0.0744475 -0.00533016 0.22198 -0.97353 0.0266127 -0.118686 0.00398242 -0.000871769 -0.00641485 3.85258e-05 -1.19743 0.0833088 -0.450184 -0.0751671 0.861151 -0.239622 -0.0821394 1.2134 -0.17797 -0.108734 0.584705 -1.23402 3.02737 -0.122305 0.0284508 -0.00251815 0.25034 0.0356293 -0.00341731 -0.0324973 -0.312625 4.38099 1.25343 -1.22123 -3.61545 -2.83109 -27.5041 14.2484 0.586371 1.69627 0.408198 1.65242 -5.27224 2.16226 1.99489 -0.36215 0.71886 -1.151 -0.889992 0.537172 1.46911 0.338144 0.378255 0.822913 1.00511 0.268162 -0.105234 -0.294476 0.923141 -0.111389 -0.125944 0.239442 0.892018 1.77095 -0.380459 0.0565352 0.551456 0.505316 0.672134 -0.55671 0.321783 0.125889 0.322453 -0.32598 0.246806 0.677661 0.833545 0.524491 0.378915 1.22127 0.76449 -0.365682 -0.320055 -0.722152 -0.0924914 0.235551 0.318389 1.06271 -0.203511 0.615634 0.810325 -0.0346668 -0.0046078 -0.888479 -0.321683 -0.0631658 0.0970929 -0.446913 0.0679123 -0.466442 -1.51654 -1.19244 21.4864 -5.48173 2.65755
 7.33665e-06 -0.489839 0.0456824 6.41034e-07 -0.0943965 0.0293549 0.0286965 0.0282756 -0.236471 0.0580103 0.0107446 -0.16929 -6.95271e-06 0.0697863 0.000427131 -5.73132e-06 0.0888829 -0.000714861 -4.27631e-06 -143.175 22.0387 -4.49202e-06 0.204129 -0.0125323 0.214385 -0.704633 0.135324 0.0117203 -0.0742436 0.0531355 -0.1259 0.186283 -0.474559 0.0643368 -0.462565 0.551696 -0.0554456 0.026838 0.000122941 0.174468 -0.0430825 -0.000903461 0.181213 -0.0546707 0.00374401 0.0380071 0.0702103 -0.0458711 0.0289345 0.172197 -0.201677 0.10997 -0.160965 0.295726 0.292571 -0.448069 0.0440081 0.228677 -0.0968768 -0.014559 -0.0109855 0.000784005 -0.0321718 0.144365 -0.00399264 0.0189826 -0.000491677 0.000107408 0.000852896 -5.54152e-06 0.173386 -0.0120481 0.0653122 0.0108932 -0.124859 0.0348743 0.011984 -0.177068 0.0250145 0.0155075 -0.0834292 0.184999 -0.442995 0.0178697 -0.00435226 0.000381775 -0.0365215 -0.00526286 0.000506402 0.00479861 0.0457549 -0.642469 -0.187995 0.173064 0.53292 0.429165 4.06977 -2.11416 -0.0831019 -0.251957 -0.0632839 -0.243097 0.778823 -0.319836 -0.294674 0.0531364 -0.106799 0.169631 0.131615 -0.079505 -0.217182 -0.0498931 -0.0556659 -0.121376 -0.14857 -0.0399078 0.0153987 0.0435199 -0.136462 0.0163009 0.0185079 -0.0355006 -0.131794 -0.261576 0.0559876 -0.00832914 -0.0814043 -0.0747685 -0.0989736 0.0819027 -0.0475691 -0.018579 -0.0475635 0.0482621 -0.0364013 -0.0999264 -0.123018 -0.0775502 -0.0561273 -0.180187 -0.112488 0.0540497 0.0471707 0.106491 0.0135816 -0.0347514 -0.0469765 -0.156844 0.0301789 -0.090845 -0.119612 0.00523342 0.000800549 0.131152 0.0474672 0.00931885 -0.0143245 0.0658803 -0.0099827 0.0689151 0.22401 0.176091 -3.1754 0.811478 -0.392553
 -2.66547e-11 -6.63239e-05 5.99336e-06 -9.71422e-11 -1.2462e-06 3.68237e-07 3.38032e-06 5.64464e-06 -4.65311e-05 -9.50619e-07 7.07686e-07 -1.03074e-05 -1.00991e-09 7.41084e-06 7.41517e-08 -1.29151e-09 1.24157e-05 -1.02962e-07 -9.21807e-10 3.03108e-05 -4.49202e-06 1000 3.39958e-05 -4.45733e-06 0.000151782 -0.000252622 4.65043e-05 2.78116e-06 2.06147e-05 -1.48282e-05 0.000103603 4.54932e-05 -0.000122395 0.000208169 4.90466e-06 -1.90417e-05 -6.36281e-05 1.44275e-06 4.73848e-07 -6.12094e-05 1.50899e-06 3.88438e-07 6.93896e-05 -8.13462e-05 7.264e-06 9.5164e-07 2.40129e-06 -1.42291e-06 4.76346e-06 0.00010096 -2.10946e-05 -1.59891e-05 -6.68405e-05 4.10956e-05 0.000144994 -0.000213295 -1.54011e-05 9.55917e-05 -4.71308e-06 -4.2245e-05 -9.73186e-06 9.68355e-07 -4.32961e-05 1.9436e-05 6.53076e-07 -2.76586e-05 -2.02568e-06 4.67752e-07 7.10572e-07 -1.22426e-09 3.04805e-05 -2.36222e-06 7.70192e-06 1.43742e-06 -1.61604e-05 -1.10154e-06 6.22381e-07 -8.40297e-06 5.51344e-06 4.20204e-06 -2.22932e-05 4.05696e-05 -0.000324915 1.5543e-05 -3.44319e-06 2.08366e-07 -9.03275e-06 -8.09827e-07 -9.68116e-08 9.1415e-07 3.90821e-05 1.65128e-05 4.18488e-05 8.09162e-05 6.69392e-05 5.94226e-05 7.54418e-05 6.56145e-05 -0.000125436 -7.18137e-05 -2.27145e-05 7.4331e-05 2.14235e-05 -8.31422e-06 6.66021e-05 -6.30696e-06 8.14167e-05 1.59867e-05 0.000105628 -3.64976e-05 5.54031e-06 5.87358e-06 1.57948e-06 -6.03225e-06 2.94537e-05 6.95121e-05 1.99034e-05 -6.13928e-06 -3.31514e-05 2.84589e-05 1.12704e-05 9.87778e-06 7.42428e-07 6.36716e-06 8.97416e-06 5.82394e-06 -1.59975e-06 -1.91741e-05 4.9076e-06 -1.68145e-05 -1.53457e-05 -2.67459e-05 -3.7339e-05 -1.6133e-05 1.78693e-06 -9.63085e-06 -2.97069e-06 -5.16849e-06 -4.30561e-05 -0.000124827 -7.50772e-05 3.6769e-05 1.75917e-05 -1.14896e-05 -1.20359e-05 -6.8131e-06 -2.5343e-05 -1.15018e-05 -4.30838e-06 -3.43632e-05 -5.31573e-05 -5.97194e-05 -6.34388e-05 -2.52765e-05 -1.85955e-05 -1.90593e-05 -2.04409e-05 2.44911e-05 -5.36884e-06 1.37939e-05 4.58567e-05 3.02135e-05 -0.000624907 0.000143714 -7.96389e-05
 -1.64078e-05 2.51966 -0.234241 -9.08247e-07 0.179216 -0.0594123 -0.157991 -0.2112 1.75185 -0.59891 -0.102663 1.56216 5.5496e-05 -0.569579 -0.00352514 4.07655e-05 -0.655914 0.0054313 1.74183e-05 -1.39737 0.204129 3.39958e-05 994.882 -61.9101 -1.31837 10.6303 -2.06636 0.072471 1.50454 -1.06942 -1.7468 -1.72666 4.5479 -2.78509 1.37832 -1.48218 0.346143 -0.230192 -0.00263488 0.489836 -0.170536 -0.0103812 -2.62882 0.93349 -0.0484771 -0.250231 -0.471964 0.307991 -0.299854 -1.92511 0.845423 -0.0606942 1.44171 -2.48846 -2.98611 4.52826 -0.180505 -2.31338 0.292561 0.857097 0.189474 -0.0173319 0.834647 -0.33708 -0.0233082 0.832692 0.0253143 -0.00575866 -0.0102666 4.036e-05 -1.16145 0.0832768 -0.320074 -0.0533711 0.606071 -0.165995 -0.0732309 1.07634 -0.169905 -0.113719 0.613467 -0.500575 1.23062 -0.0538445 0.117546 -0.00821468 0.191656 0.029029 -0.00047014 -0.0288032 -0.65245 1.45548 -0.687051 -2.87043 -2.39307 -1.52568 -4.83864 2.8159 1.85129 1.34835 0.372262 -1.80651 -4.64833 2.53553 3.26786 -0.71815 -3.0734 -5.29306 1.76222 0.465124 -0.455611 -0.360151 -0.138952 0.276362 -0.452102 -1.23806 -0.543314 0.680551 1.09359 -0.388872 -0.389361 -0.193048 -0.0103746 -0.0111581 0.143969 0.0462509 0.24258 0.58025 0.0948224 0.378797 0.527988 0.7117 0.970495 0.467671 0.0398299 0.230497 0.249844 0.270352 0.585093 2.11354 1.40432 -0.386043 -0.337406 0.0834249 0.316562 0.433552 0.553159 0.461552 0.21569 0.741226 1.82613 0.90169 0.51287 -0.328958 0.106263 0.257533 0.350339 -0.595483 0.0945366 -0.454187 -1.51032 -1.12586 20.5343 -4.65005 2.62614
