 1000 0.00290659 -0.000567366 -6.57331e-10 -0.000152524 0.000107284 -2.24038e-06 -2.21785e-07 2.24638e-06 -7.32659e-05 -4.85037e-06 0.000105844 4.20505e-10 -1.47122e-05 1.67663e-07 -1.31029e-10 -9.93069e-06 5.66105e-07 -8.84192e-10 -2.27641e-05 8.98866e-06 -5.94515e-10 5.85532e-06 -9.04138e-07 1.2867e-05 -0.000320718 7.8207e-05 -5.27072e-05 -0.000220928 0.000233038 6.6173e-07 -2.38908e-06 7.40209e-06 9.00186e-05 -9.50157e-05 0.000138638 -7.81017e-05 -9.30031e-06 1.14071e-06 -0.000149191 1.46268e-05 1.47754e-06 -3.04053e-05 -8.669e-05 1.18601e-05 -4.70875e-06 -1.19604e-05 1.99786e-05 7.42373e-05 -6.40695e-05 -0.000302801 0.000247213 -6.86627e-05 7.44103e-05 0.000104222 -0.000134518 -3.25469e-05 1.23799e-05 -5.27911e-05 5.50956e-05 -6.25065e-06 5.91713e-07 -1.19678e-05 1.16569e-05 -4.5186e-07 3.96242e-06 -3.74304e-06 1.20322e-06 8.73687e-07 -6.20285e-11 -8.01195e-06 2.30653e-06 2.27351e-06 5.99416e-08 -2.92982e-06 6.52367e-06 3.21885e-07 -9.26469e-06 1.81066e-06 8.39251e-07 -8.12395e-06 -1.12524e-05 -0.000330196 2.73279e-05 4.33151e-06 -5.63497e-07 -2.78431e-05 -1.99843e-06 -9.26905e-07 2.9482e-06 7.589e-06 -0.000169233 -0.000162359 -0.000171326 -7.91137e-05 7.46254e-06 0.000180002 0.000429048 -0.000238602 -9.0607e-05 -7.08517e-05 5.49218e-05 -4.58359e-05 9.35307e-06 8.37625e-05 0.000113589 5.34444e-05 -6.51294e-05 -0.000142818 0.000211999 -0.000122926 2.01712e-05 -2.31627e-05 -1.40452e-05 1.59163e-05 3.85529e-05 1.19444e-05 -2.37817e-05 4.34582e-05 -3.70738e-05 1.42513e-05 -3.09895e-06 -4.29105e-06 1.04192e-05 7.06307e-06 -9.00136e-06 -1.86668e-05 0.000150447 -0.000104203 7.46128e-05 -3.91837e-06 1.40317e-05 2.43495e-05 5.10903e-06 2.46567e-05 -2.66195e-05 2.88446e-05 1.5063e-05 2.55189e-05 -2.77623e-05 -7.85758e-05 4.3932e-05 1.8011e-05 -4.82116e-06 -1.86723e-06 -3.20059e-05 3.23464e-05 3.63283e-05 -3.3859e-06 2.8037e-05 1.40211e-05 -3.92855e-05 -1.14247e-05 -2.62262e-05 9.12462e-09 7.84216e-07 2.76094e-06 2.37757e-08 -2.15035e-07 1.80147e-05 4.12651e-05 2.44622e-05 -0.000618387 0.000120468 -4.80609e-05
 0.00290659 483.343 -93.1941 6.48e-05 28.6099 -20.121 0.40648 0.153295 -2.45595 13.0218 1.10827 -24.4517 -0.000100545 2.44127 -0.0197041 -6.92557e-05 2.6902 -0.122041 1.31616e-05 2.17846 -0.861237 1.02221e-05 0.579585 -0.115798 17.1586 36.1872 -9.16571 5.65858 24.2667 -25.6146 11.9393 2.59463 -9.88598 9.15731 14.6165 -23.0106 8.04223 1.51718 -0.157611 20.8655 -2.29811 -0.210046 10.8617 7.78318 -1.26105 1.23686 2.77521 -4.67938 1.77669 8.68404 15.2601 -14.7022 2.12162 -3.38845 1.69596 -1.73069 3.85857 3.17196 7.01655 -10.4061 1.16975 -0.101376 -1.7881 2.40525 -0.00692226 -2.92365 0.251348 -0.0774144 -0.155069 -3.20093e-05 1.84903 -0.508927 0.364751 0.0304672 -0.630048 -0.603593 0.000754171 0.289386 -0.00461096 -0.0415522 0.386331 -0.721628 3.65523 -0.28739 2.32119 -0.26133 3.41497 0.140861 0.0422454 -0.184596 1.52651 1.534 10.9947 14.1359 8.14645 0.959787 -28.6847 17.0486 -7.31865 17.3547 11.9406 -1.1661 -1.63751 -2.41991 -4.58646 3.38469 3.4557 1.29727 -8.80303 3.39067 -1.05083 0.383013 -1.56348 -1.10834 -0.891219 -1.08783 0.0943703 2.07785 0.346897 -0.936352 -0.0133813 -0.10281 -0.221496 -1.30952 0.106083 -0.254704 -1.1304 2.85777 -5.7507 2.54646 -0.740316 -0.48634 -1.14722 -3.79842 -1.47985 -2.20661 -1.68598 -1.81504 0.0780325 -0.0898763 -0.84542 -1.68756 -1.97473 -0.624605 -0.415185 -2.17423 -0.0150718 -1.50959 -3.45311 -0.682763 -0.0966767 -1.94755 -0.567402 -1.25481 -1.10719 -0.932219 -0.843709 0.442917 -0.202352 -1.94853 -3.58069 -4.0318 83.345 -37.9446 3.91786
 -0.000567366 -93.1941 19.077 -1.2683e-05 -5.57813 3.92304 -0.082361 -0.0309466 0.498183 -2.53904 -0.216166 4.76939 2.03629e-05 -0.490731 0.00386606 1.37912e-05 -0.535669 0.0242405 -2.5774e-06 -0.437519 0.172884 -1.95593e-06 -0.123763 0.0244964 -3.33955 -7.04572 1.78456 -1.10508 -4.72572 4.98823 -2.32102 -0.508952 1.93769 -1.7828 -2.84804 4.48354 -1.57122 -0.305022 0.031124 -4.06149 0.437891 0.0409512 -2.11867 -1.52917 0.247331 -0.244774 -0.546192 0.921029 -0.348894 -1.68886 -2.96652 2.85844 -0.414146 0.658479 -0.330816 0.337836 -0.753899 -0.61741 -1.36561 2.02555 -0.228166 0.0197743 0.355561 -0.469283 0.00131389 0.572191 -0.0489026 0.015059 0.0303015 6.49872e-06 -0.379277 0.10399 -0.075412 -0.00619347 0.129176 0.115628 -0.000445724 -0.0490759 -0.000327627 0.0077768 -0.0723764 0.143183 -0.709757 0.0557848 -0.453361 0.0510329 -0.663749 -0.0274049 -0.00821186 0.0359066 -0.296834 -0.295115 -2.13823 -2.75321 -1.58802 -0.183703 5.58227 -3.32149 1.42581 -3.37692 -2.32208 0.227116 0.318977 0.470558 0.891842 -0.659434 -0.672848 -0.252032 1.71428 -0.661245 0.205124 -0.0746674 0.304625 0.21604 0.17335 0.211556 -0.0185432 -0.403917 -0.0678163 0.182594 0.00247162 0.0200406 0.0431683 0.25466 -0.0204763 0.0496542 0.220339 -0.557364 1.12011 -0.496116 0.144186 0.0944773 0.223264 0.73921 0.28791 0.429043 0.327734 0.352815 -0.0156762 0.0173956 0.165189 0.328536 0.384307 0.121545 0.0807338 0.423172 0.00282243 0.29326 0.67182 0.132641 0.0186834 0.379079 0.110215 0.244348 0.21532 0.181411 0.164027 -0.086174 0.039353 0.379195 0.695543 0.78446 -16.2418 7.41831 -0.76068
 -6.57331e-10 6.48e-05 -1.2683e-05 1000 -0.000424629 0.000300757 -2.17137e-06 -4.92419e-07 1.17969e-05 1.88182e-05 2.28703e-06 -4.79576e-05 2.67343e-10 -4.24023e-06 3.61298e-08 -2.19033e-11 -1.44341e-06 9.89539e-08 -1.29149e-10 -1.93305e-06 7.32981e-07 -1.60329e-11 -3.21709e-06 5.35177e-07 2.81233e-05 -9.22144e-06 1.90713e-06 -1.28191e-05 -4.90748e-05 5.16413e-05 0.000109307 1.62721e-05 -6.57209e-05 0.000177841 -4.53433e-05 5.64553e-05 7.02395e-06 -1.08907e-06 1.17506e-07 -2.18361e-05 6.88705e-06 5.67328e-07 5.49294e-05 -1.3229e-05 1.06448e-06 1.0535e-06 1.61279e-06 -2.92194e-06 1.7566e-05 1.79409e-05 -4.52818e-05 2.62644e-05 -3.65709e-05 -2.62859e-05 0.000109889 -0.000130798 3.9539e-06 -2.1783e-05 2.01294e-05 -9.15277e-06 3.15336e-06 -3.22022e-07 3.84461e-05 -4.92545e-05 3.02068e-06 -5.92424e-05 -4.49947e-06 1.35953e-06 7.6131e-07 9.67143e-11 -1.0912e-05 2.71513e-06 -2.63646e-06 -1.36899e-07 3.50785e-06 -8.27923e-06 -8.80946e-07 2.09726e-05 1.4877e-06 3.99268e-07 -3.99536e-06 -1.84304e-06 -0.000161264 1.31772e-05 1.78349e-05 -2.00069e-06 3.21378e-06 -7.07075e-07 -3.91684e-07 1.10718e-06 -3.68741e-05 -5.33349e-05 -2.68441e-05 -2.65881e-05 -9.59069e-06 2.8673e-07 7.02877e-05 1.22132e-05 -4.14639e-05 4.10714e-06 5.01448e-07 -2.40321e-05 8.24146e-06 5.51402e-05 -1.67651e-05 9.3187e-05 -3.86144e-05 -1.11454e-05 -7.64324e-06 -3.29113e-06 4.49196e-06 4.48194e-06 1.88814e-05 4.22386e-06 3.01556e-05 -2.78475e-05 -6.04204e-06 -4.8203e-06 2.1111e-05 -2.71835e-05 -1.51785e-05 3.86939e-05 3.69133e-05 2.3431e-05 -8.57766e-05 -0.00019017 -6.31002e-05 0.000130582 -1.80695e-05 0.000132076 -1.54816e-05 4.27832e-06 3.14871e-05 2.17203e-05 1.35998e-05 -3.98774e-06 2.8219e-05 -5.6212e-06 4.64693e-05 -5.8051e-05 -0.000121462 2.77936e-06 -5.41751e-05 6.59829e-05 6.3836e-05 3.48068e-06 -5.93236e-06 -1.02221e-06 -1.69831e-05 6.72988e-05 4.73565e-05 -9.42858e-05 4.99215e-05 -2.5085e-05 -1.88045e-06 1.19529e-06 1.39554e-06 -4.73156e-06 3.37535e-06 -9.15497e-06 -2.49633e-05 -4.31077e-05 0.000267132 4.48023e-06 2.71552e-05
 -0.000152524 28.6099 -5.57813 -0.000424629 435.808 -305.109 -0.0653283 -0.0300841 0.857642 9.35847 0.825087 -18.1495 9.3957e-05 -1.24397 -0.00878436 1.07948e-05 -0.000689851 -0.0109862 4.27882e-05 -3.00259 1.16005 6.34802e-05 -3.27477 0.577353 11.5932 23.5052 -5.9621 4.24442 16.4332 -17.3521 13.9604 0.964986 -4.37411 9.13666 10.2895 -16.3857 3.79131 -0.727798 -0.019917 11.4823 -2.77216 -0.10535 7.6578 2.94519 -0.571566 0.00620054 0.428536 -0.712094 -2.1968 3.21946 -1.18449 -0.281349 2.30051 -3.64985 1.02372 -0.884085 1.18087 2.1999 4.79751 -7.03599 0.774939 -0.0633488 0.0877097 -2.13999 0.268404 -9.20591 -1.11588 0.357249 0.163012 4.72598e-05 -3.49478 0.858322 -0.44283 -0.021155 0.625701 -1.1555 -0.0501129 1.52104 0.00615948 0.00742783 -0.0381623 -2.89845 -1.13211 0.112703 2.50945 -0.282935 3.14929 0.0682326 0.0193262 -0.0882743 0.90655 0.0217248 1.82048 1.76437 0.877303 1.90666 1.4681 -1.65002 -0.630384 4.5153 1.07136 -1.24213 -0.936479 0.646723 -1.85783 3.22573 -0.399305 -0.853806 -0.804227 1.27463 0.00850729 -0.597193 -1.12974 -1.92505 0.375809 0.33981 -0.0992933 0.44474 2.37457 -1.49516 -1.72316 -0.413962 -0.0675608 3.08632 2.63851 -1.98098 -1.55807 3.70569 -7.59468 3.42899 0.373128 0.085951 -0.543939 -1.12173 -0.675298 -0.0981532 -0.194165 -1.40338 0.690461 0.904106 0.445989 -0.65149 -1.47582 0.0691837 0.0916145 -0.316604 0.739137 -0.705667 -3.24943 -0.0569123 1.59881 -1.78562 0.273825 -0.797195 -0.508895 -0.355045 -0.273108 0.152698 -0.0934069 -1.81962 -3.68197 -3.77877 71.5017 -25.9473 4.1379
 0.000107284 -20.121 3.92304 0.000300757 -305.109 215.791 0.0440529 0.0204794 -0.590793 -6.58258 -0.580429 12.7678 -6.57155e-05 0.867719 0.00619015 -7.44984e-06 -0.0053476 0.00796004 -3.01051e-05 2.10582 -0.813565 -4.46287e-05 2.29763 -0.405068 -8.14984 -16.5273 4.19213 -2.98688 -11.5552 12.2013 -9.81374 -0.680684 3.08297 -6.4239 -7.2357 11.5225 -2.66712 0.507591 0.0141852 -8.07106 1.94514 0.0740783 -5.38487 -2.07672 0.402624 -0.00631451 -0.303931 0.505145 1.5453 -2.2633 0.83357 0.19712 -1.6182 2.5662 -0.719882 0.621727 -0.831591 -1.54641 -3.37296 4.94668 -0.545241 0.0445749 -0.0568935 1.50417 -0.188743 6.47463 0.784908 -0.251283 -0.114829 -3.31003e-05 2.44736 -0.600985 0.308909 0.0147334 -0.436433 0.811274 0.0350615 -1.06524 -0.00491798 -0.00536076 0.0280906 2.03992 0.794964 -0.0791704 -1.7654 0.199038 -2.2136 -0.0479703 -0.0135836 0.0620568 -0.636846 -0.0146831 -1.27961 -1.24052 -0.617091 -1.34062 -1.03195 1.16031 0.443612 -3.17644 -0.753238 0.873749 0.658272 -0.455021 1.30634 -2.26821 0.280872 0.600172 0.565827 -0.895913 -0.00623238 0.419753 0.794174 1.35344 -0.26423 -0.238471 0.0698143 -0.312611 -1.66949 1.05139 1.21156 0.29091 0.0473775 -2.16986 -1.8543 1.39365 1.09584 -2.606 5.33957 -2.41128 -0.262153 -0.0605147 0.382324 0.788591 0.474753 0.0687298 0.136321 0.986519 -0.485785 -0.635506 -0.312933 0.458239 1.03789 -0.0489151 -0.0647124 0.222536 -0.519542 0.495936 2.28442 0.0396784 -1.12422 1.25566 -0.192938 0.560565 0.357693 0.249615 0.1919 -0.107308 0.0656253 1.27936 2.58795 2.65684 -50.2871 18.2657 -2.90819
 -2.24038e-06 0.40648 -0.082361 -2.17137e-06 -0.0653283 0.0440529 999.894 -0.0750107 0.688928 -0.0692881 -0.0152597 0.384754 1.23854e-05 -0.2264 -0.000117526 6.52068e-06 -0.201341 0.00762102 -6.80946e-07 -0.239294 0.0924661 1.98589e-06 -0.261091 0.0459227 0.108209 0.704946 -0.175656 0.0688776 0.755216 -0.797897 0.870692 -0.122628 0.36717 0.940738 0.1072 -0.229852 -0.067545 -0.12005 0.00440913 -0.0273176 -0.0891056 0.00129763 0.0640085 -0.380447 0.0449792 -0.0919402 -0.123194 0.208222 0.115419 -0.260135 -0.288187 0.311847 -0.125344 -1.64553 0.732785 -0.721887 -0.28467 -0.362991 0.278839 -0.0646702 -0.0521347 0.0045352 1.25246 -0.268394 0.00141273 0.317577 0.003975 -0.00115698 -0.00386478 4.77917e-06 -0.393786 0.0979239 -0.12333 -0.00691907 0.186422 -0.153793 -0.0220029 0.539359 0.023195 0.00302268 -0.030471 0.121837 -0.589898 0.0474125 -0.375183 0.0403857 -0.0630759 0.00178221 -0.000125798 -0.00167176 -0.289059 -0.322733 -0.214307 -0.185548 -0.0643037 0.023337 0.72102 0.528822 -0.832523 -0.128984 -0.0220133 0.256841 0.295064 -0.00988668 -0.0956217 0.171399 0.142959 -0.222052 -0.0153021 -0.00695691 -0.0301774 -0.0423421 -0.0529552 -0.0287616 -0.0538101 -0.0764365 0.318687 -0.514452 0.0922654 0.0387186 -0.00889692 -0.0406586 0.0359188 0.024195 -0.050781 -0.0588779 -0.107463 0.130307 0.256728 -0.227499 0.0640827 0.027838 0.110512 -0.449419 0.16252 -0.118748 0.0708091 0.172164 -0.378888 -0.119303 -0.050279 0.305747 -0.186049 0.23878 0.187618 -0.0349379 0.0966537 -0.112818 0.0555602 0.0682201 0.263393 0.316341 0.107005 -0.0788478 -0.0465932 0.010031 -0.0163112 -0.0567557 0.0273595 -0.303066 -0.911171 -0.58831 6.50587 3.91892 1.11322
 -2.21785e-07 0.153295 -0.0309466 -4.92419e-07 -0.0300841 0.0204794 -0.0750107 3.87548 -54.4313 -0.0358421 -0.00676823 0.165701 4.20808e-06 -0.075029 -4.36209e-05 2.3321e-06 -0.0660444 0.00249946 2.68356e-07 -0.0620597 0.0239736 1.01498e-06 -0.093648 0.0165849 0.00318244 0.392021 -0.0964626 0.0282526 0.266805 -0.281738 0.239611 -0.0571459 0.182562 0.220374 0.129581 -0.21328 -0.0090995 -0.0395 0.00112201 0.0254529 -0.0356778 -3.98526e-06 0.00781395 -0.107975 0.0124209 -0.0288153 -0.0406871 0.0689256 0.0382339 -0.113771 -0.151434 0.155508 0.0136053 -0.630536 0.140901 -0.106445 -0.0963717 -0.14138 0.0932538 -0.00870272 -0.0272451 0.00257079 0.448448 -0.0511661 0.000158989 0.0665605 0.002552 -0.000743566 -0.00188348 1.74396e-06 -0.136562 0.0340005 -0.0419098 -0.00232262 0.0626498 -0.0652161 -0.00898895 0.216528 0.00609393 0.00105427 -0.0110358 0.0573482 -0.039273 0.00321952 -0.126662 0.0135504 -0.0232422 0.00120165 0.000617133 -0.00183277 -0.0991455 -0.117457 -0.0491141 -0.0233896 0.00576281 0.0158154 0.536986 -0.169382 -0.308849 -0.0411167 0.0127668 0.343339 0.113632 -0.0260971 -0.22828 -0.055467 0.129758 -0.0688699 0.0185888 -0.0107809 -0.0250743 -0.0325573 -0.0409767 -0.0170429 -0.0267687 -0.0839362 0.211572 -0.171387 0.00849699 -0.000909156 0.0441358 -0.0257701 0.0163112 0.00397523 0.00742816 -0.0147646 -0.0897517 0.0238887 0.0272175 -0.0521609 0.0351211 0.0263022 0.0338554 -0.111228 0.0246099 -0.0132447 0.0164869 -0.0435313 -0.127794 0.0522307 0.088049 0.103867 -0.0334146 0.0645913 0.00669582 -0.0601167 -0.0448139 0.0669885 -0.0212047 0.114597 0.162579 0.0284716 -0.0496641 -0.0339436 -0.0184179 -0.000416141 -0.00783678 -0.0203666 0.00941228 -0.111717 -0.330685 -0.192239 2.42172 1.41739 0.409706
 2.24638e-06 -2.45595 0.498183 1.17969e-05 0.857642 -0.590793 0.688928 -54.4313 992.188 0.772628 0.136894 -3.31841 -7.9225e-05 1.42028 0.000596258 -4.27493e-05 1.24285 -0.0472232 -3.16382e-06 1.16309 -0.449477 -1.85377e-05 1.73324 -0.307086 -0.0769766 -6.94892 1.71044 -0.455462 -4.68383 4.94596 -4.32662 1.09302 -3.50908 -3.99339 -2.21852 3.66643 0.178051 0.791502 -0.0237148 -0.514092 0.706022 6.42961e-05 -0.139942 2.10723 -0.244211 0.567981 0.785794 -1.33201 -0.746718 2.04848 2.7101 -2.78595 -0.170312 11.3364 -2.56838 1.95646 1.71723 2.54677 -1.68541 0.16427 0.507498 -0.0477825 -8.21463 0.958787 -0.00281748 -1.25255 -0.0547161 0.016166 0.0357928 -3.36982e-05 2.59188 -0.646213 0.805936 0.0450619 -1.20798 1.18895 0.16336 -3.93406 -0.113626 -0.022031 0.225458 -1.16756 0.78359 -0.0633183 2.32354 -0.24864 0.456592 -0.021462 -0.0111029 0.0328151 1.77116 2.10531 0.877021 0.425057 -0.0804161 -0.262167 -9.65005 2.97344 5.53314 0.897636 -0.10621 -6.19911 -2.04848 0.465149 4.08904 0.989598 -2.33193 1.24485 -0.351903 0.183437 0.453498 0.586029 0.737693 0.305571 0.471321 1.49134 -3.80921 3.08386 -0.152956 0.00287544 -0.79722 0.459579 -0.298511 -0.0768086 -0.140476 0.260671 1.60299 -0.421798 -0.51298 0.940958 -0.63875 -0.473127 -0.614133 2.00005 -0.450254 0.245966 -0.297246 0.780821 2.30816 -0.933737 -1.58711 -1.88547 0.595224 -1.16804 -0.124371 1.07948 0.801544 -1.2006 0.377784 -2.06235 -2.92783 -0.515203 0.898993 0.610297 0.332242 0.00466607 0.142452 0.366845 -0.168551 2.00799 5.97454 3.45085 -42.9717 -26.3242 -7.40772
 -7.32659e-05 13.0218 -2.53904 1.88182e-05 9.35847 -6.58258 -0.0692881 -0.0358421 0.772628 911.761 -6.92094 138.175 0.000100333 -1.86107 2.06876e-05 4.45382e-05 -1.40881 0.0544721 2.46533e-05 -2.3506 0.912593 2.14687e-05 -2.37306 0.422861 5.51297 5.71286 -1.49319 1.25466 4.81357 -5.08513 5.60248 0.658556 -2.71316 5.3333 3.0057 -4.97932 1.75219 -0.15204 -0.0135076 4.7435 -1.34647 -0.0374985 2.79171 0.81422 -0.170633 0.022698 0.119851 -0.199437 0.733443 0.505582 -5.48106 3.84598 0.0873314 -3.00836 2.82356 -3.12395 -0.586531 2.38505 0.322074 -1.88211 0.8771 -0.0744733 0.396622 3.5447 -0.00359863 -4.63785 -0.267047 0.0869352 -0.0384773 2.1725e-05 -2.25494 0.557791 -0.238143 -0.00759972 0.249518 -0.649924 -0.0407602 1.31513 -0.192467 -0.0996523 0.891273 -1.62814 -5.21674 0.440907 0.190968 -0.0265589 2.37529 -0.00288655 -0.0129651 0.0159438 -0.46547 -7.18078 2.63255 6.08679 5.6862 8.0849 -6.29656 -5.5699 5.55855 5.11245 0.769091 -8.55075 2.93742 -1.46204 -3.09387 3.22625 8.82008 12.8131 -16.667 2.50971 1.88735 0.866237 -0.2626 -0.672499 -0.772972 2.68685 -4.93622 0.522923 3.23108 -3.2972 0.887401 0.121586 -1.56144 0.268206 -0.322685 0.99314 -4.76693 9.17509 -9.60346 6.65968 -1.77336 -0.70399 1.54031 -5.37047 0.655948 -3.35628 -1.05953 1.31582 -0.176685 -0.385638 -0.888576 -0.827967 -1.09588 1.34649 0.144073 -2.51997 0.463537 0.896782 -1.08215 0.347352 -1.70284 1.28365 1.95896 -1.14805 -2.49154 -0.747523 -0.667826 0.0933125 0.0197966 -0.9134 -1.70128 2.66211 38.0388 -16.0597 1.92829
 -4.85037e-06 1.10827 -0.216166 2.28703e-06 0.825087 -0.580429 -0.0152597 -0.00676823 0.136894 -6.92094 2.45901 -35.0718 7.99664e-06 -0.145156 -2.94632e-05 4.27718e-06 -0.122762 0.00466257 2.44787e-06 -0.211813 0.0820885 2.25514e-06 -0.218648 0.0388347 0.223942 0.828425 -0.207012 0.14335 0.60256 -0.636208 0.378405 0.00174331 -0.0319469 0.14492 0.42838 -0.665359 0.150324 -0.0261104 -0.000791501 0.137433 -0.0524503 -0.00137603 0.0415558 0.106452 -0.0156143 -0.0141383 -0.0140219 0.0240869 -0.113439 0.032459 0.0191603 -0.0226872 0.117393 -0.35242 -0.040527 0.0854084 -0.102361 -0.014544 0.135055 -0.139204 0.0254446 -0.00237261 0.150166 0.0645864 0.00125682 -0.145086 -0.0152944 0.00500979 -0.00173333 1.98205e-06 -0.18184 0.0450404 -0.0348828 -0.00160494 0.04534 -0.0163038 -0.000221926 0.0130881 -0.0156128 -0.00579493 0.0510931 -0.123825 0.347268 -0.027323 0.0354752 -0.0043802 0.15777 0.00322147 0.00129004 -0.00454721 -0.0546372 -0.271354 0.355541 0.634465 0.512071 0.658303 -0.324767 -0.244402 -0.0892076 0.200718 0.0149124 -0.136677 0.427888 0.011255 -0.521346 -0.271542 0.176091 0.459411 -0.243578 -0.0141686 -0.0415043 -0.0185462 -0.046229 -0.0586933 -0.0719897 0.0724103 -0.169969 -0.0373257 0.121996 -0.108011 -0.0114431 -0.0334655 -0.0656539 0.00449052 0.0593071 -0.0209766 -0.149053 0.327688 -0.300686 0.0267968 -0.00592711 -0.0465115 0.0401485 -0.257722 0.0307434 -0.0697072 -0.031607 -0.0341336 -0.0933427 0.0423855 0.0150012 -0.0650188 -0.0700159 0.00204372 0.0253579 -0.0825803 0.0226585 -0.0161822 -0.0956749 0.0118055 0.0618621 0.0021646 -0.0217838 -0.0299916 -0.0416388 -0.0246701 -0.0253877 -0.00173385 0.00292708 -0.0995451 -0.234506 -0.207225 3.31638 -0.496471 0.274861
 0.000105844 -24.4517 4.76939 -4.79576e-05 -18.1495 12.7678 0.384754 0.165701 -3.31841 138.175 -35.0718 777.439 -0.00018244 3.3204 0.000435246 -9.70296e-05 2.82722 -0.107669 -5.33691e-05 4.83587 -1.87441 -4.9083e-05 4.94848 -0.879072 -5.03116 -18.1321 4.53324 -3.13735 -13.1968 13.9339 -8.54543 0.0337887 0.468452 -3.34003 -9.33199 14.5072 -3.33923 0.696673 0.0124608 -3.10378 1.25827 0.0301948 -0.930037 -2.18303 0.323849 0.366582 0.380417 -0.65247 2.48423 -0.750888 -0.187606 0.340241 -2.47693 7.77853 0.785086 -1.75207 2.25768 0.237642 -2.93551 3.07432 -0.578899 0.0537607 -3.25976 -1.51298 -0.0281299 3.33956 0.321949 -0.10569 0.0452067 -4.62019e-05 4.19305 -1.03962 0.831175 0.038903 -1.08768 0.306775 -0.000112713 -0.173376 0.337268 0.12474 -1.1006 2.81502 -7.43532 0.583946 -0.776083 0.0959513 -3.48444 -0.0699385 -0.0277096 0.0984216 1.2143 5.97996 -7.85845 -13.847 -11.0191 -14.2945 7.15541 5.54691 1.88041 -5.17362 -0.483867 3.33149 -9.42328 -0.191418 11.4729 5.81988 -4.12244 -10.4466 5.86501 0.221591 0.845482 0.372828 1.01752 1.30738 1.59639 -1.66998 3.87544 0.792446 -2.76362 2.46406 0.222293 0.727905 1.48424 -0.110332 -1.28142 0.427749 3.40467 -7.44627 6.8656 -0.79685 0.185166 1.0354 -0.926144 5.78807 -0.694416 1.62634 0.725008 0.706927 2.04742 -0.911039 -0.305038 1.43701 1.56088 -0.0843108 -0.556456 1.87921 -0.508131 0.323994 2.11908 -0.268212 -1.29515 -0.0873391 0.414442 0.689862 0.986206 0.562782 0.576144 0.0351066 -0.0649811 2.19611 5.15851 4.41723 -73.4068 11.3187 -6.04504
 4.20505e-10 -0.000100545 2.03629e-05 2.67343e-10 9.3957e-05 -6.57155e-05 1.23854e-05 4.20808e-06 -7.9225e-05 0.000100333 7.99664e-06 -0.00018244 1000 7.54803e-05 -5.78494e-06 -1.07607e-09 4.81549e-05 -1.48446e-06 2.22977e-10 3.77198e-05 -1.44698e-05 -2.00779e-10 4.90042e-05 -8.45633e-06 -0.000270028 -0.000596747 0.000152109 -2.62519e-05 -0.000189856 0.000200452 -7.83397e-05 3.78145e-05 -0.000125416 -0.000129013 7.87595e-05 -0.000111399 0.000116034 3.2046e-05 -1.00058e-06 -0.000394903 0.000147965 4.4602e-06 -3.28397e-05 0.00017648 -2.00905e-05 2.30044e-05 3.43682e-05 -5.86036e-05 7.32692e-05 4.26783e-05 -0.000171314 0.000108486 2.12432e-05 6.80066e-05 7.22611e-06 -1.54596e-05 0.000140384 -1.9415e-05 -4.77097e-05 5.82245e-05 -9.8405e-06 1.01161e-06 -0.000185729 2.66888e-05 8.72586e-07 -7.78907e-05 -3.71317e-07 1.44151e-07 -1.0673e-06 -9.27097e-10 7.85671e-05 -1.92066e-05 1.44894e-05 7.76508e-07 -2.02126e-05 2.61391e-05 3.83596e-06 -9.93012e-05 1.40651e-06 1.36312e-06 -1.33648e-05 -4.24634e-05 0.000266118 -2.11341e-05 2.35474e-05 -2.38612e-06 6.16476e-06 -8.36576e-07 -1.32974e-07 9.77567e-07 -4.52999e-05 -1.90108e-05 4.98527e-05 6.81829e-05 3.17519e-05 1.4876e-05 -1.45204e-05 2.93849e-06 -8.53987e-05 9.86929e-06 1.22893e-05 0.000303433 0.000125168 -0.000184106 -9.06908e-05 3.82541e-05 2.81449e-05 5.14623e-05 5.64243e-05 -5.48524e-08 -9.43741e-05 -3.51695e-06 5.77243e-05 8.36786e-06 -5.29438e-05 -2.7521e-05 -5.62553e-05 4.99762e-05 3.91956e-05 1.81832e-05 -4.1373e-06 -1.50189e-05 -2.60818e-05 5.68964e-06 -1.51009e-05 -2.15626e-05 -3.65746e-05 -2.6665e-05 -2.62902e-05 -3.11081e-05 -9.96049e-06 1.11778e-05 1.83536e-05 3.16072e-05 2.48101e-05 2.36717e-05 7.50921e-06 -8.49635e-06 -4.6905e-05 -5.80265e-05 -2.63697e-05 8.32479e-06 3.29707e-05 -1.47238e-05 -4.60119e-05 -6.34734e-06 -1.61522e-05 7.46065e-06 -1.82346e-05 -1.32684e-05 3.33965e-06 2.41023e-05 2.62786e-05 -2.08131e-05 -8.28937e-06 -1.34392e-05 -8.31746e-06 -5.32243e-07 3.80751e-06 3.36018e-05 9.7874e-05 7.10582e-05 -0.000808531 -0.000302058 -0.00011657
 -1.47122e-05 2.44127 -0.490731 -4.24023e-06 -1.24397 0.867719 -0.2264 -0.075029 1.42028 -1.86107 -0.145156 3.3204 7.54803e-05 998.4 -1.89777 1.66809e-05 -0.95847 0.0301295 -8.08653e-06 -0.648653 0.248138 -1.95628e-06 -0.843525 0.144266 7.00249 12.7198 -3.26743 0.61846 4.20774 -4.44357 2.37035 -0.71665 2.31289 3.78706 -0.684718 0.778211 -2.98864 -0.743381 0.0267143 6.91994 -2.92728 -0.0832039 0.772994 -4.29994 0.491375 -0.479284 -0.744465 1.26759 -1.41096 0.167103 3.19568 -2.39628 -0.900361 -0.885057 0.641856 -0.699837 -3.30275 1.03752 0.818698 -1.39653 0.179066 -0.0170239 2.87841 -0.205191 -0.018736 1.18489 -0.00611387 0.00147897 0.0257423 1.65547e-05 -1.47626 0.358895 -0.238642 -0.0121674 0.32069 -0.555549 -0.0764707 1.98557 -0.0280882 -0.0262071 0.259569 1.01787 -7.71829 0.622668 -0.334765 0.0327743 -0.157973 0.0149463 0.00267902 -0.0177726 1.41607 0.818054 -1.10925 -1.64158 -0.771877 -0.376396 0.604894 0.189408 1.52957 -0.145308 -0.189744 -5.14214 -3.16315 3.02337 2.87451 -0.66001 -0.663296 -1.31197 -0.272884 0.298072 1.64375 0.132963 -1.23267 -0.719637 1.52311 0.875114 1.45673 -0.940546 -0.634863 -0.1588 0.216776 0.33697 0.54796 -0.000795975 0.351524 0.52367 0.670647 0.519109 0.570972 0.60266 0.156872 -0.308329 -0.554655 -0.789665 -0.470208 -0.483884 -0.286697 0.0145664 0.632273 0.749607 0.296271 0.00337727 -0.273055 0.36375 0.792026 0.0305198 0.195315 -0.281771 0.226447 0.141898 -0.182081 -0.876534 -1.0419 0.0872371 0.0433538 0.152865 0.0700126 0.106092 -0.122438 -0.533011 -1.54895 -1.1684 13.0741 4.44068 1.83275
 1.67663e-07 -0.0197041 0.00386606 3.61298e-08 -0.00878436 0.00619015 -0.000117526 -4.36209e-05 0.000596258 2.06876e-05 -2.94632e-05 0.000435246 -5.78494e-06 -1.89777 0.819875 2.09999e-07 -0.00591678 0.000262108 1.59338e-08 -0.00283979 0.00111697 4.60734e-08 -0.00408939 0.00074868 -0.0232271 -0.04331 0.0110698 -0.00433414 -0.0194715 0.0205584 -0.00908874 -0.000377965 0.001996 -0.0123265 -0.00413984 0.00720926 -0.00107835 -0.00220428 0.000166738 -0.0298102 0.0053981 0.000331832 -0.00899683 0.00175921 5.27079e-05 -0.000278834 -0.0011158 0.0018634 0.00156669 -0.00163547 -0.00966983 0.00776232 0.000491182 0.000722509 -0.00338256 0.0040751 0.00358545 -0.00354615 -0.0040725 0.00675861 -0.000894275 8.08783e-05 -0.00272853 -0.000554604 2.79546e-05 -0.000614235 2.09098e-05 -6.34705e-06 -2.78205e-05 8.27579e-08 -0.00516991 0.00136305 -0.000461353 -2.55226e-05 0.000580579 0.000379521 6.48368e-06 -0.000536273 -0.000223034 -0.00016752 0.00137486 -0.00336701 0.0213839 -0.00171456 -0.000355195 4.75802e-05 -0.00041102 -5.12613e-05 -8.57536e-06 6.03408e-05 -0.00400822 -0.00122907 0.00151383 0.0026813 0.00144769 0.00105865 -0.000708724 -0.000710547 -0.00404535 -0.000619173 0.00111107 0.0136851 0.00809376 -0.00775264 -0.00749113 0.00130607 0.001433 0.00324635 0.00088248 -0.00121207 -0.00435628 -8.3541e-05 0.00377529 0.00233514 -0.00412463 -0.0025281 -0.00394154 0.00252499 0.00153058 0.000292192 -0.000719605 -0.00094075 -0.00136168 1.14791e-05 -0.000997304 -0.00144102 -0.00153543 -0.00162998 -0.000949319 -0.00186325 -0.000279804 0.00086459 0.00175102 0.00237087 0.0014339 0.00117077 0.000699823 -0.000299775 -0.00194042 -0.00187838 -0.000245165 0.000502616 0.000932647 -0.000845614 -0.00195858 5.79671e-05 -0.000362866 0.000751789 -0.000339378 -0.000169637 0.000579606 0.00235217 0.00269606 -2.88117e-05 -4.2185e-05 -0.00028284 -0.000162655 -0.000362815 0.000350993 0.00145689 0.00335251 0.0029986 -0.0512093 0.0114496 -0.00379529
 -1.31029e-10 -6.92557e-05 1.37912e-05 -2.19033e-11 1.07948e-05 -7.44984e-06 6.52068e-06 2.3321e-06 -4.27493e-05 4.45382e-05 4.27718e-06 -9.70296e-05 -1.07607e-09 1.66809e-05 2.09999e-07 1000 2.27138e-05 -3.34427e-06 -3.99187e-10 2.66187e-05 -1.01868e-05 -5.96313e-10 2.83095e-05 -4.83364e-06 3.22579e-05 2.02507e-05 -5.64201e-06 -7.60622e-06 -5.49579e-05 5.79921e-05 2.89508e-05 1.73479e-05 -6.29133e-05 6.91397e-05 1.82211e-05 -3.31208e-05 -1.68668e-05 4.79994e-06 -4.93886e-08 -0.000125553 3.20232e-05 1.07329e-06 -3.17571e-05 1.44425e-05 -7.93488e-07 7.37955e-06 1.22131e-05 -2.08852e-05 7.4116e-05 1.31003e-06 -0.00021359 0.000155747 -2.26122e-05 8.47525e-05 3.20978e-05 -4.80035e-05 1.80469e-05 3.26361e-05 -4.68728e-05 3.15945e-05 5.83905e-06 -4.98878e-07 -0.000105811 4.0119e-05 -4.37983e-07 -3.64209e-05 -1.92731e-06 5.95526e-07 3.45782e-07 -5.20045e-10 3.43478e-05 -8.38731e-06 9.47018e-06 5.74215e-07 -1.48095e-05 5.10759e-06 1.22098e-06 -3.30558e-05 -1.21875e-06 5.82349e-07 -6.3048e-06 4.32711e-06 -0.000283437 2.39295e-05 2.73358e-05 -2.93069e-06 2.41213e-06 -1.11618e-06 -3.11355e-07 1.43901e-06 -1.47913e-05 5.49574e-05 2.1347e-05 7.29123e-06 3.52079e-06 2.92229e-06 5.87513e-05 5.63928e-06 -0.000180393 1.91145e-05 2.1214e-05 0.000300488 -2.19583e-05 0.000111193 -7.17719e-05 7.61198e-06 6.77054e-05 -3.08096e-05 4.43227e-05 -4.04762e-06 -3.75787e-05 -2.22652e-05 -1.2855e-05 9.16197e-06 -1.78908e-06 4.18756e-05 -2.15014e-05 -2.73009e-06 -3.86871e-05 4.45858e-06 1.6384e-05 1.04502e-05 -6.08795e-06 -5.26456e-06 -1.85379e-05 -6.61594e-06 -1.89076e-05 -2.31152e-05 -2.80103e-05 -3.45505e-06 -1.12737e-05 2.00632e-06 -1.62456e-06 1.10543e-05 5.6936e-06 -9.51604e-06 -1.39128e-05 -1.20579e-05 -1.47937e-05 -3.59014e-05 -4.59646e-05 -2.0753e-06 7.53989e-06 -1.02341e-05 2.49706e-06 4.42268e-06 -2.13848e-05 2.83397e-05 -4.60621e-06 -2.44955e-05 -1.53513e-05 -1.8378e-05 -1.48917e-05 -1.90783e-05 -5.48187e-06 -1.02165e-05 -7.33563e-06 6.71235e-06 1.11198e-06 2.45276e-05 7.44471e-05 4.38768e-05 -0.000531702 -0.000310068 -8.97815e-05
 -9.93069e-06 2.6902 -0.535669 -1.44341e-06 -0.000689851 -0.0053476 -0.201341 -0.0660444 1.24285 -1.40881 -0.122762 2.82722 4.81549e-05 -0.95847 -0.00591678 2.27138e-05 997.558 -40.1686 4.76277e-07 -0.681456 0.260778 4.31546e-06 -0.757239 0.129536 3.18124 3.43882 -0.910252 0.363312 2.69592 -2.84793 1.46429 -0.46537 1.51211 2.13929 0.00713765 -0.159896 -1.22414 -0.427341 0.0163228 3.45236 -1.44809 -0.0383181 1.53464 -2.61141 0.274178 -0.324642 -0.528116 0.898786 -1.41946 1.50228 3.84696 -3.39159 -0.339052 -1.36588 0.353659 -0.292638 -1.93855 0.567209 1.33111 -1.77252 -0.144117 0.0158584 2.64432 -0.491867 -0.00164693 0.80618 0.0180463 -0.00533221 0.00323335 1.44543e-05 -1.10144 0.268788 -0.259968 -0.0146546 0.384083 -0.370543 -0.0579597 1.53458 -0.0188752 -0.0274636 0.276343 0.303843 0.0415934 -0.0141838 -0.631865 0.06583 -0.134468 0.0297581 0.00717772 -0.03724 1.44454 -0.600192 -0.988253 -1.04586 -0.491612 -0.246223 -0.679591 0.508496 3.75759 -0.374485 -0.47926 -7.81525 -2.00327 0.427397 4.16142 0.955463 -3.25294 -2.6421 2.37789 -0.188061 1.2572 0.628301 0.150842 -0.43277 -0.448779 0.604421 0.657956 0.112156 0.510753 0.430862 -0.09367 -0.0255804 0.218102 0.216359 0.671609 0.47827 0.654022 0.641152 0.86601 0.450617 0.448728 0.163067 -0.226117 -1.23529 -0.275886 -0.00245736 0.220794 0.156562 0.269049 0.446747 0.677204 0.276534 0.188217 -0.164139 0.0354484 0.117646 0.471569 -0.751339 -0.632486 0.421242 0.304323 -0.245592 -0.536156 -0.41937 -0.160629 0.039143 0.0369706 -0.0100846 -0.124292 -0.593965 -1.77175 -1.07656 13.3713 6.76184 2.13616
 5.66105e-07 -0.122041 0.0242405 9.89539e-08 -0.0109862 0.00796004 0.00762102 0.00249946 -0.0472232 0.0544721 0.00466257 -0.107669 -1.48446e-06 0.0301295 0.000262108 -3.34427e-06 -40.1686 2.48589 1.81534e-08 0.0227915 -0.00868785 -8.58716e-08 0.0249711 -0.0042239 -0.132816 -0.148009 0.0390726 -0.0174714 -0.11657 0.123142 -0.0618949 0.0173935 -0.0559948 -0.0889309 -0.00461315 0.0132543 0.0463619 0.0153532 -0.000549214 -0.146388 0.0574996 0.00162732 -0.0667539 0.0997272 -0.0102381 0.0117596 0.0187678 -0.0319676 0.0560984 -0.0623636 -0.159055 0.140396 0.0125403 0.0556087 -0.0148757 0.0124985 0.0758964 -0.0236323 -0.0559276 0.07472 0.00542732 -0.000608228 -0.104005 0.019219 5.10081e-05 -0.0309713 -0.000509747 0.000143737 -9.28836e-05 -4.52161e-07 0.0382667 -0.00926137 0.00965695 0.000542492 -0.0143113 0.0144818 0.00219825 -0.0586602 0.000156373 0.000797657 -0.00844851 -0.0144534 -0.00219252 0.000628165 0.0246632 -0.00256402 0.00448117 -0.00122954 -0.000294919 0.00153702 -0.0591804 0.0219486 0.0400981 0.0462435 0.02273 0.0120181 0.0277428 -0.0212059 -0.152992 0.0100033 0.0178451 0.321314 0.0822868 -0.0179494 -0.170725 -0.0394191 0.133489 0.108643 -0.0975949 0.00763012 -0.0517517 -0.0256434 -0.00585227 0.018008 0.0184505 -0.0249298 -0.0270234 -0.00461723 -0.0210286 -0.0176279 0.00381443 0.00102786 -0.00889087 -0.00885234 -0.0275226 -0.0196404 -0.0266416 -0.0265865 -0.0350233 -0.0187225 -0.0182944 -0.00669633 0.00946928 0.050889 0.0114707 -5.08813e-05 -0.00909681 -0.00660792 -0.0113375 -0.0184197 -0.0274703 -0.0109413 -0.00751359 0.00675492 -0.00152453 -0.00482717 -0.0192827 0.0306587 0.0260069 -0.0171997 -0.012454 0.010097 0.0218774 0.0172979 0.00657759 -0.00156974 -0.00158163 0.000384666 0.00509444 0.0244678 0.0720602 0.0442985 -0.56721 -0.253544 -0.0867084
 -8.84192e-10 1.31616e-05 -2.5774e-06 -1.29149e-10 4.27882e-05 -3.01051e-05 -6.80946e-07 2.68356e-07 -3.16382e-06 2.46533e-05 2.44787e-06 -5.33691e-05 2.22977e-10 -8.08653e-06 1.59338e-08 -3.99187e-10 4.76277e-07 1.81534e-08 1000 4.89352e-06 -1.58776e-06 -5.64393e-10 9.96114e-06 -1.80188e-06 6.66813e-05 -4.88083e-06 -2.47792e-07 8.76387e-06 6.07659e-05 -6.42001e-05 7.70297e-05 9.67702e-06 -3.9416e-05 0.000146264 -4.47911e-05 5.77911e-05 -3.95978e-05 -4.18434e-06 4.12194e-07 -5.5292e-05 2.68402e-06 2.92628e-07 -1.29227e-05 -3.8105e-05 5.01702e-06 -1.29063e-06 -1.01621e-06 1.63392e-06 4.37503e-05 1.50657e-05 -0.000100393 6.74497e-05 -3.82228e-05 2.24994e-05 7.26683e-05 -9.07436e-05 -2.11555e-05 2.53213e-05 -8.47722e-06 -5.19329e-06 -3.52352e-06 4.65582e-07 -4.924e-05 1.36734e-05 -2.676e-07 -5.85777e-06 -1.61144e-06 4.94635e-07 3.74088e-07 -1.70863e-10 1.01268e-06 -3.05035e-07 9.65847e-07 1.15137e-07 -3.15175e-06 3.45848e-06 4.75438e-07 -1.05476e-05 4.75013e-07 1.67056e-07 -1.39282e-06 4.79165e-06 -0.000357344 2.95315e-05 9.90207e-06 -1.09735e-06 -2.92519e-06 -8.86223e-07 -3.08054e-07 1.2039e-06 3.26299e-06 -8.19383e-05 -5.40076e-05 -4.77299e-05 -9.67356e-06 2.01907e-05 0.000182415 0.000352596 -0.000228815 -1.88679e-05 -1.40969e-05 -8.12862e-05 -6.22455e-05 0.000123378 2.45502e-05 8.21403e-06 6.83077e-05 -1.41256e-06 -2.90824e-05 5.17154e-06 2.52912e-05 -1.94118e-05 -2.13906e-05 -1.56071e-05 -7.13811e-06 1.05968e-05 1.45507e-05 -1.04999e-05 -4.01836e-06 1.42084e-07 1.05329e-05 1.19958e-05 2.15645e-07 2.33093e-06 -1.51944e-05 -8.09994e-06 -4.68387e-06 2.24653e-06 3.45666e-06 -4.03093e-06 1.18622e-05 -1.91307e-07 -6.06259e-06 -5.58225e-06 -1.63089e-06 -1.0665e-05 1.20936e-06 1.65258e-05 1.30909e-07 -5.26372e-05 -5.34576e-05 2.41003e-05 1.54626e-05 -1.06736e-05 3.98661e-06 1.3592e-05 -8.69645e-06 3.11753e-05 -7.98721e-06 5.80341e-08 -5.73154e-06 -2.12997e-05 -2.42991e-05 -2.16446e-05 -6.44429e-06 -6.43145e-06 -5.5707e-06 3.03095e-06 -5.25702e-07 4.10908e-06 1.31726e-05 2.60102e-06 -8.9427e-05 -5.03714e-05 -1.48988e-05
 -2.27641e-05 2.17846 -0.437519 -1.93305e-06 -3.00259 2.10582 -0.239294 -0.0620597 1.16309 -2.3506 -0.211813 4.83587 3.77198e-05 -0.648653 -0.00283979 2.66187e-05 -0.681456 0.0227915 4.89352e-06 865.096 -335.952 1.76964e-05 -1.82219 0.323895 -0.91474 5.11246 -1.23877 -0.197266 -0.325044 0.343012 -0.529249 -0.888542 3.13941 -0.223678 2.68945 -4.09017 0.406524 -0.320668 0.00372455 2.21871 -0.694993 -0.015936 0.335243 -0.438158 0.03824 -0.266155 -0.364993 0.621658 -1.0123 -0.636259 3.4462 -2.27636 0.949626 -3.4244 -1.47824 2.15795 -0.686252 -1.84701 1.29192 -0.246346 -0.129014 0.0126758 4.59927 -2.07333 0.0497953 0.69623 -0.0304446 0.010162 -0.000863238 1.41872e-05 -1.16806 0.29425 -0.477058 -0.0305348 0.796757 -0.569747 -0.0817244 1.97347 -0.136189 -0.0518306 0.473539 -1.17556 3.22704 -0.252322 -1.02619 0.110726 -0.00287274 0.045975 0.000349651 -0.0467399 -0.520238 4.56297 0.481873 -1.01621 -1.70571 -1.06641 -33.2679 16.1776 2.37066 2.46101 0.937898 4.00574 -6.68516 1.28397 2.44976 -0.943856 0.264143 -1.20564 -0.226911 -0.0154253 1.34714 0.279463 0.20546 0.686315 1.11574 0.190223 -0.260973 -0.498862 0.946488 -0.190379 -0.278925 0.0405895 0.720431 1.72487 -0.441339 -0.0367314 0.456018 0.175938 0.820779 -0.901829 0.204957 -0.00408502 0.403122 -0.406876 0.189292 0.577631 0.833001 0.416577 0.146451 1.32766 1.02474 -0.292308 -0.423992 -0.724181 -0.0646342 0.0986067 0.277813 1.12673 -0.0791954 0.528705 1.05553 0.373416 0.290486 -0.932959 -0.391104 -0.044486 0.0587509 -0.33177 0.06642 -0.80822 -2.3479 -1.33597 18.3172 8.93579 2.88792
 8.98866e-06 -0.861237 0.172884 7.32981e-07 1.16005 -0.813565 0.0924661 0.0239736 -0.449477 0.912593 0.0820885 -1.87441 -1.44698e-05 0.248138 0.00111697 -1.01868e-05 0.260778 -0.00868785 -1.58776e-06 -335.952 131.936 -6.90534e-06 0.707401 -0.125735 0.356596 -1.99535 0.483483 0.0758884 0.122301 -0.129061 0.204939 0.344706 -1.21792 0.0870133 -1.05133 1.59894 -0.158967 0.122348 -0.00133761 -0.8624 0.268886 0.00620585 -0.13037 0.165881 -0.0142956 0.102292 0.140327 -0.239007 0.393514 0.248224 -1.34226 0.88649 -0.37047 1.3345 0.576722 -0.841752 0.266828 0.719454 -0.5033 0.0960739 0.0496718 -0.00488673 -1.78617 0.806692 -0.0194177 -0.268918 0.0120853 -0.00402901 0.000245149 -5.45352e-06 0.452566 -0.113993 0.184875 0.0118219 -0.3086 0.221372 0.0317695 -0.767208 0.0517277 0.0199426 -0.182179 0.461359 -1.2576 0.0983115 0.398308 -0.0429773 0.00100099 -0.0179132 -0.000132066 0.018207 0.203108 -1.77505 -0.191381 0.391962 0.664116 0.423039 12.9664 -6.31206 -0.920094 -0.959978 -0.368413 -1.55966 2.60494 -0.501012 -0.954226 0.367771 -0.103298 0.469552 0.0890275 0.00619298 -0.525166 -0.108793 -0.0799743 -0.267273 -0.434372 -0.0737167 0.101727 0.194358 -0.368868 0.0744601 0.108714 -0.0157985 -0.280578 -0.671868 0.172166 0.0144586 -0.177361 -0.0688471 -0.319283 0.351235 -0.0797912 0.00147079 -0.156975 0.158597 -0.0736579 -0.225322 -0.324592 -0.162476 -0.0573096 -0.517185 -0.398901 0.114082 0.165256 0.282118 0.0250559 -0.0385413 -0.10819 -0.439204 0.0308614 -0.206025 -0.411215 -0.145533 -0.113423 0.363454 0.152242 0.0173267 -0.0230244 0.129253 -0.0259114 0.314966 0.913861 0.520816 -7.15846 -3.45155 -1.12385
 -5.94515e-10 1.02221e-05 -1.95593e-06 -1.60329e-11 6.34802e-05 -4.46287e-05 1.98589e-06 1.01498e-06 -1.85377e-05 2.14687e-05 2.25514e-06 -4.9083e-05 -2.00779e-10 -1.95628e-06 4.60734e-08 -5.96313e-10 4.31546e-06 -8.58716e-08 -5.64393e-10 1.76964e-05 -6.90534e-06 1000 2.23197e-05 -4.50789e-06 0.000115212 -0.000144946 3.31102e-05 1.55383e-05 7.70755e-05 -8.14665e-05 0.000116696 1.7635e-05 -6.81318e-05 0.00017853 4.18029e-05 -7.69101e-05 -4.96045e-05 -4.86737e-06 6.51668e-07 -0.000110973 1.39657e-05 7.45523e-07 2.0282e-06 -5.14944e-05 6.02898e-06 8.42531e-08 -9.83844e-07 1.42715e-06 3.1906e-05 7.52517e-05 -7.44035e-05 2.51368e-05 -6.12016e-05 3.67201e-05 0.000130389 -0.000162634 -2.81749e-05 5.57452e-05 -2.34376e-05 -7.17354e-06 -1.37147e-06 3.37671e-07 -9.71319e-05 2.54346e-05 -2.55781e-07 -2.22889e-05 -1.9178e-06 6.09088e-07 4.68221e-07 -3.11675e-10 1.47621e-05 -3.89734e-06 4.23034e-06 3.16703e-07 -7.66987e-06 2.91891e-06 7.44228e-07 -1.72713e-05 5.19933e-07 4.23559e-07 -3.8611e-06 1.3153e-05 -0.000316721 2.63466e-05 1.23627e-05 -1.35839e-06 -1.53752e-06 -9.24688e-07 -3.51057e-07 1.28596e-06 1.92668e-05 3.16673e-05 -5.53454e-06 -1.69997e-05 -4.28839e-06 5.36462e-06 0.000105283 9.40498e-05 -0.000136306 -1.53839e-05 -6.07831e-06 -5.68505e-06 1.27203e-05 8.86019e-05 6.74326e-05 -3.2096e-05 3.29126e-05 -3.94733e-05 0.000118242 -4.12888e-05 2.10031e-06 2.90058e-06 2.15324e-06 -1.0405e-06 6.30759e-06 4.8636e-05 9.31688e-06 -5.69725e-06 -2.45132e-05 2.9356e-05 2.39552e-06 4.30495e-06 -3.00895e-06 2.39941e-06 1.38568e-06 6.39242e-06 1.33167e-06 -8.29304e-06 5.59145e-06 -9.59511e-06 -1.59225e-06 -1.03139e-05 -2.09012e-05 -6.96157e-06 6.65825e-06 -2.26344e-06 1.43607e-05 1.01609e-05 -2.75355e-05 -0.000112433 -7.68969e-05 3.77359e-05 2.02247e-05 -1.79651e-06 -5.30513e-07 7.01106e-06 -1.43319e-05 2.85616e-06 5.24461e-06 -1.73183e-05 -1.93733e-05 -3.25344e-05 -4.39426e-05 -2.61857e-05 -1.19418e-05 -1.20127e-05 -1.01888e-05 8.00753e-06 -1.94357e-06 1.30288e-05 3.84279e-05 1.74678e-05 -0.000289909 -0.000152934 -4.70784e-05
 5.85532e-06 0.579585 -0.123763 -3.21709e-06 -3.27477 2.29763 -0.261091 -0.093648 1.73324 -2.37306 -0.218648 4.94848 4.90042e-05 -0.843525 -0.00408939 2.83095e-05 -0.757239 0.0249711 9.96114e-06 -1.82219 0.707401 2.23197e-05 967.392 -172.594 -0.98053 12.9448 -3.15714 -0.0432079 0.39665 -0.416213 -4.35002 -1.39616 5.15995 -3.42193 0.569932 -0.61886 0.444426 -0.3295 -0.00317829 3.97171 -1.15676 -0.0337161 -1.64038 0.446046 -0.0233219 -0.272062 -0.354298 0.609485 -1.08555 -2.45711 2.45633 -0.839327 1.74873 -4.80123 -3.15337 4.34427 -0.453695 -2.8616 1.08352 0.636231 -0.0761181 0.00374098 5.2931 -1.40912 0.00320065 1.78782 0.0305059 -0.00956456 -0.01336 1.90374e-05 -1.31675 0.335058 -0.411773 -0.0262777 0.666258 -0.549652 -0.0848747 2.05004 -0.0872733 -0.0426526 0.398827 -0.576311 1.89003 -0.158352 -0.868577 0.0940967 -0.0139246 0.0393652 0.00438858 -0.0441304 -0.911751 -0.686646 -0.677252 -0.825779 -0.644445 -0.31781 -8.76694 3.69154 3.11344 1.06337 0.381318 0.586141 -7.07168 0.176003 4.44162 -0.0424003 -2.40994 -6.73262 1.83699 0.764933 -0.674023 -0.421358 -0.170981 0.36061 -0.366336 -1.10982 -0.882583 0.66039 1.35958 -0.653663 -0.254493 -0.0720143 0.129196 0.0193229 0.197885 -0.00567287 0.197516 0.465435 0.209106 0.120463 0.376727 0.568439 1.04957 0.544935 0.130338 0.0943308 0.151692 0.0748538 0.309299 2.62699 1.94881 -0.436696 -0.58674 0.0262742 0.340631 0.289992 0.628835 0.439102 0.281289 0.606685 2.20409 1.38042 0.776282 -0.459635 0.00931228 0.256899 0.290876 -0.468072 0.0935539 -0.901223 -2.61374 -1.45494 20.6116 9.68795 3.20705
