 1000 0.00507679 -0.00018753 7.49393e-09 -0.000415987 5.33309e-05 -3.17917e-09 -6.74694e-06 3.25664e-05 -8.91139e-05 -5.42131e-05 0.000230066 1.5412e-09 -1.05324e-05 9.96837e-08 1.60893e-09 -1.66001e-05 1.79627e-07 2.12861e-10 -3.17431e-05 1.80601e-06 7.99597e-10 -1.67856e-05 4.48606e-07 -0.000282173 -0.000620799 8.29198e-05 -5.32671e-05 -0.000514882 0.00020764 -0.000117444 -0.000133775 0.00017435 -0.000197913 -0.000302529 0.000191624 -3.16209e-05 3.8346e-06 6.22107e-07 -0.000409937 9.15802e-05 2.9591e-06 -0.000138248 2.02452e-05 1.32413e-06 -8.47685e-06 -1.60685e-05 4.53946e-06 2.75019e-05 -0.000200072 -0.000241193 0.000174011 6.76632e-07 3.61854e-05 -4.07315e-05 5.38353e-05 -0.000128712 -9.57447e-05 -0.000116232 0.000106122 -1.2972e-07 -2.02209e-08 5.32829e-05 -2.08635e-06 -1.79312e-06 5.34027e-05 1.29456e-06 -3.93407e-07 -9.86371e-08 1.87639e-09 -3.28156e-05 1.11639e-06 -8.10419e-06 -8.26916e-06 2.43457e-05 -3.78886e-05 -9.62434e-06 0.000104 2.07759e-06 3.04491e-06 -9.80389e-06 -7.78001e-05 0.000301865 -5.7229e-06 -9.26827e-06 5.81094e-07 -5.26915e-06 -1.24002e-06 -3.44848e-07 1.59349e-06 -5.00423e-05 7.65855e-05 -3.8639e-05 -0.000193872 -8.00951e-05 4.50428e-05 -0.000197886 0.000459503 -0.000120292 -0.000371984 -0.000187004 9.84661e-05 -1.65609e-05 1.54694e-05 -1.65261e-05 -1.7833e-05 1.73698e-05 1.70424e-05 -9.95269e-05 0.000167463 -0.000150517 7.47167e-06 2.00177e-06 2.5079e-06 -1.33329e-05 -7.8685e-06 -9.18336e-06 -1.74217e-05 5.68706e-05 -6.36565e-05 -2.207e-05 -3.38791e-05 -2.44201e-05 -1.67018e-05 9.01364e-07 -2.06285e-05 -2.39524e-05 0.000161765 -6.90566e-05 3.86154e-05 -8.65371e-06 9.70457e-06 2.73187e-05 3.2863e-06 4.00139e-05 1.62993e-05 7.64763e-05 4.75443e-05 2.95633e-05 1.49778e-05 9.22055e-06 2.88499e-05 7.00934e-06 7.12389e-07 3.4798e-05 9.0442e-06 4.75874e-05 6.89445e-05 3.32029e-05 3.91567e-05 3.90496e-05 1.42284e-05 3.48196e-05 8.99178e-06 2.03362e-05 2.13693e-05 2.17193e-05 -2.14962e-05 4.06371e-06 8.85548e-06 1.72579e-05 -2.13566e-05 -0.000365611 0.000165731 -3.36404e-05
 0.00507679 609.648 -20.9538 -0.000563943 30.5332 -3.91537 0.000326706 0.874633 -4.2646 6.26007 4.35074 -18.4737 -0.000135497 0.914136 -0.00616091 -0.000144203 1.4831 -0.0123829 -5.41646e-05 1.78402 -0.103168 -9.22171e-05 1.60049 -0.0395802 25.5076 42.3917 -5.739 3.39799 33.5841 -13.5449 11.6256 9.86915 -12.9669 20.0359 21.5345 -13.8614 1.67611 -0.169699 -0.0478017 29.1857 -6.51988 -0.21025 12.3098 -2.73412 -0.0424659 0.865636 1.20706 -0.343471 0.155097 13.6079 13.1708 -10.1838 -1.45257 -0.516109 5.62295 -7.688 8.98366 8.6902 8.80107 -8.51036 -0.149803 0.0159875 -3.97055 1.04203 0.113575 -4.17851 -0.192393 0.0600201 0.00892375 -0.000165568 2.63762 -0.0876226 0.749719 0.688423 -2.03131 2.58846 0.672353 -7.23169 0.0307247 0.0843539 -0.25768 6.77376 -29.6553 0.622123 1.33904 -0.0954444 0.184952 0.0893036 0.0102555 -0.100129 4.60385 -4.41111 2.9253 13.5025 5.02329 -5.29561 -2.16739 2.64253 -5.73736 19.8576 11.2542 -3.16384 -1.57571 -1.30681 2.19741 7.62532 4.14198 -1.63296 -8.9704 5.31586 0.50433 0.566533 -1.52345 -0.262038 2.00536 2.53127 1.13634 1.72229 -1.38662 1.69099 2.10038 2.14798 1.53526 1.10396 1.21262 1.17699 0.901955 -2.42153 -2.44763 2.09325 -0.048998 -0.572276 -1.86865 -2.53737 -1.49637 -3.33624 -4.03432 -3.04709 -0.725509 -1.42428 -2.10725 -1.55038 -1.09716 -1.17416 -2.84235 -2.76033 -1.45635 -3.39032 -3.83969 -1.49275 -2.23789 -3.96886 -3.801 -2.77504 -2.13536 -1.80862 -1.6617 2.10884 -0.351843 -0.417561 -0.931302 1.19934 22.0403 -12.3413 1.62978
 -0.00018753 -20.9538 1.58095 2.01086e-05 -1.08647 0.13932 -1.22957e-05 -0.0329031 0.160537 -0.223903 -0.154564 0.656306 5.64534e-06 -0.0390079 0.000219478 5.57321e-06 -0.0594406 0.000464898 1.89698e-06 -0.0688071 0.00395929 3.25417e-06 -0.0609578 0.0014946 -0.908104 -1.50782 0.204135 -0.123539 -1.19452 0.481771 -0.414358 -0.351659 0.462042 -0.713681 -0.766484 0.493388 -0.0722747 -0.00121243 0.00189477 -1.04161 0.22442 0.00751658 -0.446355 0.0804735 0.00274271 -0.0365189 -0.0497566 0.0139996 -0.0113125 -0.483255 -0.468191 0.361998 0.0501496 0.0173542 -0.200977 0.274848 -0.320695 -0.309259 -0.313216 0.302895 0.00534016 -0.000569143 0.141586 -0.0371719 -0.00405841 0.149273 0.00659035 -0.00205579 -0.000237829 6.38921e-06 -0.103044 0.00335263 -0.028863 -0.0260168 0.0767986 -0.0919104 -0.0239739 0.257849 -0.00205961 -0.003659 0.0112734 -0.231816 1.06233 -0.0222926 -0.0476721 0.0033981 -0.00661018 -0.00316254 -0.000360798 0.0035435 -0.163796 0.159543 -0.104575 -0.480376 -0.18021 0.193306 0.0777555 -0.097007 0.204427 -0.702497 -0.400003 0.112236 0.0564735 0.0461017 -0.0786996 -0.271604 -0.147758 0.0578012 0.319364 -0.189887 -0.0170477 -0.0201792 0.0541165 0.00919116 -0.0716507 -0.0903847 -0.04023 -0.0607665 0.0489593 -0.0601077 -0.0750406 -0.0765353 -0.0547299 -0.039295 -0.04321 -0.0418988 -0.0319236 0.0852746 0.0873717 -0.074689 0.00179263 0.0203247 0.0663426 0.0901046 0.0528925 0.118411 0.143008 0.107965 0.0254861 0.0505288 0.0749596 0.0550033 0.0389309 0.0417468 0.100903 0.0981811 0.0516923 0.120226 0.136469 0.0529552 0.0793501 0.141078 0.135168 0.0986696 0.0758486 0.0642068 0.0589899 -0.0750203 0.0125088 0.0147697 0.0328617 -0.0427783 -0.781689 0.437775 -0.0577884
 7.49393e-09 -0.000563943 2.01086e-05 1000 0.00454017 -0.000592219 -3.06301e-09 -6.98682e-06 3.40675e-05 -9.95603e-05 -6.68345e-05 0.000283557 -1.30511e-09 1.14446e-05 1.47766e-07 5.70873e-10 -7.04584e-07 1.95013e-07 5.608e-10 -1.93526e-06 2.27358e-07 4.8402e-10 4.01959e-06 -9.86097e-09 -0.000337836 -0.000756254 0.00010124 -6.62815e-05 -0.00066415 0.000268029 -0.000141073 -0.000182575 0.000237218 -0.000228862 -0.000503558 0.000315666 7.15432e-05 2.83059e-05 -8.22573e-08 -0.000438791 0.000138017 3.53142e-06 -0.000121164 0.000124194 -4.95297e-06 2.29283e-05 1.19363e-05 -2.71432e-06 5.25031e-05 -0.000148983 -5.29101e-05 6.32729e-05 -2.18964e-05 7.4494e-05 -3.08989e-05 3.78702e-05 -0.000154649 -0.000138563 -0.000116783 0.000122193 1.42144e-05 -1.22545e-06 8.10304e-05 2.18507e-05 -7.38072e-06 0.00019493 1.05604e-05 -3.38767e-06 -1.38524e-06 -9.76297e-11 5.49764e-06 2.59522e-07 -2.83624e-06 -4.40262e-06 1.27971e-05 -3.59351e-05 -1.10693e-05 0.000117986 2.70386e-06 -1.60739e-07 1.55921e-07 -9.75571e-05 0.000277407 -5.66657e-06 -7.47715e-06 4.74255e-07 -1.17569e-05 -2.04249e-06 -4.19417e-07 2.47583e-06 -9.51276e-05 4.39309e-05 -7.4302e-06 -0.000152054 -0.000167341 -0.000168595 0.000132609 2.90672e-05 -6.83436e-05 -0.000104318 -1.06779e-05 4.46541e-06 -2.44491e-05 2.13171e-05 -4.60578e-05 7.98404e-05 -3.84811e-05 3.79154e-05 1.2911e-05 -5.7945e-05 4.30642e-06 2.66762e-05 6.37654e-05 -1.79289e-06 -1.02455e-06 -5.7219e-05 -3.11667e-06 -3.07882e-05 -1.72776e-05 3.53516e-05 -1.41873e-05 5.38746e-05 -2.26224e-05 -0.000106971 -0.000189307 -0.000268262 -8.30083e-05 0.000271572 4.45718e-05 8.64557e-05 -1.97337e-05 1.22773e-05 8.36529e-05 1.88868e-07 4.53696e-05 -1.97329e-05 0.000101225 3.39031e-05 5.98137e-05 -5.7586e-05 -5.78907e-05 -3.19403e-05 -3.66665e-05 9.43362e-05 0.000105438 2.69523e-05 1.07783e-05 7.82028e-05 7.57834e-05 9.73111e-05 6.26527e-05 -5.78469e-05 8.2675e-05 1.76369e-05 2.73338e-05 2.66703e-05 2.66284e-05 -3.09693e-05 6.86284e-06 1.60895e-05 7.0276e-06 -5.76975e-05 -0.000501392 0.000111852 -6.54966e-05
 -0.000415987 30.5332 -1.08647 0.00454017 740.873 -94.1328 0.000152708 0.386335 -1.85688 5.45058 4.07833 -17.3089 5.68598e-05 -0.520417 -0.00497753 -4.43982e-05 0.166759 -0.00710309 -3.97455e-05 0.349576 -0.0233829 -3.506e-05 -0.0252998 -0.00253341 20.6158 33.2022 -4.50347 2.61992 27.2573 -10.9946 11.8399 8.29323 -10.9608 18.2668 18.2159 -11.7727 -3.56052 -1.32912 0.0062077 20.2702 -6.39819 -0.144652 9.15136 -7.15693 0.302835 -0.793733 -0.594084 0.138346 -2.27862 8.47495 2.68242 -3.44147 -0.216374 -1.03079 3.41924 -4.63993 7.98871 7.41128 8.13964 -7.64718 -0.157074 0.0159056 -3.48157 -2.66872 0.487905 -11.6388 -0.631835 0.198726 0.0714196 -8.70427e-06 -0.0978704 -0.0138778 0.170319 0.251124 -0.733932 1.92591 0.562579 -6.03789 -0.0797001 0.0631577 -0.185789 6.43612 -23.116 0.491631 1.8299 -0.130555 0.411383 0.0679852 0.0126228 -0.0810599 3.98039 -0.913518 -0.353575 3.53407 7.11838 9.50387 -1.64764 -0.0613338 -0.288372 6.94936 1.14875 -2.17626 0.0253106 1.57085 0.234177 4.47308 -0.109604 -2.25733 0.196826 2.73625 -0.0311573 -0.472664 -1.55464 -1.31208 2.67327 2.51238 0.167962 0.78783 2.00884 -0.965109 -0.184726 1.39146 2.61949 5.79046 3.65654 -1.06324 -0.787974 -0.270936 -5.15001 3.05848 0.748875 -0.694298 -2.0176 -2.60938 -1.24665 -2.31169 -2.20308 -3.27127 -0.344739 -0.00597866 -0.55595 -1.43526 -1.64651 -0.740533 -1.66136 -1.0678 -1.12499 -3.31354 -4.54274 -0.993086 -0.443972 -3.99407 -3.28944 -2.78182 -1.92823 -1.61517 -1.44831 1.66248 -0.29523 -0.540176 -1.17165 0.830547 23.2205 -12.9938 1.72865
 5.33309e-05 -3.91537 0.13932 -0.000592219 -94.1328 12.9596 -2.04392e-05 -0.0517111 0.248823 -0.699167 -0.522812 2.21889 -6.56015e-06 0.0609117 0.000638558 6.16456e-06 -0.028315 0.000936129 5.02936e-06 -0.048681 0.00320704 4.39459e-06 0.000511937 0.000383781 -2.64413 -4.25765 0.5775 -0.339016 -3.49518 1.40983 -1.51869 -1.06386 1.40605 -2.34289 -2.33585 1.50964 0.443716 0.164692 -0.000631087 -2.60249 0.81422 0.0185822 -1.18188 0.900436 -0.0375681 0.0970089 0.0698046 -0.0160891 0.290272 -1.08657 -0.344304 0.441466 0.0255894 0.131187 -0.439404 0.596343 -1.02531 -0.950346 -1.04386 0.980692 0.0201207 -0.00203747 0.446566 0.341853 -0.0625388 1.49205 0.0813345 -0.0255806 -0.00921958 1.59648e-06 0.00392709 0.00200005 -0.0242474 -0.0338618 0.0990451 -0.246977 -0.072182 0.7747 0.00909448 -0.00883985 0.0261971 -0.814793 2.97042 -0.0631817 -0.234577 0.0167359 -0.0526472 -0.00870526 -0.00161557 0.0103787 -0.510312 0.120287 0.0434504 -0.454724 -0.910117 -1.21612 0.210059 0.00800003 0.0370731 -0.89086 -0.146482 0.279175 -0.00290086 -0.201575 -0.0304942 -0.574033 0.0136506 0.289057 -0.0252047 -0.350511 0.00389859 0.0605394 0.199073 0.168023 -0.342963 -0.322269 -0.0214597 -0.100626 -0.257363 0.123317 0.0232803 -0.178709 -0.335885 -0.741958 -0.468364 0.13655 0.101119 0.0342988 0.659938 -0.392168 -0.0959038 0.0890046 0.258494 0.334371 0.159617 0.296239 0.282196 0.419093 0.0439785 0.000895075 0.0714633 0.184036 0.211067 0.0948125 0.212844 0.136964 0.144327 0.424614 0.582216 0.12721 0.0568457 0.512054 0.421667 0.356564 0.247123 0.207003 0.18561 -0.21318 0.0378454 0.0691826 0.150047 -0.106525 -2.97518 1.66506 -0.221454
 -3.17917e-09 0.000326706 -1.22957e-05 -3.06301e-09 0.000152708 -2.04392e-05 1000 -5.40862e-05 0.000156712 0.000173985 0.000103422 -0.000438072 3.64138e-09 -2.71814e-05 -8.73631e-08 2.50627e-09 -3.17619e-05 -9.00935e-10 6.6117e-10 2.43596e-06 -2.23308e-07 8.53953e-10 -2.30356e-05 4.34384e-07 0.000244493 0.00026851 -3.8202e-05 9.9959e-06 0.000215112 -8.75338e-05 0.00022465 4.10631e-05 -5.99601e-05 0.000419898 -0.000154012 7.8294e-05 -7.76298e-05 -1.0413e-05 9.8645e-09 -0.000180858 2.0683e-05 4.46331e-07 5.84241e-05 -0.000125125 6.87773e-06 -2.40624e-05 -2.97686e-05 7.27806e-06 2.19649e-05 6.38289e-05 -0.000118154 4.47359e-05 -1.625e-05 -0.000444531 0.000195675 -0.000242112 -0.000210346 5.56598e-05 6.18379e-05 -4.97739e-05 4.28747e-05 -3.02545e-06 -6.34088e-05 1.38216e-05 7.40365e-07 -2.7021e-05 -7.3931e-07 2.48213e-07 2.34594e-07 3.94548e-09 -6.45734e-05 1.12179e-06 -1.13298e-05 -9.91306e-06 2.97869e-05 -7.09345e-05 -1.22869e-05 0.000137766 -1.87629e-05 -1.05447e-05 3.36651e-05 4.12971e-05 8.44835e-07 2.12376e-06 -3.68735e-05 2.97106e-06 2.53501e-05 2.53872e-06 -1.63673e-07 -2.38959e-06 1.2753e-05 0.000186017 -1.89039e-05 -0.000199188 8.76292e-05 0.000199252 0.000765878 -0.000910714 0.000362226 1.00055e-05 -8.09667e-06 -5.90253e-05 -0.000227365 0.000311026 -0.000194258 0.000274747 -1.06008e-05 -9.95705e-05 1.51991e-05 2.63836e-05 1.65038e-06 -2.21058e-05 -2.59477e-05 -1.25677e-05 -2.91285e-05 1.43783e-05 0.000258837 -0.000358949 8.96751e-05 5.36763e-05 1.94186e-05 -5.12172e-05 1.63164e-05 4.12603e-05 -3.80807e-05 -2.75668e-05 -4.29024e-05 0.000199527 8.6486e-05 3.47716e-05 -0.000106622 -1.29607e-05 -2.26634e-05 -3.78452e-05 -5.52246e-05 6.90514e-05 -4.79933e-05 -1.58349e-05 -6.73158e-05 -0.000211259 -8.68206e-05 3.27947e-05 -0.000186051 0.000137992 8.57177e-05 2.61631e-05 3.14594e-05 0.000105059 -0.000174255 2.20644e-05 -0.000245989 -6.60134e-06 0.000226489 -9.44774e-05 -4.01317e-05 -3.13383e-05 -2.40099e-05 2.48315e-06 -1.37049e-06 -3.01996e-05 -6.88994e-05 -4.3255e-05 0.00150861 -0.000819512 0.000114615
 -6.74694e-06 0.874633 -0.0329031 -6.98682e-06 0.386335 -0.0517111 -5.40862e-05 40.3852 -193.927 0.410338 0.235911 -0.999112 9.91176e-06 -0.0740184 -0.000211887 6.31217e-06 -0.0787 6.93993e-05 3.20481e-06 0.0298771 -0.00173163 3.59891e-06 -0.0772769 0.00163623 0.507858 1.35488 -0.182616 0.0503303 0.759547 -0.308154 0.366663 0.00434498 -0.0177529 0.838721 0.33205 -0.234781 -0.199473 -0.0358641 -0.000576006 -0.390942 0.0279576 -0.00029249 0.104207 -0.316461 0.015879 -0.0562127 -0.0867755 0.0204659 0.125995 0.17838 -0.546042 0.235659 0.131628 -1.32854 0.188569 -0.180814 -0.558646 0.106716 -0.0224166 -0.00708302 0.0594898 -0.00248886 -0.541875 0.3026 0.00430954 -0.368683 -0.00624542 0.00198532 0.000507331 1.14365e-05 -0.182323 0.00344997 -0.0304329 -0.0262425 0.0793192 -0.256192 -0.0450116 0.495957 -0.0710341 -0.0450762 0.143544 0.107827 0.19551 0.00207835 0.0519978 -0.00311909 0.0744469 0.00647494 0.00228939 -0.00881142 0.0303968 0.47169 -0.109196 -0.657882 0.343187 0.820154 3.56401 -3.55044 0.449244 0.656818 0.292482 0.785616 -0.924091 0.463052 -0.931305 0.489534 0.301005 -0.249052 0.0992183 0.0387823 -0.0617873 -0.101674 -0.0887561 -0.00518293 -0.0742627 -0.197729 1.07375 -0.80721 0.0851814 -0.0171838 0.319017 -0.0939098 0.0554223 0.0798532 0.0144452 -0.0502028 -0.29795 0.231265 0.017948 0.178877 -0.222952 0.0182484 -0.107535 0.0746247 -0.218055 0.232326 -0.21898 -0.467148 -0.360756 -0.115663 0.148181 0.172929 -0.187877 0.107124 -0.189609 -0.249048 -0.215862 0.419086 -0.554938 0.427302 -0.0435964 -0.322891 -0.0654884 -0.346855 -0.167293 -0.112429 -0.0764717 -0.0122761 -0.00456355 -0.0406841 -0.00677439 0.0337076 4.2924 -2.26851 0.339575
 3.25664e-05 -4.2646 0.160537 3.40675e-05 -1.85688 0.248823 0.000156712 -193.927 957.872 -2.01598 -1.15704 4.90017 -4.94571e-05 0.369925 0.00103933 -3.12733e-05 0.392399 -0.000363261 -1.56158e-05 -0.145963 0.00846176 -1.7573e-05 0.38074 -0.00806327 -2.48058 -6.63395 0.894182 -0.240679 -3.70351 1.50264 -1.79456 -0.00800101 0.0699784 -4.10997 -1.60921 1.13962 0.995316 0.187845 0.00252486 1.95559 -0.136446 0.00122833 -0.490256 1.58002 -0.0799911 0.285457 0.43735 -0.103434 -0.627535 -0.871249 2.68055 -1.15779 -0.644349 6.53433 -0.92 0.879048 2.76418 -0.519153 0.116055 0.0289151 -0.293225 0.0122773 2.65161 -1.48953 -0.0205542 1.79555 0.0304615 -0.00968532 -0.00248017 -5.73048e-05 0.912574 -0.0173807 0.154392 0.133379 -0.402902 1.27044 0.222903 -2.45609 0.353478 0.22264 -0.709166 -0.54815 -1.01181 -0.00920691 -0.254517 0.0152549 -0.373636 -0.0318758 -0.0112564 0.0433639 -0.147466 -2.33828 0.538134 3.2534 -1.69167 -4.06634 -17.5086 17.4523 -2.20967 -3.23076 -1.41007 -3.86675 4.54216 -2.27726 4.58289 -2.40427 -1.47713 1.22488 -0.488556 -0.189945 0.303663 0.499944 0.435569 0.0254578 0.367913 0.974165 -5.28008 3.96846 -0.419829 0.0852271 -1.56612 0.463575 -0.271253 -0.39181 -0.0700704 0.247788 1.46458 -1.13882 -0.0896182 -0.878853 1.09669 -0.0900808 0.528029 -0.366894 1.07245 -1.14332 1.07619 2.29728 1.77499 0.569457 -0.729355 -0.851189 0.924964 -0.527994 0.930958 1.22343 1.06017 -2.06195 2.72829 -2.1021 0.215614 1.58665 0.318519 1.70494 0.822031 0.552341 0.375441 0.061465 0.0223051 0.20066 0.0357003 -0.161212 -21.1104 11.1543 -1.67044
 -8.91139e-05 6.26007 -0.223903 -9.95603e-05 5.45058 -0.699167 0.000173985 0.410338 -2.01598 921.124 -46.1493 189.661 -1.2982e-05 0.106091 -0.000683278 -2.23852e-05 0.301485 -0.00168723 -2.18333e-06 0.139199 -0.00748369 2.02881e-05 -0.303345 0.00735096 4.91297 4.57309 -0.643786 0.565838 3.01953 -1.2186 3.82785 0.625986 -0.92609 5.862 0.39447 -0.451044 1.39122 0.533805 -0.0231088 5.06492 -0.733168 -0.0390958 3.57463 0.592656 -0.0948375 0.675029 0.75919 -0.2018 2.09502 3.20025 -3.47334 0.964418 -0.519789 -2.99601 3.95167 -5.21038 2.26189 4.61734 -0.484282 -1.37009 0.71056 -0.0459556 -1.20739 2.74073 0.115205 -5.56189 -0.312059 0.0974333 -0.00172004 -5.72243e-05 0.839561 -0.0261934 0.314157 0.26485 -0.781397 1.0493 0.309151 -3.25466 -0.394401 -0.362978 1.16107 1.49185 -10.4823 0.245021 0.283963 -0.0211318 0.690527 2.14196e-05 -0.0147418 0.0147748 0.60224 0.953526 -1.80244 -4.19285 5.52778 4.44 -7.54179 0.242886 1.68908 11.5295 3.2085 -7.22666 1.60702 -1.29127 0.0165012 4.14208 9.08707 10.0038 -14.773 0.991583 2.6742 1.51727 0.183334 -0.211401 -0.00483673 2.3404 -3.56287 0.667899 1.86464 -2.50014 1.19316 0.701715 -0.762888 0.305091 -0.71607 1.0026 -3.40733 5.97583 -6.84041 5.09773 -1.49412 -0.836718 0.574499 -4.08824 0.108744 -3.10419 -1.32839 1.07763 0.0305001 -0.133829 0.443614 -1.34453 -0.913 0.543855 -0.603211 -2.42971 0.0143997 0.168532 -1.08957 -0.261557 -2.17643 0.372255 0.214119 -1.43369 -3.00231 -1.16371 -0.868349 0.527408 -0.0572076 0.286877 0.333881 10.0174 7.0936 -8.49845 -0.250396
 -5.42131e-05 4.35074 -0.154564 -6.68345e-05 4.07833 -0.522812 0.000103422 0.235911 -1.15704 -46.1493 27.7052 -112.652 -7.429e-06 0.0576399 -0.000482414 -1.29779e-05 0.168945 -0.00124358 3.29862e-07 0.142352 -0.00808919 1.04214e-05 -0.198525 0.00424146 2.8242 5.16795 -0.69618 0.569006 4.01864 -1.62113 1.15772 1.11064 -1.45385 2.23818 2.85549 -1.82281 0.770128 0.220827 -0.0128956 3.00403 -0.530857 -0.0216497 1.58961 0.365784 -0.0529251 0.264242 0.404253 -0.10768 -0.3097 1.15865 0.829985 -0.710242 -0.32799 -0.443516 0.741094 -0.993695 1.06093 0.839146 1.06872 -0.957686 -0.0880973 0.00667138 -0.620337 -0.0883631 0.0539775 -1.49254 -0.0868884 0.0274176 -0.00450047 -3.27364e-05 0.515889 -0.0152809 0.158207 0.156599 -0.462976 0.556272 0.122955 -1.3394 0.027461 0.0290367 -0.0923271 0.174044 -2.43246 0.0506768 0.242442 -0.0176361 0.208519 0.0102099 0.00403116 -0.0143169 0.475075 -0.93979 -0.708443 0.99721 5.11439 3.54777 -2.75691 -1.90284 0.661289 0.404972 -0.165884 0.128209 1.31633 -0.258172 -1.90446 -0.0290989 1.59516 0.981329 -0.585457 0.298715 -0.113977 -0.0662368 -0.223997 -0.179154 0.286032 0.518566 -0.397678 0.0156869 0.443557 -0.186994 0.28079 0.143113 0.127762 0.332289 0.64036 -0.000565203 -0.0881402 0.369688 -0.839289 0.22814 -0.0416445 -0.167765 -0.2668 -0.663411 0.0341657 -0.345117 -0.501906 -0.429142 -0.34368 -0.0786427 -0.45781 -0.182751 -0.107812 -0.0823334 -0.270147 -0.386145 -0.127273 -0.355764 -0.506574 -0.120848 -0.0117782 -0.449626 -0.577903 -0.375734 -0.279519 -0.235735 -0.229193 0.19669 -0.0366332 -0.112153 -0.186967 -0.195713 3.69361 -1.0131 0.442358
 0.000230066 -18.4737 0.656306 0.000283557 -17.3089 2.21889 -0.000438072 -0.999112 4.90017 189.661 -112.652 478.539 3.08657e-05 -0.238923 0.00204762 5.45898e-05 -0.708857 0.00524543 -1.40201e-06 -0.597367 0.0339585 -4.4043e-05 0.847535 -0.0181168 -11.998 -21.9083 2.95158 -2.41436 -17.0264 6.86849 -4.94892 -4.69585 6.14865 -9.53015 -12.0764 7.71131 -3.2616 -0.921313 0.0543818 -12.7711 2.27289 0.0919942 -6.75048 -1.52046 0.222512 -1.11095 -1.70624 0.45444 1.30659 -4.93884 -3.45444 2.9846 1.41869 1.91742 -3.18454 4.26884 -4.51849 -3.60053 -4.51128 4.06385 0.366249 -0.0278024 2.65662 0.352874 -0.230989 6.40773 0.367105 -0.115837 0.0194398 0.00013871 -2.18488 0.0647551 -0.668147 -0.663199 1.96065 -2.40542 -0.529028 5.76292 -0.123117 -0.127632 0.405814 -0.741898 10.4443 -0.21776 -1.0304 0.0749502 -0.885603 -0.0431418 -0.0168826 0.0603443 -2.01528 3.98384 3.01174 -4.19291 -21.6593 -15.069 11.7444 8.04368 -2.79323 -1.90922 0.711498 -0.461035 -5.58404 1.10497 8.05265 0.0788915 -6.84012 -4.25463 2.62959 -1.27535 0.455436 0.264267 0.948332 0.762577 -1.21189 -2.21982 1.72083 -0.0717356 -1.8935 0.816474 -1.20231 -0.612655 -0.533663 -1.40996 -2.70086 -0.00866188 0.408816 -1.62389 3.61928 -1.01661 0.191286 0.717624 1.12324 2.84595 -0.146355 1.49028 2.13715 1.80496 1.45322 0.3342 1.93152 0.78538 0.464319 0.34356 1.14908 1.65761 0.538803 1.50236 2.15401 0.51406 0.0704658 1.89839 2.44421 1.60425 1.21219 1.00884 0.978403 -0.837568 0.155515 0.470651 0.783 0.715003 -15.6952 4.37272 -1.86836
 1.5412e-09 -0.000135497 5.64534e-06 -1.30511e-09 5.68598e-05 -6.56015e-06 3.64138e-09 9.91176e-06 -4.94571e-05 -1.2982e-05 -7.429e-06 3.08657e-05 1000 2.27976e-05 -6.18243e-06 -2.01141e-09 2.62213e-05 3.0282e-07 -1.63885e-10 1.63356e-05 -5.80924e-07 -7.9707e-10 2.43738e-05 -1.66032e-07 -0.000214928 -0.000577542 7.83793e-05 -1.22215e-05 -0.00021321 8.68745e-05 -3.33688e-05 4.06715e-05 -5.05232e-05 -7.52174e-05 6.65489e-05 -3.70383e-05 7.66088e-05 8.44762e-06 3.13298e-07 -0.000184233 6.64197e-05 3.05039e-06 1.45171e-05 7.83246e-05 -4.2632e-06 2.23038e-05 2.28844e-05 -5.28853e-06 6.62922e-05 -1.0234e-05 -0.000128035 6.82085e-05 -4.16484e-06 4.93142e-05 4.06484e-05 -5.8691e-05 0.000150055 -3.56066e-05 -2.00974e-05 2.02574e-05 -1.68877e-05 1.09413e-06 -1.99201e-05 5.46266e-06 2.50955e-06 -7.90128e-05 -1.55156e-06 4.77258e-07 -1.94648e-07 -2.13472e-09 3.74568e-05 -1.83615e-07 7.66968e-06 5.0524e-06 -1.53207e-05 2.92578e-05 7.61664e-06 -8.56715e-05 4.67969e-06 4.53309e-06 -1.4946e-05 -2.57253e-05 -5.12453e-06 -1.71313e-06 -1.76928e-05 1.31528e-06 1.68848e-06 -1.19533e-06 1.36357e-07 1.06555e-06 -9.21241e-05 -0.000195444 -2.91242e-05 0.000104292 -8.60253e-06 -3.03418e-05 -1.01845e-05 2.5688e-05 -0.000152574 -2.93497e-05 6.13471e-06 0.000363781 -2.35607e-05 -0.000306728 4.67325e-05 0.000163966 0.000187314 3.27823e-06 4.25347e-05 -2.34543e-05 -7.41124e-05 4.2921e-05 7.47667e-05 -5.10088e-05 -1.78991e-05 -7.87849e-05 -1.94229e-05 3.86491e-05 1.48794e-08 2.38953e-05 3.12485e-05 -1.2668e-05 -1.82152e-05 -9.09199e-06 -3.19364e-05 -3.71306e-05 -5.4138e-05 -3.60311e-05 -3.24647e-05 -4.31492e-05 -1.02256e-05 1.96471e-05 3.36225e-05 2.11971e-05 2.72927e-05 4.23629e-05 4.16289e-05 1.48449e-05 -2.53097e-05 -4.30044e-05 -3.43657e-06 1.32077e-05 1.63521e-05 -2.75208e-05 -5.53142e-06 -7.85832e-06 2.13745e-06 1.84391e-05 -1.63268e-05 4.67875e-06 7.10968e-05 7.34713e-05 2.29568e-05 -1.33325e-05 -5.08482e-06 -1.26887e-06 -1.64275e-06 -1.31098e-05 6.46366e-06 1.22211e-05 4.87169e-05 3.74235e-05 -0.000636175 0.000463031 -2.96692e-05
 -1.05324e-05 0.914136 -0.0390079 1.14446e-05 -0.520417 0.0609117 -2.71814e-05 -0.0740184 0.369925 0.106091 0.0576399 -0.238923 2.27976e-05 999.826 -0.0919126 1.45294e-05 -0.19714 -0.00214213 2.80843e-07 -0.112362 0.00377453 4.54229e-06 -0.173557 0.000918497 1.87042 4.38081 -0.598244 0.0783882 1.52286 -0.621353 0.33012 -0.267761 0.328482 0.810929 -0.275504 0.131312 -0.646384 -0.06924 -0.00231903 1.1509 -0.461927 -0.0219585 -0.060267 -0.682296 0.0367326 -0.178252 -0.184843 0.043147 -0.519124 0.240722 0.995701 -0.570799 -0.0212992 -0.330261 -0.213831 0.313138 -1.23764 0.408606 0.135512 -0.188196 0.0962826 -0.00587568 0.190055 -0.0331654 -0.0195051 0.608216 0.0103917 -0.00318033 0.00162614 1.55109e-05 -0.277192 0.00103451 -0.0599087 -0.0374987 0.113777 -0.248432 -0.0626857 0.704851 -0.036899 -0.0306166 0.101677 0.280603 -0.309778 0.0234504 0.125451 -0.00951771 -0.0264012 0.00949288 -0.000887387 -0.00865853 0.751835 1.74095 0.312063 -0.766882 0.190763 0.363775 0.214594 -0.0878805 1.08567 0.207352 -0.0362736 -2.50438 -0.168865 2.172 0.119103 -1.26693 -1.48181 -0.213255 -0.0408683 0.170048 0.545877 -0.240175 -0.597454 0.252296 0.361034 0.55117 0.279169 -0.226051 -0.0133312 -0.110742 -0.205446 0.0924681 0.170875 0.106907 0.255429 0.28086 0.406773 0.24936 0.221592 0.294773 0.0289001 -0.192982 -0.316574 -0.22125 -0.203022 -0.344696 -0.364247 -0.181941 0.103882 0.21577 -0.0212378 -0.0773719 -0.079233 0.130635 -0.0149057 -0.0316477 -0.014816 -0.187706 0.0777811 -0.0870494 -0.558258 -0.678102 -0.349326 0.0128317 -0.0190803 -0.0366419 -0.025586 0.155763 -0.0535611 -0.087765 -0.358758 -0.274737 4.31613 -3.17178 0.196127
 9.96837e-08 -0.00616091 0.000219478 1.47766e-07 -0.00497753 0.000638558 -8.73631e-08 -0.000211887 0.00103933 -0.000683278 -0.000482414 0.00204762 -6.18243e-06 -0.0919126 0.813915 2.25209e-07 -0.00271841 1.24066e-05 4.70528e-08 -0.00202061 0.000111315 1.11257e-07 -0.00256473 5.7573e-05 -0.00451581 -0.00807381 0.00108988 -0.000829676 -0.00633868 0.00255708 -0.00187162 -0.00177528 0.00232583 -0.0031962 -0.00307138 0.00198958 -0.00172027 -0.000970011 3.40916e-05 -0.0069977 0.00050759 5.18298e-05 -0.00277911 -0.00127067 0.000131849 -0.000777086 -0.00146837 0.000378458 -0.000267387 -0.00126067 -0.00156433 0.00112626 3.24581e-06 -0.000175215 -0.000948549 0.00131187 -0.00118241 -0.00119562 -0.00120044 0.00116357 -4.32195e-05 2.46259e-06 0.0006059 -0.000104885 -1.39992e-05 0.000493222 3.57142e-05 -1.11669e-05 -2.53381e-07 1.6818e-07 -0.00278945 7.67865e-05 -0.000359284 -0.000289177 0.000856587 -0.000370144 -0.000129666 0.0013861 -0.000193217 -0.000276646 0.000869056 -0.00102822 0.00860974 -0.000178071 -0.000229782 1.64365e-05 -3.14023e-05 -4.20361e-06 2.05159e-06 2.16929e-06 -0.000856746 0.000987022 -0.000151279 -0.00115289 -9.44217e-05 0.000211924 3.4548e-05 3.57705e-05 -0.000687542 -0.000850681 0.000540403 0.00215369 0.000373711 -0.00180547 -0.000756966 0.000352854 0.000757831 0.000137288 8.7461e-05 -0.000347529 -0.000422493 0.000264266 0.000682785 -0.000159247 -0.000745187 -0.000853219 -0.000110311 0.000464155 8.2373e-05 -0.000192802 -0.000240688 -0.000359698 -0.000320752 -0.000191394 -0.000298489 -0.000345345 -0.000276125 -5.86382e-05 -7.33556e-05 -0.000363583 -4.57835e-06 0.000184958 0.00032117 0.0001906 0.000120631 0.000322051 0.00033956 7.65545e-05 -0.000192944 -9.39688e-05 0.000188169 0.000131972 3.33034e-05 -6.0483e-05 0.000101158 0.00016498 0.000127014 0.000244178 0.000131948 0.000181071 0.000421795 0.000622267 0.000535715 0.000167529 0.000125966 8.8634e-05 8.14877e-05 -0.000279762 5.83958e-05 3.61239e-05 0.000141619 -0.000178254 -0.00337262 0.00257849 -0.000137807
 1.60893e-09 -0.000144203 5.57321e-06 5.70873e-10 -4.43982e-05 6.16456e-06 2.50627e-09 6.31217e-06 -3.12733e-05 -2.23852e-05 -1.29779e-05 5.45898e-05 -2.01141e-09 1.45294e-05 2.25209e-07 1000 2.31643e-05 -9.25097e-06 -5.1239e-10 1.70187e-05 -7.17173e-07 -8.8268e-10 1.87438e-05 -1.95524e-07 -0.000124851 -0.000180813 2.52821e-05 -1.56129e-05 -0.000196496 7.97283e-05 -5.21019e-05 7.77221e-07 7.69483e-07 -8.91795e-05 -2.56509e-05 1.92686e-05 3.30429e-05 6.97221e-06 4.60414e-08 -9.88228e-05 3.56121e-05 1.45591e-06 -5.87525e-05 6.84222e-05 -2.86034e-06 1.42183e-05 1.49386e-05 -3.30766e-06 6.30032e-05 -5.52222e-05 -0.000124039 7.71034e-05 -3.9761e-06 6.58318e-05 4.89445e-06 -1.07309e-05 8.0107e-05 -4.63324e-05 -4.81009e-05 4.24522e-05 -1.11179e-05 7.59533e-07 -1.42087e-05 8.94916e-06 8.73314e-07 -3.52872e-05 -2.74204e-06 8.4306e-07 -5.0084e-08 -1.60983e-09 2.7237e-05 -1.94558e-07 4.72769e-06 3.9558e-06 -1.18647e-05 6.9405e-06 2.31611e-06 -2.77431e-05 2.36957e-06 5.15763e-06 -1.67058e-05 3.07071e-05 -0.000211057 4.46054e-06 -3.17431e-06 2.36656e-07 -8.35408e-07 -1.13229e-06 1.9808e-07 9.39857e-07 -8.69655e-05 -0.000150177 -3.1315e-05 0.000105727 8.77709e-05 5.77561e-05 -3.24563e-07 -3.69591e-05 -0.000202735 2.44234e-05 3.91557e-05 0.00051889 -0.00023435 -0.000189119 -7.21364e-05 0.000188307 0.000230928 -0.000158125 8.8354e-05 -4.89223e-05 -7.94144e-05 -1.37894e-05 1.66529e-05 2.12012e-05 -4.86265e-05 1.59445e-05 -2.52948e-05 1.09284e-06 -5.19078e-05 -2.43684e-05 1.09765e-05 -8.17107e-06 -1.62056e-05 -2.43361e-05 -3.96706e-05 -2.84829e-05 -3.98005e-05 -3.58979e-05 -3.48943e-05 -1.72918e-05 -3.19951e-05 1.12855e-05 2.01904e-05 1.1836e-05 1.48159e-05 8.87833e-06 2.24437e-05 4.00575e-06 1.76354e-06 -2.42695e-05 -1.22743e-05 -2.09443e-05 2.22397e-05 -2.41286e-06 6.18918e-07 1.76259e-06 1.63536e-05 6.68245e-05 -3.35448e-06 1.31636e-05 8.82822e-05 5.00838e-05 1.43541e-05 4.31768e-07 5.40726e-06 7.24559e-06 5.15186e-06 -7.7147e-06 5.8462e-06 1.33787e-05 4.85056e-05 2.19323e-05 -0.000507962 0.000358656 -2.5561e-05
 -1.66001e-05 1.4831 -0.0594406 -7.04584e-07 0.166759 -0.028315 -3.17619e-05 -0.0787 0.392399 0.301485 0.168945 -0.708857 2.62213e-05 -0.19714 -0.00271841 2.31643e-05 999.694 -3.70604 3.19787e-06 -0.17835 0.00726869 7.36606e-06 -0.220065 0.00212312 2.24074 2.85221 -0.404087 0.139875 2.15752 -0.877883 0.955219 -0.0728853 0.0595781 1.78501 0.333249 -0.275702 -0.633866 -0.093385 -0.00102548 0.720197 -0.37209 -0.0174806 0.789294 -1.08188 0.0483582 -0.207819 -0.218163 0.0500506 -0.697545 0.995946 1.35059 -0.938565 -0.0723073 -0.596586 0.0511843 -0.0336375 -1.3108 0.908094 0.540452 -0.599339 0.0626733 -0.0035997 0.313036 -0.0170446 -0.0163155 0.515435 0.0272635 -0.00833339 0.00131598 1.89244e-05 -0.33032 0.00189564 -0.0694381 -0.0485015 0.145553 -0.178159 -0.0489841 0.568864 -0.0408001 -0.0583442 0.189975 -0.0645365 1.28129 -0.01532 0.0456911 -0.00386523 -0.02618 0.0162234 -0.00180701 -0.0145057 1.23647 2.4678 0.585533 -1.18356 -0.578434 -0.22761 0.260613 0.593544 2.08285 -0.137348 -0.385134 -6.09524 2.19796 2.99868 1.55979 -2.07258 -3.68679 1.05597 0.38896 0.253274 0.975327 0.249838 -0.164366 -0.367826 0.552029 0.327613 0.33519 -0.00430134 0.486751 0.422208 -0.0178464 0.176368 0.236898 0.338706 0.561154 0.411831 0.521769 0.33277 0.387744 0.138016 0.361684 -0.153349 -0.423849 -0.255201 -0.243717 -0.242414 -0.414801 -0.20967 -0.11102 0.108405 0.0761394 0.19748 -0.265987 -0.26657 -0.050926 -0.0147482 -0.210342 -0.921484 -0.207438 -0.27234 -1.19029 -1.01846 -0.632579 -0.264189 -0.215375 -0.209097 -0.163418 0.237922 -0.0860202 -0.172902 -0.586028 -0.256316 5.41225 -3.51399 0.319743
 1.79627e-07 -0.0123829 0.000464898 1.95013e-07 -0.00710309 0.000936129 -9.00935e-10 6.93993e-05 -0.000363261 -0.00168723 -0.00124358 0.00524543 3.0282e-07 -0.00214213 1.24066e-05 -9.25097e-06 -3.70604 0.832305 1.8373e-08 -0.00145618 8.9537e-05 5.30417e-08 -0.00161667 4.65664e-05 -0.0129161 -0.0173862 0.0024258 -0.00181128 -0.0148774 0.00602994 -0.00593645 -0.00171379 0.00238747 -0.0105019 -0.00495003 0.00342803 0.000552325 -0.000407707 3.30566e-05 -0.00901258 0.00162792 0.000111698 -0.00686112 0.00198787 1.9464e-05 -0.000486427 -0.00100048 0.000287668 0.00246918 -0.00559543 -0.00696377 0.00496327 0.000212088 0.00227313 -0.00139965 0.00178161 0.00311698 -0.00492647 -0.00371407 0.00383102 -0.000248088 1.39152e-05 -0.000606656 5.79382e-05 3.14132e-05 -0.00107128 -1.04116e-05 2.39899e-06 2.09258e-06 1.27803e-07 -0.00196526 8.00288e-05 -0.000235567 -0.000133116 0.000389263 0.000106925 -2.22361e-05 7.21504e-05 -0.000211986 -0.00022997 0.000701366 -0.000446895 0.00116816 -6.57181e-05 -0.000345541 2.69855e-05 -1.43957e-05 -7.04417e-05 8.69927e-06 6.21275e-05 -0.00571908 -0.00890703 -0.00333077 0.00358552 0.0030901 0.00171606 -0.00131989 -0.00264217 -0.00890492 -0.000838493 0.00325512 0.0268762 -0.00957934 -0.0133461 -0.00739088 0.00855801 0.0160341 -0.00468833 -0.00177576 -0.00126679 -0.00432428 -0.0010483 0.000922027 0.00168264 -0.00284885 -0.00189512 -0.00140686 0.000234251 -0.0020713 -0.00207598 -0.00024778 -0.00102618 -0.00122262 -0.00161263 -0.00258224 -0.0019458 -0.00226841 -0.00132577 -0.0016011 -0.000739787 -0.0015461 0.000718727 0.00196115 0.00118009 0.00108592 0.0011734 0.00191029 0.000873491 0.000365586 -0.000398328 -0.000122162 -0.00072973 0.00116746 0.00120714 0.000324808 0.000204687 0.00103563 0.00411066 0.00111124 0.0013145 0.00521422 0.00460854 0.00305583 0.00133426 0.00106139 0.000987316 0.000787848 -0.00120502 0.000396099 0.000727647 0.00243286 0.000679202 -0.0239668 0.0156938 -0.00139522
 2.12861e-10 -5.41646e-05 1.89698e-06 5.608e-10 -3.97455e-05 5.02936e-06 6.6117e-10 3.20481e-06 -1.56158e-05 -2.18333e-06 3.29862e-07 -1.40201e-06 -1.63885e-10 2.80843e-07 4.70528e-08 -5.1239e-10 3.19787e-06 1.8373e-08 1000 9.5161e-06 -3.52328e-06 -8.89306e-10 1.01144e-05 -2.42919e-07 8.71922e-05 -7.23719e-05 8.04092e-06 -3.91381e-06 3.12296e-07 -2.92343e-07 4.98e-05 4.73889e-06 -7.83036e-06 6.99136e-05 -0.000128464 7.57486e-05 -3.07652e-05 3.11993e-06 4.13338e-08 -4.11677e-05 5.20243e-06 6.67581e-08 2.21725e-05 -3.41895e-05 2.01356e-06 -1.93592e-06 -1.39767e-06 4.9133e-07 2.03379e-05 6.89539e-06 -4.81653e-05 2.29013e-05 -2.89728e-05 4.12041e-05 4.55418e-05 -6.48871e-05 -2.34892e-05 4.60056e-05 -6.6298e-06 -1.12057e-05 -3.03752e-06 2.51729e-07 7.90267e-06 1.67123e-05 -1.01475e-06 1.39426e-05 -1.66355e-06 5.26361e-07 9.31407e-08 -4.88594e-10 5.37949e-06 -1.8132e-07 -3.30301e-07 9.35399e-07 -2.79807e-06 -8.42271e-06 -1.23142e-06 1.38022e-05 3.19126e-06 5.71923e-06 -1.80271e-05 5.59791e-05 -0.000238157 6.0056e-06 -7.38926e-06 4.82649e-07 -3.05687e-06 -6.87713e-07 1.99053e-08 6.71812e-07 1.49829e-05 -5.71047e-05 -3.35308e-05 5.67416e-05 0.000151562 0.000132885 2.51577e-05 0.000278618 -0.000164326 -0.000149391 -5.22937e-05 3.4824e-05 -7.491e-05 5.56485e-05 1.28185e-05 -2.19132e-05 4.173e-05 2.68314e-05 2.89717e-05 -1.43458e-05 4.06075e-06 -1.46057e-05 -1.61423e-05 -2.07306e-05 -9.43206e-06 6.43741e-07 2.1927e-05 -4.94666e-06 1.975e-06 7.89797e-06 3.65451e-06 -2.67867e-06 -2.88353e-05 -1.97503e-05 -2.02468e-06 -1.40888e-05 -1.14676e-05 -1.20399e-05 7.1167e-06 -1.01428e-05 2.33298e-06 -4.24283e-06 -4.73144e-06 -1.4899e-05 -1.42354e-05 -2.5564e-05 -1.94993e-05 -8.00578e-06 -2.1175e-05 -3.71316e-05 -1.13815e-05 2.55346e-05 1.89224e-05 1.11702e-06 1.26353e-05 1.70782e-05 -1.26238e-05 1.52087e-05 -9.49998e-07 -1.67876e-05 -1.39769e-05 -1.78592e-05 -2.64904e-05 -6.80104e-06 -3.30925e-06 -3.00252e-06 -4.22479e-06 2.44944e-05 -1.2509e-06 5.14401e-06 1.10873e-05 -7.5947e-06 -0.000261206 0.00014869 -1.89056e-05
 -3.17431e-05 1.78402 -0.0688071 -1.93526e-06 0.349576 -0.048681 2.43596e-06 0.0298771 -0.145963 0.139199 0.142352 -0.597367 1.63356e-05 -0.112362 -0.00202061 1.70187e-05 -0.17835 -0.00145618 9.5161e-06 996.268 -53.9262 1.46959e-05 -0.359049 0.00755246 -0.357928 3.84548 -0.496564 0.0475168 0.359756 -0.148076 -0.487494 -0.245407 0.328831 0.651917 3.01999 -1.87255 0.0953009 -0.110485 -0.00237271 -0.345558 0.0355498 -0.00317368 -0.510211 0.153615 -0.0123874 -0.0975983 -0.105918 0.0220266 -0.458653 0.529181 1.17018 -0.731886 0.52956 -1.25588 -0.902646 1.31441 -0.700909 -0.480142 0.13415 0.102716 -0.00313322 0.00289998 -0.39566 -0.509209 0.0144022 0.0814556 0.0260019 -0.0084872 -0.00160028 1.47961e-05 -0.24474 0.00451134 -0.107396 -0.0857925 0.256303 -0.118116 -0.0351573 0.391376 -0.162205 -0.142974 0.456764 -0.996055 3.88652 -0.0688643 0.246555 -0.0173007 0.0651869 0.0348745 -0.00424109 -0.0308243 0.282269 3.952 2.08933 -0.631948 -4.29799 -5.08299 -12.7284 9.29885 -0.116083 2.48415 0.820662 -0.964711 -1.87278 2.21694 0.991828 0.125862 0.352165 -2.11917 -0.150378 0.772123 1.03566 0.369864 0.458787 0.796204 0.842731 0.422944 -0.0921997 0.0711698 0.728417 -0.0927203 0.116992 0.488645 1.24576 1.39584 -0.365583 0.332699 0.589464 0.493902 0.154901 -0.0942446 0.185778 0.0473273 -0.0234393 -0.23304 0.197897 0.402172 0.34625 0.252606 0.257613 0.580371 -0.0133046 -0.53809 -0.408231 -0.861802 -0.442258 -0.220612 0.00111423 0.0795844 -0.497431 0.209445 -0.124015 -0.917246 -0.689788 -0.985495 -0.477591 -0.309572 -0.12989 -0.43334 -0.0131473 -0.174568 -0.327211 0.00901994 9.08671 -5.21063 0.649419
 1.80601e-06 -0.103168 0.00395929 2.27358e-07 -0.0233829 0.00320704 -2.23308e-07 -0.00173163 0.00846176 -0.00748369 -0.00808919 0.0339585 -5.80924e-07 0.00377453 0.000111315 -7.17173e-07 0.00726869 8.9537e-05 -3.52328e-06 -53.9262 3.80717 -8.75796e-07 0.0193521 -0.000406423 0.0173998 -0.214579 0.0277272 -0.00287879 -0.0232834 0.0095516 0.0258471 0.0118163 -0.0159083 -0.0379392 -0.168743 0.104673 -0.00587568 0.00454843 0.00016592 0.0156835 -0.00189874 0.000195566 0.0257702 -0.0107256 0.00086575 0.00416698 0.00424537 -0.000800847 0.0244746 -0.0299119 -0.0647142 0.0406467 -0.0284064 0.0688926 0.0488946 -0.0712495 0.0371335 0.0256383 -0.00803918 -0.00494845 0.000205712 -0.00016104 0.022677 0.0279909 -0.000828555 -0.0033873 -0.00153965 0.000501238 5.14427e-05 -7.20205e-07 0.0121619 -0.000214015 0.00546417 0.00438283 -0.0131 0.00564917 0.0017794 -0.0198352 0.00785372 0.00721861 -0.0230521 0.0564367 -0.207635 0.00366036 -0.0136417 0.000957057 -0.00324447 -0.00191138 0.000233518 0.00168832 -0.0159076 -0.212412 -0.116581 0.0277813 0.238074 0.294368 0.69721 -0.514734 0.00838352 -0.137839 -0.047531 0.053451 0.103286 -0.122307 -0.0549337 -0.00732476 -0.019865 0.11637 0.00811574 -0.0425483 -0.0570472 -0.0203254 -0.0251367 -0.043764 -0.0466304 -0.0236009 0.00498706 -0.00385612 -0.040096 0.00485449 -0.00676428 -0.0270971 -0.0685766 -0.0767883 0.0198824 -0.0184362 -0.0324276 -0.0271039 -0.00857718 0.00500511 -0.0102968 -0.00264906 0.00127716 0.0127511 -0.0109208 -0.0220605 -0.0189861 -0.0139843 -0.014296 -0.0318393 0.000811045 0.0294584 0.0222451 0.0472205 0.0242174 0.0120666 -3.78955e-05 -0.00440925 0.0273406 -0.0114809 0.00676419 0.0503831 0.0380161 0.0541065 0.0261855 0.016948 0.00709053 0.0236368 0.000742992 0.00954114 0.0178179 -0.000808156 -0.498869 0.28644 -0.0355952
 7.99597e-10 -9.22171e-05 3.25417e-06 4.8402e-10 -3.506e-05 4.39459e-06 8.53953e-10 3.59891e-06 -1.7573e-05 2.02881e-05 1.04214e-05 -4.4043e-05 -7.9707e-10 4.54229e-06 1.11257e-07 -8.8268e-10 7.36606e-06 5.30417e-08 -8.89306e-10 1.46959e-05 -8.75796e-07 1000 1.96803e-05 -4.79468e-06 0.000124962 -0.000333588 4.12123e-05 -5.80293e-06 -3.49739e-05 1.38548e-05 0.000112847 0.000115245 -0.000150833 0.000172325 -3.08015e-05 1.22168e-05 -2.89158e-05 1.24548e-06 2.29257e-07 -9.27816e-05 1.68443e-05 5.04428e-07 9.32795e-05 -6.86285e-05 2.85918e-06 -1.60256e-06 -1.87084e-06 7.79792e-07 1.72304e-05 4.83846e-05 -3.7205e-05 6.88028e-06 -5.31428e-05 6.83748e-05 0.000102975 -0.000145279 -3.20333e-05 0.000100599 -3.44421e-06 -3.15726e-05 -8.57192e-06 6.35186e-07 1.99808e-05 1.01427e-05 -5.81569e-07 8.02496e-06 -1.4841e-06 4.63126e-07 1.12933e-07 -7.35893e-10 9.99738e-06 -4.24887e-07 -7.04713e-10 1.36525e-06 -3.98385e-06 -1.15833e-05 -1.37396e-06 1.54713e-05 7.00598e-06 7.82836e-06 -2.49501e-05 5.44494e-05 -0.000195568 5.55281e-06 -1.59786e-05 1.07911e-06 -5.43414e-06 -1.04016e-06 4.39628e-08 1.00241e-06 2.49288e-05 9.36553e-06 1.1617e-05 9.5128e-05 0.000144586 0.00011082 1.53755e-06 9.38708e-05 -0.000147908 -0.000150093 -4.15151e-05 0.000222872 -3.58446e-05 -0.000167333 9.73527e-05 4.86662e-05 0.000174607 -5.71567e-05 0.0001366 -4.47133e-05 -2.32645e-06 1.99293e-05 1.49345e-05 3.36725e-06 3.91054e-05 8.75817e-05 1.16263e-05 -1.06534e-05 -5.29896e-05 4.04752e-05 1.00345e-05 1.93233e-05 1.05388e-05 5.45243e-06 4.10151e-06 -4.20716e-06 -5.76569e-06 -1.5841e-05 3.32861e-06 -2.75104e-05 -2.91038e-05 -4.20415e-05 -4.0619e-05 -1.39178e-05 6.40945e-06 -1.7081e-05 -1.17183e-05 -2.07917e-05 -6.39933e-05 -9.66275e-05 -3.54256e-05 3.20636e-05 9.62379e-06 -1.20845e-05 -2.87567e-06 -4.16733e-06 -1.89218e-05 -1.1019e-05 -4.09974e-07 -5.59329e-05 -5.29565e-05 -4.70133e-05 -6.13186e-05 -2.67465e-05 -2.19727e-05 -1.97347e-05 -1.96665e-05 4.89651e-05 -1.90203e-06 6.08568e-06 7.74657e-06 -1.09243e-05 -0.000432109 0.000234027 -3.31178e-05
