 1000 0.00734738 -0.000175376 4.23112e-08 -0.000804584 6.14974e-05 -8.44042e-09 -6.1654e-05 0.000143213 -0.00015282 -0.000206889 0.000479331 1.90086e-09 -1.3006e-05 1.23028e-07 2.33983e-09 -2.54939e-05 2.3084e-07 6.85356e-10 -3.33498e-05 1.18311e-06 1.86542e-09 -2.60174e-05 4.42767e-07 -0.000400706 -0.000859179 0.000106359 -7.35881e-05 -0.000794935 0.000253377 -0.000263955 -0.000390359 0.000313314 -0.000402464 -0.000615798 0.000266967 -3.42e-05 1.19101e-05 7.96882e-07 -0.000551133 0.000126607 4.19862e-06 -0.000180151 4.54e-05 1.15692e-06 -1.2605e-05 -1.3997e-05 3.42214e-06 2.23741e-05 -0.000292781 -0.000355912 0.000219564 8.13051e-06 0.000114786 -5.2864e-05 7.07468e-05 -0.00019237 -0.000125444 -0.000153359 0.000147224 2.02909e-05 -1.64513e-06 -2.2357e-05 3.30424e-06 -2.968e-06 8.66578e-05 -3.68412e-07 1.50721e-07 1.36438e-07 3.25195e-09 -4.81274e-05 1.17587e-06 -1.81884e-05 -4.1957e-05 6.26391e-05 -7.40602e-05 -1.47164e-05 0.000148724 1.27128e-06 2.23855e-06 -7.0121e-06 -0.000128856 0.000396462 -6.92348e-06 3.00443e-05 -2.42133e-06 2.00976e-05 -3.46872e-06 1.39915e-07 3.344e-06 -5.36089e-05 2.55671e-05 -6.94694e-05 -0.000246657 -6.94219e-05 6.583e-05 -0.000380663 0.000680345 -0.000244487 -0.000555166 -0.000258666 0.000171467 -4.26976e-06 8.44504e-06 -6.3261e-05 -5.42434e-05 2.18058e-05 8.14529e-05 -9.57168e-05 0.000197896 -0.000185725 -8.24755e-06 9.91048e-06 7.23162e-06 -6.38845e-06 -1.22353e-05 -1.77871e-05 -1.64746e-05 6.84398e-05 -5.18637e-05 -3.33871e-05 -2.27573e-05 -2.5913e-05 -3.88359e-06 9.57039e-06 -3.12815e-05 -1.79297e-05 0.000198688 -7.52049e-05 3.11451e-05 4.80656e-06 8.06278e-06 2.7054e-05 4.55859e-06 6.94026e-05 3.83193e-05 0.000105422 4.4948e-05 1.63297e-05 2.31457e-05 2.8715e-05 4.33361e-05 1.30822e-05 1.95325e-05 5.04984e-05 3.02571e-05 7.34953e-05 7.30351e-05 6.0983e-05 4.22246e-05 5.15796e-05 2.35663e-05 5.26528e-05 2.13113e-05 3.68988e-05 2.72676e-05 3.62039e-05 -2.81994e-05 7.38511e-06 4.09725e-05 3.31997e-05 2.3463e-05 -0.000790858 -0.000835317 -0.000280321
 0.00734738 612.63 -13.0822 -0.00224643 41.9864 -3.2071 0.000608118 4.67897 -10.8933 6.68199 10.7347 -24.876 -0.000113394 0.77346 -0.00548693 -0.000136622 1.50169 -0.010894 -7.70929e-05 1.89631 -0.0655199 -0.000134075 1.84276 -0.0265242 23.9027 43.0852 -5.38447 3.52356 38.3007 -12.2082 15.4403 20.1612 -16.2305 24.1909 31.6239 -13.8216 0.985157 -0.44227 -0.0431669 27.6736 -6.40134 -0.211237 10.6956 -3.14013 -0.0366713 0.846096 0.857328 -0.201132 0.339723 14.0738 14.8629 -9.63004 -1.50623 -4.42368 4.2771 -6.0869 9.81777 7.5194 8.1387 -8.1258 -1.09143 0.091976 1.07391 0.0722456 0.164345 -5.08872 -0.00729978 0.0017815 -0.00193982 -0.000199711 2.81111 -0.0633966 1.14767 2.54383 -3.79846 3.84289 0.776231 -7.82628 0.105841 0.148288 -0.432636 7.44474 -25.0356 0.484801 -0.862814 0.0655679 -0.935286 0.17148 -0.0208483 -0.151346 3.7191 -0.612164 3.36337 11.6869 1.47732 -7.58414 8.52756 -9.03677 -0.460608 24.6988 12.065 -5.54083 -1.01918 -1.05066 3.90612 7.35343 2.55124 -4.603 -7.67194 4.05665 1.9877 0.661395 -1.40408 -0.319199 1.38413 1.53024 1.60416 1.65848 -1.76678 1.2987 2.04291 1.31312 1.40005 0.651863 0.615555 1.43261 0.726625 -4.60259 -1.03136 1.68764 -0.552456 -0.433604 -1.83988 -1.79741 -2.10054 -3.08025 -4.31671 -2.08468 0.136372 -1.15707 -2.27138 -1.95532 -1.10024 -1.55388 -2.89685 -2.59301 -1.9074 -2.58542 -3.78129 -1.0017 -2.28576 -3.40265 -3.7992 -2.59004 -2.30641 -1.56406 -1.84013 1.76765 -0.462262 -1.82889 -1.48251 -1.01877 34.8075 37.2385 12.3459
 -0.000175376 -13.0822 1.1221 5.10441e-05 -0.947146 0.0723435 -1.43988e-05 -0.110944 0.258342 -0.149589 -0.241539 0.559728 3.32254e-06 -0.0231989 0.000123414 3.6008e-06 -0.0415526 0.000260524 1.91293e-06 -0.0511629 0.00172462 3.29122e-06 -0.0487757 0.000669712 -0.539355 -0.970774 0.121325 -0.082045 -0.863259 0.275161 -0.348763 -0.454893 0.366213 -0.546024 -0.713188 0.311715 -0.0350022 0.00207996 0.00115154 -0.62732 0.136665 0.0047963 -0.250062 0.0522206 0.00195396 -0.026039 -0.0277745 0.0061023 -0.0134938 -0.315978 -0.334301 0.216554 0.0324344 0.0983978 -0.0972001 0.138486 -0.222057 -0.169493 -0.183582 0.183263 0.0245344 -0.00206774 -0.0241865 -0.00174201 -0.00370919 0.114991 -0.000202002 8.63541e-05 6.11594e-05 5.33091e-06 -0.075556 0.00158974 -0.0289509 -0.0632607 0.0944677 -0.0852223 -0.0175613 0.176949 -0.00334254 -0.00431808 0.0126926 -0.159784 0.573268 -0.0111021 0.0191678 -0.00145591 0.019147 -0.00383485 0.000470529 0.00338028 -0.0838893 0.0186145 -0.0764845 -0.265463 -0.033541 0.178875 -0.193025 0.200557 0.011001 -0.55158 -0.27152 0.124296 0.0233672 0.023007 -0.0883831 -0.166022 -0.0580272 0.102999 0.173039 -0.0921718 -0.0438872 -0.0148896 0.0314627 0.0069057 -0.0316772 -0.0348359 -0.0358238 -0.0367991 0.0393161 -0.0294793 -0.04633 -0.0298385 -0.0317155 -0.0148007 -0.0140488 -0.0322745 -0.0162553 0.102669 0.023518 -0.0382518 0.0124188 0.0097205 0.0412869 0.0402977 0.0468346 0.0690261 0.0966005 0.046537 -0.00337023 0.0258556 0.0510618 0.0438325 0.0246346 0.0348748 0.0649987 0.0583241 0.0427684 0.0579005 0.0850206 0.0223771 0.0511628 0.0765423 0.0855084 0.0582624 0.0517696 0.0350706 0.0412503 -0.0398334 0.0104046 0.0410483 0.0332578 0.0228182 -0.780617 -0.836416 -0.277078
 4.23112e-08 -0.00224643 5.10441e-05 1000 0.0118977 -0.000938388 -7.36841e-09 -3.70289e-05 8.45167e-05 -0.000451207 -0.000591178 0.00136971 -5.96599e-09 4.59209e-05 3.56104e-07 -1.59853e-09 4.00518e-05 4.66037e-07 8.53129e-10 3.01587e-05 -3.32546e-07 -1.89982e-09 6.71513e-05 -2.38854e-07 -0.000973639 -0.00206593 0.000256571 -0.00016264 -0.00201264 0.000641977 -0.000740426 -0.00112851 0.00090563 -0.00109919 -0.00182793 0.000790462 0.000335457 0.000110953 -9.52731e-07 -0.00108539 0.000386913 8.96573e-06 -0.000270107 0.000524183 -2.06234e-05 0.000111671 0.000114542 -1.94475e-05 0.000154935 -0.000425996 -0.000251457 0.000206461 -2.39506e-05 0.000396047 -9.16944e-05 0.000107474 -0.000488922 -0.000345498 -0.000336842 0.000352826 0.0001155 -9.35053e-06 -0.000148966 0.00011088 -2.60522e-05 0.00067649 1.71021e-05 -5.94198e-06 -2.52352e-06 -6.63498e-09 9.83097e-05 2.4628e-07 1.80787e-05 3.80056e-05 -5.69335e-05 -0.000198608 -3.49084e-05 0.000351842 5.90965e-06 3.82822e-06 -1.23414e-05 -0.00035953 0.000804269 -1.55585e-05 0.000112916 -8.98069e-06 0.000108972 -1.01031e-05 7.6601e-07 9.38102e-06 -0.000189202 -4.85039e-06 6.38556e-05 -0.000297111 -0.000556071 -0.000686648 0.000596236 0.000167269 -0.000233345 -0.000356492 -5.31714e-05 6.57558e-05 -3.33941e-05 3.5616e-05 -7.97032e-05 9.79322e-05 -2.56906e-05 8.44666e-05 7.54488e-05 -0.000161033 -1.88953e-05 2.71912e-05 0.000153017 2.26723e-07 -8.84699e-06 -6.2925e-05 -4.2398e-05 -0.000140331 -4.44691e-05 0.000297858 -0.00010887 1.92672e-05 -0.000248074 -0.000323812 -0.000260338 -0.000379184 -1.05996e-05 0.000481203 0.000178498 -9.01181e-05 4.37837e-05 3.15299e-05 0.000202126 -3.41856e-05 0.000125255 -3.57597e-05 0.000269042 4.45202e-05 6.28474e-06 -0.000117971 -1.76313e-05 1.48721e-05 -6.51012e-07 0.000185618 0.000159052 7.50818e-05 9.81028e-05 0.00015084 0.000218413 9.79553e-05 0.000113935 -5.56593e-05 0.000170459 7.95565e-05 9.90819e-05 5.87088e-05 8.8805e-05 -6.18245e-05 2.16535e-05 0.000153543 0.000108799 7.40709e-05 -0.00244129 -0.00353232 -0.00102463
 -0.000804584 41.9864 -0.947146 0.0118977 776.786 -58.4888 0.000238845 1.71482 -3.96918 7.09425 10.7512 -24.914 9.43321e-05 -0.746104 -0.00493426 1.30225e-05 -0.55265 -0.00663649 -4.24602e-05 0.0412369 -0.00917498 -1.80392e-07 -0.726145 0.000793347 19.5233 35.4293 -4.42827 2.70081 33.7889 -10.7711 15.4797 19.6107 -15.7987 22.6459 29.7859 -13.0149 -6.46086 -1.82956 0.0182418 19.1728 -6.90141 -0.146635 6.55528 -9.89953 0.391103 -1.77726 -1.8247 0.313034 -2.42488 8.52139 4.39713 -3.87673 -0.416591 -5.5314 2.32589 -3.08493 9.22823 6.52346 7.41232 -7.29223 -1.23396 0.103553 2.04967 -2.56708 0.528597 -13.3715 -0.302552 0.103889 0.0550655 8.68227e-05 -1.35996 -0.00524251 -0.116959 -0.03695 0.0571278 3.58112 0.660681 -6.68345 -0.0455201 0.0353173 -0.0914727 7.60299 -19.4328 0.383216 -0.582321 0.0414448 -1.43235 0.144801 -0.0108735 -0.134553 3.16299 1.34686 -1.94759 2.41612 9.81569 13.4824 -7.91482 -0.977262 1.06509 6.9031 1.19997 -1.90261 0.397742 1.21185 -0.0302228 3.56656 -0.470931 -2.76361 0.158585 2.31678 0.204883 -0.103871 -1.95695 -1.04315 2.17879 1.24126 0.636055 1.82344 1.6845 -3.29574 1.39352 1.68433 4.05224 5.68944 2.08874 -0.481419 -1.57843 -1.67247 -4.23317 3.99508 -0.154873 -0.708493 -2.57271 -2.39776 -1.25584 -1.57581 -2.61001 -2.33085 0.744504 0.564327 -0.958504 -2.02369 -1.67144 -0.893936 -1.27731 -1.07989 -1.74193 -2.48509 -4.45893 0.0249432 -0.378265 -3.17303 -3.56949 -2.47393 -2.05743 -1.24525 -1.58068 1.24884 -0.369732 -2.12337 -1.65746 -1.2581 37.9952 44.6482 14.1456
 6.14974e-05 -3.2071 0.0723435 -0.000938388 -58.4888 5.32372 -1.92479e-05 -0.138766 0.321364 -0.539672 -0.820742 1.90191 -6.44703e-06 0.0512554 0.000376612 -4.01486e-07 0.0336438 0.000523512 3.35448e-06 -0.0107989 0.000925826 2.20965e-07 0.0487531 6.11746e-06 -1.49187 -2.70626 0.338254 -0.209381 -2.58097 0.822752 -1.18272 -1.49803 1.20684 -1.73011 -2.27495 0.994044 0.478355 0.133054 -0.0012247 -1.46847 0.520343 0.0112368 -0.510944 0.734318 -0.0285522 0.129269 0.130254 -0.0222405 0.182235 -0.650593 -0.336306 0.296273 0.0300011 0.421054 -0.178604 0.237159 -0.705587 -0.498231 -0.566337 0.557102 0.0941059 -0.00789755 -0.156289 0.195637 -0.0403253 1.02032 0.0229189 -0.00786905 -0.00434512 -5.74219e-06 0.0910147 0.00057008 0.00506877 -0.00469104 0.00686327 -0.272434 -0.0505269 0.511041 0.00246004 -0.00368108 0.00995414 -0.570612 1.49238 -0.0294317 0.0441595 -0.00314115 0.106728 -0.0110329 0.000831164 0.0102494 -0.241551 -0.0984601 0.146383 -0.186683 -0.746445 -1.02419 0.600635 0.0755596 -0.0813669 -0.527046 -0.0911437 0.145566 -0.0298756 -0.0929992 0.00165624 -0.273044 0.035446 0.210662 -0.0120356 -0.176576 -0.0157692 0.00784957 0.149034 0.0793397 -0.16669 -0.0949925 -0.048397 -0.138533 -0.128501 0.250603 -0.106645 -0.128824 -0.309154 -0.43377 -0.159227 0.0368862 0.120443 0.127196 0.322777 -0.304769 0.0118457 0.0540511 0.196131 0.182871 0.0956346 0.120226 0.198888 0.177652 -0.0569747 -0.0429259 0.0733108 0.154452 0.127507 0.068127 0.0974554 0.0825307 0.133003 0.18951 0.340226 -0.00194193 0.0287991 0.242286 0.272487 0.188801 0.156954 0.0950056 0.12056 -0.0954216 0.0282253 0.161931 0.1264 0.0959192 -2.8975 -3.40514 -1.07877
 -8.44042e-09 0.000608118 -1.43988e-05 -7.36841e-09 0.000238845 -1.92479e-05 1000 -0.000268514 0.000590423 0.000315197 0.000305679 -0.000708603 4.13034e-09 -2.9595e-05 -8.56374e-08 3.87223e-09 -4.98222e-05 -5.36072e-08 4.68475e-09 -7.34711e-05 1.96878e-06 4.96193e-09 -7.96509e-05 6.49561e-07 0.000178615 0.000172838 -2.32935e-05 7.47476e-06 0.000218432 -7.03483e-05 0.000274382 0.000196585 -0.000161963 0.000360674 -6.31928e-05 1.46038e-05 -9.31072e-05 -1.7622e-05 3.29268e-07 -0.000208746 2.54794e-05 8.13673e-07 -2.22228e-05 -0.000146507 7.74806e-06 -3.81447e-05 -6.04004e-05 1.04456e-05 -1.11888e-05 5.35046e-05 -0.000117232 3.55394e-05 3.4384e-05 -0.000450315 9.22378e-05 -0.000104708 -0.000173243 5.1113e-05 1.07971e-05 -2.02622e-05 5.88465e-06 -8.59799e-07 0.000126268 -9.39157e-05 7.84409e-06 -0.000132297 -2.09889e-06 7.26622e-07 -9.55057e-07 7.93243e-09 -0.000107783 7.54823e-07 -3.73571e-05 -0.000101853 0.000152186 4.28121e-05 4.45909e-06 -4.23345e-05 -3.29858e-05 -2.67497e-05 8.10889e-05 -3.45965e-05 0.000269048 -3.60513e-06 -9.48053e-05 7.89379e-06 -4.83156e-05 4.98447e-06 -1.89185e-06 -3.10902e-06 -2.03927e-05 0.00024068 3.53426e-05 -0.000268069 7.05005e-06 0.000314553 0.00102867 -0.00170061 0.000969287 9.25987e-05 -3.81806e-06 -0.000212072 -0.000460297 0.000509333 -0.00015816 0.000267519 -7.04696e-05 -8.87448e-05 -2.35936e-05 1.79262e-05 3.37173e-06 -7.43799e-06 -3.04294e-05 -3.26197e-05 -3.98647e-05 -1.88521e-05 0.000241836 -0.000354999 8.95025e-05 -2.20328e-06 1.42189e-05 -0.000109731 9.29848e-06 1.32267e-05 -5.20678e-05 -2.79778e-05 -2.14317e-05 0.000204806 7.92179e-05 2.93805e-05 -0.000169058 -1.39094e-05 1.68953e-05 9.24976e-05 -7.22494e-05 7.01022e-05 -1.87633e-05 -2.82051e-05 9.95328e-06 -0.00020232 -6.92565e-05 -7.57882e-05 -0.000172853 7.41194e-05 0.000128455 9.26422e-05 3.59658e-05 0.000205401 -0.000234488 2.5052e-05 -0.00029818 2.08308e-05 0.000269346 -6.77694e-05 -3.89425e-05 -1.55425e-05 -2.78808e-05 -1.05489e-05 8.65269e-07 -7.41176e-05 -6.85156e-05 -7.04266e-05 0.00178267 0.00127678 0.000526382
 -6.1654e-05 4.67897 -0.110944 -3.70289e-05 1.71482 -0.138766 -0.000268514 153.648 -355.914 2.52068 2.20246 -5.10526 3.36959e-05 -0.240561 -0.000628257 3.04146e-05 -0.388836 -0.000170737 4.30934e-05 -0.689015 0.0188352 4.51732e-05 -0.719501 0.00615834 0.519229 2.95424 -0.361692 0.116897 2.29978 -0.73802 1.22457 1.49158 -1.20675 1.92715 2.45179 -1.07986 -0.731612 -0.183526 0.00152555 -1.66227 0.181771 0.00427067 -0.661004 -1.07677 0.0576083 -0.306915 -0.548771 0.0928034 0.114093 0.0365951 -1.48013 0.602758 0.841801 -4.14133 -0.225602 0.644491 -1.45692 0.0307398 -0.394271 0.275135 -0.37297 0.0301569 0.689809 -0.25797 0.0669803 -1.71804 -0.0203658 0.00702652 -0.00881903 6.7273e-05 -0.907079 0.00734229 -0.34436 -0.930969 1.39131 0.0740966 -0.0230151 0.240389 -0.250231 -0.233118 0.704021 -0.252686 2.34421 -0.0298143 -0.615117 0.0495598 -0.550075 0.0314859 -0.000490669 -0.0311374 -0.286678 1.74633 0.155539 -2.31994 0.371828 3.38861 10.7193 -13.8152 5.02957 1.67015 0.552229 1.14257 -3.09973 1.51327 -2.34302 1.42515 0.349213 -0.463971 -0.0182904 -0.00735736 -0.18067 -0.174797 -0.303522 -0.207252 -0.53252 -0.484695 2.29775 -1.86246 0.183331 -0.249009 0.517446 -0.645314 0.074019 0.061439 -0.0902065 -0.31014 -0.782339 0.483326 -0.118448 0.573122 -0.772229 0.0788252 0.00625644 0.794648 -0.602347 0.371336 -0.425955 -1.11928 -0.367734 0.104206 0.522788 0.0213189 -0.288032 -0.156242 -0.448189 -0.487795 -0.352515 1.38408 -1.4199 1.48213 -0.0115873 -0.614248 -0.0643218 -0.746289 -0.419604 -0.176785 -0.254115 -0.208336 0.0174542 -0.687309 -0.583149 -0.556874 15.2405 13.3509 4.94279
 0.000143213 -10.8933 0.258342 8.45167e-05 -3.96918 0.321364 0.000590423 -355.914 832.862 -5.88597 -5.13546 11.9039 -7.90499e-05 0.564503 0.00146492 -7.12696e-05 0.911887 0.000387909 -0.000100817 1.61513 -0.0441699 -0.000105681 1.68431 -0.0144255 -1.20382 -6.87854 0.842136 -0.269629 -5.34823 1.71635 -2.85176 -3.46815 2.80601 -4.48759 -5.70323 2.51214 1.71201 0.434478 -0.00369326 3.89387 -0.423639 -0.0100667 1.55311 2.52624 -0.135327 0.721053 1.28851 -0.218004 -0.270008 -0.0825492 3.4539 -1.40717 -1.96389 9.66289 0.528294 -1.50664 3.4068 -0.0697138 0.923443 -0.645102 0.869814 -0.0703252 -1.60734 0.601387 -0.15611 4.00375 0.0475012 -0.0163891 0.0206668 -0.000157857 2.12837 -0.0172936 0.807909 2.18309 -3.26256 -0.171603 0.0542241 -0.566144 0.585899 0.545248 -1.6467 0.584499 -5.49254 0.069985 1.43503 -0.115624 1.28541 -0.073478 0.001149 0.0726607 0.669751 -4.08346 -0.364385 5.42371 -0.868866 -7.92791 -25.0023 32.2351 -11.7394 -3.89127 -1.27396 -2.66783 7.23294 -3.53198 5.46854 -3.32419 -0.813388 1.08249 0.0422458 0.0173684 0.421614 0.407879 0.707935 0.483779 1.24367 1.13153 -5.36197 4.34595 -0.428149 0.581465 -1.20643 1.50657 -0.172125 -0.143006 0.211021 0.723922 1.82505 -1.12897 0.275666 -1.3369 1.80209 -0.184053 -0.0150732 -1.8546 1.40545 -0.866959 0.993531 2.61173 0.858393 -0.242569 -1.22029 -0.0499659 0.672594 0.364002 1.04479 1.13718 0.82179 -3.23035 3.31285 -3.45837 0.0280535 1.43251 0.148119 1.74084 0.978669 0.41225 0.59265 0.486561 -0.0408198 1.60333 1.36051 1.29952 -35.5599 -31.1387 -11.5308
 -0.00015282 6.68199 -0.149589 -0.000451207 7.09425 -0.539672 0.000315197 2.52068 -5.88597 946.692 -73.8178 165.222 -3.36592e-05 0.241105 -0.000419921 -4.564e-05 0.568722 -0.00161423 -4.3055e-05 1.02501 -0.0302165 -3.3057e-05 0.580678 -0.00525856 5.18618 3.97708 -0.535893 0.500207 3.11975 -0.99538 3.86972 1.81245 -1.52153 5.67049 1.60381 -0.83598 -0.110497 0.790648 -0.019907 3.5369 -0.510439 -0.0297697 3.03645 0.263237 -0.0639707 0.892462 0.916733 -0.175086 2.23648 0.226112 -2.96795 1.14559 -1.06027 -0.455952 1.48844 -2.19898 1.73853 2.56562 0.996881 -1.63876 0.512537 -0.0412242 0.786399 1.72562 0.0853067 -4.4773 -0.120239 0.0413787 0.0109755 -0.000105482 1.4007 -0.0223148 0.650413 1.47374 -2.19932 1.02185 0.242675 -2.42279 -0.00554436 -0.0109883 0.0370356 2.25097 -9.76855 0.220839 -0.0738948 0.00379424 0.73733 -0.00236985 -0.0224127 0.0248669 0.676492 0.705939 -1.78329 -2.87629 2.63085 -0.0884505 -5.83306 1.79582 3.8871 3.80196 1.77336 -5.45454 0.93638 -0.930075 0.988465 4.80604 10.356 9.84849 -15.6785 1.1526 3.41816 2.08087 0.762878 0.0222698 0.115481 2.29531 -3.23333 0.774776 1.87744 -2.05785 0.642874 0.84214 -0.53899 0.441303 -0.337979 -0.438629 -3.33628 6.40962 -6.3615 5.14845 -1.22297 -0.918702 0.518967 -3.94473 0.189586 -2.78437 -0.794777 1.41627 0.223326 0.236321 0.0272988 -1.05209 -0.718367 0.785079 -0.415342 -2.19237 0.188549 0.185268 -0.992887 -0.174198 -1.76997 0.4942 0.139246 -1.25056 -3.28606 -1.23816 -0.879993 0.517129 -0.0787022 0.0311275 -0.195488 2.38236 5.18315 -3.92075 0.121186
 -0.000206889 10.7347 -0.241539 -0.000591178 10.7512 -0.820742 0.000305679 2.20246 -5.13546 -73.8178 57.837 -130.61 -3.86561e-05 0.286269 -0.000889057 -5.00329e-05 0.663092 -0.00279893 -2.09887e-05 0.797423 -0.0251854 -6.42882e-06 0.186635 -0.00302738 4.05627 8.57747 -1.06277 1.10033 8.06284 -2.57038 2.90398 4.94611 -3.95984 4.68289 7.68011 -3.3198 1.18076 0.713226 -0.0254013 4.58134 -0.570399 -0.03582 2.29796 1.35587 -0.117634 0.809354 1.0713 -0.206226 -0.131598 1.98493 2.03499 -1.33097 -0.365982 -2.31451 0.97203 -1.28531 2.00947 1.17301 1.45302 -1.39626 -0.552092 0.0459107 1.42549 -0.626543 0.104447 -2.51658 -0.122927 0.0425251 0.00234408 -0.000112716 1.57811 -0.0265192 0.615663 1.41991 -2.12007 0.586716 0.16775 -1.6753 -0.0052245 0.0324454 -0.0943709 0.356933 -2.53382 0.0480603 -0.453046 0.0346353 0.284431 0.0376064 0.000981908 -0.0387633 0.531292 -1.3871 -0.581786 3.5211 6.74844 2.0162 -3.23044 -5.04078 2.90828 -1.08244 0.455133 0.645065 1.37889 -0.809536 -2.95882 1.21715 2.87938 -0.0855332 -0.836956 0.622296 -0.109384 -0.029536 -0.379087 -0.236428 0.577439 0.10097 -0.217441 0.427922 0.692409 -0.606846 0.601795 -0.0477732 0.406735 0.557836 0.91732 0.161948 0.104308 -0.463811 -0.824455 0.364242 -0.293706 -0.0194976 -0.525606 -0.437607 -0.0342383 -0.322699 -0.734498 -0.505576 -0.0990522 -0.0648704 -0.732604 -0.326487 -0.0542851 -0.212917 -0.408427 -0.51267 -0.244469 -0.143718 -0.812672 0.0832649 0.16553 -0.565237 -0.732771 -0.489738 -0.368004 -0.174719 -0.33874 0.148995 -0.0613729 -0.750353 -0.5225 -0.599613 10.7012 18.4546 4.94112
 0.000479331 -24.876 0.559728 0.00136971 -24.914 1.90191 -0.000708603 -5.10526 11.9039 165.222 -130.61 303.188 8.92588e-05 -0.660759 0.00205958 0.000115637 -1.53224 0.00647426 4.85285e-05 -1.84367 0.0582291 1.47613e-05 -0.427938 0.00695903 -9.42851 -19.873 2.46272 -2.55102 -18.671 5.9522 -6.75322 -11.4473 9.16543 -10.8791 -17.7704 7.68274 -2.73418 -1.64658 0.0587774 -10.6311 1.33165 0.083108 -5.33959 -3.12501 0.271875 -1.86984 -2.47874 0.477097 0.297971 -4.59282 -4.67349 3.06513 0.855377 5.35186 -2.26241 2.99418 -4.66493 -2.73525 -3.37044 3.24432 1.27239 -0.105816 -3.29698 1.43385 -0.242319 5.85995 0.284602 -0.0984537 -0.00530281 0.00026099 -3.65387 0.0614158 -1.42588 -3.29103 4.91384 -1.36884 -0.390437 3.89948 0.0100756 -0.0765777 0.22289 -0.831074 5.98424 -0.113739 1.04709 -0.0800335 -0.660512 -0.0868894 -0.00207287 0.0893659 -1.23392 3.21396 1.36153 -8.12032 -15.6237 -4.6918 7.53895 11.6375 -6.74373 2.42145 -1.04231 -1.44218 -3.19625 1.88054 6.83193 -2.8561 -6.74612 0.11459 2.06816 -1.44899 0.225353 0.0517906 0.871134 0.547063 -1.33747 -0.254353 0.532907 -0.994195 -1.61605 1.41971 -1.39808 0.102635 -0.936248 -1.2935 -2.11839 -0.370059 -0.21301 1.01955 1.95985 -0.88493 0.689339 0.0529927 1.21166 1.04404 0.0771433 0.769386 1.70551 1.15802 0.227322 0.147968 1.69385 0.76324 0.131261 0.48599 0.948339 1.20365 0.564115 0.331688 1.88747 -0.190696 -0.368375 1.30358 1.69429 1.14326 0.878042 0.414589 0.790844 -0.349353 0.142569 1.73437 1.20956 1.36679 -24.786 -42.6261 -11.424
 1.90086e-09 -0.000113394 3.32254e-06 -5.96599e-09 9.43321e-05 -6.44703e-06 4.13034e-09 3.36959e-05 -7.90499e-05 -3.36592e-05 -3.86561e-05 8.92588e-05 1000 1.27354e-05 -3.91339e-06 -1.46989e-09 1.97416e-05 2.52235e-07 -7.11871e-10 2.16425e-05 -3.48611e-07 -1.32362e-09 2.4113e-05 7.90494e-08 -0.000129567 -0.000403395 5.05444e-05 -9.74421e-06 -0.000156391 5.06526e-05 -1.95477e-05 6.16426e-06 -3.80183e-06 -5.77099e-05 3.42666e-05 -1.1478e-05 5.58538e-05 4.01467e-06 2.93633e-07 -0.000144884 4.78833e-05 2.38004e-06 1.79449e-05 5.10177e-05 -2.14167e-06 1.66654e-05 1.7242e-05 -2.62674e-06 3.3423e-05 7.43095e-06 -6.02331e-05 2.31134e-05 -1.37435e-05 5.92096e-05 2.14714e-05 -3.68843e-05 8.79415e-05 -1.81527e-05 8.39167e-06 -7.5694e-07 -6.77383e-06 5.14884e-07 3.77923e-05 -9.47408e-07 7.97107e-07 -2.55019e-05 -3.81752e-08 1.46518e-08 -2.02849e-08 -2.1134e-09 3.04365e-05 2.54613e-07 8.2249e-06 1.76668e-05 -2.64508e-05 -4.86175e-08 8.66368e-07 -1.07157e-05 3.49273e-06 4.17627e-06 -1.30052e-05 1.07962e-06 -7.71812e-05 1.80381e-07 -8.88363e-06 6.94546e-07 2.90294e-06 -1.581e-06 4.73163e-07 1.11369e-06 -5.46146e-05 -0.000119964 -3.6112e-05 5.57084e-05 3.26162e-05 1.07041e-05 -9.09463e-06 -8.54004e-06 -0.000119644 4.00798e-05 3.1877e-05 0.000294508 -0.000130644 -0.000246571 8.8743e-05 0.000125123 0.000102559 -3.02325e-05 4.00272e-05 -2.37655e-05 -2.08951e-05 4.82499e-05 3.00956e-05 -5.74503e-05 1.16087e-05 -6.98046e-05 1.90845e-05 8.39475e-06 -3.35556e-06 3.27559e-05 9.08074e-06 -1.17627e-05 -6.09539e-06 1.3176e-06 -2.37803e-05 -3.45169e-05 -3.61994e-05 -1.95638e-05 -2.16877e-05 -2.90405e-05 1.09715e-05 1.58765e-05 1.77766e-05 7.68655e-06 2.49029e-05 2.6985e-05 2.66657e-05 -5.07148e-06 -3.52342e-05 -2.92028e-05 7.64942e-07 1.1267e-05 1.39483e-05 -1.63414e-05 -1.45855e-06 -1.70781e-05 9.28558e-06 -7.31107e-06 -8.73856e-06 8.25332e-06 5.85893e-05 3.63693e-05 1.94729e-06 -1.11247e-05 -3.17917e-06 -4.46988e-06 -1.25602e-06 -5.56658e-06 5.62737e-06 1.51772e-05 2.06524e-05 2.79801e-05 -0.00063973 1.24105e-05 -0.00011365
 -1.3006e-05 0.77346 -0.0231989 4.59209e-05 -0.746104 0.0512554 -2.9595e-05 -0.240561 0.564503 0.241105 0.286269 -0.660759 1.27354e-05 999.907 -0.0146238 1.05544e-05 -0.144775 -0.00181286 4.59373e-06 -0.14969 0.0022554 8.78497e-06 -0.169245 -0.000760578 1.10231 2.97973 -0.375618 0.066091 1.10863 -0.359573 0.180239 0.0116108 -0.0180491 0.564029 -0.145806 0.0355752 -0.457041 -0.0285611 -0.00212505 0.956383 -0.336293 -0.0170352 -0.101432 -0.422857 0.0174856 -0.128386 -0.13111 0.0201777 -0.26852 0.0773325 0.499178 -0.225917 0.0698247 -0.406941 -0.110331 0.197865 -0.693872 0.205351 -0.0584984 -0.0219215 0.042567 -0.00303934 -0.299214 0.0190608 -0.00626985 0.186642 -0.000296077 8.97397e-05 0.000357591 1.5133e-05 -0.219657 -0.00208626 -0.0597676 -0.122198 0.182913 -0.00710069 -0.00693127 0.085382 -0.0301095 -0.0295481 0.0924768 0.0330707 0.408341 0.0033985 0.0835526 -0.00667712 -0.0187753 0.011917 -0.00356034 -0.00839915 0.473194 1.0517 0.334412 -0.389754 -0.19523 -0.00055033 0.215941 0.106115 0.771206 -0.305486 -0.233639 -2.10625 0.743843 1.88238 -0.429908 -0.950064 -0.886825 0.166325 -0.108362 0.172182 0.189535 -0.304053 -0.24495 0.418053 0.0670265 0.486998 -0.105831 -0.115818 -0.00312764 -0.201335 -0.0431401 0.0915632 0.0734915 0.00941184 0.164432 0.249922 0.266043 0.154707 0.13556 0.187632 -0.087704 -0.138571 -0.170152 -0.0791638 -0.176611 -0.230707 -0.230062 -0.0105872 0.189773 0.174912 -0.0266912 -0.0650738 -0.0707751 0.0818831 -0.0210011 0.0779362 -0.0511912 0.0224794 0.0448827 -0.0876975 -0.47561 -0.376057 -0.1224 0.0470881 -0.00364118 0.00805427 -0.0104802 0.0755029 -0.0498143 -0.0996567 -0.140242 -0.190683 4.36043 -0.241035 0.748435
 1.23028e-07 -0.00548693 0.000123414 3.56104e-07 -0.00493426 0.000376612 -8.56374e-08 -0.000628257 0.00146492 -0.000419921 -0.000889057 0.00205958 -3.91339e-06 -0.0146238 0.813795 1.57666e-07 -0.00203514 5.68721e-06 6.72284e-08 -0.00195438 5.92348e-05 1.3151e-07 -0.00230411 2.48328e-05 -0.00293003 -0.00562008 0.000699691 -0.000540219 -0.00516695 0.00164655 -0.00170908 -0.002431 0.00195319 -0.00266981 -0.00329034 0.0014425 -0.00125971 -0.000702999 2.19976e-05 -0.0049829 0.000355797 3.74404e-05 -0.0018964 -0.00105285 8.95601e-05 -0.000648301 -0.00119085 0.000218454 -0.000138667 -0.000731176 -0.000987681 0.000591698 4.86421e-05 0.000161961 -0.000521445 0.000769899 -0.000928595 -0.000683796 -0.000779281 0.0007639 3.02578e-05 -2.63826e-06 0.000163344 -5.66459e-05 -1.22694e-05 0.000436254 -7.90271e-06 2.7816e-06 1.81545e-06 1.64568e-07 -0.00236839 3.56136e-05 -0.00036052 -0.000782533 0.00116881 -0.000251631 -9.75065e-05 0.000967049 -0.000132029 -0.000237927 0.000707689 -0.000723825 0.00540513 -0.000101906 -9.43399e-06 9.53855e-07 2.25418e-05 -7.32042e-06 3.90171e-06 3.43917e-06 -0.000506722 0.000570539 3.79041e-05 -0.000670892 -0.000197272 -1.77544e-05 3.43987e-05 0.000166931 -0.00071884 4.38861e-05 0.00099188 0.00156005 -0.000377431 -0.00150432 -0.000142047 0.000220647 0.000369249 -0.000110854 0.000142628 -0.000244965 -0.000168031 0.000222477 0.000274703 -0.000336695 -0.000359315 -0.00057426 0.000173379 0.00024426 -1.16587e-05 -5.99165e-05 -0.000244081 -0.000253921 -0.00019987 -9.22055e-05 -0.000200382 -0.000245308 -0.000149196 6.98885e-06 -4.47533e-05 -0.000235244 7.71344e-05 0.000113337 0.000168699 6.91791e-05 0.000115395 0.000205554 0.000191833 -5.80015e-05 -0.000232052 -8.39521e-05 0.000156969 0.000108563 3.39248e-05 -2.69009e-05 7.84524e-05 6.02018e-05 0.000118311 6.1862e-05 0.000128645 0.000108528 0.000312022 0.00034686 0.000273302 9.62104e-05 9.02461e-05 3.55194e-05 5.84975e-05 -0.000159987 5.12285e-05 0.000121922 0.000124546 9.79819e-05 -0.00340731 -0.00152125 -0.000861357
 2.33983e-09 -0.000136622 3.6008e-06 -1.59853e-09 1.30225e-05 -4.01486e-07 3.87223e-09 3.04146e-05 -7.12696e-05 -4.564e-05 -5.00329e-05 0.000115637 -1.46989e-09 1.05544e-05 1.57666e-07 1000 2.04798e-05 -8.01982e-06 -9.09126e-10 2.37154e-05 -4.71631e-07 -1.36272e-09 2.25912e-05 -5.40483e-09 -9.62764e-05 -0.000144322 1.88403e-05 -1.09776e-05 -0.000154357 4.97428e-05 -6.31638e-05 -2.31051e-05 2.00752e-05 -9.806e-05 -2.12342e-05 1.23769e-05 3.09646e-05 5.49004e-06 6.72257e-08 -6.27815e-05 2.42862e-05 1.15817e-06 -4.3307e-05 5.83001e-05 -1.80051e-06 1.34278e-05 1.54741e-05 -2.3013e-06 5.22952e-05 -5.17685e-05 -9.87047e-05 5.32908e-05 -1.10521e-05 7.33241e-05 4.08407e-06 -1.18946e-05 5.54723e-05 -3.60653e-05 -1.82073e-05 2.31116e-05 -1.08662e-05 8.779e-07 3.93521e-05 9.89549e-07 6.35711e-08 -5.66349e-06 -1.01706e-06 3.45502e-07 7.16152e-08 -1.9071e-09 2.70828e-05 1.31624e-07 7.58298e-06 1.84454e-05 -2.75559e-05 -1.28465e-05 -1.87306e-06 1.72152e-05 1.59789e-06 3.40161e-06 -1.05291e-05 3.04811e-05 -0.000183251 3.37915e-06 -6.28781e-06 4.80064e-07 3.29911e-06 -1.87177e-06 5.34182e-07 1.3442e-06 -7.03843e-05 -9.18165e-05 -2.55405e-05 8.06189e-05 6.39366e-05 4.0512e-05 -2.52458e-05 -6.33971e-05 -0.000117917 0.000110264 6.34734e-05 0.000380543 -0.000243917 -0.000208418 3.8492e-06 0.000191906 0.000124148 -0.000145618 9.77694e-05 -5.78153e-05 -6.4525e-05 -5.79828e-06 2.93793e-05 1.41973e-05 -4.22514e-05 1.26517e-05 -2.23673e-05 -1.2479e-05 -4.39668e-05 -7.60136e-06 -2.59633e-07 -3.60698e-06 -1.44943e-05 -1.56496e-05 -3.25225e-05 -3.45026e-05 -3.53727e-05 -2.59109e-05 -1.49184e-05 -2.29918e-05 -1.49985e-05 9.27781e-06 8.88656e-06 8.6045e-06 1.39794e-05 1.33433e-05 2.34281e-05 1.47773e-06 -1.06938e-05 -2.33541e-05 -1.08196e-05 -1.45812e-05 2.87897e-05 -1.29245e-06 -6.85188e-06 1.27437e-06 2.3464e-05 3.23637e-05 -2.41433e-07 2.42244e-05 7.85461e-05 3.24159e-05 9.77693e-06 -3.06245e-06 5.17852e-06 2.3199e-06 4.42441e-06 -5.26501e-06 6.89624e-06 1.35763e-05 1.83832e-05 2.14025e-05 -0.000556573 1.33288e-05 -9.86509e-05
 -2.54939e-05 1.50169 -0.0415526 4.00518e-05 -0.55265 0.0336438 -4.98222e-05 -0.388836 0.911887 0.568722 0.663092 -1.53224 1.97416e-05 -0.144775 -0.00203514 2.04798e-05 999.721 -2.01296 9.89856e-06 -0.290095 0.00572581 1.58208e-05 -0.289437 -3.11636e-05 1.87133 2.46974 -0.325793 0.111913 1.82654 -0.59068 1.02704 0.219818 -0.204304 1.82841 0.33067 -0.203076 -0.606331 -0.0658152 -0.00142203 0.545822 -0.290974 -0.0152703 0.667075 -0.956338 0.0312447 -0.203152 -0.219887 0.0338413 -0.601584 0.904122 1.13372 -0.689336 0.0508741 -0.780053 0.0381247 0.00473346 -0.912428 0.716344 0.227985 -0.38298 0.117552 -0.00930526 -0.52068 0.0369543 -0.00280731 0.0807349 0.00839331 -0.00282373 -0.000342332 2.41456e-05 -0.34897 -0.00208599 -0.102536 -0.227443 0.339582 0.135712 0.0179938 -0.155443 -0.0354505 -0.0499108 0.154762 -0.199325 1.5747 -0.019936 0.112965 -0.00895872 -0.0484962 0.0256632 -0.00720426 -0.0185518 1.04146 1.91202 0.646803 -0.942867 -0.712894 -0.360489 0.454491 0.917426 1.50545 -1.14614 -0.725868 -5.28295 3.01513 3.20863 0.615222 -2.48833 -2.48611 1.80848 -0.407544 0.517424 0.846923 0.1174 -0.327969 -0.28957 0.648389 0.177207 0.243753 0.076002 0.462385 0.206852 0.021521 0.0781328 0.196292 0.220817 0.407568 0.452151 0.439401 0.285681 0.20483 0.14522 0.190422 -0.154723 -0.264171 -0.148973 -0.250131 -0.238712 -0.407619 -0.112561 0.0271774 0.183176 0.108739 0.178613 -0.396757 -0.146716 0.131881 0.0214808 -0.283902 -0.568878 -0.157326 -0.405115 -1.22044 -0.776809 -0.430678 -0.137707 -0.177173 -0.126424 -0.139102 0.187961 -0.107625 -0.162658 -0.216057 -0.247361 6.39622 -0.0398651 1.14827
 2.3084e-07 -0.010894 0.000260524 4.66037e-07 -0.00663649 0.000523512 -5.36072e-08 -0.000170737 0.000387909 -0.00161423 -0.00279893 0.00647426 2.52235e-07 -0.00181286 5.68721e-06 -8.01982e-06 -2.01296 0.820439 5.07542e-08 -0.0019822 6.6307e-05 1.06811e-07 -0.0021897 3.00066e-05 -0.00782536 -0.0113584 0.00145965 -0.00138342 -0.0107857 0.00345534 -0.00500053 -0.00388798 0.00319157 -0.00798469 -0.00557967 0.0025724 -0.000436802 -0.000528155 2.70491e-05 -0.00665387 0.000817928 7.3357e-05 -0.00479156 5.80144e-05 9.52223e-05 -0.000855825 -0.00130635 0.000260012 0.00101033 -0.00334714 -0.00416039 0.0025447 -0.00012665 0.00204436 -0.000906124 0.00119922 0.000133723 -0.00265648 -0.00191714 0.00217398 -0.000223849 1.75744e-05 0.00126551 -5.2163e-05 -2.45869e-05 0.000738265 1.6038e-05 -5.68111e-06 2.55716e-06 1.80127e-07 -0.00257521 5.34072e-05 -0.00041007 -0.00063009 0.000942629 -0.000711869 -0.000216872 0.00210358 -0.000242575 -0.000329403 0.000972624 -0.000328955 0.00179521 -5.42509e-05 -0.000216892 1.74952e-05 0.000126376 -7.03549e-05 2.09821e-05 4.96237e-05 -0.00304635 -0.00399377 -0.00199495 0.0014799 0.00188287 0.00115422 -0.001423 -0.00204996 -0.00459464 0.00315818 0.00462985 0.0141098 -0.00813558 -0.00889144 -0.00214047 0.00620479 0.00652831 -0.00496845 0.00112391 -0.00154139 -0.0023698 -0.000345595 0.000988548 0.000759225 -0.00217241 -0.000785331 -0.000614103 -5.60532e-05 -0.00127952 -0.000764904 -0.000384287 -0.000448869 -0.00073246 -0.000733353 -0.00124472 -0.00133031 -0.00115831 -0.000637457 -0.000502963 -0.000540083 -0.000480389 0.000428237 0.00078101 0.000423592 0.000693322 0.000715934 0.00114039 0.000201289 -0.000239197 -0.000458457 -9.01578e-05 -0.000357509 0.00104187 0.000412274 -0.000273199 6.18728e-05 0.000847941 0.00157105 0.000625177 0.00111749 0.00322746 0.0021964 0.00138053 0.000517094 0.000576813 0.000376749 0.000429528 -0.000633986 0.000310839 0.000525819 0.000629418 0.000629033 -0.017962 -0.00258388 -0.00366032
 6.85356e-10 -7.70929e-05 1.91293e-06 8.53129e-10 -4.24602e-05 3.35448e-06 4.68475e-09 4.30934e-05 -0.000100817 -4.3055e-05 -2.09887e-05 4.85285e-05 -7.11871e-10 4.59373e-06 6.72284e-08 -9.09126e-10 9.89856e-06 5.07542e-08 1000 3.20247e-05 -5.53985e-06 -1.76906e-09 2.39436e-05 -2.14514e-07 8.87922e-05 -8.07076e-05 8.29919e-06 -3.14028e-06 -1.8422e-05 5.80714e-06 2.46807e-05 -1.77855e-05 1.32728e-05 2.47951e-05 -0.000160043 6.54905e-05 -3.79213e-05 1.1479e-05 -1.23751e-08 -3.43917e-05 6.06824e-06 9.88407e-08 3.22475e-05 -2.15822e-05 8.81349e-07 3.44268e-06 8.65834e-06 -1.30627e-06 3.0459e-05 2.33621e-06 -6.46676e-05 2.60137e-05 -3.71225e-05 7.11591e-05 3.97307e-05 -6.50771e-05 -8.60219e-06 4.85614e-05 -1.52582e-07 -1.79001e-05 5.25138e-06 -3.52702e-07 2.89391e-06 8.2508e-06 -1.93858e-07 -4.51136e-06 -4.31198e-07 1.7398e-07 2.71684e-07 -1.54284e-09 1.94942e-05 -1.96481e-07 6.1858e-06 2.07817e-05 -3.10703e-05 -5.14032e-06 3.33812e-07 -3.48988e-06 4.85779e-06 8.45934e-06 -2.54098e-05 5.24953e-05 -0.000207352 5.17838e-06 3.37934e-06 -3.02852e-07 1.2636e-05 -1.33779e-06 2.96924e-07 1.04572e-06 2.0568e-05 -0.000195597 -5.02713e-05 0.000265343 0.000193842 0.000114369 -0.000150049 0.000257081 -0.000225633 -6.93859e-05 -1.83321e-05 0.000112312 -8.81746e-05 7.53128e-06 1.51762e-05 -2.55278e-05 3.38409e-05 3.19111e-05 4.73858e-05 -2.86795e-05 -1.13083e-05 -1.92557e-05 -1.65985e-05 -2.60139e-05 -1.4022e-05 7.90534e-06 2.71189e-05 -9.66232e-06 4.5101e-06 3.23432e-05 -7.4234e-06 -1.48881e-05 -4.73912e-05 -9.09538e-06 1.5322e-05 -2.25982e-05 -1.33094e-05 -1.36363e-05 1.81292e-05 -1.76516e-05 7.05589e-06 -6.68932e-06 -3.94211e-06 -1.70155e-05 -1.04257e-05 -2.3468e-05 -1.74591e-05 -1.71781e-05 -3.22224e-05 -2.9965e-05 1.88984e-06 2.74061e-05 2.83344e-05 1.05723e-05 1.01428e-05 2.42082e-05 -8.16898e-06 7.50283e-06 5.52885e-06 -2.18806e-05 -6.22082e-06 -1.31506e-05 -1.90499e-05 -5.52308e-06 1.10266e-06 -2.16681e-06 4.11993e-07 3.11675e-05 -2.48937e-06 1.94181e-05 1.85522e-05 1.78508e-05 -0.000501595 -0.000281935 -0.000136979
 -3.33498e-05 1.89631 -0.0511629 3.01587e-05 0.0412369 -0.0107989 -7.34711e-05 -0.689015 1.61513 1.02501 0.797423 -1.84367 2.16425e-05 -0.14969 -0.00195438 2.37154e-05 -0.290095 -0.0019822 3.20247e-05 998.217 -29.4191 3.50758e-05 -0.568025 0.00429529 -0.47816 3.29867 -0.39098 0.0461701 0.674103 -0.219789 0.0403158 0.550266 -0.437444 1.23479 3.39246 -1.45092 0.24601 -0.243947 -0.0010426 -0.269025 -0.00439744 -0.00327115 -0.65153 -0.0596523 0.00278627 -0.186644 -0.295428 0.0462783 -0.593519 0.568171 1.20627 -0.637515 0.697158 -1.76705 -0.667318 1.13871 -0.611649 -0.506166 -0.0635171 0.246076 -0.218257 0.0174996 -0.312774 -0.20713 0.00452546 0.134022 -0.00253871 0.000162596 -0.00601688 3.79646e-05 -0.504065 0.00263761 -0.223492 -0.561545 0.83898 0.0629672 -0.0128121 0.145228 -0.163621 -0.18005 0.545745 -0.937066 3.48742 -0.0622167 0.0033823 -0.000372425 -0.318529 0.0495957 -0.0128681 -0.0369106 0.115432 6.09313 2.23828 -4.99987 -5.22971 -5.00282 -3.81037 5.83325 1.07557 0.263357 -0.114951 -2.72658 0.16996 2.6191 0.532667 0.41194 -0.299479 -1.98228 -0.212901 0.831822 0.943655 0.44106 0.46783 0.747952 0.592223 0.10332 -0.171668 0.367368 0.543044 -0.417143 0.465099 0.662707 1.42769 0.732544 -0.591423 0.544873 0.460157 0.513994 -0.22747 0.190032 0.000302549 0.0959824 -0.0610353 -0.000909855 0.256522 0.411886 0.29529 0.372565 0.460581 0.427365 -0.207534 -0.572063 -0.547197 -0.794331 -0.218159 -0.332154 0.0932414 0.135921 -0.49601 0.328498 -0.291231 -0.870812 -0.687175 -0.617238 -0.39764 -0.196282 -0.183312 -0.509466 -0.00224432 -0.494243 -0.471219 -0.479124 12.8515 6.93963 3.45575
 1.18311e-06 -0.0655199 0.00172462 -3.32546e-07 -0.00917498 0.000925826 1.96878e-06 0.0188352 -0.0441699 -0.0302165 -0.0251854 0.0582291 -3.48611e-07 0.0022554 5.92348e-05 -4.71631e-07 0.00572581 6.6307e-05 -5.53985e-06 -29.4191 1.72034 -1.0271e-06 0.0154208 -0.000111697 0.0124182 -0.103375 0.0122717 -0.00191695 -0.0250143 0.00811828 -0.00267073 -0.0202848 0.0161275 -0.0400195 -0.107324 0.0459092 -0.0077295 0.00569963 6.28384e-05 0.00518602 0.000120798 0.000119228 0.0175907 -0.000928139 9.60385e-05 0.00422618 0.00678501 -0.0010064 0.0170745 -0.0182455 -0.0375531 0.0199944 -0.0203562 0.0540692 0.0197851 -0.0338842 0.0171112 0.0147094 0.00115031 -0.00670064 0.00670457 -0.000538547 0.00859603 0.00649485 -0.000179083 -0.00297936 -0.00023871 0.000104082 0.000142353 -9.5199e-07 0.0126161 -4.35429e-05 0.0059045 0.0151617 -0.022653 -0.00246423 0.000201007 -0.00251757 0.00407538 0.00471279 -0.0142891 0.0296971 -0.103275 0.00183239 0.000109645 -4.96949e-06 0.00915498 -0.00150077 0.000386837 0.00111948 -0.00382298 -0.180422 -0.0708806 0.142509 0.165342 0.171426 0.106391 -0.177469 -0.0302957 -0.012861 0.000552669 0.0829974 -0.00498087 -0.0796814 -0.0161969 -0.0127898 0.00870822 0.0599359 0.00629062 -0.0252965 -0.0287258 -0.0134302 -0.0141036 -0.0226475 -0.0181092 -0.00329921 0.00497372 -0.0112317 -0.0166168 0.0125047 -0.0143045 -0.0201441 -0.043285 -0.0223176 0.0176238 -0.0166364 -0.0139425 -0.0154739 0.0068088 -0.00589612 -3.62093e-05 -0.00295667 0.0018522 5.59931e-05 -0.00769561 -0.0124001 -0.00888798 -0.0113744 -0.0140683 -0.0128899 0.00641089 0.0172969 0.0164182 0.0239484 0.00656063 0.0100344 -0.00275771 -0.00418213 0.0151202 -0.00994491 0.00874238 0.0263375 0.0208748 0.0186863 0.0120266 0.00588941 0.00552606 0.0152796 9.568e-05 0.015086 0.0143182 0.0144705 -0.389233 -0.214507 -0.105358
 1.86542e-09 -0.000134075 3.29122e-06 -1.89982e-09 -1.80392e-07 2.20965e-07 4.96193e-09 4.51732e-05 -0.000105681 -3.3057e-05 -6.42882e-06 1.47613e-05 -1.32362e-09 8.78497e-06 1.3151e-07 -1.36272e-09 1.58208e-05 1.06811e-07 -1.76906e-09 3.50758e-05 -1.0271e-06 1000 3.57614e-05 -6.06997e-06 0.00010503 -0.000345884 3.96751e-05 -5.516e-06 -6.70146e-05 2.135e-05 8.43621e-05 0.000143357 -0.000114993 0.000110943 -5.98508e-05 2.13265e-05 -2.83601e-05 9.21397e-06 1.96013e-07 -7.16115e-05 1.48781e-05 6.08974e-07 0.000110634 -5.00089e-05 9.25973e-07 5.16232e-06 1.02739e-05 -1.36481e-06 3.28342e-05 5.52386e-05 -6.14786e-05 1.15663e-05 -5.99683e-05 0.000104336 8.35135e-05 -0.000133189 2.06275e-06 9.49766e-05 6.40027e-06 -3.96716e-05 6.27606e-06 -3.83802e-07 -4.43909e-06 1.19274e-05 -1.73633e-07 -9.64858e-06 -3.04649e-07 1.04004e-07 3.53407e-07 -1.88573e-09 2.45012e-05 -3.05065e-07 8.11687e-06 2.62204e-05 -3.91977e-05 -8.08865e-06 4.37871e-07 -4.73e-06 6.94784e-06 9.22851e-06 -2.79988e-05 5.05267e-05 -0.000178219 4.69221e-06 7.3342e-06 -6.08362e-07 1.63954e-05 -2.26014e-06 4.32278e-07 1.837e-06 2.05481e-05 -2.64206e-05 1.3124e-05 0.000170683 0.000119028 6.77665e-05 -8.68061e-05 5.12586e-05 -0.000208949 -1.54355e-05 1.40218e-05 0.000337818 -0.000143024 -0.000271489 0.000151025 0.000142942 0.00019329 -0.00015407 0.000131116 -2.87499e-05 -1.71244e-05 2.90762e-06 3.17936e-06 1.31754e-05 5.51242e-05 9.46007e-05 -1.29341e-05 -4.03577e-05 -4.67298e-05 6.51413e-05 1.51143e-05 3.39416e-05 1.31678e-05 9.0028e-06 1.11643e-06 -1.40171e-05 -8.20979e-06 -2.76532e-06 -4.81097e-06 -3.96975e-05 -3.4226e-05 -5.0636e-05 -4.02004e-05 1.38855e-07 1.54696e-05 -1.543e-05 -1.3965e-05 -3.29297e-05 -8.13966e-05 -7.8209e-05 -1.40468e-05 3.49968e-05 1.99319e-05 -4.3209e-06 -5.80487e-06 4.08121e-06 -5.94309e-06 -1.839e-05 3.64038e-07 -7.03677e-05 -4.08015e-05 -3.83478e-05 -4.763e-05 -2.82537e-05 -1.7756e-05 -2.01472e-05 -1.32865e-05 5.32974e-05 -2.69995e-06 2.86137e-05 2.70349e-05 2.67195e-05 -0.00074072 -0.000423015 -0.000203653
