 1000 0.00414404 -0.000375054 2.90778e-09 -0.000393785 0.000117561 -6.07147e-06 -6.70014e-06 5.35462e-05 -0.000162633 -1.86198e-05 0.000272322 1.2912e-09 -1.59215e-05 1.3286e-07 9.2545e-10 -2.06461e-05 4.37107e-07 -2.57787e-10 -4.90396e-05 7.29583e-06 -2.08651e-11 -1.66394e-05 1.15654e-06 -0.00012931 -0.000498143 9.93057e-05 -6.33251e-05 -0.000409204 0.000289673 -3.81451e-05 -6.93886e-05 0.000180678 -2.08322e-05 -0.000194993 0.000234932 -5.90576e-05 -1.76568e-06 8.8684e-07 -0.000258077 4.83748e-05 2.59791e-06 -6.90121e-05 -4.37609e-05 7.1222e-06 -1.03146e-05 -3.12287e-05 2.07324e-05 4.14379e-05 -8.14346e-05 -0.000249488 0.0002312 -3.4251e-05 3.58338e-05 5.70962e-05 -8.5125e-05 1.58369e-06 -1.7908e-05 -7.02003e-05 8.16629e-05 -6.54905e-06 3.46572e-07 1.97395e-05 1.59769e-05 -1.62669e-06 3.49582e-05 -1.35238e-06 3.12024e-07 4.16516e-07 1.00249e-09 -3.64383e-05 3.01754e-06 -6.34671e-06 -1.10645e-06 1.13346e-05 -1.06299e-05 -4.18528e-06 5.95836e-05 2.26831e-06 3.71923e-06 -1.9611e-05 -7.66737e-06 -0.000136097 6.62062e-06 -8.50758e-06 5.69261e-07 -2.11431e-05 -1.48726e-06 -5.65625e-07 2.06842e-06 -1.24583e-05 5.78701e-05 -8.65244e-05 -0.00025594 -0.000158136 1.90753e-06 5.81017e-05 0.000358397 -0.000120715 -0.000266921 -0.000135341 4.01903e-05 -2.65796e-05 3.41737e-05 6.23427e-05 6.93784e-05 2.03492e-05 -5.52159e-05 -9.07973e-05 0.000176457 -0.000133753 2.60198e-05 -9.03709e-07 -1.70156e-06 1.00841e-05 2.96052e-05 1.03971e-05 -1.91066e-05 3.7799e-05 -3.90747e-05 9.76023e-06 -1.08342e-05 -8.40805e-06 -4.08449e-07 3.67715e-06 -5.11592e-06 -1.94363e-05 0.000148347 -8.03843e-05 5.68818e-05 -3.53088e-06 1.19919e-05 2.15689e-05 2.18484e-05 2.70236e-05 -8.92391e-06 4.05996e-05 2.81935e-05 3.06941e-05 -1.36268e-05 -3.51924e-05 4.15895e-05 1.84901e-05 -8.4828e-06 4.79806e-06 -1.00908e-05 3.35899e-05 4.76278e-05 2.44095e-05 3.61428e-05 1.5465e-05 -2.90892e-05 2.43694e-06 -1.22361e-05 9.21739e-06 9.43063e-06 1.20605e-05 -4.42686e-06 1.44719e-06 1.63259e-05 5.45208e-05 3.43237e-05 -0.000756517 0.00019277 -9.42144e-05
 0.00414404 557.894 -49.0537 -0.00032712 40.7979 -12.177 0.640132 0.945184 -7.61199 16.3598 2.05905 -30.1698 -0.000169063 1.85728 -0.0105212 -0.000155916 2.64781 -0.0472699 -3.71736e-05 3.21475 -0.481924 -6.5e-05 2.5091 -0.164842 23.315 43.1734 -8.82805 5.19518 33.2137 -23.5176 8.77318 8.6095 -22.7103 13.9425 19.4681 -24.203 2.86729 0.339614 -0.0790003 24.9394 -5.09743 -0.253375 10.744 0.528767 -0.363731 1.4751 3.44349 -2.29243 0.165703 9.09828 13.8871 -14.4039 -0.579296 -1.63297 3.54133 -5.01527 -0.838488 5.22381 7.42076 -10.2544 0.349963 -0.0107807 -2.34849 0.830411 0.17841 -5.31017 -0.0211154 0.0055351 -0.0275045 -0.000158047 4.67346 -0.374036 1.08632 0.179785 -1.93765 1.40429 0.503755 -7.14847 0.0980093 -0.0848871 0.452936 1.45562 -11.5108 0.521514 2.04749 -0.15797 0.728702 0.105132 0.0247925 -0.130952 3.80078 -4.02991 5.88251 15.7552 9.68044 -0.617111 -25.0787 17.466 -11.2408 21.8608 11.1772 -1.34197 -2.0816 -2.96031 -2.50303 6.24983 5.16917 0.89587 -9.69415 5.30783 -0.931169 1.0364 -1.94807 -1.15734 0.498595 1.2222 0.785614 1.83084 0.758298 -0.290349 0.772 0.660974 0.392158 0.0251016 1.27586 0.0168061 -0.648304 3.32953 -6.78429 3.95678 -0.490817 -0.482938 -1.27459 -3.81533 -1.67114 -3.13772 -2.69449 -2.46731 -0.101152 -0.641008 -2.2683 -1.7955 -1.6981 -0.666923 -1.1136 -2.86738 -0.365761 -2.43685 -4.44559 -1.08481 -0.827305 -3.3446 -2.27774 -1.90259 -1.71023 -1.39817 -1.49741 1.04201 -0.308157 -1.22862 -4.01703 -3.19185 58.2606 -16.7869 6.93804
 -0.000375054 -49.0537 5.25214 2.91769e-05 -3.64498 1.08792 -0.0589284 -0.0864352 0.696434 -1.45936 -0.184015 2.69623 1.60001e-05 -0.17638 0.000944512 1.43968e-05 -0.24668 0.00436251 3.32475e-06 -0.298261 0.0446674 5.83809e-06 -0.231809 0.0152013 -2.08467 -3.85801 0.788899 -0.466943 -2.96748 2.10118 -0.784283 -0.769989 2.03108 -1.24713 -1.73997 2.16322 -0.26787 -0.0394659 0.00747264 -2.23282 0.447371 0.0227244 -0.969494 -0.0650421 0.0347237 -0.136513 -0.317115 0.21105 -0.0184782 -0.812491 -1.23934 1.28573 0.0498253 0.144748 -0.317994 0.45049 0.0692014 -0.466802 -0.663925 0.917401 -0.0311942 0.000958255 0.209911 -0.0743239 -0.0159469 0.474704 0.00198023 -0.000517173 0.00261199 1.45836e-05 -0.432197 0.0344883 -0.100387 -0.0165794 0.178875 -0.124674 -0.0450567 0.639377 -0.00959568 0.00697825 -0.037314 -0.123781 1.0337 -0.0468475 -0.183249 0.0141438 -0.0671025 -0.00938274 -0.00221042 0.0116849 -0.339875 0.361055 -0.524562 -1.40734 -0.866639 0.0591741 2.24105 -1.5638 1.00461 -1.95032 -0.996376 0.119811 0.186184 0.263994 0.222848 -0.558943 -0.462167 -0.0798172 0.86609 -0.475174 0.0838144 -0.0926292 0.174101 0.103341 -0.0448899 -0.109727 -0.0703906 -0.163142 -0.067951 0.0258084 -0.0693382 -0.0592362 -0.0351826 -0.00238693 -0.114149 -0.00161222 0.0579719 -0.298208 0.60635 -0.353781 0.0437977 0.0431327 0.113868 0.340792 0.149104 0.280255 0.240344 0.220048 0.00877428 0.0573191 0.203035 0.160299 0.151587 0.0595917 0.0994825 0.256225 0.0326491 0.21752 0.397012 0.0968245 0.0738313 0.298954 0.203688 0.17003 0.152726 0.12486 0.133714 -0.0931413 0.0275444 0.109674 0.358592 0.284929 -5.20054 1.49813 -0.619358
 2.90778e-09 -0.00032712 2.91769e-05 1000 0.00274716 -0.000823737 -5.01475e-06 -6.27144e-06 5.11757e-05 -0.000115202 -1.35772e-05 0.000199958 3.32089e-10 -3.92069e-06 1.00988e-07 7.6644e-10 -1.42813e-05 3.22424e-07 -1.53111e-10 -3.69883e-06 6.00888e-07 -1.1977e-10 -7.34299e-07 7.82322e-08 -0.000146822 -0.000346664 7.02398e-05 -5.51337e-05 -0.000326052 0.00023085 -6.32963e-06 -5.1317e-05 0.000132006 2.66937e-05 -0.000204996 0.000244013 3.46844e-06 8.49891e-06 7.78954e-08 -0.000214168 5.92735e-05 2.36592e-06 -4.17025e-05 3.48618e-06 1.53192e-06 4.37613e-07 -1.29325e-05 8.54636e-06 2.80562e-05 -4.35413e-05 -3.2979e-05 4.04773e-05 -2.88112e-05 -1.50659e-05 5.86164e-05 -8.31849e-05 9.05594e-06 -5.37946e-05 -3.68393e-05 6.4574e-05 1.66748e-06 -3.16586e-07 3.70083e-05 -4.5165e-06 -1.4111e-06 4.77576e-05 6.01776e-06 -1.43983e-06 -1.3362e-06 5.15192e-10 -1.7033e-05 1.48577e-06 -5.86526e-06 -9.7554e-07 1.03286e-05 -1.54276e-05 -5.7908e-06 8.20666e-05 -8.45171e-07 3.45451e-07 -2.1687e-06 8.42692e-06 -7.10762e-05 3.23589e-06 3.63506e-06 -2.30462e-07 -1.41952e-05 -1.09545e-06 -4.14794e-07 1.52182e-06 -4.95753e-05 -6.49331e-06 -4.44563e-05 -0.000102925 -5.85175e-05 -4.26517e-05 4.12879e-05 3.35397e-05 -2.5272e-05 -9.69815e-05 -3.26341e-05 1.13443e-05 -1.12027e-05 6.10592e-05 8.38299e-06 6.61214e-05 -4.123e-05 1.12111e-05 -1.09755e-05 -2.97665e-05 6.25817e-06 1.02049e-05 3.96158e-05 1.30322e-05 2.23544e-05 -3.61205e-05 -4.14793e-06 -6.75688e-06 -4.50024e-06 -2.16283e-06 1.54792e-05 5.74449e-05 4.12902e-05 -2.80754e-05 -0.000133117 -0.000201747 -5.6223e-05 0.000153792 -1.21939e-05 0.000158164 -3.30124e-05 1.54693e-05 4.05319e-05 3.66041e-05 3.04065e-05 1.97009e-06 3.68333e-05 9.15881e-06 4.43503e-05 -5.68871e-05 -9.88245e-05 5.14184e-06 -3.0937e-05 6.77245e-05 6.25056e-05 1.10363e-05 -8.84958e-06 2.11738e-05 3.0531e-05 7.73305e-05 2.9547e-05 -8.18867e-05 5.0845e-05 -5.90952e-06 1.00786e-05 1.08509e-05 1.1446e-05 -1.14092e-05 3.76734e-06 7.29739e-06 2.13585e-05 -1.27983e-05 -0.000376394 0.000140336 -4.12549e-05
 -0.000393785 40.7979 -3.64498 0.00274716 605.617 -179.763 0.439361 0.619725 -4.94375 14.0415 1.79963 -26.3452 -1.40101e-05 0.151216 -0.00825616 -8.39224e-05 1.34505 -0.0286101 2.45906e-07 0.563944 -0.0906278 -4.09395e-07 0.166184 -0.0167439 18.3256 33.4971 -6.85459 4.56546 26.5285 -18.788 10.0425 7.46248 -19.8286 13.4663 16.3611 -20.4467 -0.966245 -0.986387 0.00732042 16.1997 -4.76781 -0.160753 8.27456 -2.57868 0.0526666 0.277123 1.10187 -0.740573 -2.05209 6.1506 1.95239 -3.54144 0.456971 -1.9617 2.11409 -2.9241 -1.64823 4.30155 6.26541 -8.56658 0.213553 -5.93964e-05 -2.72244 -4.11115 0.541533 -12.5359 -0.876331 0.199267 0.189164 -4.74586e-05 1.41762 -0.13117 0.542033 0.0933018 -0.981281 1.3976 0.525201 -7.45969 0.139777 0.0103396 -0.0357251 0.662305 -10.6218 0.48718 2.6377 -0.201219 0.740023 0.0694923 0.0196669 -0.0898555 3.07541 -2.05059 1.96741 5.09575 3.75133 4.4174 2.84863 -2.56791 -1.44831 10.6727 3.73614 -3.21803 -0.252979 0.480217 -1.80983 4.43049 0.12348 -0.610826 -1.15991 2.59129 -0.0155434 -0.730072 -1.83902 -2.2072 1.272 1.82399 0.234184 0.361599 2.55563 -0.966094 -1.96346 -0.229273 0.337403 4.62624 3.68429 -2.04359 -1.60617 3.28933 -7.93871 3.82921 0.541107 -0.496798 -1.47891 -2.29823 -1.3172 -1.31286 -1.29911 -2.38854 0.301908 0.306509 -0.708131 -1.34714 -1.93718 -0.141887 -0.611441 -1.04901 0.0183355 -2.05841 -4.66528 -0.863965 0.753313 -3.48849 -1.51672 -1.78504 -1.39244 -1.12928 -1.1809 0.747653 -0.241087 -1.1804 -3.79818 -2.99066 56.6196 -17.7075 6.54448
 0.000117561 -12.177 1.08792 -0.000823737 -179.763 54.6524 -0.132824 -0.186986 1.49214 -4.18826 -0.537241 7.86478 4.93474e-06 -0.0539296 0.00246802 2.54944e-05 -0.410974 0.00867026 -7.94843e-08 -0.175677 0.0281227 1.19886e-07 -0.0553836 0.00535648 -5.47038 -9.99863 2.04605 -1.36581 -7.91807 5.60774 -2.99731 -2.22796 5.91987 -4.02003 -4.88353 6.10304 0.279117 0.287361 -0.00186346 -4.83839 1.417 0.0480427 -2.47748 0.754109 -0.0137892 -0.0865324 -0.336842 0.226283 0.612461 -1.83579 -0.583024 1.05726 -0.138631 0.584814 -0.632134 0.874467 0.486854 -1.28367 -1.87084 2.5578 -0.0637242 1.73964e-05 0.812485 1.22698 -0.161619 3.74129 0.262295 -0.0596406 -0.0566249 1.45779e-05 -0.436036 0.0400943 -0.164983 -0.028339 0.298356 -0.416477 -0.156786 2.22691 -0.0426058 -0.00369421 0.0138292 -0.190846 3.17292 -0.145547 -0.787409 0.0600718 -0.222272 -0.0207355 -0.00586757 0.0268108 -0.917896 0.612524 -0.587041 -1.52065 -1.11997 -1.31896 -0.8496 0.765922 0.432649 -3.18601 -1.11435 0.960608 0.0757429 -0.143512 0.539907 -1.32251 -0.0370644 0.182111 0.346155 -0.773124 0.0044603 0.217869 0.54873 0.658587 -0.379789 -0.544377 -0.0699953 -0.107714 -0.76254 0.288109 0.585683 0.0681399 -0.100893 -1.38038 -1.09906 0.61034 0.479455 -0.982003 2.36903 -1.1431 -0.161329 0.148321 0.441357 0.685946 0.393064 0.391873 0.387572 0.712647 -0.0902301 -0.0912362 0.211853 0.402178 0.578246 0.0422419 0.182422 0.313189 -0.00525492 0.614349 1.39218 0.257744 -0.224774 1.04134 0.452751 0.532771 0.415569 0.337053 0.35245 -0.223168 0.0719551 0.352253 1.13346 0.89253 -16.896 5.28373 -1.95301
 -6.07147e-06 0.640132 -0.0589284 -5.01475e-06 0.439361 -0.132824 999.957 -0.0799577 0.43845 0.185024 0.0167795 -0.229395 1.0114e-05 -0.108653 -0.000210176 7.19294e-06 -0.125922 0.00141447 1.41362e-06 -0.199324 0.0285668 3.38908e-06 -0.158483 0.00939492 0.116004 0.33582 -0.0690087 0.0257615 0.547821 -0.388886 0.689164 -0.124964 0.285283 0.535923 0.111237 -0.166915 -0.0609223 -0.0512334 0.0016642 -0.480836 0.0779034 0.00372338 -0.0568714 -0.169352 0.0192943 -0.0655919 -0.125836 0.0816918 0.0690786 -0.132983 -0.143473 0.159785 -0.00122843 -0.820178 0.264312 -0.317374 -0.102507 -0.177548 0.161222 -0.0748056 0.0420527 -0.00334224 0.118153 -0.00135543 -0.00422395 0.119687 0.00263105 -0.000577908 -0.00112022 7.97664e-06 -0.24953 0.0168076 -0.0665893 -0.0104598 0.121376 -0.0698276 -0.0235677 0.346703 0.00191606 -0.00403427 0.0205171 0.0419902 -0.326956 0.0162949 -0.0818595 0.00557807 0.0188887 0.00144196 9.0106e-05 -0.00154483 -0.0956622 0.0828445 -0.0922132 -0.307665 -0.195158 -0.0435135 0.198947 0.815045 -0.713518 0.00340953 0.0286774 0.0184901 0.294001 -0.130112 0.0624245 0.134925 0.139727 -0.114547 -0.0245441 0.014924 0.0178982 -0.00353273 0.0039571 0.00854965 -0.0136121 -0.00747546 0.110461 -0.199711 0.0649029 0.0343634 -0.0393105 0.00799793 -0.00422179 0.00598045 -0.00443162 -0.0321795 0.00915485 0.0553958 0.22052 -0.120288 0.0247241 -0.00863963 -0.0107605 -0.484114 0.200029 -0.245851 0.0697599 0.155617 -0.313391 -0.0622112 -0.111145 0.1958 -0.131479 0.109303 0.0963674 0.0510688 0.127228 -0.179677 0.146394 -0.142223 0.135581 0.264837 0.0829844 -0.0733961 -0.0709498 -0.00767846 -0.00931391 -0.0332775 0.00699576 -0.106011 -0.403014 -0.454583 4.22348 -0.037629 0.672866
 -6.70014e-06 0.945184 -0.0864352 -6.27144e-06 0.619725 -0.186986 -0.0799577 15.4817 -119.185 0.244026 0.0180597 -0.244379 1.2849e-05 -0.135369 -0.000269013 9.25761e-06 -0.152921 0.00171752 3.02836e-06 -0.197241 0.0282365 5.6581e-06 -0.211588 0.0127904 -0.0138218 0.978141 -0.192431 0.0539994 0.795576 -0.564144 0.703821 -0.227773 0.550418 0.347145 0.503393 -0.625226 -0.0397294 -0.0697327 0.00151567 -0.507304 0.0787816 0.00330856 -0.195898 -0.136804 0.0170437 -0.0765031 -0.162228 0.104903 0.092763 -0.178972 -0.304271 0.307032 0.134713 -1.10197 -0.00317063 0.0909728 -0.121337 -0.263021 0.163675 -0.0344639 0.0234097 -0.00221179 0.143453 0.121709 -0.000930858 -0.0352827 0.00774595 -0.00169252 -0.00278106 1.0836e-05 -0.32526 0.0221577 -0.0833737 -0.0130768 0.152064 -0.102187 -0.0337714 0.488943 -0.0104571 -0.010261 0.0522073 0.0456118 0.232464 -0.00842655 -0.065737 0.00417181 0.00736719 0.00323793 0.00182716 -0.00510215 -0.120712 -0.0285604 -0.0858615 -0.151883 -0.0502309 0.0138397 1.02864 -0.040889 -0.872698 0.140318 0.135734 0.765312 0.311016 -0.241399 -0.560762 -0.234716 0.382561 -0.0890419 0.058698 -0.0162651 -0.0405948 -0.0629168 -0.0665122 -0.0163874 -0.0639407 -0.172018 0.448183 -0.248755 0.0258358 -0.0187429 0.092198 -0.023198 0.0147645 0.0078444 0.0412904 -0.0324361 -0.175731 -0.00393941 0.0870992 -0.151665 0.135296 0.0716793 0.0428225 -0.328143 0.0423958 -0.122793 -0.003901 -0.123883 -0.320987 0.165857 0.178758 0.217197 -0.0372299 0.0969469 -0.0425135 -0.155234 -0.0884985 0.0496101 -0.00813909 0.200685 0.427294 0.000830966 -0.195862 -0.0950434 -0.0544634 -0.0181517 -0.0187949 -0.0485709 0.00849769 -0.141766 -0.535439 -0.437837 5.57425 0.204851 0.929932
 5.35462e-05 -7.61199 0.696434 5.11757e-05 -4.94375 1.49214 0.43845 -119.185 980.239 -1.97488 -0.140252 1.88922 -0.000107401 1.13385 0.00217658 -7.69475e-05 1.27975 -0.0144606 -2.46235e-05 1.64906 -0.236185 -4.66359e-05 1.75555 -0.106172 0.140639 -7.9257 1.55895 -0.422922 -6.43399 4.56245 -5.77809 1.90862 -4.6185 -2.82493 -4.06105 5.04543 0.334095 0.605095 -0.0137998 4.18746 -0.63389 -0.0275202 1.63743 1.17814 -0.146976 0.650545 1.36693 -0.884662 -0.782434 1.47319 2.49237 -2.51669 -1.08085 9.00349 0.0316653 -0.751735 0.984112 2.1552 -1.331 0.272263 -0.191147 0.0180874 -1.17712 -0.996287 0.00811542 0.275117 -0.0656668 0.0143634 0.0233793 -9.09065e-05 2.72223 -0.185797 0.703495 0.1107 -1.28525 0.841488 0.277641 -4.01963 0.0848487 0.0828574 -0.421457 -0.417766 -1.91699 0.0697969 0.542523 -0.0345298 -0.0450672 -0.0263934 -0.0149063 0.041602 0.988953 0.223734 0.700229 1.24913 0.426062 -0.108106 -8.4007 0.319135 7.11142 -1.0724 -1.06748 -6.26574 -2.54333 1.97044 4.57635 1.9179 -3.12127 0.729842 -0.483718 0.133135 0.331155 0.513244 0.540629 0.131777 0.522472 1.40518 -3.66047 2.03021 -0.211233 0.151677 -0.753565 0.188956 -0.121052 -0.0640731 -0.336568 0.263568 1.43293 0.0334579 -0.719275 1.24072 -1.10722 -0.587804 -0.352465 2.67912 -0.350557 1.00147 0.0295898 1.01034 2.62502 -1.35587 -1.46524 -1.78052 0.302442 -0.79409 0.344648 1.26456 0.719999 -0.406979 0.0613401 -1.64089 -3.4933 -0.0118235 1.59641 0.774686 0.443138 0.14595 0.15124 0.398153 -0.0697374 1.15757 4.37298 3.57721 -45.5013 -1.69927 -7.59478
 -0.000162633 16.3598 -1.45936 -0.000115202 14.0415 -4.18826 0.185024 0.244026 -1.97488 908.099 -10.8137 151.488 3.8401e-05 -0.504201 -0.00178086 1.8346e-05 -0.385405 0.00358644 1.72218e-06 -0.392863 0.0559312 -6.03069e-07 -0.59494 0.0368279 6.13012 7.4958 -1.5657 1.20871 6.43037 -4.5534 2.2469 3.19756 -8.39522 5.84344 3.54977 -4.61776 -0.660492 -0.0231697 -0.00438291 4.73192 -1.61913 -0.0443371 2.25841 -1.47127 0.104896 0.268742 0.518975 -0.347039 1.05581 3.31083 -3.9582 2.16516 -0.463659 -2.92683 2.666 -3.61815 -0.494805 3.81686 0.286891 -2.16948 0.196096 0.0132919 -4.17351 3.9882 0.17701 -6.94879 -0.183459 0.0417074 -0.00501541 -3.1536e-05 0.5841 -0.0533936 0.242553 0.0530441 -0.566229 1.40329 0.434268 -6.06771 -0.290181 -0.359023 1.87915 1.14917 -8.98973 0.412672 0.492805 -0.0378314 0.981685 0.00100518 -0.0108117 0.00985329 0.215187 -3.8589 -1.6916 0.969103 5.69327 6.76672 -11.2314 -0.946525 -0.569496 22.9345 8.97211 -12.2359 2.95051 -1.69984 -2.73093 4.0968 8.29578 13.5099 -16.7921 1.83348 2.25192 0.992868 -0.559493 -0.987038 -0.558548 2.84777 -4.95651 0.36615 3.19273 -3.44168 1.276 0.0491981 -1.57028 0.167808 -0.4722 1.27839 -5.13754 9.68579 -10.9842 7.82347 -2.37072 -0.805271 0.890773 -4.71758 -0.00854096 -3.14976 -1.79241 0.937276 -0.197275 -0.470335 -0.823738 -1.3434 -1.29672 1.06522 -0.51561 -2.74608 -0.098336 0.61692 -1.36731 -0.137994 -2.51388 0.663056 1.53931 -1.82133 -2.94876 -1.18261 -1.13 0.336634 -0.0472094 -0.363466 -0.561242 5.56367 24.1483 -18.1977 1.17605
 -1.86198e-05 2.05905 -0.184015 -1.35772e-05 1.79963 -0.537241 0.0167795 0.0180597 -0.140252 -10.8137 4.32971 -50.301 5.27447e-06 -0.0658727 -0.000262901 2.83359e-06 -0.0544654 0.000411824 9.34621e-07 -0.0746386 0.0104676 7.53322e-07 -0.102169 0.00612372 0.586051 1.49026 -0.30112 0.202707 1.21709 -0.861998 0.239396 0.315333 -0.826063 0.380893 0.814446 -1.00006 -0.0681368 -0.02255 -0.000321758 0.37615 -0.156888 -0.00385594 0.0953094 -0.139793 0.0113438 -0.000437761 0.0306405 -0.0208439 -0.150612 0.221793 0.160931 -0.199888 0.0198716 -0.322172 0.0114208 0.00785765 -0.122804 0.0723063 0.229809 -0.269179 0.0294793 -0.00190929 -0.0461642 0.133311 0.0105264 -0.362674 -0.0123052 0.00285887 -0.000345269 -2.77268e-06 0.051842 -0.00513541 0.0111026 0.003363 -0.0333562 0.145986 0.0425393 -0.612211 -0.0116315 -0.017784 0.0922614 0.0227888 0.0610419 -0.00241053 0.0805223 -0.00674371 0.0773396 0.00369611 0.00136389 -0.00509865 0.0265973 -0.719294 0.00689685 0.915775 1.18568 1.06841 -1.17334 -0.121943 -0.483754 1.6105 0.672506 -0.499954 0.623614 -0.0199714 -0.760988 -0.34321 0.269094 0.855221 -0.459913 0.0237944 -0.0411025 -0.0238146 -0.104063 -0.119356 -0.0882473 0.189025 -0.257653 -0.0847809 0.198265 -0.150723 0.00634879 -0.0265242 -0.103256 0.0203016 0.104294 -0.00563716 -0.250758 0.573474 -0.570187 0.141351 -0.028549 -0.0917907 0.0313468 -0.427735 0.0200465 -0.161763 -0.108813 -0.0736953 -0.147914 0.0340634 -0.066143 -0.11643 -0.0992705 0.00525524 -0.00272558 -0.160209 0.00456165 -0.0457641 -0.186264 -0.0196864 0.031773 -0.0490482 -0.081517 -0.0891739 -0.106338 -0.0709734 -0.0755799 0.0160923 -0.00522627 -0.0796957 -0.27424 -0.198273 3.56054 -0.670188 0.475842
 0.000272322 -30.1698 2.69623 0.000199958 -26.3452 7.86478 -0.229395 -0.244379 1.88922 151.488 -50.301 739.799 -8.10105e-05 1.00852 0.00382822 -4.37918e-05 0.852502 -0.00679988 -1.36963e-05 1.16731 -0.164153 -1.09172e-05 1.54611 -0.0928017 -8.60986 -21.7367 4.39316 -2.95753 -17.7405 12.5647 -3.58063 -4.58461 12.016 -5.64225 -11.8416 14.5467 1.03366 0.40134 0.0018121 -5.52814 2.35507 0.0563209 -1.3712 2.18311 -0.182179 0.0481457 -0.387274 0.26419 2.20286 -3.30423 -2.22922 2.84032 -0.230552 4.74972 -0.221121 -0.039774 1.79139 -1.12499 -3.33211 3.94034 -0.428006 0.0272214 0.769756 -1.9967 -0.157647 5.43056 0.172164 -0.0400523 0.00727112 3.83015e-05 -0.692011 0.0703219 -0.135129 -0.0448718 0.439837 -2.19861 -0.636316 9.1564 0.161141 0.255654 -1.32661 -0.319768 -0.712486 0.0270962 -1.16968 0.097807 -1.08132 -0.0536353 -0.0196028 0.073798 -0.38562 10.5535 -0.140503 -13.4136 -17.1667 -15.4829 17.1963 1.80712 7.12278 -24.1693 -9.9328 7.53962 -9.11655 0.323895 11.1104 4.91052 -4.0631 -12.6878 7.00899 -0.383782 0.556095 0.326954 1.52737 1.76091 1.29323 -2.8025 3.84454 1.22429 -2.93836 2.25656 -0.114265 0.38688 1.532 -0.300323 -1.50373 0.0613902 3.74141 -8.51594 8.49236 -2.19934 0.459284 1.34884 -0.472211 6.3011 -0.292698 2.4078 1.61586 1.05672 2.1565 -0.485724 0.972695 1.71292 1.46628 -0.0939651 0.0499006 2.37741 -0.0638118 0.653023 2.73094 0.289167 -0.416123 0.700406 1.1565 1.32981 1.59901 1.05439 1.12062 -0.239737 0.0766013 1.16384 3.99028 2.76453 -52.1603 10.0983 -6.92888
 1.2912e-09 -0.000169063 1.60001e-05 3.32089e-10 -1.40101e-05 4.93474e-06 1.0114e-05 1.2849e-05 -0.000107401 3.8401e-05 5.27447e-06 -8.10105e-05 1000 5.2219e-05 -5.64749e-06 -2.44952e-09 5.0261e-05 -2.65459e-07 -2.71973e-10 4.91264e-05 -6.85458e-06 -1.0038e-09 5.54719e-05 -3.08372e-06 -0.000189561 -0.000585163 0.000119014 -1.45441e-05 -0.000238754 0.000169538 -0.000136868 7.60049e-05 -0.000188358 -8.03417e-05 4.71231e-05 -5.12535e-05 9.94084e-05 1.96039e-05 -5.51474e-07 -0.000231866 8.976e-05 3.62101e-06 4.34824e-05 0.000111765 -1.24956e-05 2.86213e-05 5.21012e-05 -3.3841e-05 4.07606e-05 6.76825e-05 -8.79505e-05 4.98045e-05 -1.06175e-05 5.41232e-05 5.3389e-05 -8.15913e-05 7.12224e-05 -2.45436e-06 -5.04449e-05 5.09356e-05 -2.22201e-05 1.41464e-06 -1.05528e-05 -1.98955e-05 1.87804e-06 -4.22697e-05 -3.18951e-07 7.85793e-08 -4.95567e-07 -2.65043e-09 8.44427e-05 -5.26379e-06 1.75787e-05 2.51956e-06 -2.90827e-05 1.74504e-05 6.1043e-06 -9.36519e-05 3.77803e-06 2.54588e-06 -1.435e-05 -4.34347e-05 0.000284144 -1.33851e-05 -1.92202e-05 1.51891e-06 -3.04366e-06 -6.37158e-07 6.29562e-08 5.79167e-07 -5.27128e-05 -0.000100729 1.85984e-05 0.000125172 7.36699e-05 2.53035e-05 -5.1806e-05 3.05877e-05 -0.000125092 6.09063e-05 3.57313e-05 0.000320131 0.000105365 -0.000245721 -8.74718e-05 8.48063e-05 0.000103532 6.43105e-05 3.34235e-05 1.01027e-05 -9.39312e-05 -1.16003e-07 6.42255e-05 -9.00381e-06 -5.21941e-05 -3.0154e-05 -5.75969e-05 4.89209e-05 2.70077e-05 1.30391e-05 2.46081e-07 -1.7074e-05 -2.84457e-05 5.40691e-06 -1.49043e-05 -2.48456e-05 -3.4245e-05 -3.7349e-05 -2.36985e-05 -4.00823e-05 -9.58184e-06 9.82997e-06 2.11715e-05 2.81564e-05 1.55383e-05 2.33628e-05 1.53743e-05 -1.56751e-06 -4.44627e-05 -6.33187e-05 -2.18768e-05 1.00505e-05 2.02378e-05 -2.85058e-05 -4.24557e-05 -8.90744e-06 -1.9299e-05 1.44651e-06 -2.71528e-05 -1.88517e-05 1.74468e-05 4.08468e-05 2.35815e-05 -2.58589e-05 -1.25301e-05 -1.46186e-05 -1.15223e-05 -1.19226e-06 3.41196e-06 2.34205e-05 7.68454e-05 8.09624e-05 -0.00111773 0.000345171 -0.000129273
 -1.59215e-05 1.85728 -0.17638 -3.92069e-06 0.151216 -0.0539296 -0.108653 -0.135369 1.13385 -0.504201 -0.0658727 1.00852 5.2219e-05 999.398 -0.460742 2.48495e-05 -0.560552 0.00307466 6.338e-07 -0.499868 0.0693557 7.43579e-06 -0.569483 0.0310608 2.82171 6.87585 -1.41027 0.159452 2.71465 -1.92832 1.79256 -0.844591 2.07799 1.40154 -0.179513 0.124581 -1.41992 -0.240979 0.00798428 2.35487 -1.02644 -0.0396612 -0.339259 -1.60894 0.175055 -0.342914 -0.621271 0.403906 -0.513071 -0.357071 1.06731 -0.755758 -0.062982 -0.444363 -0.286058 0.449305 -0.914966 0.322396 0.578544 -0.725994 0.212635 -0.0127601 0.0406439 0.25664 -0.0189526 0.405809 -0.0033814 0.000738184 0.00832259 2.74344e-05 -0.903881 0.0554175 -0.17954 -0.0247968 0.287385 -0.217369 -0.0731275 1.12173 -0.0289201 -0.0204553 0.119258 0.658048 -4.51882 0.213302 0.208339 -0.0166831 -0.000842756 0.00716084 -0.000552706 -0.00666603 0.796233 1.49638 -0.0532201 -1.32347 -0.748675 -0.171381 0.803156 -0.155968 1.32978 -0.708908 -0.388298 -3.21852 -1.50182 2.3734 1.5683 -0.846535 -1.19901 -0.869499 -0.0816311 0.0577952 0.969911 0.0238503 -0.722617 -0.156313 0.858694 0.467879 0.813766 -0.547301 -0.326746 -0.100314 0.0279406 0.194439 0.341377 0.034824 0.235794 0.342791 0.435704 0.383968 0.32494 0.390344 0.0891499 -0.168309 -0.343649 -0.401539 -0.175116 -0.272986 -0.273826 -0.0688213 0.348809 0.489371 0.171482 -0.058112 -0.123197 0.239457 0.356182 -0.0297388 0.131888 -0.124048 0.207514 0.12475 -0.294058 -0.695745 -0.572182 0.10753 0.0445614 0.0827349 0.0569408 0.0880298 -0.0539493 -0.229865 -0.752228 -0.813615 11.0596 -3.52492 1.26267
 1.3286e-07 -0.0105212 0.000944512 1.00988e-07 -0.00825616 0.00246802 -0.000210176 -0.000269013 0.00217658 -0.00178086 -0.000262901 0.00382822 -5.64749e-06 -0.460742 0.814601 2.32747e-07 -0.00404853 6.16709e-05 2.8901e-08 -0.00288495 0.000425415 7.49071e-08 -0.00353515 0.000224633 -0.00745237 -0.0146878 0.00300317 -0.00159887 -0.00957375 0.00678204 -0.00289329 -0.00154348 0.00414691 -0.00400831 -0.00370659 0.0046928 -0.00235653 -0.00149592 8.73948e-05 -0.0109428 0.00110875 0.000120377 -0.00385459 -0.00168968 0.000297357 -0.000823797 -0.00221283 0.0014573 -4.16058e-05 -0.000735572 -0.00233513 0.00216767 -0.000221795 -0.000122538 -0.00105013 0.0015348 -0.000193439 -0.00124746 -0.00170705 0.00239872 -0.000189927 8.52585e-06 0.000649015 -0.000217242 -2.29819e-05 0.000730494 2.51488e-05 -5.75187e-06 -4.54928e-06 1.45652e-07 -0.00446222 0.000340103 -0.000574005 -8.66788e-05 0.000951246 -0.000230387 -0.000135081 0.00188549 -0.000175364 -0.000240511 0.00122611 -0.00100732 0.0104522 -0.00046683 -0.000456942 3.56322e-05 -0.000217119 -1.10103e-05 5.04059e-07 1.05974e-05 -0.00138574 0.000559731 -0.000309056 -0.000780765 -0.000286669 8.1286e-05 0.00014296 -0.000198588 -0.00114113 -0.00102036 0.000547104 0.0041257 0.0017984 -0.00266705 -0.00207594 0.000397652 0.000934036 0.000840148 0.00021458 -0.000469612 -0.00112791 0.000161935 0.00128467 0.000486261 -0.0013321 -0.00105731 -0.00100225 0.000872635 0.000388348 -0.000108773 -0.000231449 -0.000375068 -0.000463929 -0.000156296 -0.000445007 -0.000444222 -0.000414813 -0.000470633 -2.38704e-05 -0.000679234 -3.83816e-05 0.000322698 0.000605269 0.000719243 0.000321407 0.000486204 0.000395366 1.78673e-05 -0.000509723 -0.000407301 0.000255807 0.000341685 0.000246295 -0.000186996 -0.000271569 0.000252457 2.03272e-05 0.000354561 8.92819e-05 9.18942e-05 0.000438356 0.000991272 0.000928581 0.000109609 0.000119467 5.0357e-05 9.18943e-05 -0.00024223 9.72241e-05 0.000292544 0.000906665 0.000749429 -0.0146956 0.00560317 -0.00154436
 9.2545e-10 -0.000155916 1.43968e-05 7.6644e-10 -8.39224e-05 2.54944e-05 7.19294e-06 9.25761e-06 -7.69475e-05 1.8346e-05 2.83359e-06 -4.37918e-05 -2.44952e-09 2.48495e-05 2.32747e-07 1000 3.42805e-05 -5.49747e-06 -7.45218e-10 4.04451e-05 -5.66207e-06 -1.30968e-09 4.08857e-05 -2.30836e-06 -1.67995e-05 -7.03646e-05 1.42966e-05 -1.32679e-05 -0.000151093 0.000107186 -6.04114e-05 3.91611e-05 -9.79899e-05 2.21162e-05 -7.34453e-06 7.39244e-06 -7.79867e-06 9.43357e-06 -1.53083e-07 -9.00923e-05 2.59724e-05 1.23525e-06 -1.84275e-05 2.5675e-05 -1.86147e-06 1.29218e-05 2.64702e-05 -1.69522e-05 3.6809e-05 2.52988e-05 -0.000118418 8.85956e-05 -2.78282e-05 7.02652e-05 4.64522e-05 -7.28975e-05 3.01188e-05 1.9694e-05 -5.30547e-05 4.41754e-05 -8.96525e-06 6.06815e-07 -8.29404e-06 2.43726e-07 5.68338e-07 -1.7363e-05 -2.44004e-06 5.36301e-07 4.98637e-07 -1.96189e-09 5.73052e-05 -3.67389e-06 1.31678e-05 2.10485e-06 -2.39992e-05 4.14379e-06 2.28897e-06 -3.72973e-05 3.34639e-06 4.2857e-06 -2.32172e-05 2.05678e-05 -0.000241189 1.13825e-05 -1.95711e-06 2.01794e-07 -7.9363e-06 -9.16025e-07 -2.40257e-08 9.47932e-07 -3.88737e-05 -8.59544e-05 4.26878e-05 0.000151147 0.000109778 7.17175e-05 1.94101e-05 -2.69844e-05 -0.000188954 6.87609e-06 2.42485e-05 0.000480806 -0.000104435 -3.36899e-05 -0.000133193 6.19451e-05 0.00016428 -2.91316e-05 6.02146e-05 -2.44273e-05 -6.0135e-05 -2.96292e-05 -5.34152e-06 1.69471e-05 -1.82585e-05 4.46509e-05 -3.36229e-05 -7.50672e-09 -4.73325e-05 -9.49623e-06 8.09522e-06 3.83821e-06 -8.48655e-06 -6.5897e-06 -2.61978e-05 -1.69501e-05 -2.77751e-05 -3.56654e-05 -4.10674e-05 -1.17642e-05 -2.55732e-05 -4.01445e-06 1.4822e-06 6.56604e-06 8.85939e-06 -1.65087e-05 -8.03157e-06 -1.3987e-05 -1.93085e-05 -4.0908e-05 -4.53766e-05 -1.0483e-05 5.79207e-06 -1.25113e-05 -9.23375e-06 -5.88698e-06 -1.87081e-05 5.01036e-05 -2.98517e-06 -2.1842e-05 5.51555e-06 -6.17735e-06 -4.43803e-06 -1.19905e-05 -4.79951e-06 -9.23977e-06 -9.20312e-06 7.05872e-06 2.40026e-06 2.01488e-05 7.0923e-05 6.26942e-05 -0.000892623 0.000169366 -0.000118905
 -2.06461e-05 2.64781 -0.24668 -1.42813e-05 1.34505 -0.410974 -0.125922 -0.152921 1.27975 -0.385405 -0.0544654 0.852502 5.0261e-05 -0.560552 -0.00404853 3.42805e-05 999.153 -13.7925 5.34648e-06 -0.629838 0.0880937 1.25112e-05 -0.65626 0.0368165 2.36137 3.26382 -0.691812 0.189558 2.82414 -2.00576 2.13835 -0.727023 1.7559 1.7544 0.444102 -0.643704 -0.882618 -0.236246 0.00787762 1.08823 -0.596677 -0.0228029 0.536003 -1.5358 0.145651 -0.31636 -0.614306 0.396816 -0.53713 0.597283 1.45432 -1.38343 0.0117674 -0.67592 -0.130903 0.243833 -0.952787 0.540424 1.04826 -1.31967 0.0446629 1.24816e-05 -0.222665 0.317852 -0.00878629 0.107976 0.0184418 -0.0038896 0.000153544 3.14821e-05 -0.977197 0.0617932 -0.220512 -0.0326562 0.374575 -0.153124 -0.0599117 0.951984 -0.0684761 -0.0626161 0.343074 0.213403 -0.80197 0.0405908 0.094024 -0.00884151 0.0420859 0.0163007 0.000935975 -0.01738 1.24882 2.30934 -0.295267 -2.30679 -1.58475 -0.817748 0.308196 0.73993 2.62824 -0.388931 -0.459394 -6.99247 -0.272296 2.35836 3.31442 -0.146853 -3.60825 -1.68594 1.71429 -0.0200012 1.08649 0.465794 0.0480469 -0.311529 0.0101941 0.568478 0.483534 -0.000429259 0.367248 0.467613 0.0779852 0.132825 0.216296 0.25604 0.649217 0.494222 0.558136 0.528788 0.645913 0.339043 0.386388 0.080063 -0.360238 -0.695512 -0.218659 0.0182553 -0.0277615 0.00641059 0.144785 0.304044 0.385185 0.222666 0.0733171 -0.23948 0.0453195 0.155771 0.171454 -0.821855 -0.522525 0.193586 -0.304687 -0.647379 -0.733243 -0.421244 -0.202709 -0.0755507 -0.0414935 0.0757237 -0.0847116 -0.291834 -1.00436 -0.898897 13.2026 -2.92795 1.69542
 4.37107e-07 -0.0472699 0.00436251 3.22424e-07 -0.0286101 0.00867026 0.00141447 0.00171752 -0.0144606 0.00358644 0.000411824 -0.00679988 -2.65459e-07 0.00307466 6.16709e-05 -5.49747e-06 -13.7925 1.02229 -4.49953e-08 0.00520151 -0.000703221 -1.04118e-07 0.00539753 -0.000277667 -0.0380106 -0.0538878 0.0113671 -0.00464791 -0.0471533 0.0334748 -0.0315971 0.00798209 -0.0188213 -0.0276492 -0.0102857 0.0140792 0.0100087 0.00207353 -4.07355e-05 -0.0223941 0.00835877 0.00039459 -0.0119989 0.0180319 -0.0015346 0.00300262 0.00553657 -0.00353333 0.00731962 -0.00984128 -0.0223452 0.0214872 -0.000486525 0.00945178 0.000727618 -0.00180811 0.0122118 -0.00861271 -0.0163382 0.0207649 -0.000607258 -5.27822e-06 0.00395655 -0.00434126 7.38148e-05 -0.000222333 -0.000133003 2.57192e-05 1.35007e-05 -2.58793e-07 0.00868184 -0.000492484 0.00226236 0.000338362 -0.00392789 0.0017797 0.000603645 -0.00996516 0.000504611 0.000443833 -0.00257234 -0.00336469 0.0154173 -0.000752773 -0.00164813 0.000150425 -0.00107158 -0.000240975 -1.42416e-05 0.000257339 -0.0185006 -0.0323977 0.00265067 0.0321297 0.0233642 0.0123653 -0.0040108 -0.0111782 -0.0372067 0.00209123 0.00648858 0.102087 0.00410984 -0.0344215 -0.048274 0.00164586 0.0521946 0.0245427 -0.024988 9.25791e-05 -0.0158343 -0.00662359 -0.000304563 0.00479965 -0.000350964 -0.00876854 -0.00704252 0.000163659 -0.0052978 -0.00691702 -0.00120533 -0.00201617 -0.00318342 -0.0038266 -0.00956384 -0.00717375 -0.00800603 -0.00772085 -0.00898031 -0.00513494 -0.00551034 -0.00101205 0.0054519 0.0104096 0.0033341 -2.40729e-05 0.000532658 -0.000111707 -0.00221669 -0.00429131 -0.00512234 -0.00291114 -0.000909671 0.00355515 -0.000550207 -0.00204752 -0.00232479 0.0120724 0.00787861 -0.0025839 0.00453469 0.00964927 0.0109267 0.00632046 0.00311115 0.00124909 0.00076947 -0.00122832 0.00125993 0.00428222 0.0146689 0.0129014 -0.194606 0.0445672 -0.0247854
 -2.57787e-10 -3.71736e-05 3.32475e-06 -1.53111e-10 2.45906e-07 -7.94843e-08 1.41362e-06 3.02836e-06 -2.46235e-05 1.72218e-06 9.34621e-07 -1.36963e-05 -2.71973e-10 6.338e-07 2.8901e-08 -7.45218e-10 5.34648e-06 -4.49953e-08 1000 1.82664e-05 -4.26519e-06 -9.27208e-10 1.76658e-05 -1.12301e-06 8.64603e-05 -4.6279e-05 7.28384e-06 1.77699e-06 2.94618e-05 -2.09594e-05 4.1198e-05 1.72697e-05 -4.71397e-05 0.000122646 -7.34743e-05 8.03448e-05 -4.73889e-05 1.03568e-06 2.51423e-07 -2.40893e-05 -4.1726e-06 4.40434e-08 1.6755e-05 -4.64911e-05 4.90815e-06 -5.22286e-07 1.07024e-06 -6.00542e-07 1.51435e-05 3.59879e-05 -4.9084e-05 2.83992e-05 -3.74573e-05 1.99065e-05 7.29941e-05 -0.000107118 -1.01592e-05 4.1553e-05 -1.54917e-06 -1.85482e-05 -5.05963e-06 4.51553e-07 -1.47931e-05 1.10257e-05 -1.92546e-07 -7.04255e-07 -1.56161e-06 3.48426e-07 4.84412e-07 -6.90486e-10 1.51139e-05 -1.12555e-06 4.27512e-06 8.84159e-07 -1.01199e-05 1.49206e-06 6.90571e-07 -9.4438e-06 3.67169e-06 3.06115e-06 -1.59107e-05 3.43589e-05 -0.000333551 1.551e-05 2.48103e-06 -2.06591e-07 -7.22851e-06 -6.51387e-07 -8.97584e-08 7.47184e-07 1.60398e-05 -4.50271e-05 -1.90868e-05 -1.74819e-05 2.69041e-05 5.54064e-05 0.000189949 0.000241342 -0.000166002 -8.67489e-05 -3.57398e-05 -5.54328e-05 -3.21757e-05 8.79769e-05 2.69524e-05 -7.3587e-06 4.45654e-05 6.83496e-06 2.44232e-06 -2.95978e-06 1.97786e-05 -1.57531e-05 -1.60796e-05 -1.81027e-05 -1.09387e-05 9.68969e-06 1.6065e-05 -2.00078e-06 2.34334e-06 3.55837e-06 9.53901e-06 5.84607e-06 -9.2925e-06 -1.20635e-05 -3.77224e-06 -3.59653e-06 -1.73647e-06 -1.17129e-05 4.96839e-06 -4.78058e-06 7.46219e-06 -1.52351e-06 -6.5432e-06 -2.33292e-06 -2.30293e-06 -1.61901e-05 -1.26974e-05 2.75769e-06 -1.10732e-05 -5.16704e-05 -4.05394e-05 2.52532e-05 1.53859e-05 -2.46469e-06 6.05564e-06 1.06529e-05 -1.09133e-05 1.48666e-05 -5.56547e-06 -7.35431e-06 -2.05517e-05 -3.13367e-05 -2.9447e-05 -7.83076e-06 -3.72865e-06 -4.86131e-06 -6.21839e-06 1.08495e-05 -1.30972e-06 6.71511e-06 2.12676e-05 1.20447e-05 -0.000327802 0.000115293 -3.59648e-05
 -4.90396e-05 3.21475 -0.298261 -3.69883e-06 0.563944 -0.175677 -0.199324 -0.197241 1.64906 -0.392863 -0.0746386 1.16731 4.91264e-05 -0.499868 -0.00288495 4.04451e-05 -0.629838 0.00520151 1.82664e-05 976.059 -142.249 3.06115e-05 -1.39228 0.0852056 -1.44593 4.72547 -0.904443 -0.0867678 0.480514 -0.343001 0.887035 -1.28396 3.27213 -0.428317 3.09482 -3.68532 0.363499 -0.195883 -0.000186553 -1.20812 0.29128 0.00628066 -1.24286 0.34444 -0.02209 -0.270227 -0.494734 0.319053 -0.190883 -1.1527 1.33938 -0.725339 1.08401 -1.99618 -1.9664 3.00768 -0.29794 -1.52743 0.643692 0.096891 0.0709258 -0.00496293 0.213328 -0.96973 0.0266181 -0.12189 0.00554318 -0.00120734 -0.00646255 3.88973e-05 -1.19995 0.0833368 -0.450556 -0.0754928 0.858988 -0.239551 -0.0826538 1.21342 -0.181494 -0.111688 0.593565 -1.24598 3.08221 -0.122962 0.0277783 -0.00245187 0.247951 0.0353437 -0.00355315 -0.032073 -0.301999 4.26747 1.31985 -1.03966 -3.58113 -2.85307 -27.4424 14.1575 0.509251 1.78691 0.452544 1.64032 -5.29995 2.15703 1.97974 -0.381653 0.716752 -1.13595 -0.878999 0.524346 1.46562 0.350806 0.390455 0.817758 0.991168 0.270114 -0.0990301 -0.290842 0.91476 -0.107304 -0.130429 0.231644 0.880906 1.7618 -0.376383 0.0607249 0.552593 0.503031 0.671154 -0.555503 0.320843 0.126001 0.32115 -0.328009 0.243623 0.671341 0.82871 0.524589 0.380314 1.21312 0.750451 -0.370756 -0.317894 -0.722861 -0.0976233 0.230233 0.310044 1.05351 -0.209271 0.610628 0.798404 -0.0443787 -0.0098586 -0.886249 -0.319843 -0.0628143 0.099126 -0.450442 0.037329 -0.46646 -1.51846 -1.17516 21.4745 -5.45171 2.66054
 7.29583e-06 -0.481924 0.0446674 6.00888e-07 -0.0906278 0.0281227 0.0285668 0.0282365 -0.236185 0.0559312 0.0104676 -0.164153 -6.85458e-06 0.0693557 0.000425415 -5.66207e-06 0.0880937 -0.000703221 -4.26519e-06 -142.249 21.76 -4.50517e-06 0.201973 -0.0123574 0.209495 -0.697814 0.133616 0.0117812 -0.075371 0.0537711 -0.129437 0.185464 -0.472593 0.0612278 -0.457589 0.54503 -0.0534399 0.026429 0.000116818 0.174207 -0.0428829 -0.000889171 0.179967 -0.0537746 0.0036649 0.0379204 0.0695427 -0.0447942 0.0279842 0.168606 -0.196699 0.106743 -0.158443 0.292906 0.287817 -0.440282 0.0434596 0.22338 -0.0949884 -0.0132793 -0.0103926 0.00072465 -0.0306703 0.142847 -0.00396838 0.0193528 -0.00071432 0.0001555 0.000855191 -5.55878e-06 0.172533 -0.0119673 0.0649089 0.0108642 -0.123678 0.0346139 0.0119736 -0.175818 0.0253523 0.0158232 -0.084131 0.185473 -0.447965 0.0178443 -0.00422695 0.000369538 -0.0359261 -0.00518547 0.000522941 0.00470396 0.0438765 -0.621457 -0.196377 0.145262 0.524216 0.429577 4.03331 -2.08654 -0.0712745 -0.263422 -0.0693284 -0.239704 0.777654 -0.316934 -0.290474 0.0556319 -0.105785 0.166274 0.129115 -0.0771018 -0.21521 -0.0514113 -0.0570807 -0.119808 -0.145536 -0.039937 0.0143804 0.04269 -0.134317 0.0155834 0.0190345 -0.0341254 -0.129285 -0.258482 0.0550054 -0.00889377 -0.081028 -0.0739329 -0.0981647 0.0811666 -0.0471151 -0.0184736 -0.0470549 0.0482323 -0.0356939 -0.0983301 -0.121483 -0.0770463 -0.0559597 -0.177781 -0.109671 0.0544274 0.0465322 0.105873 0.0142395 -0.0337402 -0.0454393 -0.154442 0.0308186 -0.0895011 -0.117062 0.00662064 0.00156433 0.12994 0.0468747 0.00920122 -0.0145292 0.0659517 -0.00544855 0.0684543 0.222784 0.172363 -3.15231 0.801637 -0.39035
 -2.08651e-11 -6.5e-05 5.83809e-06 -1.1977e-10 -4.09395e-07 1.19886e-07 3.38908e-06 5.6581e-06 -4.66359e-05 -6.03069e-07 7.53322e-07 -1.09172e-05 -1.0038e-09 7.43579e-06 7.49071e-08 -1.30968e-09 1.25112e-05 -1.04118e-07 -9.27208e-10 3.06115e-05 -4.50517e-06 1000 3.38983e-05 -4.45682e-06 0.000146752 -0.000256064 4.71227e-05 1.99215e-06 1.49396e-05 -1.07611e-05 0.000103113 4.51081e-05 -0.000121456 0.000205762 1.91016e-06 -1.52367e-05 -6.26609e-05 1.69619e-06 4.69205e-07 -6.34362e-05 2.39431e-06 4.1767e-07 6.66655e-05 -7.89076e-05 7.05498e-06 9.28383e-07 2.66651e-06 -1.56741e-06 5.70172e-06 9.81432e-05 -2.30477e-05 -1.31948e-05 -6.73422e-05 3.10513e-05 0.000150469 -0.000220077 -1.44862e-05 9.3346e-05 -4.14197e-06 -4.12638e-05 -8.85474e-06 8.97131e-07 -4.23459e-05 1.81413e-05 4.76622e-07 -2.20217e-05 -2.07042e-06 4.69503e-07 7.06217e-07 -1.22509e-09 3.07431e-05 -2.36863e-06 7.72857e-06 1.44273e-06 -1.61021e-05 -1.3704e-06 5.67141e-07 -7.6387e-06 5.76246e-06 4.44851e-06 -2.3339e-05 4.17629e-05 -0.000337579 1.5939e-05 -3.17317e-06 1.91694e-07 -8.65135e-06 -8.32538e-07 -1.01822e-07 9.41723e-07 4.22639e-05 6.03179e-06 3.5657e-05 7.35365e-05 6.48718e-05 5.88655e-05 7.46853e-05 5.8526e-05 -0.000118279 -7.68629e-05 -2.44892e-05 7.49148e-05 2.40673e-05 -7.56055e-06 6.36694e-05 -5.94462e-06 7.61495e-05 1.18371e-05 0.000111566 -3.89961e-05 -1.29284e-07 4.78937e-06 5.6599e-07 -1.46307e-06 2.1295e-05 7.50743e-05 1.62004e-05 -4.85489e-06 -3.14101e-05 3.53655e-05 1.26289e-05 1.20296e-05 2.00815e-06 4.23515e-06 9.01507e-06 9.00837e-06 1.90811e-06 -2.07615e-05 7.57051e-06 -1.50705e-05 -1.42989e-05 -2.47176e-05 -3.48056e-05 -1.25248e-05 4.72135e-06 -7.16267e-06 8.82779e-08 -4.51384e-06 -3.87906e-05 -0.000125725 -7.05576e-05 3.51197e-05 1.69034e-05 -9.58689e-06 -9.459e-06 -6.83421e-06 -2.73512e-05 -1.48351e-05 -6.21673e-06 -3.73708e-05 -5.31309e-05 -5.74295e-05 -6.24799e-05 -2.52519e-05 -1.82328e-05 -1.84504e-05 -1.91675e-05 2.42013e-05 -3.17382e-06 1.36811e-05 4.54643e-05 2.78529e-05 -0.000618903 0.000141805 -7.89087e-05
 -1.66394e-05 2.5091 -0.231809 -7.34299e-07 0.166184 -0.0553836 -0.158483 -0.211588 1.75555 -0.59494 -0.102169 1.54611 5.54719e-05 -0.569483 -0.00353515 4.08857e-05 -0.65626 0.00539753 1.76658e-05 -1.39228 0.201973 3.38983e-05 994.91 -61.7241 -1.28304 10.5791 -2.04985 0.073353 1.52367 -1.07965 -1.69525 -1.71244 4.51119 -2.741 1.40044 -1.50947 0.337118 -0.229963 -0.00254027 0.469854 -0.167104 -0.0102124 -2.60938 0.919707 -0.0475377 -0.251768 -0.472928 0.304225 -0.298495 -1.88601 0.843223 -0.0751224 1.4267 -2.48153 -2.95096 4.47022 -0.183089 -2.28019 0.28703 0.835303 0.185095 -0.0167889 0.817265 -0.328646 -0.0234867 0.822226 0.0261115 -0.00585618 -0.0101098 4.05512e-05 -1.16334 0.0832145 -0.320745 -0.0537055 0.605896 -0.164551 -0.0734869 1.0737 -0.174311 -0.117968 0.628748 -0.509832 1.32305 -0.0572171 0.114411 -0.00789592 0.189823 0.0290571 -0.000559142 -0.0287424 -0.634127 1.47969 -0.63209 -2.80955 -2.39442 -1.53263 -4.83294 2.79038 1.79139 1.50292 0.433324 -1.80502 -4.66456 2.50403 3.26967 -0.730085 -3.07121 -5.28508 1.76803 0.45264 -0.459764 -0.332931 -0.12193 0.261726 -0.462448 -1.23094 -0.540036 0.672328 1.08113 -0.386421 -0.387853 -0.200344 -0.0204402 -0.0225928 0.13951 0.0507278 0.240591 0.576321 0.0957304 0.374972 0.52283 0.706611 0.962937 0.461422 0.0362813 0.222808 0.247999 0.269367 0.578153 2.09157 1.38022 -0.38946 -0.333788 0.0791106 0.307815 0.424766 0.542534 0.45304 0.209114 0.734755 1.80893 0.887445 0.503378 -0.33013 0.102956 0.251388 0.342742 -0.599373 0.050966 -0.453697 -1.51024 -1.10637 20.5044 -4.62456 2.62554
