 1000 0.00151687 -0.000206991 -1.95379e-09 -0.000138503 9.47289e-05 -2.85693e-06 -3.56363e-07 6.38759e-06 -9.40899e-05 -4.9629e-06 8.55141e-05 9.62786e-11 -9.89474e-06 1.42292e-07 -4.36551e-10 -4.86643e-07 1.2101e-07 -8.23652e-10 -1.85419e-05 6.06664e-06 -5.36991e-10 2.94057e-06 -5.13336e-07 3.2383e-05 -0.000326928 4.90124e-05 -6.00409e-05 -0.000252806 0.000188692 2.03622e-05 1.65385e-06 -8.73136e-06 0.000112394 -0.000128125 0.000155523 -4.10844e-05 7.63352e-06 5.85517e-08 -7.99536e-05 1.8482e-05 4.30059e-07 3.86475e-05 -4.66005e-05 3.87734e-06 -7.24208e-07 -8.94987e-06 5.70321e-06 8.948e-05 -5.85993e-05 -0.000156692 9.53949e-05 -6.12039e-05 0.000124861 9.68616e-05 -8.79017e-05 -1.81752e-06 3.32529e-05 -1.94624e-05 3.62596e-06 1.56878e-06 -2.07696e-07 3.73026e-05 1.38638e-05 -6.87252e-07 9.3974e-06 -2.00128e-06 2.9049e-07 8.89203e-08 -3.41769e-10 -6.16185e-06 2.1189e-06 2.77579e-06 9.2558e-08 -3.28641e-06 -1.14111e-05 -2.18504e-06 3.25379e-05 2.03155e-06 4.50742e-06 -1.4269e-05 2.10223e-05 -0.000276661 9.00635e-06 1.15733e-05 -6.78018e-07 -9.24768e-06 -6.75258e-07 -2.66403e-07 9.47101e-07 2.62552e-05 2.68398e-05 2.83619e-06 -4.76697e-05 -0.000101215 -1.05568e-05 -0.000175675 0.000505857 -0.00019013 -0.000122853 -4.80521e-05 2.51368e-05 -0.000102056 -2.90227e-05 0.000121342 0.000136262 7.7971e-05 -6.44451e-05 -0.000209123 0.000294206 -0.000179074 5.7572e-05 -1.67377e-05 -5.32089e-06 1.52747e-05 3.6932e-05 3.33141e-05 -6.0472e-06 7.46555e-05 -5.09365e-05 2.10775e-05 -1.03204e-05 -1.03e-05 7.58029e-06 1.0567e-05 -9.0205e-06 -2.15035e-05 0.00021804 -0.000184215 0.000109936 -1.7628e-05 3.02882e-06 1.51609e-05 -1.96045e-05 1.85109e-05 -6.64273e-05 2.68503e-05 1.24114e-05 4.38764e-05 -5.67737e-06 -5.62322e-05 3.37257e-05 -9.94223e-06 -2.31113e-05 -6.5847e-06 -6.31594e-05 2.96209e-05 2.50645e-05 -6.17001e-06 2.97026e-05 9.41205e-07 -7.80888e-05 -2.19176e-05 -4.96636e-05 -1.15835e-05 -6.46901e-06 -3.66117e-06 1.66721e-05 -2.01219e-06 1.76599e-05 2.64291e-05 1.43485e-05 -0.000446778 -0.000126291 -6.09082e-05
 0.00151687 649.049 -87.2877 0.00039472 31.3249 -21.424 0.859885 0.208933 -4.35685 20.6451 1.44033 -25.1276 -5.78218e-05 2.43669 -0.0182816 -5.67473e-05 1.706 -0.0596287 1.88378e-05 1.78678 -0.588759 1.14473e-05 1.38307 -0.29359 21.502 35.7005 -5.55316 6.58218 26.9021 -20.0932 12.1053 2.31716 -9.41725 12.9714 16.2117 -20.8757 2.78575 -0.542585 -0.028913 18.7272 -5.04512 -0.0716227 6.78058 -0.666544 -0.0594034 1.58441 1.87164 -1.22391 -1.91824 9.87635 7.97625 -5.96514 -1.15379 -3.71167 4.58024 -3.71149 -1.37514 6.71308 5.25962 -4.45819 -0.451685 0.0299474 -3.27898 0.289634 0.214645 -4.20943 0.0917346 -0.0127525 0.00247189 -3.8975e-07 2.92878 -0.975799 1.02797 0.0344384 -0.985701 2.08177 0.390082 -5.61741 0.0477954 -0.128771 0.400198 1.35466 -3.84031 0.128538 1.26828 -0.0594988 -0.10341 0.083635 0.000150267 -0.0843315 2.49646 -1.00081 1.49544 4.9313 13.0757 0.197114 -22.49 17.4975 -9.89379 8.42159 5.85839 2.14365 -0.824681 -0.4367 -3.75368 4.16908 4.35667 2.15313 -8.27458 4.49488 -1.64296 1.74269 -1.04815 -0.390566 0.740287 0.666105 0.249151 1.96296 0.931206 -0.326601 0.907908 0.814297 1.27695 0.649311 1.27837 0.696697 -0.151976 2.85919 -6.4322 3.1645 -0.150159 0.219643 -0.101358 -3.3214 -0.322346 -2.23162 -1.80964 -2.24194 -0.065493 -1.15356 -1.81317 -1.6845 -0.852507 -0.790252 -0.562748 -2.30105 0.220754 -1.10532 -4.14037 -0.488576 0.0978707 -2.52637 -1.25144 -1.37738 -1.22621 -0.751438 -0.814926 0.947665 -0.230746 -1.91678 -2.96136 -2.36345 52.5261 8.13044 6.32041
 -0.000206991 -87.2877 12.7503 -5.36572e-05 -4.25497 2.9101 -0.120114 -0.0290902 0.607681 -2.8007 -0.195786 3.41559 8.17411e-06 -0.345158 0.00251061 7.92266e-06 -0.241108 0.00837218 -2.71304e-06 -0.251584 0.0828495 -1.6809e-06 -0.194654 0.0412794 -2.92201 -4.84954 0.754345 -0.899523 -3.65329 2.72866 -1.6421 -0.317228 1.28849 -1.76324 -2.2024 2.83606 -0.38797 0.0658231 0.00416369 -2.54805 0.677425 0.00976947 -0.929882 0.0759956 0.0093354 -0.222031 -0.261268 0.170747 0.256714 -1.34117 -1.08337 0.81019 0.155594 0.502379 -0.623809 0.505627 0.180397 -0.912492 -0.716518 0.606945 0.0613555 -0.00406733 0.445318 -0.0393125 -0.0291659 0.57197 -0.0125308 0.00174166 -0.000293496 2.34513e-08 -0.409454 0.136323 -0.144135 -0.0048341 0.138356 -0.282321 -0.0530573 0.764063 -0.00759949 0.0169516 -0.0526505 -0.176615 0.526116 -0.0175974 -0.172317 0.00808487 0.0131143 -0.011352 -1.84619e-05 0.0114446 -0.339309 0.13633 -0.203054 -0.669589 -1.77531 -0.0263572 3.0544 -2.37789 1.34404 -1.1432 -0.794454 -0.290966 0.112563 0.0594235 0.508792 -0.566749 -0.592031 -0.292097 1.12401 -0.611327 0.223694 -0.236882 0.142373 0.0530412 -0.100761 -0.0908429 -0.0340987 -0.266251 -0.126714 0.04439 -0.123557 -0.110677 -0.173493 -0.0883237 -0.17372 -0.0945826 0.0206617 -0.388937 0.873958 -0.430041 0.0204573 -0.0297424 0.0138037 0.451105 0.0437282 0.303245 0.24555 0.304212 0.00866107 0.156693 0.246649 0.228725 0.115787 0.107447 0.0764983 0.312744 -0.0298998 0.150058 0.562235 0.0663437 -0.0132828 0.343322 0.170171 0.187208 0.166545 0.102085 0.110695 -0.128842 0.0313567 0.260234 0.402027 0.320858 -7.13043 -1.10509 -0.858165
 -1.95379e-09 0.00039472 -5.36572e-05 1000 -0.00149055 0.00102425 3.42881e-07 3.06563e-07 -2.62322e-06 0.000207112 1.46813e-05 -0.000255777 3.16566e-10 -1.3891e-05 -5.63111e-08 -8.4922e-11 -2.28559e-06 -3.79386e-10 -7.54784e-11 -4.29651e-06 1.32404e-06 -5.89722e-11 -4.87905e-06 9.40312e-07 0.000195778 0.000158142 -2.53104e-05 2.41718e-05 0.000109726 -8.20505e-05 0.00021456 1.8046e-05 -8.09335e-05 0.000247117 4.89516e-05 -7.20761e-05 -1.86643e-05 -1.23129e-05 1.95171e-07 6.93424e-05 -3.43123e-05 -3.27805e-08 8.11118e-05 -6.43362e-05 4.59893e-06 -1.24526e-08 -3.38855e-06 1.90047e-06 -1.29812e-05 5.96524e-05 -1.25114e-05 -2.68524e-06 -2.15296e-05 -2.15439e-05 7.0543e-05 -5.88527e-05 -3.23016e-05 6.32895e-05 5.04969e-05 -4.23363e-05 1.09625e-06 -1.3936e-08 -1.89247e-05 -6.05081e-05 1.22019e-05 -0.000211965 -2.75245e-06 3.62165e-07 2.91884e-07 -8.79907e-11 -7.34761e-06 2.1078e-06 -3.86638e-07 -2.99676e-09 -1.78209e-07 1.35416e-05 2.62447e-06 -3.74154e-05 1.37235e-07 -8.39719e-07 2.62819e-06 2.46217e-05 -0.000121732 3.87551e-06 3.52263e-05 -1.62705e-06 -2.85091e-06 3.34149e-07 -2.36523e-08 -3.12748e-07 6.91195e-06 -1.49904e-05 1.41444e-05 7.95714e-06 -4.33401e-06 4.25689e-05 9.7361e-05 -4.64951e-05 -5.58251e-05 0.000115983 4.12275e-05 -4.70638e-05 4.59588e-07 3.38068e-05 -4.0765e-05 0.000123135 -3.12533e-05 6.42657e-06 -1.4899e-05 1.65722e-05 6.962e-06 3.7689e-06 9.59414e-06 -1.51054e-05 2.37854e-05 -9.79746e-06 -1.04789e-06 1.62759e-05 4.80997e-05 -4.00088e-05 -4.14754e-05 3.41734e-05 4.6082e-05 8.082e-05 -3.85788e-05 -0.000199161 -8.66069e-05 0.000129221 -8.50196e-05 0.000127681 2.55596e-06 -4.0469e-06 8.76238e-06 -3.06669e-06 -1.5202e-06 -1.85675e-05 2.80208e-06 -3.20257e-05 5.69813e-05 -2.5575e-05 -6.30308e-05 -3.89908e-05 -7.29271e-05 4.19852e-05 4.64007e-05 -8.1717e-06 -1.68223e-05 -9.76452e-06 -4.00209e-05 5.07881e-05 3.47521e-05 -0.000126553 2.64172e-05 -3.9747e-05 -1.54073e-05 -8.00211e-06 -8.31239e-06 5.78314e-06 -8.64716e-07 -2.07764e-05 -3.34798e-05 -4.72581e-05 0.000603834 3.05047e-05 6.4725e-05
 -0.000138503 31.3249 -4.25497 -0.00149055 553.204 -377.016 0.0924057 0.0304299 -0.422624 16.2447 1.11497 -19.4457 2.80155e-05 -1.1839 -0.00718077 -5.14281e-08 -0.214894 -0.00189454 1.19319e-07 -0.67041 0.211818 3.04934e-06 -0.769086 0.153841 13.948 21.8359 -3.40416 3.89461 17.1712 -12.8278 12.2428 0.778574 -3.59571 10.7494 10.4499 -13.5571 -1.53305 -1.20538 0.0129882 9.11202 -4.05152 -0.0328334 3.68012 -4.0063 0.258504 -0.249969 -0.252279 0.137459 -1.60381 3.95817 -1.22423 0.047619 0.0199482 -4.09717 2.18238 -1.66889 -2.59654 4.66034 3.48612 -2.98718 -0.38788 0.0265885 -3.04384 -2.68066 0.57576 -10.3009 -0.212686 0.0305959 0.0249892 -3.44194e-06 -0.49798 0.142887 0.021384 0.00160615 -0.0436128 1.58875 0.298446 -4.27717 -0.0130777 -0.0727968 0.231214 0.897851 -1.8009 0.0683399 1.7 -0.0792567 -0.17502 0.0524061 0.000790361 -0.0535414 1.59246 0.24349 1.81235 0.993148 0.261538 3.32981 3.94055 -0.49738 -2.32431 6.85025 2.43837 -1.59577 -0.239058 1.18734 -1.63656 3.24521 -0.332658 -0.598455 -1.00482 1.51019 0.178427 -0.157691 -0.731835 -1.43536 0.880654 0.84904 -0.184838 -0.142684 2.49981 -0.352439 -1.77727 -0.48053 -0.559999 3.09007 3.66145 -1.40147 -1.03758 4.17574 -8.06908 2.48477 0.365022 0.0708293 -0.364541 -1.31869 -0.596205 -0.641218 -0.7247 -2.25518 0.149273 -0.198715 -0.191983 -1.1326 -1.13916 -0.522777 -0.482221 -0.751663 0.389745 -0.686087 -4.13464 -0.499891 1.4183 -2.92062 -0.707432 -1.38819 -1.04131 -0.666029 -0.694611 0.574651 -0.155172 -1.56376 -2.50353 -2.03296 46.0768 1.74697 4.89135
 9.47289e-05 -21.424 2.9101 0.00102425 -377.016 259.079 -0.065134 -0.0212424 0.298666 -11.1083 -0.762656 13.3011 -1.9006e-05 0.802776 0.00492446 1.55033e-07 0.141799 0.00144604 -1.45807e-07 0.455082 -0.143757 -2.14987e-06 0.522996 -0.104596 -9.5398 -14.9341 2.32819 -2.66737 -11.743 8.77267 -8.37197 -0.533803 2.46414 -7.35241 -7.14655 9.27158 1.044 0.821243 -0.00878766 -6.23315 2.76776 0.0224698 -2.52067 2.73362 -0.176245 0.167678 0.169163 -0.0918532 1.09746 -2.70722 0.837204 -0.0325102 -0.0146079 2.80112 -1.49335 1.14209 1.77249 -3.18754 -2.38536 2.04372 0.265226 -0.0181818 2.08175 1.83379 -0.393824 7.0458 0.145838 -0.0209766 -0.0171216 2.34783e-06 0.333859 -0.0955403 -0.0172782 -0.00118985 0.0324414 -1.08656 -0.204186 2.92631 0.00817372 0.049293 -0.156573 -0.609801 1.23348 -0.0467953 -1.16274 0.0542084 0.119447 -0.0358372 -0.00054008 0.0366132 -1.08909 -0.166193 -1.23928 -0.67937 -0.178902 -2.2771 -2.69498 0.340282 1.58971 -4.68488 -1.66808 1.09156 0.163541 -0.812059 1.11921 -2.21981 0.227446 0.409127 0.687163 -1.03266 -0.122149 0.107802 0.500383 0.981567 -0.602393 -0.580621 0.126294 0.0975545 -1.70956 0.241082 1.21548 0.328364 0.382661 -2.11351 -2.50354 0.959327 0.709872 -2.85598 5.51807 -1.69967 -0.249611 -0.0483545 0.249312 0.901805 0.407732 0.438562 0.495554 1.54223 -0.102324 0.136026 0.1317 0.774726 0.779346 0.357302 0.329609 0.514109 -0.266345 0.469341 2.82751 0.341676 -0.969942 1.99777 0.483714 0.949465 0.712131 0.455525 0.475061 -0.39305 0.106123 1.06939 1.71212 1.39034 -31.512 -1.19153 -3.34482
 -2.85693e-06 0.859885 -0.120114 3.42881e-07 0.0924057 -0.065134 999.899 -0.061638 0.504084 0.57352 0.0288777 -0.483609 6.05437e-06 -0.241451 -0.000321371 6.62595e-06 -0.187681 0.00477346 -1.38043e-06 -0.214908 0.0688458 1.87155e-07 -0.205391 0.041649 0.29122 0.591864 -0.0939943 0.0239777 0.785817 -0.588616 0.777057 -0.0934703 0.314936 0.818106 0.0688834 -0.122445 -0.16351 -0.0567776 0.00055009 -0.638843 0.100898 1.39567e-05 -0.12207 -0.1909 0.0146853 -0.141206 -0.134052 0.0831039 0.100214 -0.0790618 -0.235062 0.141218 -0.0319724 -1.15025 0.648016 -0.493656 -0.169527 -0.0111862 0.11891 -0.0639187 -0.00168138 0.00133982 -0.248638 0.12963 0.000431733 -0.0397685 -0.000657789 7.95299e-05 -0.00026688 2.42801e-07 -0.335094 0.106362 -0.126037 -0.00452781 0.132542 -0.144478 -0.0258482 0.388439 -0.0131959 -0.022653 0.0712618 0.0680719 -0.029634 0.00308157 -0.12175 0.00580257 0.016882 0.00408633 0.00017931 -0.00429287 -0.0985625 -0.0113305 -0.0829231 -0.122288 -0.160335 -0.0973738 0.159185 0.905675 -1.22078 0.527206 0.234321 0.0690628 0.558193 -0.198201 -0.253719 0.025468 0.28057 -0.164129 0.0310292 0.00445233 0.0205878 -0.0203819 -0.0374263 -0.000295901 -0.050409 -0.101882 0.31199 -0.314998 0.102718 0.000893811 0.0173771 -0.0367848 -9.13982e-05 -0.00722494 -0.0462854 0.0368319 -0.094165 0.024907 0.276117 -0.16507 0.0511697 0.0905544 0.08521 -0.600333 0.138695 -0.221772 0.0413471 0.126758 -0.336553 -0.107545 -0.0951545 0.250931 -0.140301 0.0931807 0.110154 -0.0835381 0.0540952 -0.137643 0.148571 -0.0649484 0.283019 0.275717 -0.0325867 -0.147575 -0.0835092 -0.00361226 0.00310939 -0.0885052 0.00804001 -0.259505 -0.399954 -0.46385 6.97037 1.2721 0.861616
 -3.56363e-07 0.208933 -0.0290902 3.06563e-07 0.0304299 -0.0212424 -0.061638 2.86838 -44.5452 0.129646 0.00636995 -0.106525 1.30126e-06 -0.0506461 -7.94986e-05 1.55462e-06 -0.0404523 0.00103035 -3.51089e-08 -0.040088 0.0128297 1.97376e-07 -0.0462506 0.00940141 0.0485754 0.226712 -0.035158 0.0150845 0.205904 -0.154093 0.146934 -0.024714 0.0865029 0.143962 0.070433 -0.0946142 -0.0317015 -0.0119313 1.20841e-06 -0.138026 0.0227617 -0.000102287 -0.0398252 -0.0310759 0.00222581 -0.0280908 -0.0286517 0.0176356 0.0256367 -0.0291478 -0.0790838 0.0480571 0.0150082 -0.297585 0.110197 -0.0791471 -0.0356548 -0.0153755 0.0188569 -0.00708057 -0.00570498 0.000625786 -0.0754082 0.0508317 0.000740658 -0.0279015 0.000294986 -4.17996e-05 -9.97339e-05 1.26791e-07 -0.0724248 0.0229933 -0.0264246 -0.000941101 0.027563 -0.0317386 -0.00565665 0.0842079 -0.00478029 -0.00551278 0.0173067 0.00249706 0.0956835 -0.00235072 -0.0256721 0.00121589 0.00324452 0.0011195 0.000214178 -0.00134176 -0.0251862 -0.0066709 -0.0178361 -0.0262252 -0.0501161 -0.0252393 0.227009 0.0543063 -0.264316 0.0923778 0.0500039 0.116833 0.0827502 -0.0301259 -0.123376 -0.0376185 0.0891403 -0.0338215 0.0136227 -0.00390024 -0.00106718 -0.00861162 -0.0137103 0.000952257 -0.013069 -0.0651117 0.126432 -0.0679538 0.0150404 -0.0166142 0.033336 -0.0114467 0.00380099 -0.00763353 0.00389343 0.0168607 -0.0452173 -0.000896907 0.0254564 -0.0347213 0.0191661 0.0281391 0.0223878 -0.0924955 0.00743886 -0.0194805 0.00418704 -0.0205008 -0.0825591 0.00139336 0.0161787 0.055807 -0.00609368 0.0198918 -0.00446346 -0.0433172 -0.041074 0.047298 -0.00783593 0.0448152 0.108359 0.0188449 -0.0430236 -0.0337295 -0.0164229 -0.00324831 -0.00117665 -0.0242824 0.00207584 -0.0604874 -0.092022 -0.0876799 1.60557 0.328192 0.20293
 6.38759e-06 -4.35685 0.607681 -2.62322e-06 -0.422624 0.298666 0.504084 -44.5452 995.348 -2.78104 -0.128569 2.14187 -3.0883e-05 1.20891 0.00155021 -3.57916e-05 0.958771 -0.0246837 2.13111e-06 0.948785 -0.303914 -4.17076e-06 1.08281 -0.220313 -1.00106 -4.8777 0.756555 -0.259128 -4.42997 3.31539 -3.22313 0.590542 -2.08132 -3.12702 -1.44176 1.94477 0.73288 0.320128 -0.00177181 3.14718 -0.488249 0.00184052 0.948207 0.769118 -0.0567121 0.69539 0.685819 -0.424283 -0.602106 0.656504 1.73433 -1.05645 -0.31542 6.52378 -2.39315 1.7157 0.793547 0.354547 -0.407671 0.148012 0.119776 -0.0135425 1.64939 -1.12563 -0.0151718 0.593916 -0.00632661 0.000893017 0.00219825 -3.34355e-06 1.72836 -0.549722 0.64297 0.0230429 -0.67277 0.726318 0.128681 -1.91495 0.109066 0.124444 -0.390671 -0.124991 -2.13624 0.0527264 0.560014 -0.0265474 -0.069018 -0.0245276 -0.00472542 0.0294301 0.558769 0.147831 0.391447 0.574525 1.14115 0.526088 -4.99524 -1.19848 5.8087 -2.0029 -1.07602 -2.57638 -1.82878 0.665489 2.71135 0.829583 -1.95452 0.752691 -0.306606 0.0863461 0.0240873 0.195079 0.300897 -0.0226524 0.290581 1.43176 -2.77882 1.49549 -0.327908 0.361641 -0.730524 0.251362 -0.0787595 0.168432 -0.0789901 -0.37138 0.993939 0.02179 -0.575989 0.769617 -0.424883 -0.62187 -0.491493 2.03484 -0.166384 0.423839 -0.0954088 0.449301 1.82655 -0.0320367 -0.360904 -1.239 0.13795 -0.446795 0.0959816 0.948219 0.897793 -1.02973 0.158605 -0.98531 -2.38396 -0.419769 0.939695 0.741309 0.357688 0.0707394 0.0244256 0.535571 -0.0461253 1.32302 2.02096 1.93262 -35.4128 -6.74511 -4.41585
 -9.40899e-05 20.6451 -2.8007 0.000207112 16.2447 -11.1083 0.57352 0.129646 -2.78104 853.692 -10.245 167.218 -7.55891e-06 0.166848 -0.00395282 -4.75757e-06 0.206036 -0.00855287 4.98289e-06 0.252648 -0.0838558 -3.39153e-06 -0.0623955 0.012196 7.83855 8.76267 -1.37972 2.56049 7.0271 -5.25228 6.49105 1.07642 -4.44657 7.54531 4.4581 -5.91067 0.473538 -0.125096 -0.00930144 6.80119 -2.2864 -0.0203808 3.03416 -1.37262 0.071714 0.661274 0.846472 -0.544121 0.0336909 3.97458 -3.04722 1.03663 -1.31736 -3.88891 4.40785 -3.54817 0.32769 4.66444 -0.490017 -0.762246 -0.00932394 0.0112637 -2.89751 2.98329 0.346695 -7.50448 -0.0238531 0.00278756 -0.0111068 -1.24908e-05 1.89872 -0.628012 0.625945 0.0242687 -0.683807 3.33458 0.56732 -8.16614 0.124676 -0.00627919 0.0277863 -0.700697 -5.05375 0.175008 -0.670514 0.0286018 0.40578 0.0216605 -0.012326 -0.00943013 0.304006 0.167117 -0.224851 -2.96266 2.38436 12.6933 -11.4221 0.75136 -7.90901 26.7571 4.86539 -10.5256 3.87026 -1.12263 -3.19199 2.12191 7.89446 14.0579 -14.06 -0.565479 2.67167 1.5682 -0.407945 -0.938888 -0.521097 2.70821 -4.68292 0.476414 3.15227 -3.09303 0.914829 0.147728 -1.56829 0.531976 -0.0227948 2.40722 -5.15317 8.7183 -11.0758 7.07391 -2.07925 -0.997261 1.45022 -5.47157 0.290781 -3.67287 -1.738 0.832148 -0.158241 -0.244998 -0.251012 -1.63918 -1.35202 0.688837 -0.351952 -3.03248 -0.142792 0.929222 -1.7415 -0.11864 -2.24737 0.656493 0.910221 -1.74532 -3.26193 -1.1229 -1.18095 0.412484 -0.0619705 -0.936101 -1.38431 6.20544 24.1948 6.26804 3.20585
 -4.9629e-06 1.44033 -0.195786 1.46813e-05 1.11497 -0.762656 0.0288777 0.00636995 -0.128569 -10.245 3.55868 -46.2532 1.33811e-07 -0.010437 -0.00032755 5.51277e-07 -0.00634868 -0.000105489 7.08632e-07 -0.010982 0.00327496 1.65882e-07 -0.0407963 0.00821204 0.52123 0.993877 -0.154228 0.223759 0.776919 -0.580633 0.390845 0.0399333 -0.170788 0.368815 0.506357 -0.650395 0.0375744 -0.0230951 -0.00057771 0.263906 -0.106592 -0.00128275 0.0901302 -0.0554305 0.00210966 0.0146129 0.0432625 -0.0280078 -0.160613 0.210053 0.0386057 -0.0539184 -0.0282891 -0.28252 0.140592 -0.10597 -0.0576227 0.135911 0.123064 -0.0993989 -0.0141523 0.00087772 -0.121236 0.0477209 0.0143652 -0.292701 0.00222193 -0.000282848 -0.000886477 -5.05898e-07 0.0951004 -0.0318216 0.0246977 0.00093857 -0.0259581 0.22407 0.0377868 -0.551935 0.0121095 0.0087813 -0.0274474 -0.102431 0.223676 -0.0062408 0.0289639 -0.00154081 0.0293881 0.00282316 0.000315629 -0.00315837 0.0213639 -0.0222194 -0.139134 -0.216897 0.673482 1.20007 -0.605146 9.83965e-05 -0.464027 0.779603 0.0455136 -0.18158 0.412774 0.0896292 -0.426165 -0.287138 0.103705 0.495202 -0.188724 0.000883638 -0.0149853 0.0141491 -0.0414257 -0.055359 -0.0545028 0.106605 -0.13055 -0.0479678 0.127964 -0.0782354 0.00597841 -0.00786406 -0.044473 0.0294101 0.0838995 0.0429055 -0.136217 0.365606 -0.376111 0.0677631 0.00373486 -0.0513367 0.0609121 -0.292933 0.0408965 -0.0936493 -0.0554415 -0.0398776 -0.0929765 -0.00089142 -0.080775 -0.0771166 -0.0368481 -0.0253608 0.0151391 -0.105896 0.0123897 0.0157733 -0.141812 -0.00456259 0.0564082 -0.0206298 -0.0652545 -0.0504001 -0.0575842 -0.0289742 -0.0317223 0.00408535 -0.00351216 -0.0948024 -0.14131 -0.134885 2.4033 0.692625 0.328191
 8.55141e-05 -25.1276 3.41559 -0.000255777 -19.4457 13.3011 -0.483609 -0.106525 2.14187 167.218 -46.2532 803.05 -3.366e-06 0.228953 0.00560883 -1.02914e-05 0.152739 0.000589413 -1.18864e-05 0.240034 -0.0728637 -2.12541e-06 0.757801 -0.152825 -9.1076 -17.2193 2.67263 -3.87884 -13.4483 10.0507 -6.90229 -0.66302 2.85698 -6.49618 -8.70989 11.1939 -0.648377 0.46074 0.00838628 -4.64191 1.91712 0.0221852 -1.57226 1.07132 -0.0455609 -0.197372 -0.730944 0.472057 2.80001 -3.68948 -0.528632 0.865071 0.556834 4.90616 -2.50762 1.89607 0.986049 -2.4493 -2.09396 1.72153 0.239642 -0.0152341 2.18434 -0.880477 -0.258056 5.26307 -0.0469611 0.00606414 0.0168794 9.03716e-06 -1.62755 0.544918 -0.404213 -0.0153767 0.424756 -4.01119 -0.673598 9.83749 -0.229403 -0.168428 0.526445 1.87527 -3.67013 0.101619 -0.491756 0.0262491 -0.501518 -0.0487736 -0.00510663 0.0542172 -0.375347 0.409722 2.39047 3.74135 -11.5775 -20.8439 10.6312 -0.00875582 8.17522 -14.1245 -0.78184 3.38479 -7.18521 -1.51043 7.38762 4.86693 -1.98104 -8.85815 3.59529 -0.00304943 0.185581 -0.282026 0.721998 0.975701 0.944948 -1.90531 2.36247 0.808287 -2.27101 1.41385 -0.124818 0.126632 0.80716 -0.527606 -1.43568 -0.794483 2.46684 -6.49963 6.72925 -1.34175 -0.0167092 0.904042 -1.07786 5.15462 -0.710576 1.68853 0.991768 0.66504 1.6058 0.0173812 1.3884 1.35546 0.669351 0.407443 -0.249455 1.88741 -0.213399 -0.281348 2.46634 0.0812027 -0.909103 0.340406 1.09052 0.904702 1.06213 0.526221 0.574154 -0.0832123 0.0617549 1.6368 2.45179 2.14484 -41.9594 -11.2801 -5.63083
 9.62786e-11 -5.78218e-05 8.17411e-06 3.16566e-10 2.80155e-05 -1.9006e-05 6.05437e-06 1.30126e-06 -3.0883e-05 -7.55891e-06 1.33811e-07 -3.366e-06 1000 3.45068e-05 -3.72262e-06 -4.49704e-10 1.84136e-05 -3.26059e-07 1.61438e-10 1.45042e-05 -4.60313e-06 1.1728e-10 1.63825e-05 -3.25925e-06 -0.000123881 -0.00026485 4.14445e-05 -8.95345e-06 -0.000108101 8.08797e-05 -4.45502e-05 1.16531e-05 -4.18108e-05 -3.88989e-05 1.44876e-05 -1.64035e-05 5.27514e-05 4.43733e-06 1.30502e-07 -0.000134406 5.88967e-05 8.63927e-07 2.15837e-06 4.99592e-05 -3.61368e-06 1.7068e-05 1.67533e-05 -1.04195e-05 6.15707e-05 -4.79527e-05 -9.79654e-05 6.16619e-05 -2.20729e-07 4.44759e-05 8.02146e-06 -8.7353e-06 3.89798e-05 -2.1318e-05 -2.08262e-05 1.64351e-05 -2.47582e-06 4.99167e-08 1.28166e-06 6.52904e-06 8.40848e-07 -1.89208e-05 1.09883e-07 -2.44363e-08 -9.06709e-08 5.7198e-11 2.42066e-05 -7.60927e-06 7.2225e-06 2.45549e-07 -6.86896e-06 1.64349e-05 3.05104e-06 -4.60127e-05 2.49643e-06 2.16637e-06 -6.96825e-06 -3.17561e-05 8.30172e-05 -2.43773e-06 -3.38958e-06 1.78189e-07 8.19319e-07 -3.78552e-07 5.99696e-08 3.20981e-07 -2.53051e-05 -2.57174e-05 -6.61826e-06 1.09663e-06 2.14107e-05 9.79059e-06 1.03503e-05 2.77106e-05 -2.67283e-05 -8.5871e-05 -3.07786e-05 5.39012e-05 7.39224e-05 -2.25294e-05 -1.69162e-05 6.19896e-05 5.74422e-05 5.55382e-05 4.16774e-05 -1.92411e-06 -5.06584e-05 -1.68145e-05 3.65057e-05 3.21461e-05 -6.93965e-06 -8.41023e-06 -5.15769e-05 1.43876e-05 9.79583e-06 8.13702e-06 1.87059e-05 1.67448e-05 -7.44317e-06 -9.52726e-08 -5.67982e-06 -1.57847e-05 -1.65806e-05 -1.40062e-05 -1.52746e-05 -2.29984e-05 -1.39235e-05 -6.94541e-06 -1.72023e-07 1.31398e-05 8.68692e-06 4.33871e-06 2.95756e-06 1.44658e-06 -1.58358e-05 -2.12506e-05 -5.09085e-06 7.20751e-06 4.71957e-06 -2.8506e-06 -1.95259e-05 -1.28408e-06 -6.71844e-06 5.97537e-07 -2.4478e-06 -7.60276e-06 -6.56302e-06 7.2256e-06 1.2305e-05 -1.09458e-05 -4.66151e-06 -7.59081e-06 -5.88858e-06 9.66542e-08 2.17542e-06 1.51614e-05 2.36502e-05 2.6013e-05 -0.000415388 -6.33607e-05 -4.9811e-05
 -9.89474e-06 2.43669 -0.345158 -1.3891e-05 -1.1839 0.802776 -0.241451 -0.0506461 1.20891 0.166848 -0.010437 0.228953 3.45068e-05 998.402 -1.97 1.226e-05 -0.770207 0.0144431 -1.0954e-05 -0.557838 0.176653 -1.07178e-05 -0.59554 0.117669 7.20955 11.8198 -1.86592 0.36504 4.84538 -3.62666 2.64084 -0.473533 1.65161 3.28049 -0.0570628 -0.075351 -2.9056 -0.176638 -0.006591 5.46976 -2.61115 -0.0374842 0.518505 -2.95301 0.213016 -0.788841 -0.773337 0.482114 -2.30938 2.67622 3.59382 -2.41221 -0.583023 -1.15044 0.620934 -0.481321 -1.98451 1.75485 0.955341 -0.925024 0.0519686 0.000822992 -0.112244 -0.0974321 -0.0242653 0.539139 -0.0163988 0.00264226 0.00554885 -5.65927e-06 -0.935634 0.292726 -0.265491 -0.00870371 0.242505 -0.808888 -0.144603 2.17944 -0.0703758 -0.0539231 0.176 2.01273 -6.81877 0.214531 0.164162 -0.00876581 -0.0680147 0.0161306 -0.00329527 -0.0129278 1.64781 1.06112 0.60266 0.616832 -0.801567 -0.0547889 -0.158816 -0.430552 0.952061 2.56102 1.04073 -1.74965 -3.50345 0.0957603 2.34806 -1.93544 -2.37119 -2.38877 -0.712275 0.363828 1.85482 0.601332 -1.34269 -1.71195 0.771688 0.986178 2.22765 -0.499652 -0.478891 0.0143247 -0.365463 -0.369848 0.485606 0.394252 0.449647 0.738885 0.769145 0.554738 0.591753 0.884866 0.435873 0.0776971 -0.282531 -0.709699 -0.35802 -0.291841 -0.4408 -0.38934 0.120654 0.226857 0.00191587 -0.162748 -0.0114512 0.118194 0.570196 -0.0956902 0.0224314 -0.30891 -0.111717 0.0423075 0.00561778 -0.773431 -1.21207 -0.200795 -0.116868 0.0674698 0.0369639 0.364086 -0.142004 -0.522612 -0.821884 -0.949203 14.5734 1.8266 1.69922
 1.42292e-07 -0.0182816 0.00251061 -5.63111e-08 -0.00718077 0.00492446 -0.000321371 -7.94986e-05 0.00155021 -0.00395282 -0.00032755 0.00560883 -3.72262e-06 -1.97 0.820278 2.70022e-07 -0.00578415 0.000190143 4.16106e-09 -0.00256053 0.000840889 1.90867e-08 -0.00335403 0.0007065 -0.025374 -0.0405507 0.00636565 -0.00475768 -0.020682 0.0154656 -0.00924973 -0.000306315 0.00166449 -0.0122431 -0.00472532 0.00645832 3.4745e-05 -0.00196402 0.000105366 -0.0245516 0.00541227 0.000129986 -0.00759173 0.00178849 -1.11259e-05 -0.000980332 -0.0017849 0.0011565 0.00257778 -0.00962792 -0.0128422 0.00863617 0.000822287 0.0011185 -0.0040485 0.00339448 0.00215752 -0.00653802 -0.0048739 0.00421533 -9.09602e-05 -5.8249e-06 0.00143374 0.000563892 -3.31081e-05 0.000384762 0.000227804 -3.22165e-05 -2.77787e-05 3.1636e-08 -0.00354412 0.00118315 -0.000763875 -2.31207e-05 0.000688218 0.000670448 8.05119e-05 -0.00134234 -0.000205759 -0.000347647 0.00106907 -0.00404603 0.0237437 -0.000727556 -0.000714328 3.5965e-05 -6.59835e-05 -4.60424e-05 9.2699e-06 3.70372e-05 -0.00491932 -0.00095978 -0.00266825 -0.00309277 0.00123283 0.00136896 0.000674338 0.000434019 -0.00217521 -0.00750179 -0.00299963 0.00494592 0.00931893 -0.000300706 -0.00670193 0.00450922 0.00582048 0.00611852 0.00184746 -0.00142606 -0.00497979 -0.00146136 0.00392781 0.00471627 -0.00253536 -0.00318151 -0.00596708 0.00152212 0.00123738 -0.000358922 0.000757902 0.000659384 -0.00143778 -0.00137752 -0.00146923 -0.0020191 -0.00202589 -0.00149707 -0.0011647 -0.00256385 -0.00107352 4.35694e-06 0.00105466 0.00210842 0.00106301 0.000905801 0.00123755 0.000959555 -0.000384197 -0.000366195 0.000600228 0.00075086 0.000238919 -0.000264133 -0.00129296 0.000521438 0.000134131 0.00122117 0.00064695 0.00021858 0.000223753 0.00236438 0.00344247 0.000774213 0.000486197 9.4948e-06 0.000108466 -0.00126425 0.000424024 0.00134029 0.00224506 0.00227309 -0.0425163 0.00283818 -0.00396506
 -4.36551e-10 -5.67473e-05 7.92266e-06 -8.4922e-11 -5.14281e-08 1.55033e-07 6.62595e-06 1.55462e-06 -3.57916e-05 -4.75757e-06 5.51277e-07 -1.02914e-05 -4.49704e-10 1.226e-05 2.70022e-07 1000 1.98755e-05 -4.24694e-06 -3.92877e-10 1.75297e-05 -5.57698e-06 -4.94592e-10 2.26094e-05 -4.5392e-06 5.1086e-05 -3.34426e-05 4.61095e-06 -1.81932e-05 -0.000100367 7.49915e-05 4.71575e-06 1.13538e-05 -4.40745e-05 6.79711e-05 -3.11833e-05 3.60245e-05 -1.98168e-05 5.96422e-06 -1.03155e-07 -5.33194e-05 1.50134e-05 3.01951e-07 7.82154e-06 -9.55948e-06 1.07874e-06 7.88755e-06 8.95478e-06 -5.34648e-06 7.16197e-05 -3.10509e-05 -0.000108165 6.44155e-05 -3.11421e-05 8.86957e-05 2.77753e-05 -2.79011e-05 1.56275e-05 1.67249e-05 -2.5424e-05 1.06914e-05 1.42604e-06 -1.59924e-07 1.77782e-05 4.74207e-06 1.64543e-07 -5.1803e-06 -1.95353e-06 2.61474e-07 1.65141e-07 -3.04938e-10 2.9368e-05 -9.32807e-06 9.06606e-06 3.42178e-07 -9.86585e-06 6.16517e-06 1.47705e-06 -2.27952e-05 4.45233e-06 7.22843e-06 -2.29639e-05 6.44349e-05 -0.000453649 1.4833e-05 4.17235e-06 -2.00588e-07 -2.08425e-06 -3.3496e-07 1.54403e-07 1.82035e-07 -1.14217e-05 -6.40548e-05 -2.07235e-05 5.47635e-05 0.000118736 0.000123826 3.6466e-05 4.4334e-05 -4.84302e-05 -0.000255856 -6.64355e-05 0.000191662 -4.44706e-05 0.000132882 -1.57151e-05 1.98768e-05 0.000144096 -2.51084e-05 7.35471e-05 -1.36645e-05 -9.38231e-06 -9.18946e-06 -1.28303e-05 1.55123e-06 3.33586e-07 6.52164e-05 -6.9443e-06 4.0543e-06 -4.19396e-05 3.72807e-06 8.29614e-06 1.31767e-05 -6.84029e-06 1.43517e-06 -1.2201e-05 -9.95248e-06 -1.23064e-05 -3.04336e-05 -3.07211e-05 -1.58273e-05 -2.19834e-05 -1.15604e-05 -7.25359e-06 4.61196e-06 2.02986e-06 -1.85701e-05 -1.61012e-05 -2.10466e-05 -1.75242e-05 -2.93321e-05 -2.37137e-05 -3.8462e-06 -2.31071e-06 -1.2275e-05 2.79133e-06 4.8404e-06 -1.56873e-05 3.49205e-05 -4.80505e-07 -1.88116e-05 -8.45398e-06 -2.09861e-05 -1.43004e-05 -2.50957e-05 -1.00815e-05 -1.1657e-05 -1.1718e-05 1.8678e-05 9.87898e-07 2.10048e-05 3.21995e-05 3.24936e-05 -0.000547841 -0.000127394 -7.106e-05
 -4.86643e-07 1.706 -0.241108 -2.28559e-06 -0.214894 0.141799 -0.187681 -0.0404523 0.958771 0.206036 -0.00634868 0.152739 1.84136e-05 -0.770207 -0.00578415 1.98755e-05 998.559 -29.0691 -6.10994e-07 -0.458134 0.145741 -1.10629e-07 -0.519933 0.104164 2.68103 3.68196 -0.588957 0.306473 3.02639 -2.26591 1.69261 -0.274799 0.955061 1.86307 0.592402 -0.825493 -0.953697 -0.14397 -0.000900233 1.5648 -0.853498 -0.0154148 0.608689 -1.34972 0.0893984 -0.41679 -0.415568 0.255654 -1.06754 1.81564 1.33272 -1.02895 -0.0852902 -1.10039 0.389271 -0.279313 -1.14496 1.19447 0.901344 -0.77382 -0.109476 0.00869103 -0.512194 0.243258 -0.00285797 0.0113578 0.0151429 -0.00191136 5.27275e-05 1.89535e-06 -0.724884 0.22862 -0.241095 -0.00878477 0.250332 -0.412613 -0.0766164 1.16836 -0.108332 -0.120886 0.385381 -0.134408 2.97381 -0.0912588 -0.00840186 -0.000299016 -0.00742315 0.0166966 -0.0041805 -0.0126088 1.20738 1.50494 1.04059 0.247799 -2.0534 -1.81534 -0.435969 -0.0303916 0.973752 3.69693 0.98324 -3.7492 -1.53342 -0.516096 2.4653 0.702824 -3.86509 -3.2917 1.85579 -0.0147717 0.591445 0.292816 0.157841 -0.0708738 -0.301741 0.482207 0.318377 -0.0225933 0.458444 0.428943 0.148792 0.0576585 0.346386 0.323801 0.649884 0.523011 0.484069 0.434044 0.722257 0.469258 0.460517 0.442354 -0.012899 -0.986052 -0.256318 0.0478637 0.0343051 0.0205783 0.0692123 0.0594641 0.152187 0.0350127 0.270527 -0.32642 -0.0839389 -0.00134989 0.181108 -0.791292 -0.892341 0.0737686 -0.170614 -0.516733 -0.733571 -0.555607 -0.271808 -0.0885041 -0.0245519 0.0990461 -0.103989 -0.488442 -0.750737 -0.75753 13.0904 2.47069 1.62818
 1.2101e-07 -0.0596287 0.00837218 -3.79386e-10 -0.00189454 0.00144604 0.00477346 0.00103035 -0.0246837 -0.00855287 -0.000105489 0.000589413 -3.26059e-07 0.0144431 0.000190143 -4.24694e-06 -29.0691 1.69902 -1.78242e-09 0.0107547 -0.00340369 -1.22661e-08 0.012285 -0.00244123 -0.0837945 -0.115692 0.018473 -0.0121313 -0.0953596 0.071389 -0.0517961 0.00691486 -0.0235539 -0.0579252 -0.0212223 0.0291732 0.0254377 0.00289892 7.55587e-05 -0.0522426 0.0246719 0.000478765 -0.022077 0.03614 -0.00229122 0.00990694 0.00959774 -0.00583995 0.0306714 -0.0558348 -0.0415448 0.0319475 0.00237149 0.0323651 -0.013024 0.00954873 0.0317449 -0.0368615 -0.0285325 0.0243041 0.00334496 -0.000263347 0.0160404 -0.00697803 2.1182e-05 0.000831495 -0.000372141 4.60993e-05 3.36328e-06 -2.44205e-08 0.0174115 -0.00544971 0.00591722 0.000217727 -0.00620067 0.0113873 0.00207262 -0.0317383 0.00257083 0.00293467 -0.00939138 0.00333035 -0.0870979 0.0026713 0.000152134 1.36551e-05 -4.41117e-05 -0.000504532 0.000124834 0.000382503 -0.0363436 -0.0440582 -0.0327169 -0.00798743 0.0611968 0.054493 0.0131086 0.000309124 -0.0285012 -0.110973 -0.0311209 0.112117 0.0459067 0.0151296 -0.0737023 -0.0212529 0.115255 0.0984197 -0.0555846 0.000289709 -0.0177558 -0.0087255 -0.00448341 0.00224663 0.00887719 -0.0147257 -0.00955695 0.000701337 -0.0137209 -0.0128856 -0.0044516 -0.00178516 -0.0103982 -0.00981661 -0.0195704 -0.015621 -0.0144172 -0.0129749 -0.0211982 -0.0141239 -0.013636 -0.0130498 0.000555061 0.0297029 0.00779603 -0.00118854 -0.000879813 -0.000581692 -0.00211139 -0.00158642 -0.00409959 -0.000730205 -0.00790451 0.0098934 0.00261494 0.000245253 -0.00522923 0.0237262 0.0269307 -0.0019779 0.00522908 0.015677 0.0221481 0.016795 0.00830437 0.00279193 0.000902517 -0.00312192 0.00313422 0.0146657 0.0225381 0.0225171 -0.393081 -0.0741418 -0.0488856
 -8.23652e-10 1.88378e-05 -2.71304e-06 -7.54784e-11 1.19319e-07 -1.45807e-07 -1.38043e-06 -3.51089e-08 2.13111e-06 4.98289e-06 7.08632e-07 -1.18864e-05 1.61438e-10 -1.0954e-05 4.16106e-09 -3.92877e-10 -6.10994e-07 -1.78242e-09 1000 -1.08659e-05 5.00952e-06 -4.12545e-10 1.32394e-06 -3.08081e-07 8.6269e-05 -1.04006e-05 6.39864e-07 -1.44018e-06 3.2344e-05 -2.43029e-05 5.48909e-05 3.06039e-06 -1.49886e-05 0.000115942 -5.50596e-05 6.38206e-05 -3.3787e-05 1.4241e-06 -5.08425e-08 -6.85471e-06 -6.70768e-06 -1.58723e-07 2.04569e-05 -3.71715e-05 2.79197e-06 -5.26424e-06 -4.15573e-06 2.63615e-06 2.32173e-05 1.37298e-05 -2.6224e-05 1.20863e-05 -2.8672e-05 2.47865e-05 4.96717e-05 -4.32754e-05 -1.49147e-05 3.7847e-05 7.56181e-06 -1.26484e-05 -2.19631e-06 1.98358e-07 -1.43252e-05 2.21095e-06 2.64873e-07 -5.23518e-06 -1.1433e-06 1.50195e-07 1.09442e-07 -2.24064e-10 -1.51347e-06 4.11391e-07 -1.38147e-06 -3.30822e-08 6.18521e-07 -6.64808e-06 -9.72493e-07 1.47784e-05 3.38959e-08 1.72627e-06 -5.37537e-06 4.31667e-05 -0.000287334 9.40986e-06 2.40666e-06 -1.2287e-07 -1.05389e-06 -1.09796e-07 -7.72462e-08 1.87964e-07 2.23368e-05 1.61278e-05 -3.69327e-06 -2.44858e-05 2.64275e-06 2.2785e-05 -0.000176385 0.00034561 -9.04088e-05 -9.46073e-05 -2.73841e-05 -1.2307e-05 -0.000110292 9.57193e-05 2.05661e-05 -6.18e-06 8.24536e-05 5.06639e-07 -1.84562e-05 8.0524e-06 4.2189e-05 -6.15606e-06 -2.34473e-06 -4.54145e-06 7.19548e-06 1.30447e-05 1.4754e-05 -5.68877e-06 1.21531e-05 3.85607e-06 1.31481e-05 1.79883e-05 1.07968e-05 1.59472e-05 -9.61498e-06 -2.76131e-06 4.46966e-06 -3.66495e-06 1.39161e-05 -8.53094e-06 9.77392e-06 -3.20718e-06 -6.56429e-06 -1.35276e-05 -6.76703e-06 -1.50836e-05 -4.97559e-06 3.69189e-06 -4.07284e-06 -2.87283e-05 -2.24984e-05 1.57966e-05 6.09387e-06 -1.77944e-05 1.71959e-06 1.21016e-05 -1.2685e-05 3.2346e-05 -1.27128e-05 1.06625e-06 -1.20992e-05 -2.78676e-05 -2.55598e-05 -2.48295e-05 -9.84934e-06 -6.60348e-06 -5.88023e-06 1.20355e-05 -1.82513e-06 3.73153e-07 4.42068e-07 -2.57508e-06 7.04907e-06 -2.66581e-05 -2.53561e-06
 -1.85419e-05 1.78678 -0.251584 -4.29651e-06 -0.67041 0.455082 -0.214908 -0.040088 0.948785 0.252648 -0.010982 0.240034 1.45042e-05 -0.557838 -0.00256053 1.75297e-05 -0.458134 0.0107547 -1.08659e-05 903.466 -292.308 2.05095e-06 -0.899733 0.184655 -0.582539 4.19385 -0.634678 -0.0561151 0.734605 -0.550304 0.278447 -0.41971 1.59032 0.195215 2.77024 -3.48131 -0.19111 -0.177709 0.000745856 -0.808691 0.0623735 -0.00115327 -1.11235 0.108259 -0.00730447 -0.310131 -0.27826 0.171375 -0.245177 -0.512419 0.388226 -0.129225 0.921185 -2.56764 -1.19126 1.1297 -0.298437 -0.92267 0.237807 0.0677196 -0.106825 0.00717626 -0.291261 -0.716879 0.0368678 -0.453273 0.0182475 -0.00231504 -0.00260941 1.6161e-06 -0.806008 0.259234 -0.362346 -0.0136509 0.398163 -0.303797 -0.0548175 0.812817 -0.120577 -0.0789424 0.248634 -0.846576 3.85165 -0.10865 -0.187386 0.00937521 0.0697389 0.0273879 -0.0101769 -0.0173509 0.0192002 -1.61806 0.543218 3.96346 1.27283 -2.40181 -23.918 9.28353 -0.978312 1.06881 0.42693 2.54261 -4.55259 1.08649 1.80588 -0.751161 0.313883 -0.89277 -0.0914757 0.0797867 1.1589 0.277967 0.225966 0.618574 0.826768 0.439758 0.120808 -0.403323 0.856423 0.0660817 0.0291528 0.0186456 0.401515 1.35488 -0.0647127 0.185123 0.464848 0.362874 0.848474 -0.47605 0.294631 0.246381 0.496049 -0.164948 0.287673 0.66587 0.75832 0.613381 0.439246 0.968775 0.410144 -0.4105 0.0867311 -0.638757 -0.131474 0.1719 -0.00881595 1.23045 -0.347611 0.372491 0.734025 0.122699 0.0771557 -0.733811 -0.201863 -0.000163176 0.152784 -0.689699 0.017776 -0.590529 -0.906308 -0.77994 16.1567 2.45441 1.93766
 6.06664e-06 -0.588759 0.0828495 1.32404e-06 0.211818 -0.143757 0.0688458 0.0128297 -0.303914 -0.0838558 0.00327496 -0.0728637 -4.60313e-06 0.176653 0.000840889 -5.57698e-06 0.145741 -0.00340369 5.00952e-06 -292.308 95.9176 -7.14145e-07 0.290594 -0.059637 0.18661 -1.36545 0.206654 0.0170245 -0.242041 0.181308 -0.0908998 0.135059 -0.511716 -0.0652489 -0.902367 1.13406 0.0612482 0.0558423 -0.00018673 0.260338 -0.020707 0.000384825 0.359127 -0.0377253 0.00260359 0.098575 0.088634 -0.0545305 0.0796404 0.165911 -0.126127 0.0420733 -0.298395 0.833565 0.386208 -0.3663 0.0961656 0.298798 -0.077947 -0.021393 0.0347237 -0.00233271 0.0952715 0.233246 -0.0120471 0.148539 -0.00581972 0.000737365 0.000821986 -5.00115e-07 0.259429 -0.0834303 0.116355 0.00438172 -0.127843 0.0978749 0.0176863 -0.262269 0.0381609 0.0251944 -0.0793415 0.277245 -1.24764 0.0351855 0.0607204 -0.0030386 -0.022232 -0.00889323 0.00330524 0.00563342 -0.0064978 0.525538 -0.17569 -1.28638 -0.418167 0.783054 7.77009 -3.0186 0.318738 -0.346161 -0.140879 -0.825184 1.47877 -0.353307 -0.586415 0.243762 -0.102524 0.289717 0.0299006 -0.0260006 -0.376553 -0.0902237 -0.0732502 -0.200776 -0.268553 -0.142977 -0.0393296 0.131012 -0.278173 -0.0215333 -0.00948098 -0.00617765 -0.130446 -0.440087 0.0209281 -0.0600439 -0.150921 -0.117896 -0.275284 0.154467 -0.0956944 -0.0799313 -0.160956 0.0537026 -0.0933169 -0.216067 -0.246125 -0.199167 -0.14266 -0.31435 -0.132798 0.133349 -0.0281319 0.207389 0.0427021 -0.0557739 0.00294185 -0.399439 0.113026 -0.120852 -0.238213 -0.0396312 -0.0249085 0.238345 0.065585 0.000124365 -0.0495269 0.223758 -0.0057486 0.191749 0.294348 0.253216 -5.24864 -0.793358 -0.628981
 -5.36991e-10 1.14473e-05 -1.6809e-06 -5.89722e-11 3.04934e-06 -2.14987e-06 1.87155e-07 1.97376e-07 -4.17076e-06 -3.39153e-06 1.65882e-07 -2.12541e-06 1.1728e-10 -1.07178e-05 1.90867e-08 -4.94592e-10 -1.10629e-07 -1.22661e-08 -4.12545e-10 2.05095e-06 -7.14145e-07 1000 7.86168e-06 -4.87207e-07 0.000142006 -7.84977e-05 1.04104e-05 2.89378e-08 3.59218e-05 -2.70482e-05 6.94471e-05 5.1901e-06 -2.31605e-05 0.00017045 -2.32664e-05 2.15705e-05 -4.40963e-05 1.74406e-06 -2.83776e-08 5.24884e-06 -1.31055e-05 -2.03808e-07 4.36742e-05 -5.59879e-05 3.88501e-06 -5.44854e-06 -4.82141e-06 3.06836e-06 9.61657e-06 4.55494e-05 -6.95158e-06 -3.74712e-06 -4.84792e-05 4.06869e-05 9.19796e-05 -7.99961e-05 -2.15074e-05 6.52864e-05 8.22687e-06 -1.91e-05 -1.45723e-06 1.97665e-07 -1.82751e-05 8.75253e-06 1.78774e-07 -5.4148e-06 -1.17667e-06 1.63217e-07 1.4928e-07 -2.32675e-10 4.73291e-06 -1.65332e-06 1.0505e-06 5.20912e-08 -1.74266e-06 -8.51741e-06 -1.19108e-06 1.81448e-05 7.41403e-07 2.04705e-06 -6.38459e-06 5.36906e-05 -0.000298817 9.8368e-06 4.1936e-07 -4.78721e-08 -1.48548e-06 -3.85823e-08 -4.7416e-08 8.67744e-08 3.42755e-05 1.61593e-05 8.85206e-06 1.39338e-05 3.54244e-05 5.31123e-05 -6.30787e-06 0.000105684 -1.32842e-05 -7.38701e-05 -2.02396e-05 -1.46858e-05 -6.53452e-05 6.01746e-05 9.23407e-05 -2.11699e-05 2.68299e-05 -4.88236e-05 0.000109314 -1.18819e-05 1.24358e-05 8.53065e-06 7.12356e-06 6.06137e-06 9.43194e-06 4.08268e-05 1.54487e-05 9.88708e-06 -7.61968e-06 2.41845e-05 2.69403e-06 1.09287e-05 5.7882e-06 1.18536e-05 9.72139e-06 8.94013e-06 7.07314e-06 -8.98521e-06 1.02799e-05 -4.40067e-06 -1.66724e-06 -1.31678e-05 -2.27137e-05 -1.48936e-05 -7.11775e-06 -1.90508e-05 -5.8648e-06 -1.67524e-06 -1.79958e-05 -6.53047e-05 -3.37499e-05 2.0733e-05 -2.94672e-06 -1.46511e-05 -8.65277e-06 -1.58649e-06 -2.18353e-05 -9.12552e-06 -7.83157e-06 -2.27821e-05 -2.26886e-05 -3.78182e-05 -4.63751e-05 -3.45465e-05 -1.96019e-05 -1.44026e-05 -1.33638e-05 2.51194e-05 -3.0194e-06 5.03525e-06 7.41969e-06 4.67624e-06 -0.000118633 -4.92453e-05 -1.8052e-05
 2.94057e-06 1.38307 -0.194654 -4.87905e-06 -0.769086 0.522996 -0.205391 -0.0462506 1.08281 -0.0623955 -0.0407963 0.757801 1.63825e-05 -0.59554 -0.00335403 2.26094e-05 -0.519933 0.012285 1.32394e-06 -0.899733 0.290594 7.86168e-06 958.276 -197.557 -0.58738 9.20564 -1.39189 0.167037 1.57965 -1.17939 -1.98201 -0.618371 2.45902 -2.40625 2.09589 -2.5226 0.0293189 -0.215305 -0.00126602 -0.51019 -0.0010735 -0.00342072 -2.60966 0.988912 -0.060577 -0.283518 -0.269841 0.165434 -0.490963 -0.997769 0.329221 -0.0175831 1.53596 -3.91564 -2.26278 2.10203 -0.0385103 -2.12936 -0.112242 0.533412 -0.0513568 0.00262233 0.0743336 -0.280356 -0.016674 0.411269 0.0204062 -0.00281066 -0.0028911 5.06322e-06 -0.79993 0.259168 -0.306608 -0.0119464 0.35058 -0.170648 -0.0386689 0.564738 -0.110623 -0.101319 0.319931 -0.919934 4.62396 -0.140914 -0.0824801 0.00534432 0.0606893 0.0260497 -0.00703041 -0.0191623 -0.476502 -0.379431 0.149493 0.501832 -1.24791 -1.97878 -6.14137 1.5972 -0.438522 2.38056 0.822668 1.7295 -4.50817 -1.4417 3.38509 -0.461138 -1.61877 -5.69115 0.939313 0.415721 -0.688295 -0.675565 -0.633225 0.116022 -0.146206 -0.845184 -1.06714 0.157935 0.93598 -0.362349 -0.342134 -0.366873 -0.0945815 -0.252085 0.0526814 0.110918 0.0905256 0.401552 0.278395 0.207793 0.37797 0.710493 1.07265 0.79973 0.544804 0.50601 0.518936 0.467671 0.357268 1.62726 0.888898 -0.393467 0.209171 0.135523 0.393037 0.426224 0.4917 0.802835 0.281756 0.578308 1.8135 1.29958 0.789071 -0.156153 0.264254 0.346563 0.430196 -1.08115 0.0486245 -0.652863 -0.99464 -0.858165 17.3338 3.49139 2.18411
