 1000 0.00439817 -0.000436292 2.95246e-09 -0.000387993 0.000121915 -6.87286e-06 -7.57726e-06 6.07566e-05 -0.000155406 -1.66857e-05 0.000260501 1.50769e-09 -1.8461e-05 1.26185e-07 1.14858e-09 -2.64056e-05 5.47237e-07 -1.74033e-10 -5.79747e-05 9.42773e-06 9.43313e-11 -2.03489e-05 1.43137e-06 -0.00012439 -0.00050408 0.000106097 -6.43594e-05 -0.000407507 0.000302703 -2.8783e-05 -6.26376e-05 0.000162535 -5.57924e-06 -0.000184235 0.000227185 -6.5525e-05 -6.83216e-06 1.19184e-06 -0.000273555 4.66307e-05 3.03916e-06 -7.84318e-05 -5.91054e-05 9.46817e-06 -1.25404e-05 -3.76899e-05 2.9413e-05 4.1856e-05 -7.28434e-05 -0.000278653 0.000265784 -3.87798e-05 2.62155e-05 7.20706e-05 -0.000108098 -6.60283e-06 -1.3903e-05 -7.48985e-05 9.42949e-05 -9.14257e-06 6.19067e-07 1.75323e-05 7.01627e-06 -1.21722e-06 3.30902e-05 -1.89826e-06 4.96236e-07 8.28118e-07 1.15611e-09 -4.27963e-05 3.56278e-06 -6.95892e-06 -1.16703e-06 1.28958e-05 -5.95884e-06 -2.6555e-06 4.14881e-05 1.04903e-06 2.01821e-06 -1.29136e-05 -5.47114e-06 -0.000208476 1.18567e-05 -6.67583e-06 4.92518e-07 -2.21673e-05 -1.79987e-06 -7.83938e-07 2.60391e-06 -2.26886e-05 5.4689e-06 -0.000151987 -0.000295017 -0.000160949 -1.2151e-05 0.00010711 0.000387504 -0.000158063 -0.000210236 -0.00012387 4.00472e-05 -1.84131e-05 3.95824e-05 5.99423e-05 7.87587e-05 2.62708e-05 -5.64131e-05 -9.08607e-05 0.000190929 -0.00014655 1.4732e-05 -1.26734e-05 -6.02678e-06 1.08891e-05 2.48097e-05 8.56931e-06 -2.02799e-05 3.64559e-05 -3.92945e-05 4.75469e-06 -1.17492e-05 -5.65987e-06 8.84555e-06 8.19333e-06 -1.62852e-07 -1.3872e-05 0.000151293 -8.10422e-05 5.74843e-05 -8.81489e-07 1.56364e-05 2.79311e-05 2.71784e-05 3.63693e-05 -9.69126e-07 4.31473e-05 2.70776e-05 2.89552e-05 -2.16149e-05 -5.15366e-05 4.53208e-05 2.51284e-05 -4.09357e-06 7.26704e-06 -7.7621e-06 4.05997e-05 5.12792e-05 2.63887e-05 3.87835e-05 1.67325e-05 -2.63049e-05 5.11536e-06 -8.68574e-06 1.10455e-05 1.09618e-05 1.31757e-05 -4.88999e-06 2.58367e-06 1.58761e-05 5.21511e-05 3.99929e-05 -0.000739642 0.000197467 -9.05227e-05
 0.00439817 537.591 -51.948 -0.000331711 39.3914 -12.3751 0.675123 1.00983 -8.13805 14.9887 1.83776 -28.7599 -0.000182139 2.04923 -0.00995428 -0.000170205 3.122 -0.0566693 -4.27603e-05 3.81047 -0.622595 -7.3727e-05 2.77854 -0.187458 23.0939 43.1715 -9.33551 5.12535 32.2485 -23.9614 8.55358 7.87666 -20.7994 13.3605 18.5144 -23.6857 3.37322 0.732259 -0.102043 25.798 -4.84821 -0.289474 11.7692 1.743 -0.555272 1.61961 4.1549 -3.24679 0.747122 8.71773 14.8223 -15.9967 -0.51998 -1.33643 3.19208 -4.61018 0.0372176 4.41571 7.53604 -11.1798 0.500276 -0.0273547 -2.04299 1.1956 0.128869 -4.85087 -0.00428273 0.00266475 -0.0673651 -0.000172042 5.20587 -0.422094 1.13409 0.180248 -2.09547 1.09944 0.367944 -5.72396 0.135667 -0.0663932 0.424869 0.827467 -9.15262 0.504534 1.98818 -0.174575 0.741508 0.118251 0.0345264 -0.153998 3.69938 -3.13083 9.01709 17.2027 9.50759 0.623484 -26.2017 16.9983 -10.2927 22.4881 12.5761 -1.64059 -2.46767 -3.47781 -2.85136 5.97978 4.95162 0.747349 -9.93731 5.13588 -0.985303 0.766425 -2.09978 -1.40129 0.101585 0.855644 0.730339 1.8138 0.624195 -0.496324 0.488685 0.350712 0.0323475 -0.47741 0.99861 -0.260059 -0.870243 3.33965 -6.68913 3.78974 -0.629772 -0.677339 -1.49574 -3.99272 -1.94183 -3.26023 -2.74435 -2.4871 -0.149314 -0.576402 -2.0641 -1.71228 -1.7982 -0.699608 -1.06643 -2.84958 -0.394648 -2.39964 -4.44492 -1.1475 -0.791307 -3.2712 -2.24863 -1.92551 -1.74379 -1.4558 -1.54249 0.898658 -0.363166 -1.16478 -3.76444 -3.47993 55.4711 -16.4934 6.51395
 -0.000436292 -51.948 5.9721 3.24906e-05 -3.86487 1.21418 -0.0678323 -0.100919 0.813567 -1.46849 -0.180364 2.8226 1.86791e-05 -0.210748 0.000980672 1.71122e-05 -0.315976 0.00570253 4.19868e-06 -0.3845 0.0627873 7.25009e-06 -0.279579 0.0188403 -2.26758 -4.23659 0.91615 -0.505307 -3.16419 2.35107 -0.839637 -0.773757 2.04318 -1.31241 -1.81729 2.32495 -0.342807 -0.081155 0.0104572 -2.53608 0.467484 0.0285 -1.16425 -0.188703 0.0567853 -0.162928 -0.416661 0.325556 -0.0768833 -0.854999 -1.45257 1.56802 0.0488382 0.129956 -0.314948 0.455026 -0.00912067 -0.433288 -0.740194 1.09813 -0.0489935 0.00267688 0.20056 -0.117411 -0.0126516 0.476265 0.000501565 -0.000285603 0.00681678 1.73149e-05 -0.524636 0.0424539 -0.114244 -0.0181302 0.210953 -0.107126 -0.0361677 0.562665 -0.0141195 0.00601405 -0.0385723 -0.0757877 0.903152 -0.0497999 -0.195408 0.0171633 -0.0748438 -0.0115903 -0.00338174 0.0150917 -0.363265 0.308738 -0.883197 -1.68838 -0.934457 -0.0567253 2.57102 -1.67155 1.01066 -2.20454 -1.23145 0.161011 0.242265 0.340681 0.279022 -0.587278 -0.48615 -0.0730787 0.974986 -0.504936 0.0973466 -0.0752006 0.206129 0.137477 -0.010307 -0.0845084 -0.0718541 -0.177501 -0.0614326 0.0485692 -0.0483004 -0.0345799 -0.0033054 0.0466996 -0.0981394 0.0254003 0.0854417 -0.328416 0.656526 -0.372111 0.0617314 0.0664333 0.146738 0.39165 0.190308 0.319785 0.268857 0.243613 0.014372 0.0566263 0.202962 0.167881 0.176284 0.0686305 0.104613 0.279613 0.0386679 0.23522 0.435925 0.112474 0.0775594 0.321091 0.220808 0.188963 0.171012 0.142774 0.15127 -0.088201 0.0356471 0.114184 0.369038 0.341143 -5.4377 1.61647 -0.638596
 2.95246e-09 -0.000331711 3.24906e-05 1000 0.00305579 -0.000963879 -6.31449e-06 -8.00434e-06 6.54131e-05 -0.000112615 -1.28654e-05 0.00020261 6.03422e-10 -7.28359e-06 1.00204e-07 1.02564e-09 -2.03114e-05 4.31534e-07 -1.60134e-10 -8.08468e-06 1.35368e-06 -1.06135e-10 -3.24143e-06 2.3067e-07 -0.000155721 -0.000348193 7.47434e-05 -5.74674e-05 -0.000326675 0.000242702 -2.29412e-06 -5.00315e-05 0.000128291 3.4258e-05 -0.000201867 0.000246315 -2.26105e-06 5.87956e-06 2.34525e-07 -0.000231979 6.00031e-05 2.76991e-06 -5.36327e-05 -1.07377e-05 3.58805e-06 -2.77429e-06 -1.93997e-05 1.50684e-05 2.98514e-05 -4.06013e-05 -3.70515e-05 4.57842e-05 -3.32874e-05 -3.41446e-05 7.65538e-05 -0.000109267 1.76654e-06 -5.26713e-05 -4.18823e-05 7.82366e-05 -1.33601e-07 -1.63372e-07 3.36144e-05 -3.50399e-06 -1.52201e-06 5.78561e-05 8.14772e-06 -2.19003e-06 -2.01516e-06 6.81687e-10 -2.32984e-05 1.99208e-06 -7.15942e-06 -1.11291e-06 1.27633e-05 -1.34274e-05 -4.74927e-06 7.38679e-05 -1.61646e-06 -6.92278e-08 -8.62768e-09 1.39658e-05 -8.41089e-05 4.56335e-06 2.20809e-06 -1.48703e-07 -1.51867e-05 -1.32986e-06 -5.61046e-07 1.9056e-06 -5.72317e-05 -9.53392e-06 -6.38581e-05 -0.000114328 -6.24349e-05 -5.07226e-05 4.6234e-05 4.77896e-05 -3.33122e-05 -9.34412e-05 -3.62031e-05 1.5456e-05 -1.36291e-05 6.03606e-05 8.53315e-06 6.44047e-05 -3.79908e-05 9.74769e-06 -8.34484e-06 -2.8999e-05 4.23903e-06 1.17118e-05 3.52763e-05 1.86616e-05 2.87831e-05 -4.19156e-05 -4.69852e-06 -8.43088e-06 -1.97525e-06 8.10558e-07 1.91074e-05 5.54589e-05 3.86203e-05 -3.39046e-05 -0.000130039 -0.000193104 -4.78211e-05 0.000158801 -8.77834e-06 0.000158321 -3.57327e-05 1.6528e-05 4.27082e-05 3.87299e-05 3.10711e-05 4.91492e-06 3.97572e-05 1.54927e-05 4.5492e-05 -6.25875e-05 -0.00010939 1.30827e-05 -3.07503e-05 6.90386e-05 6.23924e-05 1.17509e-05 -3.98628e-06 2.22276e-05 2.81971e-05 7.67597e-05 3.06668e-05 -8.44011e-05 4.76784e-05 -5.87556e-06 1.05596e-05 1.15371e-05 1.24068e-05 -9.90106e-06 5.1042e-06 7.35233e-06 2.08683e-05 -5.20801e-06 -0.000382548 0.000150788 -4.03265e-05
 -0.000387993 39.3914 -3.86487 0.00305579 582.118 -181.87 0.534567 0.759026 -6.08335 12.9587 1.61541 -25.2561 -3.90937e-05 0.459546 -0.00796959 -0.000105236 1.8491 -0.0372714 -6.94103e-07 0.955891 -0.160993 -2.56111e-06 0.411117 -0.03237 18.2736 33.7626 -7.306 4.64899 25.968 -19.2994 9.99154 7.03712 -18.7286 13.2187 15.8584 -20.4023 -0.597864 -0.763881 -0.00312281 16.9154 -4.66492 -0.185413 9.3036 -1.43234 -0.113557 0.503783 1.70576 -1.33601 -2.04585 6.00431 1.66935 -3.56666 0.388164 -1.62598 1.97313 -2.78813 -0.89048 3.69289 6.32637 -9.32907 0.325667 -0.0125406 -2.4519 -3.84692 0.471755 -12.2209 -1.07805 0.279392 0.265198 -6.15277e-05 1.95343 -0.173158 0.646036 0.104043 -1.18836 1.11975 0.403753 -6.29414 0.23256 0.0602625 -0.355473 -0.168368 -9.9891 0.556709 2.63387 -0.228714 0.74674 0.0757127 0.0252961 -0.101807 3.08291 -2.10088 3.14366 5.77453 3.73639 4.47405 2.01046 -2.84842 -0.765862 8.84927 3.40659 -2.93967 -0.530235 0.202895 -1.96817 4.39435 0.142819 -0.644357 -1.10768 2.51603 -0.0895577 -0.846476 -1.94626 -2.37112 1.14286 1.76423 0.319479 0.460641 2.45829 -1.21089 -1.89895 -0.206199 0.401781 4.48616 3.42083 -2.20356 -1.74594 3.31276 -7.82502 4.01733 0.52015 -0.534536 -1.5462 -2.27399 -1.37285 -1.26127 -1.24048 -2.27337 0.38012 0.440479 -0.518609 -1.13899 -1.87671 -0.0365786 -0.48746 -0.941429 0.103235 -1.93353 -4.52074 -0.793616 0.866252 -3.28221 -1.37837 -1.68947 -1.30276 -1.06786 -1.10613 0.618051 -0.281285 -1.1318 -3.60967 -3.29688 54.2948 -17.1544 6.23203
 0.000121915 -12.3751 1.21418 -0.000963879 -181.87 58.1449 -0.169494 -0.240321 1.92646 -4.06845 -0.507592 7.93594 1.29589e-05 -0.152529 0.00250707 3.3458e-05 -0.589994 0.011843 2.02308e-07 -0.307108 0.0516665 7.83013e-07 -0.134295 0.0105002 -5.7415 -10.6075 2.29541 -1.46333 -8.15817 6.06316 -3.13876 -2.21147 5.88556 -4.15348 -4.98228 6.4099 0.178543 0.232792 0.00132546 -5.31751 1.45938 0.058319 -2.9304 0.434611 0.0376596 -0.161483 -0.54334 0.425511 0.642767 -1.88636 -0.524767 1.1208 -0.12439 0.510142 -0.621109 0.877797 0.274915 -1.15987 -1.98816 2.93168 -0.102288 0.00393856 0.770213 1.20846 -0.148192 3.83894 0.339411 -0.0879612 -0.0835538 1.97102e-05 -0.625757 0.055305 -0.205827 -0.0331052 0.378374 -0.351145 -0.126882 1.97799 -0.0738373 -0.019374 0.11443 0.0590917 3.14048 -0.175044 -0.827589 0.0718678 -0.236046 -0.0237792 -0.00794415 0.0319742 -0.968469 0.660635 -0.987052 -1.8141 -1.17446 -1.40603 -0.631074 0.894402 0.241294 -2.78197 -1.0697 0.923821 0.166805 -0.0639308 0.618077 -1.38061 -0.0450312 0.202245 0.347972 -0.790117 0.0279866 0.265902 0.611292 0.74473 -0.359157 -0.554176 -0.10043 -0.144463 -0.772033 0.380149 0.596252 0.0645345 -0.126344 -1.40887 -1.07407 0.692658 0.548564 -1.04096 2.45785 -1.26224 -0.163203 0.167982 0.485705 0.714398 0.431226 0.396281 0.389543 0.713949 -0.119517 -0.138085 0.16349 0.357936 0.589655 0.0113917 0.153072 0.29586 -0.0322037 0.607416 1.41998 0.249208 -0.272049 1.03129 0.43309 0.530769 0.409256 0.335488 0.347505 -0.194179 0.0883647 0.355497 1.13381 1.0356 -17.0537 5.38772 -1.9575
 -6.87286e-06 0.675123 -0.0678323 -6.31449e-06 0.534567 -0.169494 999.957 -0.0804105 0.440216 0.194983 0.0160749 -0.234245 9.96624e-06 -0.109483 -0.000197808 6.8631e-06 -0.128795 0.00159958 1.02247e-06 -0.19516 0.0307451 2.90665e-06 -0.153677 0.00945322 0.108488 0.386953 -0.0832425 0.0415982 0.61683 -0.459229 0.656906 -0.0703168 0.144045 0.5645 0.142544 -0.213019 -0.0712043 -0.0625844 0.00227724 -0.498848 0.0713759 0.00441234 -0.0700203 -0.208443 0.0249493 -0.0637811 -0.132698 0.102015 0.0688899 -0.146369 -0.183029 0.209461 -0.00836806 -0.86099 0.291768 -0.354654 -0.123643 -0.204035 0.160941 -0.0606573 0.0471876 -0.00402482 0.107682 -0.00947233 -0.00322485 0.110948 0.00331511 -0.000834316 -0.00171698 7.86825e-06 -0.249859 0.0173844 -0.0646532 -0.00949165 0.119537 -0.0702243 -0.0208453 0.337563 0.0090309 0.00320322 -0.0206301 0.0578766 -0.4309 0.0249144 -0.0784718 0.00616688 0.0186492 0.00125507 -2.31705e-05 -0.00124275 -0.107168 0.0940112 -0.179409 -0.381704 -0.205902 -0.0676261 0.326662 0.808367 -0.622236 -0.280329 -0.123961 0.0468207 0.280315 -0.0871436 0.105206 0.176702 0.134577 -0.116904 -0.0317322 0.0244358 0.0232116 0.000370287 0.00981016 0.0139467 -0.00320507 0.00514066 0.117527 -0.217108 0.0721928 0.0422195 -0.031637 0.0180496 0.0102845 0.018911 0.0024386 -0.0311789 0.0166845 0.0719142 0.226698 -0.125163 0.0287464 -0.00945016 -0.00597326 -0.477279 0.213127 -0.237983 0.0729221 0.167856 -0.331666 -0.0675817 -0.111141 0.211742 -0.123751 0.122547 0.108779 0.0624028 0.130609 -0.177182 0.143426 -0.136089 0.144119 0.28136 0.0985804 -0.070095 -0.0664404 -0.00275771 -0.00347249 -0.0310808 0.00972412 -0.104395 -0.392182 -0.458759 4.19154 -0.0946178 0.658958
 -7.57726e-06 1.00983 -0.100919 -8.00434e-06 0.759026 -0.240321 -0.0804105 15.518 -119.32 0.261069 0.0160643 -0.229575 1.27807e-05 -0.13815 -0.000251455 8.82537e-06 -0.155293 0.00191217 2.51721e-06 -0.186566 0.0293517 5.11896e-06 -0.207977 0.0130962 -0.0348213 1.07878 -0.223423 0.0720467 0.872015 -0.648618 0.644833 -0.173812 0.411867 0.347881 0.559296 -0.712 -0.0501375 -0.0833812 0.00214458 -0.537859 0.0737735 0.00409671 -0.224508 -0.179752 0.023477 -0.0752057 -0.172844 0.132561 0.0820812 -0.213446 -0.357197 0.384098 0.145715 -1.14857 -0.0263254 0.138005 -0.152852 -0.310286 0.178436 -0.0186436 0.0351894 -0.00335771 0.153438 0.119762 -0.000764924 -0.0528391 0.0093686 -0.0023281 -0.0042423 1.09283e-05 -0.331313 0.0233182 -0.0826747 -0.0121211 0.152914 -0.117321 -0.0337462 0.535433 0.00333609 0.00340651 -0.0230253 0.0768336 0.19007 -0.00833069 -0.0587322 0.0042402 0.0046345 0.00347781 0.0020973 -0.00561666 -0.130845 0.0325837 -0.120498 -0.180067 -0.0544718 -0.00989818 1.18692 -0.135214 -0.73355 -0.355433 -0.111223 0.915262 0.371133 -0.243829 -0.599225 -0.23919 0.417404 -0.0828236 0.0683073 -0.00760918 -0.0398236 -0.067429 -0.0689606 -0.0161766 -0.056668 -0.152567 0.481002 -0.272833 0.035251 0.000291756 0.10069 -0.0190372 0.0332694 0.0307958 0.0528706 -0.0404602 -0.181826 0.0167784 0.0946046 -0.148454 0.15076 0.077011 0.0441363 -0.330358 0.0524451 -0.116437 -0.00248037 -0.131686 -0.331659 0.19936 0.218271 0.236669 -0.0350482 0.108245 -0.0328908 -0.150717 -0.088336 0.060421 -0.00794643 0.22148 0.444144 0.00457387 -0.197178 -0.0931809 -0.0496908 -0.0109459 -0.00942461 -0.043649 0.0116764 -0.14323 -0.534166 -0.48832 5.68008 0.120554 0.933745
 6.07566e-05 -8.13805 0.813567 6.54131e-05 -6.08335 1.92646 0.440216 -119.32 980.035 -2.1168 -0.124437 1.7688 -0.00010651 1.15349 0.00203227 -7.31563e-05 1.29662 -0.0160474 -2.0289e-05 1.55682 -0.245029 -4.20653e-05 1.71991 -0.108339 0.310767 -8.73746 1.80924 -0.571555 -7.05309 5.24627 -5.28799 1.4619 -3.47162 -2.82908 -4.5144 5.74834 0.419746 0.718652 -0.0190996 4.43204 -0.590521 -0.0339827 1.8718 1.53391 -0.200483 0.637985 1.45328 -1.11527 -0.694439 1.7539 2.92319 -3.14519 -1.16531 9.37338 0.219414 -1.13311 1.24167 2.53683 -1.44943 0.14202 -0.286729 0.0273861 -1.25564 -0.977219 0.00656762 0.420696 -0.0798374 0.0198679 0.0356151 -9.14828e-05 2.76616 -0.195007 0.69613 0.102447 -1.29018 0.962775 0.276515 -4.38729 -0.029078 -0.0299651 0.201329 -0.679733 -1.56735 0.069097 0.484762 -0.0351081 -0.0216905 -0.0283124 -0.0170806 0.0457313 1.0694 -0.283248 0.984831 1.48434 0.464256 0.0934849 -9.68072 1.07837 5.95943 3.01263 0.973232 -7.4852 -3.03233 1.98517 4.88216 1.95035 -3.4022 0.677172 -0.562191 0.0608726 0.323132 0.548153 0.558913 0.128947 0.461 1.24334 -3.92442 2.2229 -0.288823 -0.00499835 -0.822742 0.153757 -0.272995 -0.252845 -0.431808 0.327613 1.47957 -0.136538 -0.780338 1.21184 -1.23281 -0.631401 -0.363649 2.69273 -0.433047 0.947447 0.0172484 1.07175 2.70783 -1.628 -1.78593 -1.9378 0.28336 -0.886064 0.264902 1.22524 0.71693 -0.495369 0.0590638 -1.80913 -3.62684 -0.043053 1.60429 0.757763 0.402839 0.0861402 0.0737774 0.357487 -0.0956445 1.16804 4.35691 3.9835 -46.3083 -1.0066 -7.61608
 -0.000155406 14.9887 -1.46849 -0.000112615 12.9587 -4.06845 0.194983 0.261069 -2.1168 912.697 -9.9713 148.702 3.64541e-05 -0.481884 -0.00158601 1.31296e-05 -0.339678 0.0036092 1.14195e-06 -0.430425 0.0680523 -3.70405e-06 -0.555069 0.0361083 6.34244 7.10107 -1.58082 1.10825 5.98497 -4.44734 2.1424 2.91747 -7.66004 5.70432 3.24812 -4.37676 -0.881323 0.0188241 -0.00406982 4.72818 -1.61971 -0.0485599 2.39344 -1.49834 0.106385 0.291035 0.607425 -0.476113 1.07233 2.51573 -4.70667 3.10151 -0.568614 -2.23441 2.50737 -3.49443 -0.492418 3.21953 0.535418 -2.43525 0.346143 -0.00538626 -3.43324 4.21543 0.105144 -6.12908 -0.22601 0.0591972 -0.00847071 -2.9825e-05 0.589511 -0.0542232 0.240413 0.0496897 -0.571667 0.970885 0.286657 -4.35769 -0.1949 -0.240541 1.5025 0.511203 -9.39871 0.520335 0.525161 -0.0459676 0.930717 -0.00231719 -0.012227 0.0146287 0.26885 -6.78227 -0.109276 4.50054 6.14314 7.18944 -10.8838 -1.69338 2.8485 14.7869 6.5239 -11.2229 2.79168 -1.74432 -2.67418 4.38452 8.55583 13.4233 -17.2525 2.45139 2.15385 0.928704 -0.502351 -0.927844 -0.522565 2.98724 -4.95073 0.397674 3.2865 -3.41234 1.27099 0.12661 -1.51129 0.174744 -0.357957 1.00241 -5.09034 9.83289 -10.7373 7.85972 -2.2729 -0.761485 0.976128 -4.62822 0.0677727 -3.08114 -1.70056 1.02994 -0.19779 -0.537577 -1.01839 -1.11783 -1.15672 1.21186 -0.387692 -2.6708 0.000175822 0.698333 -1.28038 -0.0536792 -2.42512 0.798928 1.72247 -1.72681 -2.847 -1.10584 -1.03194 0.286487 -0.0532627 -0.336689 -0.495442 4.09227 22.9009 -17.9916 1.00012
 -1.66857e-05 1.83776 -0.180364 -1.28654e-05 1.61541 -0.507592 0.0160749 0.0160643 -0.124437 -9.9713 3.88569 -46.8918 4.50114e-06 -0.0575591 -0.000222197 2.17362e-06 -0.0463767 0.000392705 1.04399e-06 -0.0781701 0.0121507 5.34205e-07 -0.0988352 0.00620516 0.519626 1.38309 -0.295091 0.185588 1.09967 -0.817274 0.189738 0.270836 -0.707863 0.315997 0.733153 -0.924015 -0.0769885 -0.0123671 -0.000495149 0.323843 -0.137008 -0.00372408 0.087561 -0.116353 0.00928345 0.00540131 0.032849 -0.0261468 -0.130153 0.176011 0.14045 -0.180809 0.0334884 -0.283511 -0.0283637 0.0655812 -0.110299 0.0287897 0.222882 -0.266366 0.0380921 -0.00293454 -0.0128219 0.15744 0.00584224 -0.292518 -0.0186612 0.00492889 0.000339392 -2.74757e-06 0.0565316 -0.00543416 0.0112535 0.00305016 -0.0325063 0.099615 0.0269993 -0.427472 -0.0177176 -0.0197761 0.12217 -0.0244233 0.119883 -0.00592938 0.0760535 -0.00718567 0.0782141 0.00390345 0.00163992 -0.0055863 0.00945244 -0.781345 0.317366 1.21829 1.10035 1.05547 -1.06018 -0.217874 -0.340153 1.31717 0.657261 -0.457426 0.594379 -0.0508604 -0.760444 -0.338054 0.263424 0.803405 -0.452958 0.0158864 -0.0577938 -0.0387171 -0.106218 -0.120977 -0.0942235 0.173212 -0.260068 -0.0854867 0.183925 -0.157054 -0.00355669 -0.0381803 -0.109413 0.00656504 0.0901015 -0.0262602 -0.24891 0.534316 -0.530677 0.114975 -0.0341305 -0.0964761 0.0194791 -0.411601 0.0089982 -0.158511 -0.109086 -0.0798031 -0.155169 0.0298265 -0.044825 -0.111631 -0.102839 -0.001774 -0.00626055 -0.155473 -0.00278869 -0.0498092 -0.180519 -0.0246236 0.0257596 -0.0498171 -0.0808326 -0.0896542 -0.106241 -0.0734301 -0.0765889 0.0151668 -0.00512769 -0.0729668 -0.249941 -0.221061 3.25763 -0.613069 0.434585
 0.000260501 -28.7599 2.8226 0.00020261 -25.2561 7.93594 -0.234245 -0.229575 1.7688 148.702 -46.8918 737.239 -7.39844e-05 0.943443 0.00345481 -3.61182e-05 0.782497 -0.00700005 -1.62222e-05 1.30317 -0.202964 -8.01447e-06 1.59526 -0.100263 -8.1644 -21.5362 4.59631 -2.89358 -17.1127 12.7182 -3.0486 -4.20139 10.9873 -5.01367 -11.3787 14.348 1.24447 0.27165 0.00440073 -5.07925 2.20373 0.0580181 -1.34394 1.96658 -0.16317 -0.044789 -0.446529 0.356168 2.03 -2.80478 -2.05322 2.72338 -0.456349 4.45651 0.388247 -0.946193 1.72079 -0.511847 -3.45747 4.16882 -0.594752 0.0454102 0.2838 -2.51765 -0.0936012 4.68249 0.282555 -0.0746977 -0.00214003 4.06471e-05 -0.81527 0.0798517 -0.147994 -0.0434413 0.457263 -1.61161 -0.433212 6.85767 0.270244 0.306308 -1.89256 0.399138 -1.69496 0.0828509 -1.18066 0.11141 -1.17064 -0.0604426 -0.0252071 0.0863135 -0.143132 12.2296 -5.00397 -19.0071 -16.9943 -16.3275 16.5877 3.44581 5.32692 -21.2136 -10.3904 7.38296 -9.27541 0.829519 11.8602 5.16272 -4.25332 -12.7427 7.38792 -0.29819 0.857029 0.582947 1.66398 1.90537 1.47597 -2.74737 4.14464 1.31854 -2.91689 2.51008 0.0336317 0.594301 1.73216 -0.105403 -1.38695 0.392596 3.96733 -8.4889 8.4528 -1.93761 0.576791 1.51379 -0.320517 6.47883 -0.140804 2.5212 1.72956 1.22342 2.41775 -0.450324 0.713208 1.75238 1.62049 0.00776054 0.107108 2.46562 0.0454282 0.76031 2.82726 0.385241 -0.351333 0.759064 1.22232 1.42714 1.70575 1.16422 1.21199 -0.240902 0.0802257 1.13816 3.884 3.34004 -50.9855 9.89222 -6.75724
 1.50769e-09 -0.000182139 1.86791e-05 6.03422e-10 -3.90937e-05 1.29589e-05 9.96624e-06 1.27807e-05 -0.00010651 3.64541e-05 4.50114e-06 -7.39844e-05 1000 5.01965e-05 -5.1626e-06 -2.32897e-09 5.00859e-05 -3.34868e-07 -2.42753e-10 4.91068e-05 -7.57008e-06 -1.01312e-09 5.59636e-05 -3.26993e-06 -0.000165966 -0.000575099 0.000123132 -1.73691e-05 -0.000236686 0.000176274 -0.000114467 6.61262e-05 -0.000163464 -6.18795e-05 5.58024e-05 -6.4463e-05 9.46865e-05 2.23968e-05 -7.26452e-07 -0.000250952 9.39998e-05 4.02804e-06 5.46356e-05 0.000112323 -1.33947e-05 2.57711e-05 5.15012e-05 -3.96766e-05 2.61135e-05 9.68058e-05 -5.29234e-05 9.40472e-06 -1.38363e-05 4.81513e-05 6.1652e-05 -9.507e-05 7.35002e-05 1.08485e-05 -4.17541e-05 3.79729e-05 -2.38989e-05 1.78304e-06 -1.38915e-05 -1.89251e-05 1.60966e-06 -3.89701e-05 -9.23523e-07 2.57794e-07 -4.91306e-07 -2.56538e-09 8.32845e-05 -5.38446e-06 1.64677e-05 2.24135e-06 -2.79569e-05 1.11328e-05 3.94151e-06 -6.82516e-05 3.30418e-06 2.04213e-06 -1.39019e-05 -3.98019e-05 0.000302701 -1.6925e-05 -2.07471e-05 1.84148e-06 -2.42241e-06 -4.72695e-07 1.18771e-07 3.573e-07 -4.45597e-05 -7.70764e-05 6.20789e-05 0.000162436 9.06923e-05 4.70748e-05 -4.8847e-05 1.39394e-05 -9.76163e-05 6.5364e-05 4.26661e-05 0.000341078 8.12023e-05 -0.000255766 -9.44665e-05 6.27487e-05 8.00635e-05 5.02057e-05 3.71281e-05 3.03995e-07 -8.6975e-05 -3.306e-06 4.69785e-05 -2.24657e-05 -4.73582e-05 -2.47101e-05 -4.38463e-05 4.98832e-05 3.02125e-05 9.25524e-06 -9.9888e-06 -2.68048e-05 -2.93798e-05 6.12721e-06 -1.41846e-05 -2.1896e-05 -3.23057e-05 -4.18114e-05 -2.25765e-05 -3.74719e-05 -9.93564e-06 9.78032e-06 1.86268e-05 2.44007e-05 1.49006e-05 2.32953e-05 1.35994e-05 -1.08471e-05 -5.32895e-05 -6.80464e-05 -3.0121e-05 9.41899e-06 2.23812e-05 -2.80398e-05 -4.4505e-05 -1.22119e-05 -2.09696e-05 -1.54694e-06 -2.96498e-05 -1.94002e-05 1.95729e-05 3.81441e-05 1.7254e-05 -3.13774e-05 -1.56609e-05 -1.72315e-05 -1.46464e-05 1.45572e-06 3.06259e-06 2.26585e-05 7.36096e-05 8.11347e-05 -0.00108164 0.000335855 -0.000124568
 -1.8461e-05 2.04923 -0.210748 -7.28359e-06 0.459546 -0.152529 -0.109483 -0.13815 1.15349 -0.481884 -0.0575591 0.943443 5.01965e-05 999.412 -0.444042 2.41688e-05 -0.571632 0.00391094 6.63675e-07 -0.505116 0.077407 7.88448e-06 -0.585483 0.0335329 2.69037 6.99333 -1.51162 0.205809 2.79342 -2.08104 1.60916 -0.725881 1.77372 1.28524 -0.239548 0.207371 -1.39108 -0.289859 0.0107053 2.62475 -1.10298 -0.0449619 -0.448694 -1.67414 0.192441 -0.31571 -0.634118 0.488755 -0.375413 -0.654733 0.74158 -0.390267 -0.0402292 -0.443711 -0.335089 0.532424 -0.98673 0.178754 0.500676 -0.626483 0.229282 -0.0162529 0.0550527 0.26453 -0.0162186 0.35453 0.00444339 -0.00130099 0.00891197 2.73587e-05 -0.912252 0.057937 -0.170708 -0.0222579 0.279285 -0.147141 -0.0484091 0.838418 -0.032119 -0.020575 0.142991 0.589068 -4.52194 0.253732 0.210098 -0.0189389 -0.00453812 0.00575775 -0.00066411 -0.00514008 0.682217 1.51398 -0.508174 -1.78012 -1.00196 -0.489748 0.866396 -0.0517956 1.07924 -0.742122 -0.466833 -3.46438 -1.31541 2.62195 1.55033 -0.660921 -0.993106 -0.728302 -0.0984185 0.027561 0.918007 0.0185016 -0.624416 -0.0126635 0.860885 0.444453 0.683459 -0.576873 -0.330189 -0.0933813 0.116098 0.267334 0.34096 0.0114657 0.218999 0.302253 0.403354 0.38356 0.298037 0.360981 0.0694425 -0.174098 -0.328774 -0.366783 -0.155986 -0.256954 -0.232672 0.00127416 0.441248 0.566667 0.227962 -0.0492246 -0.132095 0.292771 0.421785 0.0286019 0.176652 -0.0636348 0.259022 0.163539 -0.265539 -0.634233 -0.479813 0.163837 0.0884908 0.117064 0.0903209 0.0483575 -0.0514156 -0.223652 -0.723452 -0.812281 10.7775 -3.49109 1.21905
 1.26185e-07 -0.00995428 0.000980672 1.00204e-07 -0.00796959 0.00250707 -0.000197808 -0.000251455 0.00203227 -0.00158601 -0.000222197 0.00345481 -5.1626e-06 -0.444042 0.814562 2.06039e-07 -0.00392792 6.36242e-05 2.3513e-08 -0.00278211 0.000449509 6.48826e-08 -0.00342745 0.000225635 -0.00710756 -0.0145158 0.00313402 -0.00152987 -0.00927306 0.00689266 -0.00268914 -0.00146914 0.00394562 -0.00370035 -0.00340885 0.00444312 -0.00244435 -0.0015602 9.47408e-05 -0.0113432 0.001153 0.000135463 -0.00382217 -0.00184743 0.00032953 -0.000694779 -0.00214345 0.00166276 6.70068e-05 -0.000251565 -0.00172284 0.00157695 -0.000284674 -0.000178388 -0.000903005 0.00135293 -0.000216113 -0.000946929 -0.00157215 0.00235892 -0.0002235 1.35877e-05 0.000545636 -0.000306419 -1.4155e-05 0.000640376 -9.10995e-06 2.32235e-06 9.67116e-07 1.38007e-07 -0.0044459 0.000347331 -0.000527717 -7.51848e-05 0.000889405 -0.000198688 -0.000117452 0.00180206 -0.000164989 -0.000194359 0.00118072 -0.00101487 0.00927539 -0.000500581 -0.000438082 3.8717e-05 -0.000203468 -1.04237e-05 2.53903e-08 1.04893e-05 -0.00124009 0.000391407 -0.00019053 -0.00040088 -0.000150336 6.41397e-05 4.9342e-05 -0.000241705 -0.00110516 -0.000309493 0.000888142 0.00424723 0.00155543 -0.00287755 -0.00192289 0.000257064 0.00073929 0.000686599 0.000219792 -0.000407267 -0.00104316 0.000178064 0.00115898 0.000340565 -0.00124797 -0.000966531 -0.000868298 0.00086162 0.000382587 -8.4769e-05 -0.000292159 -0.000405859 -0.000414588 -7.65775e-05 -0.000399855 -0.000379385 -0.000363774 -0.000481502 -1.36894e-05 -0.000620423 -1.45452e-05 0.000326267 0.000587373 0.00068364 0.000324233 0.000470387 0.000341877 -6.01424e-05 -0.000596091 -0.000489389 0.000172058 0.000328355 0.000257681 -0.000240226 -0.000344047 0.000175039 -3.97358e-05 0.000272253 1.90986e-05 4.04991e-05 0.000399368 0.000902757 0.000803718 4.06789e-05 6.45953e-05 1.19269e-05 5.09032e-05 -0.000170789 9.99347e-05 0.000276574 0.000846887 0.000795748 -0.0139313 0.00541918 -0.00144354
 1.14858e-09 -0.000170205 1.71122e-05 1.02564e-09 -0.000105236 3.3458e-05 6.8631e-06 8.82537e-06 -7.31563e-05 1.31296e-05 2.17362e-06 -3.61182e-05 -2.32897e-09 2.41688e-05 2.06039e-07 1000 3.35296e-05 -4.93161e-06 -6.30174e-10 4.05725e-05 -6.25797e-06 -1.18198e-09 3.93879e-05 -2.31494e-06 8.97149e-07 -4.15921e-05 8.75439e-06 -1.32136e-05 -0.000142507 0.000106045 -4.19282e-05 3.3056e-05 -8.29864e-05 3.43351e-05 1.16823e-06 -3.76433e-06 -6.59872e-06 9.44071e-06 -1.99298e-07 -8.8687e-05 2.57023e-05 1.25514e-06 -1.17151e-05 2.68437e-05 -2.27465e-06 1.19297e-05 2.68507e-05 -2.04731e-05 3.3283e-05 4.0684e-05 -0.000115627 8.37407e-05 -3.14075e-05 6.43503e-05 5.77867e-05 -9.08299e-05 3.01531e-05 3.07959e-05 -4.81696e-05 3.61095e-05 -9.52267e-06 7.36291e-07 -7.59663e-06 4.90229e-06 4.17984e-07 -1.78643e-05 -2.22298e-06 5.61085e-07 5.81116e-07 -1.81894e-09 5.50264e-05 -3.66415e-06 1.24115e-05 1.883e-06 -2.31739e-05 3.67965e-07 1.08868e-06 -2.17158e-05 1.95435e-06 2.31718e-06 -1.5462e-05 1.13868e-05 -0.00019687 1.12649e-05 -2.23917e-06 2.48133e-07 -7.99691e-06 -9.56169e-07 -9.22335e-08 1.05737e-06 -4.06237e-05 5.17287e-07 7.56852e-05 0.000131235 7.79994e-05 5.48045e-05 3.25536e-05 -2.86193e-05 -0.000175182 5.06831e-05 4.24812e-05 0.000476722 -0.00010894 -5.17998e-05 -0.000141181 5.32734e-05 0.000139951 -3.51494e-05 6.2479e-05 -3.63116e-05 -6.76063e-05 -3.24425e-05 -1.06758e-05 1.53893e-05 -1.26307e-05 4.11249e-05 -2.68992e-05 3.81517e-06 -4.26843e-05 -1.03383e-05 6.38931e-06 -1.81103e-06 -1.22893e-05 -1.06527e-05 -2.54037e-05 -1.66643e-05 -3.03151e-05 -3.86045e-05 -3.19036e-05 -1.78059e-05 -2.39028e-05 -2.76379e-06 2.08847e-06 4.8681e-06 7.52134e-06 -1.72383e-05 -1.24883e-05 -1.25973e-05 -2.25018e-05 -4.57836e-05 -4.86602e-05 -1.10801e-05 6.44629e-06 -1.21481e-05 -8.98476e-06 -5.26031e-06 -1.99519e-05 4.38851e-05 -6.58981e-06 -2.58367e-05 -5.06773e-08 -6.64916e-06 -3.21077e-06 -1.06871e-05 -5.79129e-06 -1.04691e-05 -1.05181e-05 7.83998e-06 2.68923e-06 1.93078e-05 6.69918e-05 6.29263e-05 -0.000860202 0.000172783 -0.000112928
 -2.64056e-05 3.122 -0.315976 -2.03114e-05 1.8491 -0.589994 -0.128795 -0.155293 1.29662 -0.339678 -0.0463767 0.782497 5.00859e-05 -0.571632 -0.00392792 3.35296e-05 999.093 -14.7742 4.33009e-06 -0.658317 0.101393 1.16571e-05 -0.670299 0.0391367 2.29794 3.17159 -0.711011 0.22623 2.93187 -2.184 1.97057 -0.609489 1.45319 1.67941 0.415855 -0.624796 -0.947838 -0.286418 0.0111583 1.1946 -0.661641 -0.0250478 0.488144 -1.71858 0.172853 -0.307625 -0.664762 0.509847 -0.509969 0.405838 1.4838 -1.41514 0.0251175 -0.681794 -0.190812 0.341114 -1.07378 0.374201 1.01574 -1.32471 0.0564349 -0.00149252 -0.23915 0.284919 -0.00737504 0.0788437 0.0194864 -0.00474327 -0.000491458 3.13172e-05 -1.00064 0.0655587 -0.216674 -0.0301472 0.374135 -0.0779544 -0.035575 0.66231 -0.0547738 -0.0424392 0.285581 0.272116 -1.48209 0.0831467 0.100014 -0.0103408 0.0408791 0.0171566 0.00211408 -0.0194314 1.22895 1.6216 -0.927654 -2.45374 -1.45716 -0.873458 0.256471 0.820919 2.62139 -0.984637 -0.764962 -7.56982 -0.207358 2.62644 3.54148 -0.0756605 -3.40887 -1.5411 1.65846 -0.0235687 1.17905 0.506137 0.0431353 -0.349573 0.0479907 0.573966 0.518828 0.00500049 0.355182 0.448889 0.073006 0.145732 0.223596 0.250823 0.632886 0.47577 0.571275 0.582055 0.649191 0.358464 0.400919 0.0783326 -0.358595 -0.686643 -0.179118 0.0696598 0.0377655 0.0646415 0.225538 0.393603 0.503542 0.283066 0.1213 -0.182785 0.111283 0.234256 0.26487 -0.739431 -0.461635 0.294936 -0.157093 -0.531781 -0.641471 -0.370229 -0.146673 -0.0212407 0.0137472 0.0338586 -0.0938148 -0.287449 -0.973314 -0.928838 13.1215 -3.12499 1.6503
 5.47237e-07 -0.0566693 0.00570253 4.31534e-07 -0.0372714 0.011843 0.00159958 0.00191217 -0.0160474 0.0036092 0.000392705 -0.00700005 -3.34868e-07 0.00391094 6.36242e-05 -4.93161e-06 -14.7742 1.05169 -3.32659e-08 0.0060554 -0.000907164 -1.0145e-07 0.00613793 -0.00033242 -0.0393039 -0.055649 0.012418 -0.00534836 -0.051386 0.0382663 -0.0311727 0.00707193 -0.0163678 -0.0281212 -0.0101181 0.0143434 0.0117908 0.00300397 -9.12538e-05 -0.0253122 0.00988565 0.000461207 -0.0120329 0.0219627 -0.00201916 0.0033086 0.00678362 -0.0051694 0.00746993 -0.007317 -0.0240888 0.0232608 -0.000765141 0.0101321 0.00185287 -0.00361448 0.0148288 -0.00643662 -0.0168695 0.0222847 -0.000852545 1.95548e-05 0.00434932 -0.00423135 7.29287e-05 -1.9594e-05 -0.000159065 3.5859e-05 3.17823e-05 -2.89453e-07 0.00998451 -0.000599125 0.00248035 0.000346967 -0.00435444 0.000898151 0.000329492 -0.00672202 0.000372658 0.000275139 -0.00205835 -0.00471231 0.0261029 -0.00145265 -0.00182786 0.000184845 -0.00110822 -0.000270725 -3.38721e-05 0.000307137 -0.0194137 -0.0249547 0.0127506 0.0376488 0.0231919 0.013962 -0.00368377 -0.0131771 -0.0399045 0.0119242 0.0118409 0.117875 0.00337961 -0.0408915 -0.0550157 0.00072334 0.0526942 0.0239784 -0.0258418 0.000180402 -0.0183391 -0.0076991 -0.000273372 0.00571212 -0.000913923 -0.00939479 -0.00809132 5.85603e-05 -0.00547874 -0.00708257 -0.00120057 -0.00233253 -0.00348844 -0.00395826 -0.00994234 -0.00737036 -0.00876018 -0.00908901 -0.00969295 -0.00577143 -0.00612479 -0.0010705 0.00578105 0.0109559 0.00294696 -0.000845842 -0.000470032 -0.00103539 -0.00362053 -0.00599713 -0.00736312 -0.0040798 -0.00173304 0.00289783 -0.00163782 -0.00344023 -0.00395975 0.0115832 0.00742681 -0.00435922 0.00253881 0.00848038 0.0102087 0.00592945 0.00242616 0.00046838 -6.19657e-05 -0.000631254 0.00148879 0.00449662 0.0151613 0.0143191 -0.206101 0.050437 -0.0257238
 -1.74033e-10 -4.27603e-05 4.19868e-06 -1.60134e-10 -6.94103e-07 2.02308e-07 1.02247e-06 2.51721e-06 -2.0289e-05 1.14195e-06 1.04399e-06 -1.62222e-05 -2.42753e-10 6.63675e-07 2.3513e-08 -6.30174e-10 4.33009e-06 -3.32659e-08 1000 1.97424e-05 -4.70823e-06 -8.24147e-10 1.66208e-05 -1.09902e-06 8.79295e-05 -3.10049e-05 4.45523e-06 3.41687e-06 3.90958e-05 -2.91455e-05 4.90273e-05 1.86846e-05 -5.12358e-05 0.000127805 -6.73615e-05 7.44361e-05 -4.4642e-05 -3.51176e-07 3.13251e-07 -2.42352e-05 -4.24999e-06 6.06791e-08 1.49571e-05 -4.5603e-05 4.98891e-06 -3.07158e-07 7.589e-07 -5.198e-07 1.81753e-05 3.96516e-05 -5.62735e-05 3.34141e-05 -3.84612e-05 1.21342e-05 7.88451e-05 -0.000117139 -1.06779e-05 4.23387e-05 -4.67072e-06 -1.82779e-05 -6.02207e-06 5.73065e-07 -1.59418e-05 1.42259e-05 -2.75643e-07 -1.01949e-06 -1.18337e-06 2.97744e-07 5.42313e-07 -6.03273e-10 1.33699e-05 -1.0307e-06 4.03154e-06 8.03569e-07 -9.93506e-06 3.09425e-06 9.37889e-07 -1.4237e-05 2.17263e-06 1.33386e-06 -8.28946e-06 2.54152e-05 -0.000303071 1.69157e-05 1.41499e-06 -1.44395e-07 -7.31256e-06 -7.50603e-07 -1.35194e-07 8.93129e-07 1.09782e-05 -3.83864e-05 -1.69618e-05 -1.63842e-05 1.63057e-05 4.15456e-05 0.000231619 0.000223538 -0.000191485 -2.95075e-05 -1.24535e-05 -5.27761e-05 -2.88812e-05 8.57261e-05 1.80677e-05 -9.76724e-06 3.70174e-05 8.10207e-06 1.21357e-05 -7.37718e-06 1.60923e-05 -1.21256e-05 -1.19786e-05 -1.86506e-05 -1.05534e-05 1.14001e-05 1.77039e-05 -3.45252e-06 -4.14234e-06 1.00282e-06 1.29349e-05 6.52691e-06 -6.87503e-06 -1.36687e-05 -2.776e-06 -1.79458e-06 -3.40335e-06 -1.06949e-05 2.33102e-06 -4.86836e-06 6.02258e-06 -2.15436e-06 -7.07964e-06 -3.68932e-06 -5.61141e-06 -1.74311e-05 -1.43137e-05 7.46248e-07 -1.04796e-05 -5.58942e-05 -4.7878e-05 2.21301e-05 1.40942e-05 -4.83172e-06 2.87331e-06 9.07149e-06 -1.25005e-05 1.1637e-05 -7.64835e-06 -8.88923e-06 -2.07816e-05 -2.97527e-05 -3.04179e-05 -1.0781e-05 -5.66147e-06 -7.00112e-06 -8.09818e-06 9.06414e-06 -1.24286e-06 6.3072e-06 1.96196e-05 1.37725e-05 -0.000312915 0.000117893 -3.30664e-05
 -5.79747e-05 3.81047 -0.3845 -8.08468e-06 0.955891 -0.307108 -0.19516 -0.186566 1.55682 -0.430425 -0.0781701 1.30317 4.91068e-05 -0.505116 -0.00278211 4.05725e-05 -0.658317 0.0060554 1.97424e-05 971.607 -155.331 3.04648e-05 -1.47472 0.0938921 -1.57113 5.0196 -1.01151 -0.0596513 0.464748 -0.347592 0.614808 -1.22092 3.11685 -0.535447 3.25674 -3.97774 0.450323 -0.234084 0.000199071 -1.04399 0.236908 0.0059577 -1.20272 0.294063 -0.0169123 -0.264286 -0.52709 0.403776 -0.270783 -1.29446 1.71472 -0.994807 1.15646 -2.03428 -2.11622 3.30083 -0.366128 -1.74342 0.755048 0.148064 0.103873 -0.0086897 0.280637 -1.01889 0.0281353 -0.113889 -0.00390031 0.00107443 -0.00685828 3.81282e-05 -1.19659 0.085973 -0.451616 -0.0726577 0.894077 -0.225657 -0.0715943 1.15106 -0.186036 -0.0930294 0.595771 -1.07535 2.57417 -0.124956 0.0311227 -0.0029285 0.262979 0.0383545 -0.00185176 -0.0368278 -0.362819 5.5801 0.168528 -3.18601 -3.96852 -2.7947 -28.4226 15.3484 1.4341 1.28331 0.164534 1.89767 -5.6385 2.24628 2.20862 -0.294928 0.829694 -1.10011 -0.973414 0.578921 1.54359 0.381664 0.409167 0.851352 1.08848 0.279416 -0.13718 -0.290165 0.945275 -0.141121 -0.102196 0.310847 0.992208 1.87322 -0.41604 0.0377684 0.558839 0.530399 0.665726 -0.566571 0.330983 0.115421 0.316752 -0.332707 0.258325 0.721761 0.864754 0.513228 0.359369 1.292 0.901559 -0.308069 -0.340109 -0.718219 -0.0471249 0.279111 0.391762 1.16114 -0.146965 0.660492 0.921644 0.0712575 0.0669122 -0.905628 -0.321561 -0.0389899 0.132768 -0.399888 0.0520361 -0.464014 -1.48613 -1.29464 21.5227 -5.78687 2.61306
 9.42773e-06 -0.622595 0.0627873 1.35368e-06 -0.160993 0.0516665 0.0307451 0.0293517 -0.245029 0.0680523 0.0121507 -0.202964 -7.57008e-06 0.077407 0.000449509 -6.25797e-06 0.101393 -0.000907164 -4.70823e-06 -155.331 25.8846 -4.91907e-06 0.235022 -0.0149607 0.250306 -0.811715 0.16363 0.00876463 -0.0792828 0.0592726 -0.0983027 0.193791 -0.494697 0.084711 -0.527168 0.644006 -0.0725525 0.0351789 6.73119e-05 0.165088 -0.0383774 -0.000924143 0.191078 -0.050837 0.00319732 0.0408872 0.0816265 -0.0624837 0.0433858 0.20779 -0.27611 0.160432 -0.18552 0.32724 0.339838 -0.530121 0.0585475 0.279845 -0.121977 -0.0228555 -0.0167144 0.00139603 -0.0446251 0.1644 -0.00457522 0.019594 0.00073527 -0.000199307 0.000986076 -5.98977e-06 0.189221 -0.0135825 0.0715492 0.011495 -0.141516 0.0358929 0.0114084 -0.183442 0.0285769 0.0144757 -0.0927576 0.176119 -0.410667 0.019904 -0.00513823 0.000480931 -0.0418266 -0.00617014 0.000299475 0.00592294 0.0580457 -0.893436 -0.0315046 0.505303 0.637839 0.460057 4.57992 -2.4798 -0.226492 -0.208702 -0.0299331 -0.304138 0.907174 -0.361761 -0.355179 0.0472051 -0.133996 0.17664 0.15678 -0.093206 -0.248423 -0.0612772 -0.0655853 -0.136734 -0.1751 -0.0451346 0.0219659 0.0467203 -0.152128 0.0226184 0.0164125 -0.050064 -0.159569 -0.301224 0.0667746 -0.00599686 -0.0897982 -0.0853965 -0.106763 0.0908759 -0.0532371 -0.0185136 -0.0508535 0.0536649 -0.0414484 -0.115889 -0.138971 -0.0826059 -0.0579266 -0.207578 -0.144555 0.0496308 0.0546472 0.115399 0.00753703 -0.0448215 -0.0629251 -0.186612 0.023796 -0.106123 -0.148129 -0.0113072 -0.0106116 0.145624 0.051712 0.00630068 -0.0212988 0.0642118 -0.00834176 0.0746562 0.239062 0.208263 -3.46359 0.932447 -0.42034
 9.43313e-11 -7.3727e-05 7.25009e-06 -1.06135e-10 -2.56111e-06 7.83013e-07 2.90665e-06 5.11896e-06 -4.20653e-05 -3.70405e-06 5.34205e-07 -8.01447e-06 -1.01312e-09 7.88448e-06 6.48826e-08 -1.18198e-09 1.16571e-05 -1.0145e-07 -8.24147e-10 3.04648e-05 -4.91907e-06 1000 3.3825e-05 -4.45866e-06 0.000154322 -0.000246341 4.74926e-05 5.02167e-06 3.35001e-05 -2.50795e-05 0.00011264 5.31879e-05 -0.000142704 0.000214183 2.14718e-05 -4.07249e-05 -6.0394e-05 -4.59803e-07 5.79293e-07 -7.12911e-05 3.56888e-06 5.35537e-07 6.81818e-05 -8.13196e-05 7.44464e-06 8.93809e-07 1.65078e-06 -1.16824e-06 6.99601e-06 0.000109617 -2.2473e-05 -2.12538e-05 -6.98443e-05 3.01392e-05 0.000158145 -0.000235623 -1.54046e-05 9.60015e-05 -1.06777e-05 -4.17707e-05 -1.02519e-05 1.09454e-06 -4.64018e-05 1.9028e-05 4.62866e-07 -2.59884e-05 -1.87182e-06 4.83728e-07 8.49387e-07 -1.12937e-09 2.9104e-05 -2.34866e-06 7.3507e-06 1.31556e-06 -1.58008e-05 3.68639e-07 9.39884e-07 -1.41381e-05 4.13332e-06 2.37246e-06 -1.50003e-05 3.17269e-05 -0.000294594 1.67185e-05 -3.40688e-06 2.38017e-07 -8.64027e-06 -9.05462e-07 -1.60334e-07 1.07437e-06 3.15386e-05 6.38154e-05 4.59925e-05 4.96556e-05 3.50897e-05 3.6769e-05 9.14874e-05 6.28295e-05 -0.00014617 -1.7722e-05 -1.61859e-07 8.52934e-05 2.45732e-05 -2.11374e-05 5.38839e-05 -8.85647e-06 8.07219e-05 1.42705e-05 0.000116533 -4.14067e-05 -6.3406e-06 3.7359e-07 -3.88102e-07 -3.64018e-06 2.24873e-05 6.96231e-05 1.24912e-05 -1.03505e-05 -3.34129e-05 2.74281e-05 1.0045e-05 6.20988e-06 -6.15403e-07 6.60345e-07 4.81492e-06 6.1988e-06 -1.35386e-06 -2.68946e-05 1.65203e-05 -2.17927e-05 -1.13806e-05 -2.23639e-05 -3.2282e-05 -9.13862e-06 7.22029e-06 -5.23904e-06 -1.15217e-06 -8.23171e-06 -4.08667e-05 -0.000131785 -8.51396e-05 3.67216e-05 2.02411e-05 -1.04373e-05 -1.03075e-05 -4.92371e-06 -2.508e-05 -1.19823e-05 -3.12284e-06 -3.46737e-05 -5.27102e-05 -5.76266e-05 -6.02025e-05 -2.04055e-05 -1.70372e-05 -1.82593e-05 -1.91501e-05 2.01014e-05 -2.97566e-06 1.34612e-05 4.4339e-05 3.3788e-05 -0.000612512 0.000145645 -7.72713e-05
 -2.03489e-05 2.77854 -0.279579 -3.24143e-06 0.411117 -0.134295 -0.153677 -0.207977 1.71991 -0.555069 -0.0988352 1.59526 5.59636e-05 -0.585483 -0.00342745 3.93879e-05 -0.670299 0.00613793 1.66208e-05 -1.47472 0.235022 3.3825e-05 994.556 -64.0057 -1.47671 11.2875 -2.30533 0.0771343 1.42343 -1.05781 -2.14693 -1.86211 4.9176 -3.04288 1.18018 -1.25365 0.326211 -0.246596 -0.00271764 0.828749 -0.270053 -0.0141815 -2.75103 0.906305 -0.0411423 -0.245484 -0.485533 0.371889 -0.334061 -2.27198 0.887671 0.0797336 1.53463 -2.50011 -3.24605 5.00631 -0.23001 -2.50449 0.390522 0.994621 0.231662 -0.0227093 0.952734 -0.35972 -0.0212938 0.903506 0.0265935 -0.00678693 -0.0138708 3.9908e-05 -1.16689 0.0867476 -0.317265 -0.0504755 0.61345 -0.165173 -0.0667993 1.0704 -0.153773 -0.0811087 0.524132 -0.40152 0.616451 -0.0322858 0.134101 -0.0106481 0.195032 0.030358 0.000830907 -0.0314583 -0.74186 0.67259 -1.27861 -2.84774 -1.98489 -1.29937 -4.94948 3.13534 2.43041 0.245192 -0.149205 -2.13902 -4.81582 2.98444 3.42018 -0.608651 -3.06845 -5.28807 1.84394 0.493515 -0.389061 -0.247665 -0.0235357 0.300151 -0.482721 -1.23854 -0.503846 0.757452 1.13263 -0.40487 -0.328383 -0.108455 0.0650867 0.074939 0.18236 0.0274907 0.258765 0.635959 0.0638964 0.408528 0.544717 0.712399 0.972633 0.448021 -0.00533104 0.20644 0.206721 0.23552 0.612665 2.28002 1.60131 -0.38067 -0.422854 0.0770124 0.346048 0.462249 0.603383 0.497067 0.226865 0.746885 1.92845 0.971854 0.539048 -0.366992 0.0901746 0.265047 0.367117 -0.52537 0.0719393 -0.454116 -1.4908 -1.24254 20.6343 -4.89572 2.60102
