 1000 0.00404296 -0.000462038 2.28747e-09 -0.000279526 9.1977e-05 3.84872e-06 8.27004e-06 -6.93848e-05 -8.63228e-05 -9.06374e-06 0.000153522 -1.00951e-09 1.06911e-05 8.61256e-08 -8.62504e-10 6.05815e-06 6.94666e-08 -1.01475e-09 -1.99786e-06 5.75546e-07 -1.53656e-09 4.07958e-05 -2.55747e-06 -4.12711e-05 -0.000391226 8.15576e-05 -4.44675e-05 -0.000330182 0.000244564 -4.66267e-05 -4.41371e-06 1.29085e-05 4.55797e-05 -0.000107341 0.000126738 -0.000139717 -6.00415e-06 1.62354e-06 -0.000236319 2.05524e-05 2.67587e-06 -6.91375e-05 -0.000113731 1.52179e-05 -4.19575e-08 -1.3345e-05 1.52869e-05 3.01824e-05 -3.33351e-05 -0.00032251 0.00031304 -7.26313e-05 2.29772e-05 0.000107536 -0.000155206 -3.4622e-05 1.5144e-05 -6.85446e-05 8.40115e-05 -1.99322e-05 1.77517e-06 2.44019e-05 4.37742e-06 -5.62486e-07 1.86654e-05 -6.12765e-06 1.93562e-06 5.43866e-06 -1.23375e-09 3.52053e-05 -2.0245e-06 1.27364e-05 1.59422e-06 -2.3822e-05 6.53717e-06 -1.27848e-07 6.7876e-07 4.32729e-06 1.37742e-06 -1.3059e-05 -8.55889e-06 -0.000384335 3.02703e-05 -1.98523e-05 2.18329e-06 -5.76684e-05 -2.70949e-06 -1.42252e-06 4.1599e-06 -8.12931e-06 -0.000253796 -0.000130051 -7.09407e-05 -3.82938e-05 3.41972e-05 0.000153984 0.000375508 -0.000185564 -9.51301e-05 -7.30361e-05 2.03348e-05 -1.24447e-05 3.37602e-05 4.15889e-05 7.41694e-05 2.43221e-05 -4.73473e-05 -8.14518e-05 0.000170149 -0.000123396 8.39162e-06 -2.09084e-05 -1.52773e-05 1.66317e-05 3.28082e-05 2.41072e-06 -3.77512e-05 2.46663e-05 -3.0929e-05 1.56884e-05 -3.35084e-06 -5.88945e-07 1.11493e-05 1.21271e-05 -1.2982e-06 -1.90082e-05 0.000121058 -7.4001e-05 5.04841e-05 1.42277e-06 1.14939e-05 1.87104e-05 2.1475e-05 2.68726e-05 -1.53263e-05 2.68732e-05 1.56937e-05 1.76438e-05 -3.66268e-05 -7.89967e-05 4.34094e-05 2.86301e-05 1.09367e-07 -1.38583e-06 -1.35207e-05 2.83983e-05 3.46343e-05 7.69732e-06 2.28905e-05 3.98907e-06 -3.73526e-05 -1.33368e-05 -1.9719e-05 2.26326e-06 1.36165e-06 1.55971e-06 -4.45275e-07 9.28666e-07 1.89444e-05 5.04237e-05 5.17568e-05 -0.000995786 0.000497985 -8.41234e-05
 0.00404296 512.051 -57.253 -0.000377846 39.2671 -12.9078 -0.536785 -0.709773 6.02306 12.7051 1.5665 -26.8162 0.000101886 -1.17412 -0.00856685 5.77212e-05 -0.387284 -0.00669752 4.1183e-05 -1.92283 0.348015 9.80146e-05 -3.61861 0.227044 15.9911 38.9066 -8.37832 3.92256 31.0229 -22.9854 12.7405 4.3033 -11.1068 9.20312 16.8186 -21.0005 11.8576 0.349602 -0.146936 20.7795 -1.79154 -0.250965 9.3852 8.11743 -1.22933 0.161803 2.00269 -2.30508 3.13094 4.84022 15.9845 -17.1783 3.60373 -3.21397 -0.0273319 0.350636 2.9848 0.964155 7.1104 -10.5167 1.90315 -0.158411 -5.05503 3.31047 0.0251118 -4.52896 0.503628 -0.136332 -0.732663 0.000100546 -3.3495 0.187322 -1.13203 -0.137973 2.0583 -0.14684 0.127399 -2.19378 -0.207464 -0.0638012 0.607722 0.278872 5.29603 -0.407767 4.46693 -0.505937 4.77148 0.156964 0.0576545 -0.216125 0.992194 9.83542 7.32316 4.00225 2.04756 -2.81856 -25.5382 15.2221 -5.53712 13.0674 8.50765 0.342724 -2.25298 -3.34702 -2.9075 5.17661 3.99605 0.403966 -10.4964 4.57351 -0.493042 0.97426 -1.45248 -1.09839 -0.945635 -1.0413 0.563246 2.44414 0.913944 -1.20485 -0.0850037 -0.0283007 -0.291174 -1.24265 0.0891062 -0.818129 -1.33054 4.48904 -6.49731 3.76601 -0.531743 0.0358044 -0.597682 -3.20167 -1.26983 -1.62759 -1.39391 -1.4074 0.908911 0.902188 -0.3299 -1.21475 -1.80111 -0.0619473 0.242786 -1.82309 0.676667 -0.894843 -3.10792 0.0447609 0.619376 -1.35903 -0.00256267 -0.621812 -0.641754 -0.461484 -0.329973 0.221607 -0.109672 -1.8584 -4.38424 -5.42261 105.635 -64.1839 7.21469
 -0.000462038 -57.253 7.37734 4.2879e-05 -4.4653 1.46781 0.058118 0.0766646 -0.651771 -1.44547 -0.178403 3.05417 -1.09007e-05 0.122754 0.000975405 -6.07674e-06 0.0312409 0.000948394 -4.52894e-06 0.199671 -0.0359641 -1.09219e-05 0.397428 -0.0248907 -1.81119 -4.4132 0.9503 -0.448698 -3.52108 2.60884 -1.44029 -0.494192 1.27413 -1.04286 -1.91185 2.387 -1.34632 -0.0500612 0.017062 -2.35323 0.194576 0.0284735 -1.06699 -0.935138 0.141163 -0.0218726 -0.237287 0.273155 -0.357234 -0.547485 -1.80892 1.94402 -0.408879 0.365628 0.00345402 -0.0403876 -0.341228 -0.10864 -0.806079 1.19199 -0.216045 0.0179788 0.575769 -0.376485 -0.00284651 0.514673 -0.0570301 0.0154272 0.0831164 -1.0789e-05 0.358067 -0.0197598 0.123402 0.0149327 -0.223524 0.0159468 -0.014735 0.254327 0.022371 0.00685457 -0.0655398 -0.0290967 -0.599738 0.0461575 -0.506884 0.0573994 -0.53753 -0.017781 -0.00652257 0.0244742 -0.111413 -1.11089 -0.832536 -0.457185 -0.234587 0.321566 2.89656 -1.72969 0.630699 -1.48752 -0.966547 -0.0378019 0.25559 0.378864 0.329682 -0.586929 -0.452999 -0.0453732 1.19112 -0.51937 0.0567134 -0.110302 0.165122 0.124994 0.107451 0.118354 -0.0635599 -0.276333 -0.10371 0.137203 0.00968893 0.00337522 0.0331525 0.140962 -0.00976686 0.0931293 0.151517 -0.509701 0.737689 -0.427123 0.0606009 -0.00397639 0.0677549 0.363206 0.143987 0.184397 0.157746 0.159292 -0.103314 -0.102316 0.0381378 0.138195 0.204431 0.00714624 -0.0274587 0.206915 -0.0766852 0.101174 0.352285 -0.00520816 -0.0703538 0.154145 0.000147241 0.0707213 0.0728376 0.0524586 0.0374812 -0.0250833 0.0123598 0.210979 0.497271 0.615175 -11.9982 7.29815 -0.818269
 2.28747e-09 -0.000377846 4.2879e-05 1000 0.00325346 -0.00107201 5.32263e-06 9.70955e-06 -8.03291e-05 -0.000107704 -1.21568e-05 0.000209787 -1.51338e-09 1.87305e-05 8.22513e-08 -9.78663e-10 1.17943e-05 -2.28148e-08 -1.30631e-09 6.16306e-05 -1.16277e-05 -1.91508e-09 6.17308e-05 -4.04166e-06 -9.54205e-05 -0.000264275 5.65892e-05 -4.58749e-05 -0.00030725 0.000227606 -4.80675e-05 -1.82504e-05 4.60675e-05 7.38307e-05 -0.000173719 0.000205342 -9.69938e-05 1.21458e-05 6.41765e-07 -0.000182807 2.96175e-05 2.34451e-06 -3.48805e-05 -8.20627e-05 1.12174e-05 6.30378e-06 6.25901e-06 -7.38074e-06 2.30997e-05 -1.10971e-05 -4.8212e-05 4.86756e-05 -7.88318e-05 -3.87106e-05 0.000127748 -0.000177588 -2.61453e-05 -3.13353e-05 -4.07122e-05 8.00026e-05 -1.11982e-05 8.07079e-07 5.94937e-05 -1.32424e-05 -1.30937e-06 7.7665e-05 1.13005e-05 -4.14599e-06 -2.82091e-06 -1.91049e-09 6.22199e-05 -3.89037e-06 1.48846e-05 2.06329e-06 -2.98345e-05 -3.66061e-06 -2.75983e-06 5.01429e-05 3.11961e-06 6.1939e-07 -6.36499e-06 2.6833e-05 -0.0002077 1.6021e-05 -2.56107e-05 2.92002e-06 -5.77489e-05 -1.91853e-06 -9.71307e-07 2.90951e-06 -4.34021e-05 -0.000108299 -4.86434e-05 -2.61097e-05 -1.14812e-05 -1.32921e-05 7.59178e-05 0.000102463 -5.72641e-05 -1.31955e-05 4.95697e-06 -8.95505e-06 -1.26413e-05 6.68861e-05 1.70252e-05 6.17706e-05 -3.4969e-05 1.05121e-05 -4.6094e-06 -2.36204e-05 5.3683e-06 1.4347e-05 3.78784e-05 1.88597e-05 4.77683e-05 -2.50722e-05 -8.99997e-06 -2.34588e-05 -6.72984e-06 2.06071e-05 1.87536e-05 4.09158e-05 1.88409e-05 -4.21208e-05 -9.92481e-05 -0.000155518 -3.09283e-05 0.000129298 5.66275e-06 0.000133524 -3.54717e-05 1.18161e-05 3.58876e-05 3.36453e-05 2.12665e-05 -9.59129e-06 2.56526e-05 4.34393e-06 1.97748e-05 -8.93111e-05 -0.000139412 2.41967e-05 -2.40471e-05 6.35416e-05 4.71226e-05 -6.84645e-07 -1.41422e-05 3.09454e-06 8.42242e-06 5.44162e-05 1.68585e-05 -9.41616e-05 2.35326e-05 -1.85327e-05 -6.54916e-07 1.52491e-07 -6.90604e-07 -3.11475e-06 3.53391e-06 1.35174e-05 2.69527e-05 1.8086e-05 -0.00082146 0.000559839 -4.77538e-05
 -0.000279526 39.2671 -4.4653 0.00325346 554.187 -180.985 -0.749639 -1.16993 9.78235 10.072 1.28938 -22.015 0.00018316 -2.38132 -0.00749811 0.000107054 -1.67236 0.0127531 0.000113484 -6.60685 1.24576 0.000186525 -6.59821 0.427045 12.7034 30.4784 -6.56743 3.50291 25.009 -18.5349 16.1058 3.20466 -8.68066 10.7908 14.8037 -18.6625 8.71583 -1.64166 -0.0364643 13.5891 -2.20816 -0.157069 8.53053 4.76363 -0.813285 -0.661745 -0.876095 1.01552 -0.757876 3.64323 0.272176 -1.88162 4.23951 -2.7406 -0.120986 0.432997 1.87799 1.03704 5.87494 -8.8148 1.56094 -0.12501 -5.00628 -2.15352 0.347718 -12.3159 -1.44097 0.520773 0.333568 0.000213742 -7.23367 0.456165 -1.73007 -0.235419 3.39041 -0.103353 0.167286 -2.94648 -0.239606 -0.0309479 0.327617 -2.06335 -0.916933 0.0857935 5.15818 -0.585359 5.49041 0.0882096 0.0315835 -0.120636 0.685986 2.0971 1.74335 0.905999 0.481809 1.45062 0.613858 -3.90264 1.00121 1.43307 -0.611433 -0.78282 -0.619586 0.358118 -1.86494 3.89373 -0.595573 -1.06638 -1.09345 1.81138 5.4749e-05 -0.751743 -1.64524 -2.2922 0.444262 0.470571 0.230415 0.928811 2.36643 -2.11033 -1.88491 -0.0719581 0.728967 4.10319 2.16679 -2.86187 -2.33419 4.02518 -7.74173 4.37116 0.592953 0.123408 -0.753833 -1.41799 -0.671008 0.216164 -0.0963548 -1.30972 1.32775 1.6147 0.761392 -0.662752 -1.83522 0.536782 0.557857 -0.126843 0.982005 -0.692908 -3.2765 0.242887 1.9746 -1.59498 0.565142 -0.520588 -0.332153 -0.222002 -0.0622423 0.0703173 -0.0561078 -1.77334 -4.26228 -5.16941 99.374 -58.7939 7.02593
 9.1977e-05 -12.9078 1.46781 -0.00107201 -180.985 60.4564 0.243471 0.380386 -3.18134 -3.31265 -0.424308 7.24489 -5.95746e-05 0.772809 0.00246623 -3.47113e-05 0.537188 -0.00400863 -3.71812e-05 2.15597 -0.406494 -6.11263e-05 2.15621 -0.139535 -4.16849 -10.0113 2.15713 -1.15469 -8.21711 6.08995 -5.28381 -1.05881 2.86577 -3.54194 -4.86612 6.13421 -2.862 0.530622 0.0122876 -4.45802 0.718344 0.0515689 -2.80227 -1.57751 0.268619 0.21425 0.279066 -0.323513 0.250227 -1.19514 -0.0888756 0.616799 -1.39324 0.901873 0.0408061 -0.143919 -0.619163 -0.339488 -1.9292 2.89402 -0.513019 0.0410848 1.64676 0.7058 -0.114162 4.04485 0.474027 -0.171248 -0.110631 -6.96609e-05 2.35633 -0.148494 0.56345 0.0766582 -1.10436 0.0332535 -0.0551994 0.972692 0.0776661 0.00982798 -0.104616 0.681327 0.298351 -0.0279892 -1.69429 0.192257 -1.79919 -0.028964 -0.0103639 0.0396045 -0.22394 -0.687503 -0.573185 -0.298605 -0.159356 -0.477604 -0.199869 1.28123 -0.327492 -0.476115 0.198877 0.257783 0.203442 -0.118051 0.612735 -1.27832 0.195612 0.349922 0.360185 -0.594404 -0.000283377 0.246722 0.540191 0.752755 -0.145578 -0.153637 -0.0753657 -0.30466 -0.776986 0.693252 0.618934 0.0236273 -0.239268 -1.34672 -0.710625 0.94046 0.766998 -1.32233 2.54257 -1.43561 -0.194245 -0.0405269 0.247348 0.465861 0.220385 -0.0711436 0.0314335 0.429826 -0.436259 -0.530231 -0.249363 0.218248 0.603031 -0.17638 -0.183355 0.0418183 -0.322302 0.227326 1.0757 -0.0800359 -0.648556 0.523704 -0.186047 0.170985 0.109065 0.0729522 0.0204128 -0.0230155 0.018327 0.5827 1.40004 1.6982 -32.6596 19.3318 -2.30776
 3.84872e-06 -0.536785 0.058118 5.32263e-06 -0.749639 0.243471 999.967 -0.0700194 0.370235 -0.55544 -0.0601998 1.06745 5.90203e-06 -0.0887494 -0.000152427 3.82572e-06 -0.0978841 0.0012539 4.1422e-07 -0.145434 0.0273702 2.76365e-06 -0.15313 0.00971954 0.359632 0.437802 -0.0985862 0.0129312 0.429013 -0.31904 0.740297 -0.270939 0.60777 0.809717 -0.115444 0.0859425 -0.0278893 -0.0437675 0.0011302 0.386134 -0.125952 -0.00286488 0.431134 -0.277479 0.0208518 -0.0323131 -0.06597 0.0756062 0.0582629 -0.0491842 -0.159564 0.169087 -0.1197 -0.758944 0.542691 -0.697969 -0.0734949 -0.233092 0.20285 -0.0943641 0.0600072 -0.00636049 0.323113 -0.16546 0.000172381 0.164504 -0.00729696 0.00276759 -3.17234e-05 5.16038e-06 -0.196593 0.0123603 -0.0508126 -0.00660867 0.0976449 -0.141829 -0.0346644 0.674913 0.0191199 0.00427858 -0.0400202 0.0430112 -0.922876 0.0706487 -0.139913 0.0146289 0.064218 -0.000252038 -0.000681489 0.000938629 -0.140729 -0.317308 -0.0788463 -0.0274159 0.0122042 0.0863645 0.534192 0.605197 -0.619511 0.00808477 0.0138137 -0.0387881 0.145654 0.00155577 0.210651 0.230796 0.0600343 -0.188398 0.0130261 1.76379e-05 -0.0161156 -0.0495443 -0.0220482 -0.00118948 0.00311572 0.041917 0.0989984 -0.304826 0.035448 0.0687666 -0.0539471 0.0107527 0.0189166 0.00641328 -0.025546 -0.0524062 0.0320921 0.024821 0.25313 -0.203721 0.0284342 -0.0368425 -0.00351587 -0.412298 0.18444 -0.208955 0.0443242 0.171657 -0.380197 -0.107793 -0.126464 0.229448 -0.122866 0.113283 0.107984 0.0375711 0.0910052 -0.212508 0.0913065 -0.132512 0.129732 0.253226 0.0776643 -0.0827065 -0.0734833 -0.0163648 -0.0195736 -0.0164849 0.0113173 -0.093834 -0.38094 -0.443495 3.19178 0.934241 0.643024
 8.27004e-06 -0.709773 0.0766646 9.70955e-06 -1.16993 0.380386 -0.0700194 15.6117 -119.697 -0.88541 -0.100843 1.78064 8.58682e-06 -0.12467 -0.000168938 5.79409e-06 -0.126736 0.0015966 2.52716e-06 -0.133392 0.0250875 6.48165e-06 -0.253805 0.0166478 0.306083 1.13182 -0.240908 0.0134309 0.517659 -0.384611 0.849574 -0.60149 1.39552 0.652759 0.158762 -0.234791 0.0806733 -0.0519735 -0.000315039 0.754237 -0.197411 -0.00659031 0.520106 -0.212677 0.0097151 -0.0398926 -0.0853884 0.0981588 0.0459542 -0.0733474 -0.262805 0.2772 0.0442637 -1.04417 0.201662 -0.185351 -0.0655217 -0.383908 0.270648 -0.0759631 0.069746 -0.00763879 0.490151 -0.0944615 0.00210339 0.00688012 -0.00361107 0.00185461 -0.00539978 8.46023e-06 -0.303011 0.0194685 -0.0745092 -0.00970053 0.142701 -0.251981 -0.0597518 1.14696 0.0209211 0.00706813 -0.0675037 0.081833 -0.315617 0.0237017 -0.140511 0.0140682 0.0898723 0.00315307 0.00280713 -0.00599797 -0.171622 -0.214136 0.0357869 0.0610417 0.0957018 0.127795 1.54985 -0.579944 -0.827652 -0.00552875 0.0630615 0.953065 0.387309 -0.268564 -0.581003 -0.245706 0.426175 -0.182549 0.170977 -0.051373 -0.102768 -0.158375 -0.135389 -0.0471771 -0.0491055 -0.0810768 0.511523 -0.401558 -0.0202064 0.0690693 0.0578395 -0.0533904 0.0411339 0.0269237 0.0190824 -0.0814088 -0.176288 -0.0508835 0.165587 -0.218947 0.148647 0.0469766 0.0295922 -0.312949 0.0585931 -0.119966 -0.0109894 -0.158458 -0.387984 0.22073 0.272648 0.274543 -0.0669734 0.0892832 -0.0319509 -0.166323 -0.127684 0.0408306 -0.0242135 0.21927 0.422261 -0.0119617 -0.237027 -0.112451 -0.0701914 -0.0216917 -0.0208993 -0.0244661 0.0140443 -0.141563 -0.559864 -0.559118 4.87777 1.39426 0.980943
 -6.93848e-05 6.02306 -0.651771 -8.03291e-05 9.78235 -3.18134 0.370235 -119.697 979.963 7.2959 0.834761 -14.7345 -7.08496e-05 1.03115 0.00134137 -4.75255e-05 1.05177 -0.0133343 -2.00396e-05 1.10384 -0.207703 -5.28702e-05 2.07679 -0.136279 -2.532 -9.14789 1.94839 -0.0889316 -4.10939 3.05343 -6.93677 4.96581 -11.5255 -5.33827 -1.19903 1.79971 -0.648046 0.461932 0.00105004 -6.22009 1.64756 0.0542954 -4.26893 1.81948 -0.0884691 0.340723 0.726529 -0.835529 -0.395371 0.5825 2.13094 -2.24109 -0.309518 8.46687 -1.6724 1.55606 0.521993 3.11412 -2.20425 0.628767 -0.558387 0.0614409 -4.03718 0.796105 -0.0173281 -0.075813 0.0247914 -0.0134443 0.0450936 -7.03378e-05 2.51006 -0.161584 0.623236 0.0815535 -1.19692 2.06072 0.488399 -9.37459 -0.17457 -0.0602906 0.573618 -0.732741 2.63718 -0.197649 1.16917 -0.117294 -0.717749 -0.025539 -0.0228553 0.0487008 1.37755 1.7406 -0.286803 -0.490056 -0.76915 -1.0248 -12.6071 4.67427 6.72152 0.13294 -0.45028 -7.75718 -3.14736 2.18266 4.71248 1.99138 -3.46626 1.48825 -1.40765 0.413243 0.836845 1.28984 1.10096 0.381432 0.390953 0.644588 -4.16374 3.26558 0.165561 -0.572976 -0.472981 0.431737 -0.33693 -0.221914 -0.160153 0.656253 1.42303 0.42267 -1.36445 1.78313 -1.21338 -0.381165 -0.239926 2.54277 -0.479575 0.980657 0.0907021 1.28873 3.16207 -1.78964 -2.21792 -2.24473 0.538685 -0.727594 0.260297 1.35061 1.03792 -0.328318 0.195296 -1.78065 -3.43251 0.0988534 1.93485 0.916337 0.57186 0.175931 0.171177 0.198148 -0.112897 1.14433 4.54568 4.53327 -39.1547 -11.8165 -7.967
 -8.63228e-05 12.7051 -1.44547 -0.000107704 10.072 -3.31265 -0.55544 -0.88541 7.2959 921.376 -8.79757 143.5 0.000135421 -1.97051 -0.0016628 0.00012416 -2.56058 0.0359712 6.41489e-05 -4.50514 0.856154 9.84484e-05 -4.3789 0.28848 3.69187 3.91302 -0.882602 0.252241 4.50596 -3.3389 5.3789 0.471295 -1.46782 4.25731 2.33712 -3.11883 4.36354 -0.48383 -0.0210692 2.22272 -0.138977 -0.0229808 1.59594 1.57172 -0.22684 -0.427988 -0.911772 1.05504 1.82264 0.761099 -6.57187 5.65933 1.37956 -2.1743 1.89478 -2.47242 0.545395 1.71381 0.40604 -1.85173 1.01455 -0.0757597 -3.97897 5.02557 0.00349792 -5.41289 -0.20528 0.0957257 -0.245451 0.000125998 -4.62605 0.300022 -1.06846 -0.136933 1.95214 0.210327 0.134461 -2.30315 -0.409162 -0.193988 1.71581 -1.14888 -4.43478 0.358342 1.8041 -0.205764 3.55648 -0.0194711 -0.0258017 0.0455442 -0.960351 -2.92805 1.28367 1.45857 1.95226 4.67318 -4.8768 -5.14228 7.52654 2.75721 1.12889 -9.40935 2.72966 -1.47058 -2.49874 4.47714 8.39506 12.4931 -17.7521 3.49485 2.02683 1.0246 -0.124826 -0.621261 -0.682897 2.52644 -4.96091 0.71163 3.47855 -3.52855 1.13255 0.200087 -1.34955 0.22804 -0.413907 0.620288 -5.02049 10.1432 -10.0684 7.69771 -2.02659 -0.306303 1.56881 -4.14697 0.534705 -2.38751 -1.08629 1.57271 0.161406 -0.35294 -1.07157 -0.686568 -0.964939 1.59636 0.157926 -2.28224 0.457442 1.28714 -0.687446 0.464615 -1.92628 1.59716 2.7473 -1.10747 -2.30385 -0.656662 -0.484159 0.051709 0.0677141 -0.632868 -0.833852 1.87677 43.7671 -37.4183 1.34904
 -9.06374e-06 1.5665 -0.178403 -1.21568e-05 1.28938 -0.424308 -0.0601998 -0.100843 0.834761 -8.79757 3.32829 -42.1124 1.41529e-05 -0.207054 -0.000207568 1.32584e-05 -0.272097 0.00367969 7.55161e-06 -0.506705 0.0959726 1.08136e-05 -0.491974 0.0322233 0.181426 1.07041 -0.225243 0.0994885 0.940436 -0.696953 0.443258 0.0408067 -0.123254 0.134689 0.619061 -0.759074 0.473668 -0.0677333 -0.00217473 0.0771676 0.0121984 -0.000980833 0.00658104 0.199648 -0.0245265 -0.0561421 -0.130956 0.151231 -0.034116 -0.0192305 0.0363742 -0.0226357 0.263964 -0.302443 -0.162778 0.261794 -0.00422962 -0.0923347 0.18748 -0.18392 0.102143 -0.00915718 -0.134226 0.246728 -9.7847e-05 -0.256935 -0.0201403 0.00891344 -0.0172353 1.30214e-05 -0.469092 0.0302968 -0.122858 -0.0157931 0.226169 -0.00551982 0.00654148 -0.116689 -0.042481 -0.0166846 0.146367 -0.133288 0.670898 -0.0506848 0.19924 -0.0232045 0.352382 0.0045092 0.00214729 -0.00670198 -0.105933 0.268177 0.375914 0.309107 0.302837 0.606054 -0.424063 -0.388034 0.0189047 0.134846 0.100414 -0.260112 0.638068 -0.0308233 -0.707855 -0.320987 0.2568 0.730048 -0.420796 0.0108357 -0.0394265 -0.0135522 -0.0527063 -0.07125 -0.088961 0.125547 -0.244523 -0.0400596 0.19642 -0.155822 -0.00333463 -0.0336769 -0.089958 0.0165562 0.0736445 -0.0396758 -0.233284 0.534508 -0.444134 0.0956248 -0.0141774 -0.0458729 0.0680594 -0.330103 0.0492567 -0.0658395 -0.038621 -0.0280866 -0.108675 0.0899354 0.0572358 -0.0827191 -0.0951815 0.0236825 0.0487543 -0.0972823 0.0382708 0.0119584 -0.10455 0.0289428 0.0720648 0.0274615 0.0148292 -0.0227607 -0.0467095 -0.02038 -0.0123696 -0.00407664 0.00711616 -0.0992076 -0.260622 -0.307871 5.27452 -2.69277 0.43615
 0.000153522 -26.8162 3.05417 0.000209787 -22.015 7.24489 1.06745 1.78064 -14.7345 143.5 -42.1124 728.731 -0.000247552 3.62719 0.00354026 -0.000231621 4.78085 -0.0648182 -0.000130956 8.89134 -1.68432 -0.000187225 8.57845 -0.561997 -3.18836 -18.2579 3.84391 -1.68377 -16.0287 11.8789 -7.76734 -0.608331 1.90435 -2.40953 -10.5086 12.8934 -8.20421 1.26936 0.033904 -1.39204 -0.144116 0.0171275 -0.13596 -3.30287 0.407117 1.00293 2.35327 -2.71772 0.563295 0.280749 -0.44059 0.241888 -4.47221 5.19182 2.70849 -4.37187 0.057039 1.52705 -3.19868 3.17454 -1.7564 0.157187 2.36251 -4.30453 0.00121271 4.50286 0.328882 -0.147655 0.309772 -0.000228923 8.2351 -0.532437 2.16613 0.279047 -3.9927 0.0656488 -0.118103 2.11116 0.730452 0.285327 -2.50393 2.31661 -11.3216 0.854908 -3.42156 0.398468 -6.06089 -0.0763353 -0.0360859 0.11319 1.81805 -4.60119 -6.36228 -5.17675 -5.01424 -10.1624 7.25192 6.75811 -0.433024 -2.78205 -1.7803 4.67734 -10.9405 0.561191 12.1261 5.37387 -4.56432 -12.7367 7.56632 -0.273392 0.628494 0.206718 0.902462 1.23138 1.52693 -2.21042 4.28084 0.663427 -3.4264 2.72938 0.0270249 0.567478 1.56185 -0.292937 -1.25206 0.659289 4.08196 -9.34058 7.78589 -1.79836 0.281075 0.786869 -1.19601 5.71363 -0.85609 1.17297 0.682234 0.447433 1.85417 -1.52517 -0.959018 1.41514 1.63887 -0.437835 -0.83554 1.7041 -0.663621 -0.231904 1.79555 -0.503608 -1.18882 -0.501569 -0.30788 0.410242 0.843231 0.360447 0.220997 0.0682737 -0.122194 1.70068 4.45313 5.1952 -90.5886 46.4989 -7.45281
 -1.00951e-09 0.000101886 -1.09007e-05 -1.51338e-09 0.00018316 -5.95746e-05 5.90203e-06 8.58682e-06 -7.08496e-05 0.000135421 1.41529e-05 -0.000247552 1000 3.02871e-05 -2.79437e-06 -1.08086e-09 2.8811e-05 -2.14968e-07 -2.16853e-10 3.22836e-05 -6.01905e-06 -9.60451e-10 4.52038e-05 -2.85194e-06 -0.000125121 -0.000370276 7.9827e-05 -2.45472e-06 -9.68317e-05 7.20175e-05 -5.06025e-05 8.62767e-05 -0.000203965 -2.97742e-05 0.000143033 -0.000171457 3.95819e-05 1.0206e-05 -1.39635e-07 -0.000408729 0.0001125 5.08343e-06 -3.50029e-05 6.77617e-05 -6.50127e-06 9.00857e-06 1.85938e-05 -2.154e-05 -4.12878e-06 0.000105263 2.80897e-05 -7.46979e-05 -3.05882e-06 1.63142e-05 3.02047e-05 -4.45255e-05 3.22196e-05 4.01679e-05 -2.72823e-05 4.50199e-06 -1.94925e-05 2.0237e-06 -6.83022e-05 1.79106e-05 6.29158e-07 -4.39785e-05 3.70907e-07 -4.13797e-08 -9.37128e-07 -1.41506e-09 5.36845e-05 -3.21794e-06 1.0749e-05 1.41311e-06 -2.00701e-05 1.70819e-05 4.77624e-06 -9.55516e-05 3.30081e-07 7.92628e-07 -7.42382e-06 -1.39207e-05 0.000230996 -1.7479e-05 1.82964e-06 -5.18521e-08 -1.23342e-05 1.32613e-07 2.61098e-07 -3.95886e-07 2.14237e-05 2.09717e-05 1.11471e-05 8.08665e-06 2.42281e-06 -3.29022e-06 -1.08216e-05 2.57841e-05 -1.16058e-05 -4.62954e-06 9.92855e-07 0.000239408 1.86697e-05 -0.000197769 -5.59424e-05 2.63883e-05 5.08964e-05 3.26942e-05 3.46431e-05 1.6015e-05 -4.43166e-05 7.39948e-06 2.41917e-05 -2.79839e-05 -2.54419e-05 -1.34815e-05 5.30465e-06 5.54895e-05 3.85533e-05 7.35956e-06 -6.87331e-06 -2.06273e-05 -1.67249e-05 5.57248e-06 2.15333e-06 -8.01881e-07 -1.39767e-05 -1.18453e-05 -1.19867e-05 -9.40531e-06 1.92616e-06 1.01318e-05 6.65954e-06 7.32767e-06 6.52101e-06 1.60118e-05 8.16501e-06 -1.30671e-05 -4.2296e-05 -5.18174e-05 -2.50562e-05 1.21145e-05 2.82798e-05 -1.95984e-05 -3.21652e-05 -7.78186e-06 -1.13652e-05 -2.15409e-06 -2.28352e-05 -1.65272e-05 1.15472e-05 1.78168e-05 -3.33044e-07 -2.16774e-05 -9.2231e-06 -1.07583e-05 -7.84311e-06 3.2155e-06 -1.86997e-06 1.54836e-05 5.7099e-05 6.39056e-05 -0.00059962 -1.41487e-05 -9.69065e-05
 1.06911e-05 -1.17412 0.122754 1.87305e-05 -2.38132 0.772809 -0.0887494 -0.12467 1.03115 -1.97051 -0.207054 3.62719 3.02871e-05 999.526 -0.29663 1.46196e-05 -0.445033 0.00320918 1.15906e-06 -0.452599 0.0839087 1.05585e-05 -0.622501 0.0383737 2.66202 6.4486 -1.40227 0.0838407 1.85079 -1.37635 1.02888 -1.17002 2.74552 0.92211 -1.62545 1.90834 -0.997409 -0.216599 0.0061253 5.92647 -1.76125 -0.0764933 0.545505 -1.49802 0.149482 -0.153205 -0.350784 0.405794 -0.0171487 -1.23904 -0.24563 0.803045 -0.111696 -0.168572 -0.215394 0.320915 -0.738056 -0.336756 0.450225 -0.295176 0.279493 -0.028548 0.915308 -0.175343 -0.0091077 0.560928 -0.00961588 0.00204157 0.017302 2.01979e-05 -0.780843 0.045031 -0.149045 -0.0187891 0.269308 -0.2524 -0.069742 1.40476 -0.00614492 -0.013192 0.126724 0.292856 -4.23309 0.322774 -0.00374427 -0.00213419 0.120048 -0.00298052 -0.00422189 0.0072456 0.0989637 -0.665812 -0.354061 -0.230939 -0.0909841 0.016757 0.330899 -0.19654 0.15567 0.0559683 -0.0172946 -3.36731 -0.785681 2.82959 1.24831 -0.443611 -0.768347 -0.559882 -0.116893 -0.198913 0.626448 -0.0981585 -0.421557 0.256616 0.635764 0.332822 0.181234 -0.751011 -0.434264 -0.0407438 0.155383 0.305266 0.268653 -0.0728682 0.0522427 0.0761979 0.273044 0.138168 0.243618 0.124286 -0.0270846 -0.213655 -0.241101 -0.233818 -0.115274 -0.287298 -0.153856 0.0982613 0.549435 0.643738 0.296592 -0.126927 -0.290731 0.350633 0.524324 0.102491 0.201467 -0.0137975 0.311708 0.18924 -0.222476 -0.463995 -0.251274 0.244489 0.11064 0.132907 0.0933014 -0.019923 -0.00530743 -0.214207 -0.794002 -0.893234 8.32355 0.164088 1.34021
 8.61256e-08 -0.00856685 0.000975405 8.22513e-08 -0.00749811 0.00246623 -0.000152427 -0.000168938 0.00134137 -0.0016628 -0.000207568 0.00354026 -2.79437e-06 -0.29663 0.814255 9.66655e-08 -0.00294585 4.81733e-05 3.64456e-09 -0.00185713 0.000357654 9.57149e-09 -0.00225668 0.000153567 -0.00373127 -0.0112636 0.00241041 -0.00130031 -0.00772643 0.00572697 -0.00218198 -0.00110955 0.0027988 -0.00155304 -0.00230218 0.00289457 -0.0024981 -0.00150966 8.75867e-05 -0.0096333 0.000932204 0.000116418 -0.00177712 -0.00245027 0.000340502 -0.000264043 -0.00144681 0.00166523 0.000407329 0.00131403 0.000414442 -0.00100876 -0.000803187 0.000451874 0.000357862 -0.000552987 -0.000214886 0.000241557 -0.000869703 0.00101134 -0.000520559 4.52657e-05 0.000961081 -0.000679251 5.52003e-06 0.000483723 -0.000110306 4.3667e-05 -2.01862e-05 8.18867e-08 -0.00347057 0.000248236 -0.000353839 -4.3042e-05 0.000574499 -0.000110968 -7.94969e-05 0.00145431 -8.31811e-05 -8.52177e-05 0.00072217 -0.00118724 0.0036186 -0.000267622 -0.000767583 8.52308e-05 -0.000164759 -3.07779e-06 4.52113e-06 -1.44002e-06 7.90241e-05 0.000443502 0.000313625 0.000126034 6.83573e-05 0.000194953 0.0002759 -6.34342e-05 -0.000581862 0.000678761 0.0013022 0.00321314 0.000598346 -0.00285958 -0.00118315 0.00024257 0.000608242 0.00037543 0.000446354 -4.0921e-05 -0.000761343 9.07601e-05 0.000611491 -4.89483e-05 -0.000613063 -0.000287231 -0.000258262 0.000711681 0.000290477 0.000114413 -0.000226895 -0.000340529 -0.00026635 5.02558e-05 -5.85212e-05 -5.28984e-05 -6.53093e-05 -0.000493401 0.000182159 -0.000369736 5.79457e-05 0.000126363 0.000215801 0.000360641 0.000125566 0.000109356 9.88598e-06 -0.000297445 -0.00079939 -0.000758931 -0.000163127 0.000414599 0.000387197 -0.00036121 -0.000587344 -8.08743e-05 -0.000253102 -9.66866e-05 -0.000264425 -0.000232268 7.40657e-05 0.00030173 2.7816e-05 -0.000254284 -0.000160348 -0.000165569 -0.000176419 3.2264e-05 -1.22479e-05 0.000416426 0.000960665 0.00117902 -0.0239466 0.0150018 -0.001565
 -8.62504e-10 5.77212e-05 -6.07674e-06 -9.78663e-10 0.000107054 -3.47113e-05 3.82572e-06 5.79409e-06 -4.75255e-05 0.00012416 1.32584e-05 -0.000231621 -1.08086e-09 1.46196e-05 9.66655e-08 1000 2.04774e-05 -2.87378e-06 -4.72514e-10 2.56847e-05 -4.72553e-06 -1.05851e-09 3.3853e-05 -2.10109e-06 7.70575e-06 5.7065e-05 -1.21652e-05 2.63144e-07 -3.52935e-05 2.62773e-05 -8.07951e-06 6.81017e-05 -0.000163317 4.51689e-05 8.10682e-05 -0.000101616 -3.15255e-05 -1.00009e-06 2.72971e-07 -0.000216363 4.52126e-05 2.24244e-06 -8.54027e-05 6.10268e-06 1.67668e-06 3.70758e-06 7.27376e-06 -8.42983e-06 1.94085e-05 5.17549e-05 -8.95401e-05 5.80497e-05 -1.90023e-05 3.67531e-05 3.34667e-05 -5.13117e-05 5.10396e-07 5.0954e-05 -4.14391e-05 1.82756e-05 -9.26833e-06 1.0301e-06 -5.95595e-05 3.25169e-05 -2.49009e-08 -3.22203e-05 -2.61925e-07 8.47263e-08 1.67985e-07 -9.66522e-10 3.53079e-05 -2.19504e-06 8.12499e-06 1.15931e-06 -1.63042e-05 8.37354e-06 2.93886e-06 -6.06229e-05 -1.18176e-06 3.47576e-07 -3.65269e-06 1.06038e-05 -5.67493e-05 5.10432e-06 1.25177e-05 -1.26065e-06 -1.57265e-05 -7.07876e-07 -1.60211e-07 8.74384e-07 6.9261e-06 0.000102191 2.69414e-05 1.01862e-05 2.52131e-06 -2.07814e-06 6.38699e-06 1.0879e-05 -8.0278e-05 1.13856e-05 1.25049e-05 0.000396921 -9.24884e-05 -6.8996e-05 -0.000118768 5.31149e-05 8.98575e-05 -3.10514e-05 6.01503e-05 -1.94872e-05 -4.66386e-05 -2.22395e-05 -3.59935e-06 1.53085e-05 -1.62005e-05 3.42835e-05 -1.31871e-05 1.41679e-05 -1.58929e-05 -3.49601e-06 7.89853e-06 -4.11333e-06 -1.37698e-05 -6.27818e-06 -5.988e-06 -6.21391e-08 -1.47081e-05 -2.34035e-05 -2.18547e-05 -3.17513e-06 -9.97641e-06 1.81933e-07 -1.89313e-06 -4.28891e-06 2.99794e-06 -1.369e-05 -1.0874e-05 -9.77537e-06 -1.37664e-05 -3.59529e-05 -4.71601e-05 -6.41318e-06 1.04716e-05 -5.23559e-06 -5.13532e-06 -3.50119e-06 -1.7425e-05 3.37606e-05 -4.68842e-06 -2.48693e-05 -1.06042e-05 -1.51482e-05 -1.15586e-05 -1.04928e-05 -2.94969e-06 -8.14864e-06 -7.52257e-06 5.90614e-06 -8.01782e-07 1.41478e-05 5.56051e-05 5.45014e-05 -0.000503609 -9.89307e-05 -9.43327e-05
 6.05815e-06 -0.387284 0.0312409 1.17943e-05 -1.67236 0.537188 -0.0978841 -0.126736 1.05177 -2.56058 -0.272097 4.78085 2.8811e-05 -0.445033 -0.00294585 2.04774e-05 999.227 -14.8145 3.13735e-06 -0.530261 0.0973448 1.21955e-05 -0.66338 0.0404607 2.5266 1.85396 -0.443584 0.0632109 1.80787 -1.34543 1.54988 -1.26772 2.9493 1.65195 -0.964075 1.05899 -0.641875 -0.180729 0.00630498 4.44265 -1.31703 -0.0538935 2.11555 -1.76733 0.136603 -0.150702 -0.380549 0.439082 -0.380177 0.0451925 1.43052 -1.32687 -0.146319 -0.332263 0.0835201 -0.0886324 -0.853879 -0.206563 1.11444 -1.2727 0.0802381 -0.00724985 0.784914 -0.363489 -0.00137867 0.45207 -0.021367 0.00786729 0.00804117 2.06414e-05 -0.794438 0.0470221 -0.174505 -0.0224679 0.321191 -0.204534 -0.0681724 1.42741 0.00219274 -0.0168799 0.169864 0.0411624 -3.4725 0.259997 -0.184357 0.016535 0.184828 0.0141263 0.00315636 -0.0174081 0.744413 -1.53283 -0.614898 -0.335287 -0.131889 0.0211909 0.137589 0.192856 1.52704 -0.262505 -0.285815 -8.4429 -0.00786203 3.16877 3.88716 -0.218688 -3.10781 -1.24198 1.384 -0.203592 1.14115 0.36722 -0.127805 -0.522352 0.121864 0.444965 0.416074 -0.261134 0.086599 0.34629 -0.062684 0.104638 0.194912 0.109972 0.376725 0.240439 0.512439 0.368894 0.662207 0.169088 0.34696 -0.017646 -0.363785 -0.628489 -0.0840117 0.114744 0.170683 0.120136 0.274147 0.469891 0.713513 0.353698 0.0951349 -0.176226 0.162628 0.299852 0.388365 -0.686048 -0.39601 0.436167 0.144622 -0.291254 -0.486235 -0.295067 -0.107223 0.0270528 0.0450455 -0.0358318 -0.056089 -0.274812 -1.06413 -1.03857 10.0256 1.50297 1.80861
 6.94666e-08 -0.00669752 0.000948394 -2.28148e-08 0.0127531 -0.00400863 0.0012539 0.0015966 -0.0133343 0.0359712 0.00367969 -0.0648182 -2.14968e-07 0.00320918 4.81733e-05 -2.87378e-06 -14.8145 1.05289 -1.7745e-08 0.00445895 -0.000790313 -1.28549e-07 0.00663615 -0.000383681 -0.0397127 -0.0341974 0.00801125 -0.00294946 -0.0347879 0.0258675 -0.0252154 0.0168805 -0.0389921 -0.0260437 0.0103164 -0.0107761 0.00759278 0.00166213 -3.4124e-05 -0.0705461 0.0190318 0.000860342 -0.0340582 0.0219142 -0.00144934 0.00159701 0.0031096 -0.00359029 0.00572435 -0.000389936 -0.0222997 0.0205485 0.0010543 0.00588749 -0.00076752 0.00054792 0.011696 0.0033331 -0.0178774 0.0205753 -0.00159756 0.000138513 -0.00976422 0.0046722 1.39297e-05 -0.00567552 0.000364096 -0.000141843 -2.13334e-05 -1.88892e-07 0.00819803 -0.000442366 0.00214278 0.000277256 -0.00401488 0.00288801 0.000841483 -0.0180071 -0.000355142 5.24968e-05 -0.00081452 -0.00246387 0.0527312 -0.00393502 0.00174776 -0.000135432 -0.00328479 -0.000225389 -4.73337e-05 0.000274712 -0.0111815 0.0226046 0.0102919 0.00668951 0.00322288 0.00100472 -0.00145864 -0.00351941 -0.023967 0.0033355 0.0059981 0.131132 -5.01019e-05 -0.0496918 -0.0604321 0.00315436 0.0483448 0.0192849 -0.0213316 0.00304515 -0.0179892 -0.00577715 0.00214845 0.00830663 -0.00184038 -0.00692162 -0.00649137 0.00397423 -0.00150775 -0.00525975 0.000898845 -0.00172179 -0.00308111 -0.00176637 -0.00585172 -0.00368605 -0.00772462 -0.00623571 -0.00973275 -0.00298078 -0.00536263 0.00012599 0.00556515 0.00989711 0.00126416 -0.00203379 -0.00284917 -0.00214108 -0.00467855 -0.0075991 -0.0109956 -0.00514989 -0.00134371 0.00261279 -0.00274867 -0.00472904 -0.00616999 0.0103736 0.00608761 -0.00691191 -0.00247138 0.00431107 0.00718899 0.00446147 0.00152459 -0.000534319 -0.000876354 0.000600569 0.000833336 0.00456563 0.0168354 0.0166318 -0.177845 -0.00269122 -0.0285322
 -1.01475e-09 4.1183e-05 -4.52894e-06 -1.30631e-09 0.000113484 -3.71812e-05 4.1422e-07 2.52716e-06 -2.00396e-05 6.41489e-05 7.55161e-06 -0.000130956 -2.16853e-10 1.15906e-06 3.64456e-09 -4.72514e-10 3.13735e-06 -1.7745e-08 1000 2.40365e-05 -5.9621e-06 -9.76741e-10 2.28454e-05 -1.55352e-06 7.24314e-05 -6.75477e-06 -4.58819e-07 1.16502e-05 9.68262e-05 -7.1818e-05 4.68179e-05 5.72545e-05 -0.000140511 0.000125538 -2.39275e-05 2.02151e-05 -5.80087e-05 -4.89044e-06 6.12085e-07 -9.24332e-05 6.998e-06 6.66572e-07 -3.23164e-05 -5.24469e-05 6.75705e-06 -8.80815e-08 -1.47387e-06 1.65315e-06 2.98734e-05 2.78832e-05 -0.00010495 8.31081e-05 -3.50994e-05 -2.85605e-07 7.49446e-05 -0.000106591 -2.22619e-05 4.34388e-05 -1.11218e-05 -1.49388e-05 -7.5079e-06 8.887e-07 -4.22547e-05 3.00375e-05 -5.27173e-07 -8.90029e-06 -2.87272e-07 9.62107e-08 1.46054e-07 -5.03244e-10 1.37609e-05 -1.00058e-06 4.03334e-06 7.54462e-07 -1.07685e-05 9.47766e-06 2.23018e-06 -4.21373e-05 1.32457e-06 5.12129e-07 -4.56935e-06 1.60694e-05 -0.000285124 2.24276e-05 6.75973e-06 -7.26605e-07 -1.40123e-05 -1.13496e-06 -4.10126e-07 1.55606e-06 1.32357e-05 -8.4217e-05 -2.58373e-05 -9.20763e-06 3.65544e-06 2.18802e-05 0.000289932 0.000228461 -0.0002123 -1.98195e-05 -1.32997e-05 -5.73167e-05 -1.33418e-05 8.66351e-05 1.12707e-05 -5.09165e-06 3.4605e-05 6.77758e-06 -4.99815e-06 -1.28658e-06 1.87003e-05 -1.26157e-05 -1.6185e-05 -1.85368e-05 -1.62533e-05 4.4106e-06 1.55131e-05 -6.81774e-06 4.99925e-07 6.02998e-06 1.65e-05 7.11112e-06 -9.87648e-06 -1.53255e-05 5.55931e-07 2.40699e-06 -4.73217e-06 -8.27706e-06 2.45857e-07 -1.13686e-06 6.7551e-06 1.49037e-07 -8.30277e-06 -4.52344e-06 -5.81532e-06 -1.90179e-05 -7.84619e-06 1.3499e-05 -4.11522e-06 -5.64934e-05 -5.52797e-05 2.27076e-05 1.78441e-05 -2.18221e-06 2.39726e-06 8.14769e-06 -1.26467e-05 1.11136e-05 -8.21455e-06 -7.45504e-06 -1.47215e-05 -2.81719e-05 -2.85882e-05 -1.19901e-05 -4.35689e-06 -6.98529e-06 -7.94062e-06 4.74773e-06 -1.38508e-06 5.2118e-06 1.91693e-05 1.5093e-05 -0.000205566 5.39247e-06 -3.17333e-05
 -1.99786e-06 -1.92283 0.199671 6.16306e-05 -6.60685 2.15597 -0.145434 -0.133392 1.10384 -4.50514 -0.506705 8.89134 3.22836e-05 -0.452599 -0.00185713 2.56847e-05 -0.530261 0.00445895 2.40365e-05 961.115 -182.806 3.44688e-05 -1.73469 0.114763 -0.393446 4.86071 -0.997108 -0.430194 -2.0437 1.51082 0.75462 -3.16827 7.57187 0.390576 1.53884 -1.88367 0.979535 -0.116567 -0.00963937 4.45965 -0.931663 -0.0402399 1.94499 0.105785 -0.0663248 -0.156438 -0.286271 0.330358 -0.76275 -0.773979 3.65239 -2.99056 0.78186 -1.52208 -1.51346 2.30908 0.0149886 -2.29187 1.26843 -0.0280491 0.188152 -0.021762 1.97544 -2.03549 0.0421684 0.427492 -0.106976 0.0378863 0.0329933 2.80298e-05 -1.04472 0.0704868 -0.41914 -0.0653844 0.931789 -0.717258 -0.180282 3.47115 -0.108173 -0.0546963 0.498771 -1.0919 -0.732205 0.0597966 -0.432565 0.0445467 0.606824 0.044522 0.00310037 -0.0479874 -0.646701 1.80216 -0.588587 -0.866245 -1.34607 -0.688343 -30.9424 16.4986 3.20904 2.09984 0.766655 2.36066 -6.62642 2.2701 2.88198 -0.171544 0.912961 -1.32528 -0.908548 0.379668 1.36358 0.0364927 0.145461 0.76321 1.22115 0.366315 -0.422545 -0.701997 0.660871 -0.180898 -0.254428 0.308287 1.09946 1.88382 -0.757014 -0.194803 0.55696 0.0592697 0.824297 -0.910562 0.209396 -0.0946335 0.21732 -0.293679 0.274508 0.688975 0.890948 0.362358 0.0656824 1.20551 1.10275 -0.13979 -0.522549 -0.893811 -0.0561508 0.227473 0.431283 1.22117 -0.0947332 0.569061 1.03888 0.225557 0.0296387 -1.06055 -0.479205 -0.109302 0.0535424 -0.269693 0.0698561 -0.433271 -1.5859 -1.47881 16.2546 1.35334 2.77378
 5.75546e-07 0.348015 -0.0359641 -1.16277e-05 1.24576 -0.406494 0.0273702 0.0250875 -0.207703 0.856154 0.0959726 -1.68432 -6.01905e-06 0.0839087 0.000357654 -4.72553e-06 0.0973448 -0.000790313 -5.9621e-06 -182.806 35.8727 -6.61836e-06 0.330454 -0.0218578 0.0780242 -0.932728 0.191284 0.0812203 0.383895 -0.283789 -0.144076 0.601551 -1.43762 -0.073292 -0.300294 0.367428 -0.187249 0.0198557 0.0019317 -0.846112 0.175773 0.00763554 -0.36848 -0.0252035 0.0131745 0.0289153 0.0522323 -0.0602684 0.14472 0.149551 -0.697848 0.570673 -0.150487 0.293119 0.291452 -0.444678 -0.00273752 0.438632 -0.242295 0.00473818 -0.0365717 0.00420574 -0.373953 0.387841 -0.0080711 -0.0799221 0.0205168 -0.00725498 -0.00647344 -5.27858e-06 0.19838 -0.0133733 0.0794976 0.0123655 -0.17632 0.136405 0.0342853 -0.660182 0.0194014 0.010146 -0.092569 0.211866 0.136195 -0.0111664 0.0811544 -0.00835234 -0.115296 -0.00851438 -0.000585634 0.00916979 0.124767 -0.346645 0.110632 0.166981 0.260022 0.143029 5.92418 -3.16874 -0.608878 -0.403719 -0.149906 -0.450777 1.26686 -0.434947 -0.550708 0.0329694 -0.174769 0.252965 0.174654 -0.0725523 -0.261149 -0.0072029 -0.0279385 -0.145874 -0.233082 -0.0693118 0.0808553 0.13395 -0.12674 0.035025 0.0486903 -0.0589915 -0.210198 -0.360094 0.144832 0.0374715 -0.106073 -0.0120467 -0.156798 0.173694 -0.0400119 0.0177777 -0.0418568 0.0561489 -0.0525876 -0.132163 -0.170619 -0.0696465 -0.0131029 -0.230777 -0.210728 0.0270785 0.0999972 0.170617 0.0103427 -0.043673 -0.082669 -0.233836 0.0179257 -0.10912 -0.198913 -0.0435221 -0.0063946 0.202367 0.0912816 0.0206624 -0.0105583 0.0516559 -0.0134545 0.0833065 0.30368 0.283701 -3.14298 -0.225489 -0.530971
 -1.53656e-09 9.80146e-05 -1.09219e-05 -1.91508e-09 0.000186525 -6.11263e-05 2.76365e-06 6.48165e-06 -5.28702e-05 9.84484e-05 1.08136e-05 -0.000187225 -9.60451e-10 1.05585e-05 9.57149e-09 -1.05851e-09 1.21955e-05 -1.28549e-07 -9.76741e-10 3.44688e-05 -6.61836e-06 1000 5.15139e-05 -5.15192e-06 0.000137526 -0.000193362 3.66039e-05 2.1509e-05 0.000138497 -0.000102774 9.20023e-05 0.000136963 -0.000333375 0.00020466 0.000135879 -0.000178934 -9.70142e-05 -9.66823e-06 1.23607e-06 -0.000188412 1.90029e-05 1.58287e-06 -5.36644e-06 -0.000109886 1.20398e-05 5.38807e-07 -5.97591e-06 6.74609e-06 1.05937e-05 0.000109516 -4.07883e-05 -1.34096e-05 -6.97971e-05 5.92384e-06 0.000161965 -0.00023123 -4.12973e-05 0.000100247 -2.24366e-05 -3.96e-05 -1.36361e-05 1.67963e-06 -8.57072e-05 4.09369e-05 2.76769e-10 -3.98887e-05 -1.51924e-06 4.92486e-07 1.23301e-06 -1.13934e-09 3.70143e-05 -2.83093e-06 8.99142e-06 1.44516e-06 -1.97131e-05 1.14471e-05 3.36055e-06 -6.40266e-05 2.76334e-06 1.14774e-06 -1.0247e-05 2.68195e-05 -0.000251294 2.01106e-05 3.55214e-06 -3.4998e-07 -2.37421e-05 -9.74745e-07 -3.44786e-07 1.32899e-06 5.49693e-05 5.89341e-05 1.32915e-06 -5.55945e-06 -4.95633e-06 -2.88941e-06 3.32055e-05 6.12413e-05 -0.000132902 -1.31417e-05 -2.35667e-06 0.00010698 3.50838e-05 -3.51476e-05 3.83191e-05 -8.75319e-06 7.02694e-05 1.3367e-05 9.26944e-05 -3.63328e-05 -5.65809e-06 -1.95324e-06 -8.89855e-06 -7.86273e-06 2.4559e-05 6.1942e-05 1.54602e-05 -8.156e-06 -2.60911e-05 3.00657e-05 1.68656e-05 6.74215e-06 -3.45382e-06 -1.76693e-06 1.00622e-05 1.61078e-05 1.19943e-06 -1.70364e-05 1.4744e-05 -1.32891e-05 -6.56376e-06 -1.60884e-05 -2.86395e-05 -8.67793e-06 1.22073e-05 3.77588e-06 1.03754e-05 6.33828e-06 -3.44468e-05 -0.000127991 -9.26524e-05 4.2811e-05 3.72548e-05 5.42856e-06 -1.59222e-06 1.7699e-06 -1.85709e-05 -5.837e-06 5.28544e-07 -2.54708e-05 -4.2478e-05 -4.63482e-05 -4.8008e-05 -1.33599e-05 -7.63819e-06 -1.15962e-05 -1.24307e-05 1.07642e-05 -4.54447e-06 1.22719e-05 4.39971e-05 3.88395e-05 -0.000476321 -5.1239e-06 -7.61845e-05
 4.07958e-05 -3.61861 0.397428 6.17308e-05 -6.59821 2.15621 -0.15313 -0.253805 2.07679 -4.3789 -0.491974 8.57845 4.52038e-05 -0.622501 -0.00225668 3.3853e-05 -0.66338 0.00663615 2.28454e-05 -1.73469 0.330454 5.15139e-05 993.713 -65.6719 -1.22989 11.823 -2.41964 -0.37646 -1.45558 1.07793 -2.61836 -4.5718 11.132 -3.4703 -1.8246 2.45512 1.51543 -0.041317 -0.0209413 5.72911 -1.09218 -0.0561691 -0.677172 1.83022 -0.183161 -0.145002 -0.179273 0.209972 -0.369556 -2.68527 1.24096 0.110411 1.66501 -2.26584 -3.54287 5.27687 0.531155 -3.36926 0.751758 1.40976 0.379075 -0.045068 2.64401 -1.27688 -0.00767569 1.58209 -0.00643432 0.00440214 -0.0265049 3.94043e-05 -1.37457 0.0976435 -0.372973 -0.0552293 0.765933 -0.572374 -0.156436 3.01311 -0.105211 -0.0492247 0.453576 -0.677414 -1.34135 0.094493 -0.166016 0.0160239 0.69116 0.0278557 0.00290035 -0.0309889 -1.59993 -2.31122 -0.647946 -0.318662 -0.194805 0.0972065 -3.95471 2.91706 2.54653 0.620609 0.136765 -3.18224 -5.28523 4.00423 3.8125 -0.540554 -3.28002 -5.57069 2.17595 0.225369 -0.4941 -0.311228 0.0332605 0.265956 -0.653185 -1.37717 -0.629621 0.607847 0.919214 -0.450543 -0.449131 -0.0902754 0.136637 0.171733 0.0339831 -0.234068 0.241332 0.286417 0.078441 0.127451 0.436805 0.584117 0.989298 0.48009 -0.0884062 0.0761431 0.0562643 -0.0133309 0.440158 2.48399 2.03726 -0.429404 -0.829646 -0.116583 0.317 0.405861 0.64104 0.451683 0.188326 0.578593 2.08652 1.11884 0.500601 -0.592312 -0.106498 0.164943 0.274547 -0.375034 0.135338 -0.469224 -1.68864 -1.56624 18.0863 0.457627 2.93106
