 1000 0.00266344 -0.00054735 -1.29635e-09 -0.000136774 0.000113914 -4.61156e-06 -8.5438e-07 1.4716e-05 -8.48862e-05 -4.8781e-06 0.000111725 4.92715e-10 -1.87938e-05 2.18384e-07 -2.5862e-10 -7.68614e-06 5.22082e-07 -9.917e-10 -2.55908e-05 1.12094e-05 -6.30289e-10 2.70173e-06 -4.72746e-07 1.31155e-05 -0.000341587 8.47384e-05 -6.20104e-05 -0.00022212 0.000250063 6.19102e-07 -3.88837e-06 1.46051e-05 9.79261e-05 -0.000105375 0.000166862 -6.75068e-05 -4.25907e-06 8.33586e-07 -0.000138486 1.87794e-05 1.217e-06 -1.38277e-05 -7.62882e-05 1.03564e-05 -6.94309e-06 -1.4246e-05 1.95859e-05 8.08983e-05 -6.65049e-05 -0.000265184 0.000211398 -6.68268e-05 8.51343e-05 0.000108799 -0.000133466 -4.2468e-05 1.62783e-05 -5.16586e-05 4.64927e-05 -2.29397e-06 1.49054e-07 2.64749e-05 4.10168e-06 -1.90603e-07 2.90448e-06 -3.87118e-06 9.9166e-07 3.87827e-07 -7.26238e-11 -1.39213e-05 5.11159e-06 9.02673e-07 5.64827e-10 -1.33784e-06 9.31587e-06 9.03896e-07 -2.11342e-05 3.94875e-06 2.91954e-06 -2.1175e-05 -1.21771e-05 -0.000335215 2.31443e-05 8.6873e-06 -9.20124e-07 -8.49389e-06 -1.4916e-06 -6.16367e-07 2.12478e-06 8.90572e-06 -1.36529e-05 -0.000112283 -0.000242795 -0.0001255 1.88413e-06 0.000113245 0.000478445 -0.00023099 -0.000198731 -0.000111424 6.60125e-05 -6.96839e-05 -6.66851e-06 0.000100005 0.00013239 5.778e-05 -6.86489e-05 -0.000177938 0.0002507 -0.000147532 3.16971e-05 -2.37017e-05 -1.47475e-05 1.52199e-05 4.56002e-05 2.25561e-05 -1.99765e-05 5.21954e-05 -5.08602e-05 1.48651e-05 -7.81156e-06 -9.07445e-06 1.23582e-05 7.02763e-06 -8.00379e-06 -1.70177e-05 0.000181202 -0.00013178 9.33441e-05 -3.96819e-06 1.51474e-05 2.74931e-05 3.69004e-06 2.82843e-05 -3.66254e-05 2.98745e-05 1.94161e-05 3.44968e-05 -1.94002e-05 -7.74359e-05 4.89108e-05 1.37334e-05 -1.72801e-06 4.00012e-06 -3.67386e-05 4.33881e-05 3.85182e-05 1.74371e-06 3.69324e-05 1.36615e-05 -5.05407e-05 -7.14712e-06 -3.12091e-05 1.7346e-06 2.56005e-06 4.55356e-06 1.77818e-06 -1.87854e-07 2.01319e-05 3.40133e-05 4.02465e-05 -0.000595445 -1.5195e-05 -6.17559e-05
 0.00266344 504.688 -102.562 0.000198067 26.2639 -21.8727 1.00636 0.313284 -5.74861 15.6743 1.10916 -25.6708 -0.000132594 3.44877 -0.0264733 -6.89826e-05 2.82194 -0.145922 2.399e-05 2.50913 -1.1009 1.50097e-05 1.39294 -0.324634 18.9468 36.2857 -9.33514 6.63053 23.3435 -26.3032 12.3077 2.69967 -11.9114 10.2397 14.7024 -25.0227 6.25229 1.07867 -0.125822 21.0512 -3.2176 -0.179172 10.7643 5.68286 -0.983046 1.95969 3.29506 -4.56719 0.95648 8.96323 13.1286 -12.3778 0.85926 -2.80793 2.43843 -2.5872 5.41455 4.01981 7.72192 -10.295 0.294402 -0.0197078 -1.62186 2.11532 0.00124064 -1.95794 0.267833 -0.067052 -0.0359188 -3.24566e-05 3.24152 -1.17163 0.942352 0.0447037 -1.2094 -1.3041 -0.0797301 2.07814 0.0475843 -0.0984165 0.700249 -0.807106 -0.374531 0.0319444 1.3401 -0.126524 0.153353 0.116139 0.0251651 -0.142512 2.23965 -4.12492 5.86872 16.4528 11.097 0.687842 -30.8325 19.7772 -9.37522 16.6898 10.3789 -0.519524 -1.26042 -1.76985 -4.57153 3.66089 3.93995 1.88901 -8.47993 3.90933 -1.23357 0.632818 -1.43212 -0.815784 -0.320648 -0.322746 0.214573 1.96559 0.644864 -0.644815 0.469524 0.36182 0.319535 -0.764393 0.742014 0.108598 -0.825418 2.96622 -5.96284 2.8853 -0.487456 -0.363973 -0.905589 -3.75841 -1.21407 -2.35103 -1.6105 -1.80916 0.0340228 -0.40113 -1.2995 -1.73398 -1.75016 -0.574944 -0.457587 -2.25988 -0.00625512 -1.63836 -3.67212 -0.710017 -0.148393 -2.26623 -0.848034 -1.24942 -1.17352 -0.959812 -1.0112 0.602615 -0.248258 -2.0352 -4.31535 -4.96657 75.4486 -21.3257 5.02527
 -0.00054735 -102.562 21.9684 -4.07103e-05 -5.39228 4.49071 -0.209857 -0.0651818 1.19709 -3.2157 -0.227737 5.27089 2.79147e-05 -0.723997 0.00547582 1.44054e-05 -0.59027 0.0304681 -4.99318e-06 -0.526852 0.231098 -3.10286e-06 -0.29581 0.0688555 -3.88416 -7.44093 1.91429 -1.36323 -4.78762 5.39465 -2.52066 -0.556494 2.45411 -2.09985 -3.01622 5.13338 -1.28921 -0.230868 0.0262609 -4.31645 0.649809 0.0368088 -2.21256 -1.18019 0.203557 -0.406804 -0.681926 0.945247 -0.198882 -1.83639 -2.68926 2.53565 -0.178254 0.573853 -0.500722 0.531509 -1.11128 -0.824474 -1.58333 2.11108 -0.0608584 0.0040812 0.333643 -0.433317 -0.000332109 0.403975 -0.054754 0.0137065 0.00744937 6.8033e-06 -0.682154 0.246376 -0.197915 -0.00936969 0.253891 0.265506 0.0159889 -0.41807 -0.0107295 0.0198275 -0.141049 0.169242 0.0772363 -0.00659528 -0.275763 0.0260331 -0.0327801 -0.0238015 -0.00515219 0.029201 -0.459083 0.845003 -1.20112 -3.37032 -2.27601 -0.13736 6.31896 -4.05695 1.92219 -3.41834 -2.12499 0.106397 0.258578 0.362447 0.936123 -0.75118 -0.807999 -0.386765 1.73899 -0.802652 0.253302 -0.129998 0.29374 0.167393 0.0655329 0.0659435 -0.04437 -0.402664 -0.132484 0.132153 -0.0962245 -0.0741968 -0.0651789 0.156208 -0.151973 -0.0222496 0.169321 -0.609282 1.22294 -0.591885 0.0998054 0.0744896 0.185666 0.770246 0.24879 0.481565 0.329515 0.370372 -0.00732835 0.0819297 0.266944 0.355377 0.358912 0.1175 0.093763 0.463241 0.000845588 0.33626 0.752073 0.145276 0.0304223 0.464837 0.173404 0.25604 0.240175 0.196757 0.207271 -0.123538 0.0508766 0.416943 0.885335 1.01699 -15.4874 4.41511 -1.02704
 -1.29635e-09 0.000198067 -4.07103e-05 1000 -0.00118605 0.000990459 -8.42757e-07 5.78417e-08 3.03101e-06 7.82296e-05 5.95889e-06 -0.0001356 4.54761e-10 -7.437e-06 -4.82455e-10 -2.75287e-12 -8.98914e-07 3.07475e-08 3.44343e-11 -8.83053e-06 3.77875e-06 1.55998e-10 -1.10797e-05 2.42173e-06 8.5793e-05 5.58771e-05 -1.5111e-05 3.77144e-06 9.14065e-06 -1.05255e-05 0.000164674 1.83318e-05 -8.85195e-05 0.000209093 -5.13437e-06 -6.59468e-06 1.58475e-05 -5.05357e-06 1.46642e-07 2.43167e-05 -6.36683e-06 1.97217e-07 8.40618e-05 -1.1077e-05 2.19388e-07 2.98365e-06 4.19484e-06 -5.94586e-06 7.20881e-06 2.828e-05 -3.14922e-05 1.36014e-05 -2.76922e-05 -2.56733e-05 9.52265e-05 -0.000107717 2.87803e-05 -7.30721e-06 4.79991e-05 -4.65258e-05 -1.00564e-06 -8.35425e-08 3.01694e-05 -5.51194e-05 4.74742e-06 -0.000112314 -5.70977e-06 1.38429e-06 8.17623e-07 1.0626e-10 -1.73594e-05 5.89358e-06 -2.91103e-06 -1.0666e-07 3.38404e-06 -1.66555e-05 -1.71285e-06 3.93877e-05 1.69828e-06 5.66657e-08 -7.23446e-07 -9.94739e-06 -0.000153725 1.03535e-05 2.36522e-05 -2.19348e-06 -1.84941e-06 -2.62863e-07 -1.9271e-07 4.59016e-07 -2.74939e-05 -4.18396e-05 -1.54645e-05 -2.06428e-05 -7.31961e-06 8.59988e-06 7.39878e-05 -2.50884e-05 -4.71401e-05 5.09244e-05 1.88338e-05 -3.29251e-05 1.46537e-06 4.78265e-05 -2.64414e-05 0.000112141 -3.27112e-05 -1.60722e-06 -1.37102e-05 2.16756e-06 6.88207e-06 -1.52949e-06 1.06527e-05 -9.79649e-06 2.50142e-05 -1.88254e-05 -5.64332e-06 -7.92617e-08 3.30832e-05 -3.4685e-05 -2.43632e-05 4.22751e-05 4.6394e-05 4.96642e-05 -7.82007e-05 -0.000209075 -8.05682e-05 0.000142931 -4.59835e-05 0.000141416 -9.81163e-06 3.30521e-06 2.74001e-05 1.95107e-05 9.6828e-06 -5.97662e-06 2.52537e-05 -1.06943e-05 5.89432e-05 -4.19167e-05 -0.000106217 -9.98686e-06 -6.77023e-05 6.41188e-05 6.40415e-05 4.84618e-07 -7.66056e-06 -5.8978e-06 -2.59589e-05 6.67348e-05 4.57108e-05 -0.000115529 4.91524e-05 -3.00961e-05 -5.29834e-06 -2.34825e-06 -2.7965e-06 -4.82834e-06 2.44036e-06 -1.76265e-05 -4.94444e-05 -6.6803e-05 0.000528894 -7.99199e-06 5.19509e-05
 -0.000136774 26.2639 -5.39228 -0.00118605 408.322 -338.59 0.216627 0.0711411 -1.09638 10.3716 0.741104 -17.1022 6.5651e-05 -1.06777 -0.00825511 2.36308e-06 0.0146679 -0.0106451 2.5307e-05 -1.86361 0.801832 3.69274e-05 -2.11068 0.467518 12.083 21.5971 -5.57004 4.36191 14.2958 -16.1139 12.5756 1.03302 -5.16213 9.04653 9.16775 -15.7871 1.69314 -0.960702 0.00672524 10.9481 -3.35952 -0.0814775 6.66527 0.388846 -0.21516 0.171822 0.554712 -0.766429 -1.57182 3.0877 -1.13787 -0.12868 1.09052 -3.17663 1.22405 -1.14626 3.57725 2.39527 5.2715 -6.83917 0.022507 0.00273118 -1.58031 -1.54389 0.25086 -7.67711 -0.606023 0.154093 0.0866458 1.60953e-05 -1.93886 0.655094 -0.112954 -0.00233185 0.131891 -1.93409 -0.165903 3.98887 0.0620368 -0.0414881 0.301462 -2.19628 -2.61656 0.18878 1.67532 -0.156444 0.114323 0.0563695 0.0124802 -0.0694368 1.24181 -1.27891 1.18336 2.52548 1.27534 2.04776 2.29693 -1.19341 -1.59203 7.1778 2.28825 -1.83825 -0.760495 0.702685 -1.78644 3.17933 -0.263342 -0.644712 -0.848896 1.31588 0.0333245 -0.556427 -0.972184 -1.66444 0.454621 0.550621 -0.166149 0.0914404 2.43193 -1.11163 -1.56941 -0.433993 -0.288134 2.71747 3.0058 -1.67978 -1.35689 3.76211 -7.64705 3.13321 0.30109 -0.00193512 -0.545949 -1.14573 -0.696383 -0.318675 -0.35671 -1.54465 0.47784 0.460295 0.0711401 -0.800149 -1.3711 -0.132714 -0.118673 -0.493141 0.495551 -0.69125 -3.48458 -0.253917 1.42336 -2.13611 -0.14666 -0.977284 -0.736403 -0.518637 -0.5208 0.269473 -0.128378 -1.73223 -3.40756 -4.33435 59.1056 -10.5839 4.67081
 0.000113914 -21.8727 4.49071 0.000990459 -338.59 283.293 -0.181675 -0.0596173 0.920293 -8.63738 -0.617274 14.2447 -5.44794e-05 0.884647 0.00688671 -1.8986e-06 -0.0155984 0.00902331 -2.10941e-05 1.54885 -0.666392 -3.0755e-05 1.75468 -0.388654 -10.0604 -17.9836 4.63806 -3.634 -11.904 13.4179 -10.471 -0.861108 4.30218 -7.53325 -7.63386 13.1457 -1.41118 0.797513 -0.00548738 -9.1146 2.79492 0.0678477 -5.55063 -0.327217 0.179601 -0.144544 -0.4636 0.640571 1.30947 -2.57096 0.947657 0.106972 -0.908675 2.64487 -1.01943 0.954709 -2.97858 -1.99435 -4.38945 5.69474 -0.0189904 -0.00225287 1.3159 1.28625 -0.208944 6.39406 0.50478 -0.128349 -0.0722212 -1.33578e-05 1.60879 -0.543498 0.0924182 0.00187273 -0.107819 1.60966 0.138006 -3.31836 -0.051969 0.0344435 -0.25028 1.83026 2.17796 -0.157146 -1.39541 0.130304 -0.0954045 -0.0469345 -0.0103895 0.0578128 -1.03367 1.0649 -0.985065 -2.10241 -1.0618 -1.70483 -1.91285 0.99406 1.32584 -5.97737 -1.90511 1.5309 0.633084 -0.585363 1.48764 -2.64771 0.219424 0.536757 0.707029 -1.09549 -0.0279422 0.463219 0.809369 1.38587 -0.378607 -0.458152 0.138298 -0.076172 -2.02498 0.925687 1.307 0.361183 0.239853 -2.26294 -2.50211 1.3997 1.1302 -3.1332 6.36726 -2.60938 -0.250676 0.00158984 0.454484 0.953849 0.579805 0.265183 0.296753 1.28605 -0.398148 -0.383209 -0.058701 0.666318 1.14204 0.110044 0.0985039 0.410551 -0.412686 0.575878 2.90114 0.211052 -1.18529 1.77909 0.121631 0.813747 0.613013 0.431858 0.433658 -0.224336 0.106864 1.44231 2.83792 3.60883 -49.2262 8.83196 -3.88804
 -4.61156e-06 1.00636 -0.209857 -8.42757e-07 0.216627 -0.181675 999.832 -0.091162 0.946324 0.330967 0.00524866 -0.0736031 1.47395e-05 -0.313668 7.96327e-05 8.81719e-06 -0.275831 0.0122487 -1.06805e-06 -0.346172 0.149317 2.22342e-06 -0.355836 0.0790217 0.111899 0.688338 -0.174928 0.0597762 0.825756 -0.931051 1.09926 -0.13584 0.473562 0.957783 0.183058 -0.369276 -0.0582033 -0.144049 0.00535718 -0.42372 -0.00124825 0.00311187 -0.151498 -0.365395 0.0469834 -0.157008 -0.196119 0.27085 0.170148 -0.357658 -0.415665 0.412283 -0.0388847 -1.73419 0.646948 -0.590722 -0.326712 -0.389266 0.180891 0.0338556 -0.0533992 0.00449894 -0.071925 0.0375872 -0.00504903 0.154612 0.0014857 -0.000337783 -0.00446788 4.29803e-06 -0.537908 0.185846 -0.186697 -0.00799942 0.246465 -0.0973412 -0.0192648 0.43352 0.00837246 -0.00334344 0.0213535 0.127457 -0.456815 0.0308363 -0.220577 0.0199561 0.0352235 0.00270305 1.48984e-05 -0.00274287 -0.304492 -0.217704 -0.215611 -0.38887 -0.210448 -0.033617 0.566885 0.805475 -1.17596 0.238619 0.188843 0.249584 0.446217 -0.140019 -0.194872 0.111164 0.224723 -0.221082 -0.037321 -0.0204261 -0.0196944 -0.0272485 -0.0539335 -0.0336667 -0.0786232 -0.141842 0.341862 -0.50697 0.125925 -0.030495 0.00960331 -0.0544846 0.0576699 -0.0398657 -0.0419631 -0.0740323 -0.146421 0.109545 0.285052 -0.21792 0.0475468 0.0651429 0.120193 -0.611992 0.221362 -0.192295 0.0860165 0.187487 -0.383375 -0.0990179 -0.0367106 0.315547 -0.153421 0.175449 0.207806 -0.0314853 0.0682084 0.0193945 0.0999987 0.0386932 0.370042 0.427609 0.0580794 -0.110867 -0.0862146 0.0296544 0.0328065 -0.0870278 0.0280502 -0.374982 -0.592825 -0.99782 8.18152 4.6567 1.37928
 -8.5438e-07 0.313284 -0.0651818 5.78417e-08 0.0711411 -0.0596173 -0.091162 3.49968 -50.9296 0.0930579 0.00118986 -0.0143328 4.05138e-06 -0.0843714 7.24675e-06 2.58859e-06 -0.0753434 0.00334586 1.52591e-07 -0.0812269 0.0350271 8.92694e-07 -0.102526 0.0228418 -0.00490918 0.335276 -0.0839327 0.0246678 0.249992 -0.281716 0.262837 -0.047368 0.174024 0.182155 0.130289 -0.227686 -0.00620049 -0.0391045 0.00119735 -0.106245 -0.000705541 0.000591802 -0.0675862 -0.0811355 0.0105149 -0.0403881 -0.0537547 0.0742071 0.0510927 -0.11634 -0.169371 0.158844 0.0395738 -0.545105 0.0965079 -0.0621641 -0.093829 -0.120779 0.0335442 0.0330995 -0.0158421 0.00172512 -0.0963292 0.0678958 -0.00159708 -0.00480361 0.000624218 -0.000135536 -0.00150811 1.2735e-06 -0.149582 0.051705 -0.0513305 -0.00218992 0.0674863 -0.0362787 -0.00641291 0.14179 -0.00264631 -0.00206102 0.0138419 0.0482076 0.0239746 -0.00139352 -0.0453672 0.00409999 0.0152002 0.00123736 0.000464777 -0.00171599 -0.0860814 -0.0887688 -0.0508317 -0.062797 -0.0258444 -0.00198772 0.403062 -0.0652784 -0.346607 0.117379 0.091488 0.268199 0.111226 -0.0424553 -0.217548 -0.068357 0.120348 -0.0548865 0.0073986 -0.0134466 -0.0186758 -0.0218554 -0.0329191 -0.0148302 -0.0306185 -0.0957832 0.182171 -0.139228 0.0185013 -0.0282805 0.0454283 -0.0268521 0.0243607 -0.0193914 0.00738784 -0.0113313 -0.0874052 0.0133664 0.0211448 -0.04909 0.0254138 0.0357794 0.0355391 -0.120343 0.0241334 -0.0146901 0.00801308 -0.0339699 -0.10305 0.038151 0.0722544 0.0833304 -0.0100533 0.0334759 0.00897381 -0.0547169 -0.0601272 0.120463 -0.025772 0.0971962 0.168679 0.0454217 -0.0579168 -0.0388193 -0.0251873 0.00569339 0.0114854 -0.025579 0.00784296 -0.110556 -0.134592 -0.265085 2.42708 1.36653 0.407608
 1.4716e-05 -5.74861 1.19709 3.03101e-06 -1.09638 0.920293 0.946324 -50.9296 991.763 -1.68895 -0.00989003 -0.0270479 -8.19826e-05 1.71735 -0.000458375 -5.10681e-05 1.52117 -0.0677844 -1.38173e-06 1.63448 -0.705046 -1.73524e-05 2.04277 -0.455288 0.112739 -6.3164 1.58126 -0.407524 -4.69302 5.28845 -5.07047 0.969079 -3.58209 -3.50763 -2.39686 4.19908 0.131164 0.836225 -0.0268633 2.05615 0.0655145 -0.0119384 1.34339 1.71438 -0.222678 0.844439 1.10221 -1.52329 -1.0368 2.2458 3.25793 -3.05675 -0.707095 10.4694 -1.86978 1.21252 1.82585 2.32753 -0.625657 -0.660013 0.311097 -0.0336978 1.82664 -1.29565 0.0312007 0.0652012 -0.0157693 0.00354996 0.0303939 -2.63671e-05 3.04 -1.05178 1.05431 0.0452345 -1.3878 0.696408 0.123713 -2.73377 0.049596 0.0372796 -0.249561 -1.05244 -0.410898 0.0240343 0.886123 -0.0800869 -0.300354 -0.0235971 -0.00890114 0.0327625 1.65204 1.70598 0.965816 1.20579 0.52635 0.0490874 -7.73246 1.2088 6.63952 -2.15217 -1.67507 -5.17056 -2.1413 0.814177 4.16481 1.30892 -2.30557 1.0617 -0.15324 0.251902 0.361774 0.420271 0.632628 0.285309 0.582959 1.82905 -3.49799 2.67518 -0.354994 0.537755 -0.874597 0.514334 -0.473833 0.371696 -0.143739 0.21555 1.67261 -0.249905 -0.425318 0.946189 -0.491095 -0.690108 -0.688207 2.31289 -0.472223 0.28557 -0.153363 0.650435 1.98629 -0.72724 -1.39334 -1.61447 0.18679 -0.643713 -0.177636 1.04768 1.15376 -2.32287 0.492286 -1.86732 -3.24516 -0.881965 1.11628 0.746765 0.485584 -0.113715 -0.22478 0.492964 -0.150764 2.12391 2.5705 5.09646 -46.2292 -26.8528 -7.86255
 -8.48862e-05 15.6743 -3.2157 7.82296e-05 10.3716 -8.63738 0.330967 0.0930579 -1.68895 888.428 -7.23381 151.27 6.33388e-05 -1.45126 -0.000137144 3.25014e-05 -1.06123 0.047116 1.84755e-05 -1.3331 0.576196 9.79544e-06 -1.60352 0.359055 6.92602 7.07959 -1.86919 1.97849 5.3079 -5.98713 5.60274 1.05982 -4.75991 6.08663 3.56361 -6.32376 1.13187 -0.179056 -0.00952575 5.81392 -1.819 -0.0381386 3.45558 0.175313 -0.100162 0.413637 0.573437 -0.797929 1.17264 1.53804 -4.644 2.83245 -0.429952 -2.65985 2.76065 -2.95412 2.5143 2.64797 1.13941 -2.6809 0.487993 -0.03109 -2.61712 4.41634 0.0112639 -4.51057 -0.104785 0.0265544 -0.00920106 -5.85953e-06 -0.426685 0.135168 0.190961 0.0134349 -0.340134 -0.83773 -0.0754036 2.00379 -0.396934 -0.267349 1.91339 -0.218127 -6.39972 0.43993 -0.0947517 0.00534709 0.526362 0.00472135 -0.00879185 0.00407281 -0.154377 -5.15218 -1.7417 2.65778 6.33177 7.85 -8.89571 -2.81375 -0.142248 20.6547 6.85072 -10.9806 2.97916 -1.70538 -3.36207 3.01837 8.76404 13.9679 -16.6045 1.57452 2.13054 0.855749 -0.466897 -0.860103 -0.854186 2.84366 -5.17188 0.297528 3.36751 -3.44448 0.936342 0.0778362 -1.66611 0.0390077 -0.227318 1.2897 -5.1934 9.28978 -10.6837 7.1455 -2.09291 -0.968649 1.38291 -5.54259 0.354278 -3.54402 -1.4227 1.10286 -0.262033 -0.483202 -0.948948 -1.19783 -1.30237 1.07836 -0.0687203 -2.80654 0.102455 1.04542 -1.49837 0.0709753 -2.04493 1.09207 1.62293 -1.54695 -2.93984 -1.0123 -0.954731 0.206872 -0.0251597 -0.932342 -1.19888 2.0524 34.6484 -9.55559 2.32642
 -4.8781e-06 1.10916 -0.227737 5.95889e-06 0.741104 -0.617274 0.00524866 0.00118986 -0.00989003 -7.23381 2.34522 -34.0522 5.02126e-06 -0.110611 -2.27434e-05 2.703e-06 -0.0830766 0.00362257 1.43021e-06 -0.125463 0.0541352 9.51563e-07 -0.139443 0.0310993 0.284359 0.796118 -0.202885 0.165604 0.549626 -0.619518 0.349875 0.0263153 -0.132155 0.180867 0.396475 -0.667766 0.0653092 -0.0284255 -8.37705e-05 0.173539 -0.0769669 -0.00138974 0.0499501 0.031268 -0.00635875 -0.000421384 0.00818359 -0.0114449 -0.0956387 0.0685014 0.0228564 -0.0359849 0.0565537 -0.294587 -0.0148412 0.0433821 0.0915836 -0.00448413 0.16277 -0.169037 0.00282215 -0.000190705 -0.0617105 0.102096 0.000765326 -0.124133 -0.0023933 0.000646617 -0.000541347 1.17099e-07 -0.062483 0.0208896 -0.0114625 -0.000230088 0.0107044 -0.0113576 -0.000263466 0.0118311 -0.0095947 -0.00707108 0.049867 -0.0654225 0.197396 -0.0129942 0.0259476 -0.00261842 0.0220396 0.0026235 0.000830178 -0.0034823 -0.0232159 -0.457582 0.0356844 0.586782 0.633871 0.629916 -0.461823 -0.0993032 -0.214643 0.521063 0.12734 -0.168766 0.373997 0.0332116 -0.453615 -0.252917 0.132505 0.429372 -0.20309 -0.00837516 -0.0335375 -0.0161204 -0.0470008 -0.0549977 -0.0671236 0.0758731 -0.145879 -0.0458285 0.115381 -0.0955203 0.000510782 -0.022053 -0.0498859 -0.00452738 0.06263 -0.00629416 -0.135586 0.306708 -0.295667 0.0390971 -0.00440578 -0.0440208 0.0413124 -0.242686 0.0296579 -0.067269 -0.0328793 -0.0275612 -0.0774704 0.0268019 -0.00970997 -0.0640171 -0.0519923 -0.00621891 0.0252356 -0.0778121 0.0132574 0.0123122 -0.103188 0.00753146 0.0608876 0.00307896 -0.0311278 -0.0330808 -0.0434166 -0.0220839 -0.0220154 -0.00178104 0.000258723 -0.0954339 -0.163037 -0.24809 2.83421 0.068938 0.293015
 0.000111725 -25.6708 5.27089 -0.0001356 -17.1022 14.2447 -0.0736031 -0.0143328 -0.0270479 151.27 -34.0522 788.243 -0.000121359 2.67802 0.000199641 -6.46493e-05 2.02957 -0.0888786 -3.21905e-05 3.0405 -1.31227 -2.10215e-05 3.34118 -0.745401 -6.67436 -18.2635 4.65672 -3.80491 -12.6101 14.2138 -8.26629 -0.55517 2.85322 -4.3363 -9.04406 15.2472 -1.51463 0.77434 -0.00322309 -4.09366 1.88808 0.0318663 -1.17201 -0.5402 0.123995 0.0797193 -0.124172 0.172782 2.19536 -1.63577 -0.294953 0.68054 -1.19243 6.79451 0.23993 -0.882307 -2.18323 0.00931028 -3.725 3.92138 -0.0807708 0.00537334 1.55218 -2.46867 -0.0193218 3.03112 0.0429108 -0.0118295 0.0160115 -3.77388e-06 1.58232 -0.53113 0.324976 0.00788333 -0.322029 0.194845 -0.000403478 -0.133959 0.211744 0.159916 -1.12821 1.61095 -4.29167 0.281677 -0.592248 0.0598307 -0.49141 -0.0597139 -0.0185785 0.0789421 0.542635 10.613 -0.88097 -13.5357 -14.3656 -14.3626 10.724 2.40025 5.00103 -13.0672 -3.14056 4.28966 -8.62376 -0.693667 10.4505 5.65777 -3.31904 -10.2776 5.21581 0.13526 0.690281 0.334688 1.0884 1.28949 1.56121 -1.829 3.51335 1.02992 -2.74075 2.29728 -0.0410483 0.502419 1.19855 0.0978997 -1.4134 0.102395 3.27038 -7.31117 7.1038 -1.13467 0.171394 1.03423 -0.988836 5.71364 -0.690655 1.65011 0.799047 0.594205 1.77979 -0.594278 0.246083 1.49172 1.22861 0.107031 -0.570858 1.86551 -0.305278 -0.315328 2.39777 -0.174191 -1.31702 -0.107505 0.652602 0.804804 1.08647 0.539007 0.535016 0.0338771 -0.00560809 2.20016 3.7406 5.55382 -65.725 -1.0222 -6.72559
 4.92715e-10 -0.000132594 2.79147e-05 4.54761e-10 6.5651e-05 -5.44794e-05 1.47395e-05 4.05138e-06 -8.19826e-05 6.33388e-05 5.02126e-06 -0.000121359 1000 8.27648e-05 -6.29122e-06 -1.00245e-09 4.8526e-05 -1.8166e-06 2.85878e-10 3.68868e-05 -1.58071e-05 1.44421e-11 4.4909e-05 -9.79321e-06 -0.0002753 -0.00056336 0.000145766 -3.08946e-05 -0.000188262 0.000212088 -9.98859e-05 2.75417e-05 -0.000104169 -0.000139124 3.50466e-05 -4.82158e-05 0.000116417 3.00589e-05 -9.63651e-07 -0.000308233 0.000131909 3.14421e-06 -2.34675e-05 0.000169071 -1.96468e-05 3.15664e-05 4.22779e-05 -5.86978e-05 0.000100097 -2.26427e-05 -0.000215393 0.000161089 2.88603e-05 5.64999e-05 -5.36832e-06 1.51115e-06 0.000131407 -3.85052e-05 -4.20668e-05 5.80834e-05 -1.89523e-06 2.18827e-07 -3.03261e-05 3.97642e-06 1.21773e-06 -5.03702e-05 -1.00306e-06 2.48519e-07 -4.36929e-07 -5.33983e-10 7.32834e-05 -2.50152e-05 1.58984e-05 6.39194e-07 -1.91278e-05 2.37591e-05 3.76616e-06 -8.93974e-05 1.77156e-06 1.72799e-06 -1.32975e-05 -5.19321e-05 0.000223809 -1.46701e-05 7.71631e-06 -6.04922e-07 1.14885e-05 -9.79138e-07 -1.34364e-07 1.12313e-06 -6.13661e-05 -6.9812e-05 1.89031e-05 8.14031e-05 4.24333e-05 1.1847e-05 -8.47512e-06 -8.03326e-07 -0.000103168 -2.10976e-05 -6.55948e-06 0.000225204 0.000142771 -0.000111532 -8.25307e-05 5.19046e-05 3.28799e-05 6.23514e-05 4.49848e-05 -1.41353e-05 -0.000105608 -2.33377e-05 5.91917e-05 4.03293e-05 -4.10836e-05 -2.55572e-05 -7.84758e-05 3.82109e-05 3.21176e-05 2.02513e-05 3.72471e-06 -4.88574e-06 -3.08177e-05 9.81007e-07 -1.69286e-05 -2.58286e-05 -3.17958e-05 -2.96882e-05 -2.8034e-05 -3.51471e-05 -9.33456e-06 8.45006e-06 1.827e-05 3.60173e-05 2.60846e-05 2.11764e-05 1.12485e-05 5.56336e-07 -3.65739e-05 -4.14936e-05 -1.53697e-05 1.21096e-05 2.62589e-05 -4.00841e-06 -3.82168e-05 -7.28507e-07 -6.85268e-06 5.37717e-06 -2.2184e-06 -4.02496e-06 6.43632e-06 2.82077e-05 3.67931e-05 -1.47465e-05 -1.53656e-06 -9.36433e-06 -5.38659e-06 -4.28249e-06 5.33692e-06 3.30165e-05 6.23949e-05 8.89635e-05 -0.000769424 -0.000335745 -0.000117416
 -1.87938e-05 3.44877 -0.723997 -7.437e-06 -1.06777 0.884647 -0.313668 -0.0843714 1.71735 -1.45126 -0.110611 2.67802 8.27648e-05 997.905 -2.7782 1.70455e-05 -1.12264 0.0427533 -1.07643e-05 -0.745584 0.318804 -6.81054e-06 -0.899473 0.194886 8.34726 13.9383 -3.63421 0.81398 4.77551 -5.38122 3.16794 -0.612702 2.2449 4.76698 -0.0973909 -0.174694 -3.51468 -0.782756 0.0282239 6.5318 -3.14596 -0.0708194 0.863478 -4.87894 0.566324 -0.781231 -1.05787 1.46761 -2.15893 1.5231 4.4636 -3.67897 -1.23982 -0.669777 0.978849 -1.0849 -3.70473 1.71256 0.88953 -1.66206 0.0321858 -0.0025266 0.655859 0.123317 -0.0273544 0.94852 0.00810711 -0.00182661 0.0148877 1.03339e-05 -1.61686 0.550365 -0.306875 -0.0118275 0.356719 -0.631035 -0.0922801 2.19429 -0.0204212 -0.0313141 0.247173 1.47908 -8.54037 0.573476 -0.136689 0.00971893 -0.308178 0.0213459 0.00335625 -0.0249157 1.98725 1.93627 -0.157879 -1.54532 -0.712111 0.0190527 0.714101 0.265358 2.24059 0.298737 0.110033 -4.45137 -3.9989 1.83738 3.28506 -0.91654 -0.899676 -1.79187 -0.396063 0.575727 2.02838 0.359141 -1.45281 -1.39979 1.47873 1.19448 2.11181 -0.823333 -0.65483 -0.187456 0.0639209 0.157087 0.652135 0.12413 0.541403 0.671477 0.785031 0.597036 0.651903 0.801483 0.202273 -0.301296 -0.661625 -0.986367 -0.644303 -0.581412 -0.458627 -0.178754 0.417025 0.447576 0.0293592 -0.0926891 -0.240737 0.125224 0.637675 -0.139534 -0.0591666 -0.352054 -0.0799023 -0.0333079 -0.270131 -1.06978 -1.49712 -0.16031 -0.156683 0.0352349 -0.0294015 0.269561 -0.176985 -0.613087 -1.23841 -1.69186 14.5485 5.85227 2.16059
 2.18384e-07 -0.0264733 0.00547582 -4.82455e-10 -0.00825511 0.00688671 7.96327e-05 7.24675e-06 -0.000458375 -0.000137144 -2.27434e-05 0.000199641 -6.29122e-06 -2.7782 0.82516 2.4033e-07 -0.0059833 0.000317411 2.40339e-08 -0.00255438 0.00112525 5.69993e-08 -0.00395587 0.000915123 -0.0352096 -0.0598398 0.015543 -0.00613033 -0.0254755 0.0287069 -0.014103 -2.94508e-05 0.00121818 -0.0196082 -0.005801 0.0109691 0.00231501 -0.00158924 0.000152325 -0.0358913 0.00842524 0.000361324 -0.0114113 0.00688632 -0.000530415 0.000145129 -0.000443179 0.000603218 0.00394219 -0.00726057 -0.0184867 0.0156356 0.00228687 0.000143789 -0.00577014 0.00671313 0.00726617 -0.00730918 -0.00592665 0.00964528 -0.000396204 3.05055e-05 -0.000910678 -0.000652347 4.36693e-05 -0.00117773 0.000128961 -3.34518e-05 -4.60629e-05 6.15225e-08 -0.004051 0.00148427 -0.000383315 -1.52761e-05 0.000400593 0.00110873 0.000105855 -0.00285782 -0.000244541 -0.000204498 0.00133999 -0.00459173 0.0322672 -0.00215866 -0.000214927 2.95013e-05 0.000249745 -8.63845e-05 -1.30444e-05 0.000100292 -0.00748966 -0.00443487 -0.000804355 0.00242201 0.00161158 0.000399885 -0.00142453 -0.00124221 -0.00730885 -0.00357499 -0.00052751 0.0161302 0.0137834 -0.00632642 -0.0115597 0.00266347 0.00273133 0.00604782 0.00147521 -0.00250141 -0.00714201 -0.000939465 0.00568013 0.00530054 -0.00543532 -0.00457252 -0.00749609 0.00300765 0.002204 0.000329445 -0.00034158 -0.00070508 -0.00212241 -0.00058836 -0.00205067 -0.00243359 -0.00259558 -0.00230105 -0.00172816 -0.00305194 -0.000620867 0.00125477 0.00272072 0.00379723 0.00251635 0.0020902 0.00151463 0.00038412 -0.00162656 -0.00146082 0.000602629 0.000849227 0.00122276 -0.000451953 -0.00201555 0.000731499 0.000287669 0.00186321 0.000479583 0.000420991 0.00122616 0.00406378 0.00522968 0.000748983 0.000623267 0.000111475 0.000349372 -0.00111069 0.000672142 0.00213204 0.00489103 0.00549954 -0.0669913 0.00436736 -0.00619987
 -2.5862e-10 -6.89826e-05 1.44054e-05 -2.75287e-12 2.36308e-06 -1.8986e-06 8.81719e-06 2.58859e-06 -5.10681e-05 3.25014e-05 2.703e-06 -6.46493e-05 -1.00245e-09 1.70455e-05 2.4033e-07 1000 2.52438e-05 -3.61428e-06 -3.71828e-10 2.42838e-05 -1.03988e-05 -5.84499e-10 3.02373e-05 -6.6014e-06 2.97313e-05 -4.65646e-06 6.33134e-07 -1.00268e-05 -5.89328e-05 6.63567e-05 1.49201e-05 1.30551e-05 -5.4877e-05 6.672e-05 -2.35591e-06 -1.14528e-06 -2.41258e-05 6.67294e-06 -9.96877e-08 -9.03663e-05 2.39741e-05 7.06988e-07 -1.45107e-05 4.00829e-06 1.30911e-07 8.88567e-06 1.35589e-05 -1.87597e-05 7.08301e-05 -4.81139e-06 -0.00018169 0.000131404 -2.46514e-05 7.86728e-05 3.38847e-05 -4.64482e-05 1.49717e-05 2.68284e-05 -3.59932e-05 2.2288e-05 6.76029e-06 -5.00183e-07 -4.23682e-06 1.54712e-05 2.63876e-08 -1.60919e-05 -2.47912e-06 6.11156e-07 4.81007e-07 -4.21624e-10 3.68156e-05 -1.26085e-05 1.10399e-05 4.90441e-07 -1.46823e-05 1.42002e-06 1.02076e-06 -2.49385e-05 2.99514e-06 2.64037e-06 -1.96966e-05 -5.1734e-07 -0.00034847 2.43395e-05 1.41709e-05 -1.27491e-06 7.85698e-07 -8.80186e-07 -1.5525e-07 1.04423e-06 -2.08614e-05 -4.87332e-05 4.80496e-05 0.00011668 7.54902e-05 5.65625e-05 3.75409e-05 -2.32207e-07 -0.000151491 -9.92779e-05 -3.29954e-05 0.000240986 -1.39815e-05 0.000133375 -4.72141e-05 4.11484e-06 7.60138e-05 -2.58894e-05 4.26843e-05 -1.14737e-05 -3.2748e-05 -2.46966e-05 -1.62215e-05 9.83193e-06 9.15748e-06 4.53981e-05 -2.14732e-05 -7.33727e-06 -4.15384e-05 1.61822e-06 1.14788e-05 1.03886e-05 -8.87942e-06 -1.59234e-06 -1.58386e-05 -5.59017e-06 -1.32373e-05 -2.52117e-05 -2.85738e-05 -8.57213e-06 -1.05124e-05 -1.41034e-06 -2.19764e-06 1.19799e-05 6.07402e-06 -1.00997e-05 -1.02586e-05 -1.14363e-05 -1.39818e-05 -3.06889e-05 -3.87421e-05 -3.41369e-06 3.12929e-06 -7.20402e-06 2.58409e-06 7.52422e-06 -1.39589e-05 2.18247e-05 -8.37262e-07 -2.32312e-05 -1.25163e-05 -1.86905e-05 -1.17255e-05 -2.23484e-05 -5.48258e-06 -1.08753e-05 -9.46753e-06 8.18523e-06 1.66172e-06 2.48719e-05 4.53568e-05 6.27204e-05 -0.000536822 -0.000317007 -9.18728e-05
 -7.68614e-06 2.82194 -0.59027 -8.98914e-07 0.0146679 -0.0155984 -0.275831 -0.0753434 1.52117 -1.06123 -0.0830766 2.02957 4.8526e-05 -1.12264 -0.0059833 2.52438e-05 996.881 -46.7829 -2.21808e-07 -0.703217 0.301201 3.56343e-06 -0.842543 0.183984 3.48732 4.15814 -1.10444 0.452813 2.84064 -3.20197 1.85553 -0.376849 1.39429 2.36142 0.395009 -0.816295 -1.14041 -0.438146 0.0154129 2.75538 -1.33302 -0.0296672 1.18816 -2.43353 0.264282 -0.456288 -0.644368 0.891514 -1.39156 1.79524 3.25807 -2.90773 -0.365442 -1.18535 0.407964 -0.369045 -2.02744 0.891226 1.11987 -1.53779 -0.191085 0.0175939 -0.0221664 0.111706 -0.0127932 0.406896 0.034385 -0.00821733 -0.00258811 1.09329e-05 -1.20358 0.411521 -0.319344 -0.0135498 0.409129 -0.349443 -0.0618105 1.48567 -0.10768 -0.0721732 0.541236 0.575853 1.50043 -0.108878 -0.308095 0.0260846 -0.104127 0.0267651 0.00380217 -0.0308334 1.53826 2.43545 -0.719154 -2.77551 -1.70988 -1.01508 -0.42054 0.761143 3.30222 2.16718 0.705072 -6.49088 -2.47784 -0.397221 3.64996 1.22635 -3.4138 -3.26996 2.51552 -0.096522 1.09647 0.612271 0.225103 -0.279142 -0.574437 0.649108 0.621499 0.167548 0.598454 0.41459 0.0121475 -0.0274854 0.304766 0.203794 0.785087 0.506806 0.617364 0.629408 0.859823 0.524528 0.395283 0.241944 -0.198805 -1.358 -0.387542 -0.0747658 0.0767733 0.0725084 0.192603 0.225671 0.417454 0.128125 0.208581 -0.338403 -0.0642003 -0.000429755 0.238509 -0.637773 -0.893272 0.23503 0.10676 -0.371695 -0.741889 -0.581185 -0.307352 -0.044693 0.00278901 0.0572295 -0.136235 -0.636766 -1.09594 -1.61143 14.2363 7.40644 2.31651
 5.22082e-07 -0.145922 0.0304681 3.07475e-08 -0.0106451 0.00902331 0.0122487 0.00334586 -0.0677844 0.047116 0.00362257 -0.0888786 -1.8166e-06 0.0427533 0.000317411 -3.61428e-06 -46.7829 3.07339 2.38478e-08 0.0287766 -0.0122985 -1.19893e-07 0.0344298 -0.00748076 -0.169458 -0.205665 0.0545439 -0.0244248 -0.141279 0.159251 -0.0902073 0.0163874 -0.0599153 -0.114217 -0.0229993 0.0459225 0.0504352 0.018593 -0.000607507 -0.137177 0.0617686 0.00147237 -0.0612071 0.109094 -0.0116334 0.0195407 0.0274125 -0.0379148 0.0642157 -0.0869003 -0.157506 0.140659 0.0162017 0.0557128 -0.0202377 0.0185815 0.0927042 -0.0432044 -0.0554039 0.0759309 0.00882795 -0.000816332 0.00198349 -0.00545934 0.000573444 -0.0179233 -0.00141932 0.000336119 0.000130822 -4.15106e-07 0.0504327 -0.0171769 0.0139206 0.000590351 -0.0178968 0.0161195 0.0027808 -0.0671714 0.00441662 0.00300894 -0.0227453 -0.028035 -0.0713765 0.00517961 0.0140955 -0.00118909 0.00435984 -0.00128608 -0.000182264 0.00148113 -0.0735057 -0.116072 0.0318209 0.13212 0.0830308 0.0494187 0.0202182 -0.0364867 -0.156134 -0.107856 -0.0355125 0.310392 0.118322 0.0185625 -0.174082 -0.0587236 0.162773 0.156245 -0.120057 0.00454015 -0.0524414 -0.0290142 -0.0103583 0.0135557 0.0274271 -0.0311612 -0.0296718 -0.00794916 -0.0285249 -0.0198424 -0.000507388 0.00128896 -0.0143293 -0.00978128 -0.0374377 -0.02417 -0.0292918 -0.030207 -0.0405219 -0.0251509 -0.0187639 -0.0113852 0.00979031 0.0650429 0.0187376 0.00362031 -0.00368929 -0.00356034 -0.00930106 -0.0107914 -0.0194392 -0.00569668 -0.00958018 0.0160925 0.00313311 0.00014579 -0.0113549 0.0308722 0.0426356 -0.0110217 -0.00488668 0.0180183 0.0353373 0.0278339 0.0146857 0.00231696 6.34024e-05 -0.00282729 0.00651788 0.0303917 0.0529101 0.0766403 -0.695106 -0.329909 -0.109308
 -9.917e-10 2.399e-05 -4.99318e-06 3.44343e-11 2.5307e-05 -2.10941e-05 -1.06805e-06 1.52591e-07 -1.38173e-06 1.84755e-05 1.43021e-06 -3.21905e-05 2.85878e-10 -1.07643e-05 2.40339e-08 -3.71828e-10 -2.21808e-07 2.38478e-08 1000 -5.59898e-06 3.22477e-06 -4.74479e-10 5.14104e-06 -1.18869e-06 7.08093e-05 -1.09291e-06 -1.11121e-06 6.93649e-06 4.76825e-05 -5.37806e-05 6.86125e-05 5.34516e-06 -2.72269e-05 0.00014244 -4.28534e-05 6.04335e-05 -3.74652e-05 -2.99678e-06 3.0268e-07 -3.82555e-05 -5.52345e-07 1.25686e-07 -1.17294e-06 -3.87734e-05 4.89163e-06 -3.15014e-06 -2.83666e-06 3.90188e-06 3.33644e-05 1.51255e-05 -6.7406e-05 4.31445e-05 -3.44123e-05 2.05805e-05 6.4924e-05 -7.69186e-05 -2.68071e-05 2.45943e-05 -5.69127e-06 -5.96624e-06 5.40249e-07 1.26159e-07 -1.8466e-05 6.28051e-06 -3.11094e-08 -3.88074e-06 -1.63132e-06 3.99738e-07 3.12642e-07 -1.19273e-10 -2.43041e-06 7.85193e-07 -2.70912e-07 2.35327e-08 -9.38334e-07 2.66559e-07 2.27486e-07 -4.15662e-06 1.31749e-06 9.65481e-07 -6.74746e-06 5.27717e-06 -0.000325626 2.23933e-05 7.51668e-06 -7.00376e-07 6.36392e-07 -5.18053e-07 -1.80546e-07 7.04238e-07 2.24267e-06 -7.6463e-06 -3.27878e-05 -6.7566e-05 -2.09292e-05 1.86958e-05 4.01262e-05 0.000377312 -0.000163284 -8.3225e-05 -4.21872e-05 -5.98002e-05 -7.85537e-05 0.000116099 3.15418e-05 7.57975e-06 6.99441e-05 -2.33818e-06 -3.42063e-05 9.13751e-06 3.44833e-05 -1.13955e-05 -1.70469e-05 -1.01086e-05 -4.57163e-06 1.18627e-05 1.29854e-05 -1.08459e-05 1.92513e-06 5.72403e-07 1.0195e-05 1.17738e-05 4.7737e-06 7.92927e-06 -1.25003e-05 -6.04493e-06 1.1174e-07 1.89794e-08 5.07235e-07 -2.17846e-06 1.24782e-05 2.98668e-06 2.787e-07 -4.35264e-06 -1.87735e-07 -1.0228e-05 1.89284e-06 1.39742e-05 1.60797e-06 -4.2384e-05 -4.35468e-05 2.36671e-05 1.4991e-05 -8.5938e-06 7.93256e-06 1.47614e-05 -1.07281e-05 2.96875e-05 -1.15492e-05 -2.2218e-06 -9.55154e-06 -2.32728e-05 -2.14884e-05 -2.26629e-05 -6.54329e-06 -5.47721e-06 -4.02983e-06 3.73537e-06 -3.09386e-07 2.5966e-06 9.65751e-06 3.52716e-06 -4.67132e-05 -4.56822e-05 -1.01716e-05
 -2.55908e-05 2.50913 -0.526852 -8.83053e-06 -1.86361 1.54885 -0.346172 -0.0812269 1.63448 -1.3331 -0.125463 3.0405 3.68868e-05 -0.745584 -0.00255438 2.42838e-05 -0.703217 0.0287766 -5.59898e-06 838.419 -363.03 1.19568e-05 -1.75636 0.39275 -0.937567 4.78049 -1.18024 -0.18193 0.125269 -0.140529 0.128046 -0.684634 2.78985 -0.264377 2.63659 -4.33112 0.177628 -0.327416 0.00665371 0.606659 -0.346175 -0.00502317 -0.583641 -0.382962 0.0485469 -0.362655 -0.447494 0.620189 -0.528031 -0.965488 1.66684 -0.880019 1.04272 -3.23685 -1.47327 2.00108 -0.579379 -1.60301 0.64882 0.196247 -0.162569 0.0161571 -0.604847 -0.899466 0.0280134 -0.0931345 -0.0146388 0.00395306 -0.00898936 1.04013e-05 -1.32058 0.459671 -0.566861 -0.0266263 0.803617 -0.394549 -0.0655008 1.45721 -0.135323 -0.060541 0.43972 -1.53983 3.57361 -0.2285 -0.374404 0.0349643 0.121592 0.0382098 -0.00422886 -0.0343103 -0.448569 1.74136 2.10968 2.31919 -0.539969 -0.383073 -32.9371 14.3946 0.48861 3.22863 1.26882 3.6566 -6.32466 1.04601 2.20107 -1.04867 0.169323 -1.12916 -0.244656 -0.0819677 1.28153 0.289686 0.189243 0.586224 0.938867 0.15974 -0.179568 -0.523901 0.972646 -0.288127 -0.146392 -0.045412 0.664676 1.42377 -0.316453 -0.0326208 0.343533 0.228428 0.769624 -0.808077 0.135087 0.110182 0.437285 -0.427997 0.169865 0.607262 0.688485 0.452891 0.290119 1.13982 0.814337 -0.413686 -0.202956 -0.861754 -0.0881641 0.100197 -0.0344702 1.64082 -0.359829 0.468982 1.01724 0.417249 0.145365 -0.93956 -0.422859 -0.0285794 0.160964 -0.404932 0.0553819 -0.84977 -0.886869 -1.91596 19.2543 9.57344 3.08044
 1.12094e-05 -1.1009 0.231098 3.77875e-06 0.801832 -0.666392 0.149317 0.0350271 -0.705046 0.576196 0.0541352 -1.31227 -1.58071e-05 0.318804 0.00112525 -1.03988e-05 0.301201 -0.0122985 3.22477e-06 -363.03 158.754 -5.2205e-06 0.760222 -0.169993 0.406195 -2.08035 0.513631 0.0777626 -0.0584019 0.0655364 -0.0565368 0.295992 -1.20609 0.113992 -1.14824 1.8863 -0.0777809 0.139816 -0.00277959 -0.263738 0.149007 0.00219556 0.252401 0.162158 -0.0205332 0.155723 0.192371 -0.266581 0.228993 0.419305 -0.724066 0.382314 -0.452902 1.40582 0.640108 -0.869385 0.25045 0.695855 -0.282566 -0.0841993 0.0703024 -0.00699305 0.263537 0.390724 -0.0122077 0.0419199 0.00648263 -0.00174792 0.00383662 -4.4605e-06 0.570578 -0.198594 0.244913 0.0114988 -0.347152 0.171093 0.0284032 -0.631942 0.0575983 0.0260315 -0.189052 0.671454 -1.55104 0.0991607 0.162079 -0.0151378 -0.0520286 -0.0165979 0.00183932 0.0149017 0.194796 -0.753266 -0.917354 -1.01171 0.23288 0.173652 14.3113 -6.26009 -0.209789 -1.40156 -0.553122 -1.58745 2.74737 -0.455119 -0.955973 0.455321 -0.0741591 0.490209 0.106653 0.0355897 -0.556997 -0.125752 -0.0821127 -0.254582 -0.407682 -0.0693284 0.0778851 0.227538 -0.42257 0.125095 0.0635888 0.0196047 -0.288556 -0.618483 0.137513 0.0141975 -0.149114 -0.0995059 -0.334004 0.350824 -0.0587941 -0.0479014 -0.189841 0.185914 -0.0737149 -0.263899 -0.299203 -0.196922 -0.126182 -0.49507 -0.353348 0.179717 0.0882383 0.374029 0.0381773 -0.0436532 0.0147994 -0.71235 0.15611 -0.203759 -0.441758 -0.181103 -0.0634061 0.407966 0.183449 0.0124273 -0.0698889 0.175831 -0.0240544 0.369071 0.385872 0.831993 -8.37928 -4.13261 -1.33655
 -6.30289e-10 1.50097e-05 -3.10286e-06 1.55998e-10 3.69274e-05 -3.0755e-05 2.22342e-06 8.92694e-07 -1.73524e-05 9.79544e-06 9.51563e-07 -2.10215e-05 1.44421e-11 -6.81054e-06 5.69993e-08 -5.84499e-10 3.56343e-06 -1.19893e-07 -4.74479e-10 1.19568e-05 -5.2205e-06 1000 1.73808e-05 -3.8226e-06 0.000120121 -0.000113979 2.6143e-05 1.24879e-05 5.74721e-05 -6.48694e-05 8.6589e-05 9.98589e-06 -4.58744e-05 0.000173877 1.1332e-05 -3.12805e-05 -4.94738e-05 -2.78929e-06 4.63952e-07 -6.43563e-05 3.50307e-06 3.20754e-07 1.1402e-05 -5.14569e-05 5.99929e-06 -1.85704e-06 -2.5298e-06 3.40689e-06 1.77898e-05 6.68055e-05 -3.87907e-05 5.98916e-06 -5.69995e-05 3.57363e-05 0.000114488 -0.000135778 -3.23671e-05 4.93765e-05 -1.11625e-05 -1.30764e-05 -1.98006e-07 1.79385e-07 -1.4101e-05 8.8732e-06 1.52266e-08 -7.87963e-06 -1.72062e-06 4.35532e-07 4.37273e-07 -2.09127e-10 1.09566e-05 -3.95716e-06 3.71664e-06 2.02537e-07 -5.85042e-06 -1.79338e-06 2.45854e-07 -4.36491e-06 1.96694e-06 1.35633e-06 -9.64219e-06 1.47378e-05 -0.000309543 2.13617e-05 3.38996e-06 -3.48247e-07 -4.05071e-07 -5.60819e-07 -1.8232e-07 7.49196e-07 1.51088e-05 6.64419e-06 1.47393e-05 2.3515e-05 2.52102e-05 3.21905e-05 8.14102e-05 0.000102786 -8.58818e-05 -8.27876e-05 -3.60643e-05 -1.91338e-05 -1.57426e-05 9.91945e-05 7.88101e-05 -2.69163e-05 2.9909e-05 -5.24175e-05 0.000116055 -3.3835e-05 4.82799e-06 5.82177e-06 5.21973e-06 -2.82519e-06 4.41306e-06 4.42719e-05 1.40835e-05 2.40401e-06 -2.14468e-05 2.24518e-05 -3.1805e-07 5.30272e-06 -2.10339e-06 5.56987e-06 4.62654e-06 4.3721e-06 3.27269e-06 -1.22725e-05 7.57362e-06 -7.55456e-06 -9.95009e-07 -1.05399e-05 -1.79302e-05 -5.63518e-06 3.73646e-06 -7.77101e-06 1.06922e-05 7.52973e-06 -2.22686e-05 -9.62521e-05 -6.26542e-05 3.1267e-05 1.03686e-05 -4.50794e-06 -1.78706e-06 6.5697e-06 -1.27981e-05 -6.61641e-06 1.63314e-06 -1.95806e-05 -1.97998e-05 -3.53508e-05 -4.17189e-05 -2.88102e-05 -1.29455e-05 -1.2681e-05 -1.20455e-05 1.03606e-05 -1.5758e-06 1.08804e-05 1.29192e-05 2.14381e-05 -0.000232484 -0.000143926 -4.06106e-05
 2.70173e-06 1.39294 -0.29581 -1.10797e-05 -2.11068 1.75468 -0.355836 -0.102526 2.04277 -1.60352 -0.139443 3.34118 4.4909e-05 -0.899473 -0.00395587 3.02373e-05 -0.842543 0.0344298 5.14104e-06 -1.75636 0.760222 1.73808e-05 950.355 -213.223 -0.863075 11.9284 -2.96225 0.0639894 0.986833 -1.10857 -2.98719 -0.999494 4.28932 -3.03767 1.36672 -2.03473 0.389196 -0.385257 0.00187001 2.11286 -0.759961 -0.0183842 -2.12318 0.448435 -0.0223442 -0.358345 -0.445711 0.620963 -0.690955 -2.2101 1.28776 -0.202379 1.71368 -4.587 -2.83203 3.69821 -0.212151 -2.59258 0.540651 0.813557 -0.124059 0.00936773 0.0623639 -0.314722 -0.0188372 0.98441 0.0329519 -0.00837548 -0.0140244 1.40772e-05 -1.3899 0.486187 -0.483415 -0.02277 0.676863 -0.354098 -0.0684457 1.51382 -0.154832 -0.0815083 0.594621 -0.540042 3.02814 -0.205619 -0.26754 0.0260442 0.0341165 0.0349269 0.000294478 -0.0355445 -0.738296 0.984148 -0.41237 -1.72955 -1.55414 -1.00249 -8.93172 3.35601 1.47396 3.53251 1.52174 1.48047 -6.71826 -0.953878 4.29154 -0.160805 -2.12429 -6.80425 1.54059 0.735013 -0.733694 -0.510005 -0.344988 0.275237 -0.268183 -1.00803 -1.01468 0.481375 1.36462 -0.721853 -0.193916 -0.149841 0.211171 -0.233565 0.183227 -0.0023682 0.0965491 0.477531 0.208775 0.166489 0.270463 0.632141 1.04336 0.566418 0.244786 0.229368 0.154191 0.185895 0.343597 2.26003 1.58592 -0.493456 -0.26223 -0.0979427 0.364744 0.296699 0.358217 0.983592 0.105524 0.57515 2.15074 1.48335 0.678835 -0.437802 -0.00481903 0.297376 0.420427 -0.581259 0.0741073 -0.948106 -1.13492 -2.15395 21.3239 10.8863 3.44592
