 1000 0.00232288 -0.00045937 -1.36338e-09 -0.000128345 0.000107434 -3.63679e-06 -6.01277e-07 1.02656e-05 -8.4033e-05 -4.73363e-06 0.000106139 3.04563e-10 -1.47262e-05 1.98203e-07 -3.64458e-10 -3.76394e-06 3.19133e-07 -9.20184e-10 -2.16229e-05 9.30645e-06 -6.17623e-10 4.59194e-06 -9.33644e-07 1.98614e-05 -0.000317136 7.52083e-05 -5.90243e-05 -0.000211911 0.000231936 -4.73786e-06 -2.81196e-06 1.09131e-05 9.58439e-05 -0.000102811 0.000161234 -6.13697e-05 -1.19618e-06 5.93134e-07 -0.00011847 1.7377e-05 9.53376e-07 -1.63423e-06 -6.82562e-05 8.78313e-06 -6.02049e-06 -1.28657e-05 1.56973e-05 7.80892e-05 -5.76721e-05 -0.000229135 0.000175968 -6.27399e-05 9.25493e-05 9.94802e-05 -0.000119421 -3.24434e-05 1.90399e-05 -4.45933e-05 3.44948e-05 -1.22121e-06 3.64152e-08 2.93219e-05 4.23871e-06 -1.79771e-07 2.48573e-06 -3.35595e-06 7.76405e-07 2.59314e-07 -1.20844e-10 -8.18227e-06 3.18686e-06 1.78732e-06 4.20031e-08 -2.42194e-06 6.95649e-06 7.3135e-07 -1.59364e-05 4.00472e-06 3.39572e-06 -2.16776e-05 -7.66692e-06 -0.000289717 1.78352e-05 8.60908e-06 -8.27217e-07 -7.97843e-06 -1.1689e-06 -4.82747e-07 1.66482e-06 1.57781e-05 3.17808e-06 -7.81329e-05 -0.000205876 -0.000116119 9.69779e-06 6.30972e-05 0.000468335 -0.000201203 -0.000214945 -0.000107085 6.26793e-05 -6.77705e-05 -8.3466e-06 0.000102677 0.000125825 6.58617e-05 -6.69418e-05 -0.000169495 0.000241268 -0.00014392 3.47536e-05 -2.05378e-05 -1.62689e-05 1.68046e-05 3.71166e-05 1.53623e-05 -1.64945e-05 5.29981e-05 -4.38038e-05 1.42463e-05 -8.01127e-06 -1.08813e-05 1.08703e-05 8.46795e-06 -6.51503e-06 -1.3081e-05 0.000180808 -0.000134941 8.68149e-05 -5.1487e-06 1.33966e-05 2.5546e-05 1.27022e-06 2.73337e-05 -3.77317e-05 2.87895e-05 1.66522e-05 3.07585e-05 -2.12687e-05 -7.22826e-05 4.29029e-05 1.15759e-05 -7.5104e-06 7.15728e-08 -4.11954e-05 3.63924e-05 3.14125e-05 1.07664e-06 3.32316e-05 1.10246e-05 -5.33904e-05 -8.21474e-06 -3.30712e-05 -9.44862e-07 3.70233e-07 2.57068e-06 3.46989e-06 -4.11547e-07 2.01219e-05 3.25959e-05 4.0735e-05 -0.000577523 -4.07732e-05 -6.30593e-05
 0.00232288 525.635 -102.781 0.000245143 27.1299 -22.7076 1.00465 0.294246 -5.61847 17.1616 1.16902 -26.5219 -0.000114841 3.18226 -0.0263438 -5.83601e-05 2.45 -0.125378 2.68605e-05 2.09009 -0.902994 2.09209e-05 1.17597 -0.282515 19.0826 36.1653 -8.89961 6.82948 23.8237 -26.0984 13.0975 2.56809 -11.6855 10.6006 15.114 -25.4251 6.0239 0.720347 -0.103331 20.2158 -3.41251 -0.15502 9.86694 4.95918 -0.836721 2.05951 3.23802 -3.98488 0.456237 8.89925 12.0182 -11.0084 0.431847 -2.9545 2.69782 -2.80812 4.41654 4.54159 7.41636 -9.27961 0.128656 -0.00363046 -2.60422 1.87419 0.0295651 -2.3783 0.279683 -0.0630986 -0.0177926 -2.19098e-05 2.7743 -1.04521 0.92887 0.0406691 -1.13204 -0.910208 -0.0448376 1.20869 0.095143 -0.0900333 0.563896 -0.69982 -0.803379 0.0539224 1.37928 -0.116088 -0.0381256 0.106702 0.0184159 -0.126176 2.24085 -3.72716 3.82704 14.0304 11.1843 0.0583672 -30.0708 20.1346 -9.66821 14.6191 9.06702 0.119225 -1.05777 -1.44726 -4.47393 3.80974 4.09365 2.05282 -8.42068 4.08329 -1.23359 0.852285 -1.30153 -0.636562 -0.103667 -0.169413 0.257446 2.01221 0.80208 -0.583794 0.612995 0.491808 0.56073 -0.490344 0.917558 0.264509 -0.687896 3.04777 -6.05738 3.03944 -0.373017 -0.162052 -0.662006 -3.62986 -0.993029 -2.2074 -1.53199 -1.74285 0.159402 -0.411695 -1.34337 -1.72205 -1.60055 -0.529227 -0.386901 -2.20585 0.0797151 -1.43951 -3.684 -0.583677 -0.0327628 -2.21431 -0.795938 -1.16901 -1.10091 -0.850022 -0.899829 0.627968 -0.118118 -2.15661 -4.31761 -5.01444 77.8486 -19.3176 5.50137
 -0.00045937 -102.781 21.21 -4.84723e-05 -5.35952 4.48589 -0.201991 -0.059002 1.12781 -3.3871 -0.230957 5.23985 2.33822e-05 -0.645315 0.00524772 1.17906e-05 -0.495372 0.025285 -5.39057e-06 -0.42504 0.183555 -4.16472e-06 -0.242588 0.0581725 -3.7642 -7.1358 1.75597 -1.35152 -4.70124 5.15014 -2.58067 -0.50969 2.31785 -2.09164 -2.98335 5.0186 -1.19548 -0.151836 0.0208298 -3.98837 0.663297 0.0306509 -1.95236 -0.993417 0.167006 -0.411881 -0.645688 0.794642 -0.0928654 -1.75433 -2.36907 2.17008 -0.0872976 0.580652 -0.532841 0.554854 -0.873244 -0.89611 -1.46366 1.83133 -0.0258478 0.000751581 0.513957 -0.369235 -0.00590909 0.471375 -0.0550169 0.0124113 0.00358082 4.43665e-06 -0.565339 0.212764 -0.188393 -0.00823124 0.229515 0.177881 0.0084908 -0.230971 -0.0197294 0.0173816 -0.108835 0.142218 0.158724 -0.0106671 -0.272948 0.0229715 0.00630006 -0.0210409 -0.00362709 0.0248766 -0.441991 0.734416 -0.753545 -2.76482 -2.20748 -0.00841638 5.92982 -3.97357 1.90723 -2.8812 -1.78625 -0.023468 0.208883 0.285184 0.881454 -0.752068 -0.807724 -0.404424 1.66147 -0.806536 0.24373 -0.168354 0.25686 0.125705 0.0202706 0.0332237 -0.0511416 -0.396611 -0.158485 0.115104 -0.120824 -0.0970137 -0.110241 0.0962694 -0.180859 -0.0520731 0.135801 -0.602331 1.19535 -0.599869 0.0734876 0.0319084 0.130647 0.715784 0.195841 0.435079 0.301589 0.343301 -0.0317345 0.0809162 0.265549 0.339608 0.315876 0.104057 0.0763084 0.435111 -0.0161068 0.284428 0.725974 0.114911 0.00651725 0.437076 0.15661 0.230528 0.216808 0.167695 0.17751 -0.12389 0.0232935 0.42509 0.852405 0.988343 -15.3742 3.85197 -1.08201
 -1.36338e-09 0.000245143 -4.84723e-05 1000 -0.00137427 0.00115316 -9.04844e-07 5.66489e-08 3.51259e-06 0.000102816 7.3727e-06 -0.000165172 5.95213e-10 -1.0657e-05 -1.04405e-08 6.36264e-11 -2.79819e-06 9.69441e-08 8.36211e-11 -1.11824e-05 4.69914e-06 1.94937e-10 -1.40106e-05 3.14463e-06 0.000102342 7.71615e-05 -1.97214e-05 8.88247e-06 2.61983e-05 -2.893e-05 0.000184292 1.81183e-05 -9.08205e-05 0.00022319 5.73552e-06 -2.47651e-05 1.85637e-05 -7.64949e-06 2.12219e-07 4.02768e-05 -1.2298e-05 1.0938e-07 8.76813e-05 -1.36896e-05 5.12437e-07 3.29819e-06 3.88109e-06 -4.90992e-06 1.7119e-06 3.70514e-05 -2.38715e-05 5.94978e-06 -2.61099e-05 -2.69388e-05 9.30493e-05 -0.000102263 2.64991e-05 5.63042e-06 4.9925e-05 -5.05198e-05 -1.84512e-06 1.99343e-08 9.9465e-06 -5.85227e-05 5.7165e-06 -0.000134128 -5.20653e-06 1.13443e-06 7.15893e-07 1.0527e-10 -2.1803e-05 7.69704e-06 -3.58233e-06 -1.23833e-07 3.9427e-06 -1.59677e-05 -1.65829e-06 3.63739e-05 1.60918e-06 -4.60074e-08 9.04814e-08 -8.68367e-06 -0.000140727 8.40395e-06 2.74713e-05 -2.27195e-06 -1.52121e-06 -1.12331e-07 -1.24021e-07 2.37965e-07 -2.75069e-05 -3.01771e-05 -1.05724e-05 -1.69549e-05 -7.23164e-06 1.06147e-05 8.9456e-05 -4.69124e-05 -5.68544e-05 6.78531e-05 2.47516e-05 -3.50921e-05 1.82853e-06 4.70155e-05 -3.76316e-05 0.000120837 -3.5899e-05 -1.92188e-06 -1.61493e-05 -1.18949e-06 8.66133e-06 6.05128e-06 1.18027e-05 -7.8263e-06 2.28142e-05 -2.59026e-05 -3.83537e-06 4.82022e-06 4.18969e-05 -4.39696e-05 -2.81058e-05 3.82589e-05 4.66716e-05 5.36633e-05 -7.85131e-05 -0.000215008 -8.53221e-05 0.000140866 -5.42485e-05 0.000146641 -1.03864e-05 1.04053e-08 2.34369e-05 1.49985e-05 9.48102e-06 -5.93755e-06 2.19581e-05 -1.30904e-05 6.25094e-05 -4.52096e-05 -0.000100933 -1.69842e-05 -6.76824e-05 6.57572e-05 6.76843e-05 2.414e-06 -5.38964e-06 -2.00499e-06 -2.55072e-05 6.80877e-05 4.85561e-05 -0.000115233 4.71733e-05 -3.05669e-05 -5.78297e-06 -2.15137e-06 -2.8174e-06 -4.33821e-06 1.19612e-06 -2.07424e-05 -5.16391e-05 -6.22003e-05 0.00062681 -1.29084e-05 6.12e-05
 -0.000128345 27.1299 -5.35952 -0.00137427 417.907 -348.316 0.135387 0.0478675 -0.668311 11.4768 0.779356 -17.6349 7.31118e-05 -1.35255 -0.00760275 1.07157e-05 -0.262715 0.00196214 2.1933e-05 -1.92604 0.813586 3.34236e-05 -2.12371 0.481663 11.8927 21.1485 -5.21624 4.30524 14.3861 -15.7648 13.0098 0.877807 -4.63208 9.07735 9.27886 -15.7789 1.54271 -1.13991 0.015581 10.2232 -3.38882 -0.0676485 5.80423 -0.185196 -0.11709 0.120535 0.405447 -0.50261 -1.48227 2.98929 -1.18281 -0.00992586 0.83536 -3.48904 1.29605 -1.18595 2.55127 2.71503 4.90921 -5.99458 -0.106716 0.0136619 -2.58929 -1.62905 0.280404 -7.95668 -0.462903 0.106369 0.0664658 1.34189e-05 -2.19808 0.77525 -0.191514 -0.00530469 0.215285 -1.5146 -0.13542 3.0999 0.0947427 -0.0366409 0.235208 -1.85345 -2.29492 0.147141 1.67821 -0.139861 -0.00319905 0.0531747 0.00941598 -0.063119 1.16035 -0.959478 0.851067 2.02612 0.93686 1.83645 2.77947 -1.15192 -1.79357 7.38106 2.32933 -1.91697 -0.62876 0.808918 -1.77815 3.16876 -0.284465 -0.591871 -0.913592 1.29612 0.0862792 -0.459667 -0.895724 -1.58702 0.470425 0.499556 -0.203773 0.0272881 2.46414 -1.02566 -1.59668 -0.492811 -0.343182 2.66177 3.1017 -1.60298 -1.31068 3.82184 -7.6975 3.0058 0.29753 0.0593541 -0.443745 -1.14503 -0.634893 -0.296813 -0.354217 -1.55453 0.523492 0.416856 0.0681582 -0.871396 -1.3369 -0.186162 -0.119398 -0.500519 0.482476 -0.545944 -3.54116 -0.226347 1.47996 -2.15235 -0.1671 -0.981332 -0.749991 -0.49836 -0.500734 0.276694 -0.059871 -1.82989 -3.35882 -4.27024 60.7712 -8.59206 5.07529
 0.000107434 -22.7076 4.48589 0.00115316 -348.316 292.851 -0.114668 -0.0404306 0.566838 -9.60567 -0.652396 14.7622 -6.09955e-05 1.12728 0.00637614 -8.8936e-06 0.216349 -0.0014814 -1.83797e-05 1.60881 -0.679573 -2.79804e-05 1.77432 -0.40241 -9.95191 -17.6987 4.36534 -3.60502 -12.0394 13.1933 -10.887 -0.735557 3.88038 -7.59698 -7.76527 13.2051 -1.29235 0.95156 -0.0129329 -8.55393 2.83357 0.056617 -4.8581 0.151583 0.0984131 -0.102483 -0.341189 0.422948 1.24109 -2.50157 0.989892 0.00824629 -0.699713 2.91945 -1.08476 0.992662 -2.13532 -2.27197 -4.10855 5.01679 0.0890744 -0.0114147 2.1666 1.36403 -0.234723 6.66019 0.387551 -0.089053 -0.0556815 -1.11948e-05 1.8337 -0.646665 0.158506 0.00436938 -0.178084 1.26673 0.113189 -2.59127 -0.0796219 0.0305369 -0.196034 1.5526 1.91976 -0.123095 -1.4048 0.117074 0.00253402 -0.0444978 -0.00787796 0.0528179 -0.970751 0.802946 -0.712021 -1.69516 -0.783942 -1.53666 -2.32627 0.964381 1.50117 -6.17752 -1.94918 1.60449 0.526042 -0.677177 1.48822 -2.6522 0.238192 0.495226 0.764717 -1.08448 -0.0723873 0.384589 0.74947 1.32808 -0.393734 -0.417744 0.170474 -0.0228849 -2.06213 0.858406 1.33641 0.412221 0.287121 -2.22774 -2.59498 1.3425 1.09723 -3.19893 6.44154 -2.5159 -0.248966 -0.0496727 0.371265 0.958075 0.531285 0.248245 0.296181 1.3008 -0.438352 -0.348809 -0.0565311 0.729314 1.11917 0.155338 0.0996164 0.418803 -0.403812 0.457195 2.96309 0.189055 -1.23859 1.80165 0.139372 0.821236 0.627483 0.417068 0.419059 -0.231512 0.0500901 1.5313 2.81144 3.57347 -50.8674 7.20891 -4.24612
 -3.63679e-06 1.00465 -0.201991 -9.04844e-07 0.135387 -0.114668 999.823 -0.0898346 0.969697 0.363789 0.00587046 -0.0867714 1.50269e-05 -0.330727 8.49682e-05 9.47689e-06 -0.292266 0.012577 -1.15843e-06 -0.365709 0.154865 2.10187e-06 -0.373041 0.0848573 0.111847 0.6389 -0.155836 0.0379288 0.797303 -0.87415 1.09634 -0.135021 0.486555 0.94407 0.168819 -0.33892 -0.0641124 -0.13975 0.0049544 -0.427594 0.00394437 0.00268647 -0.170619 -0.34452 0.0429525 -0.178085 -0.215917 0.263702 0.166106 -0.329532 -0.394011 0.369494 -0.0106137 -1.71071 0.658333 -0.59741 -0.322564 -0.33664 0.139428 0.0363262 -0.0546599 0.00457219 -0.165841 0.0711512 -0.0057995 0.143269 -0.003529 0.000810699 -0.00366288 3.45823e-06 -0.558923 0.200575 -0.202449 -0.00822652 0.257445 -0.101445 -0.0194724 0.416623 -0.00326531 -0.00888866 0.054574 0.0995454 -0.393481 0.0236389 -0.211644 0.0171828 0.0609465 0.00296737 2.90268e-05 -0.00302318 -0.291694 -0.205897 -0.178333 -0.370404 -0.249668 -0.0489337 0.43081 0.861531 -1.25986 0.382351 0.239835 0.21394 0.472798 -0.176653 -0.217727 0.0808217 0.240325 -0.21767 -0.0309608 -0.0298925 -0.0172003 -0.0208441 -0.0532934 -0.0324846 -0.0866087 -0.158743 0.334281 -0.478634 0.12077 -0.0426852 0.0133556 -0.0648286 0.0453891 -0.0586505 -0.0510321 -0.0551284 -0.145256 0.0805443 0.293615 -0.215448 0.0471135 0.0772077 0.126066 -0.628467 0.222007 -0.201416 0.0910419 0.192113 -0.357662 -0.0858163 -0.0275116 0.306144 -0.148317 0.162987 0.203876 -0.0336781 0.0733016 0.024608 0.121758 0.0330182 0.385765 0.431751 0.0504664 -0.107867 -0.0828103 0.034137 0.0375394 -0.0995539 0.0132747 -0.385639 -0.586392 -0.922104 8.44504 4.72038 1.41552
 -6.01277e-07 0.294246 -0.059002 5.66489e-08 0.0478675 -0.0404306 -0.0898346 3.269 -48.6722 0.0983075 0.0014522 -0.0209154 3.85109e-06 -0.0829909 6.23443e-06 2.58534e-06 -0.0747055 0.00321536 9.30005e-08 -0.0813461 0.0344369 7.82665e-07 -0.0994785 0.0226857 -0.00169311 0.298412 -0.0716465 0.0186754 0.230662 -0.252745 0.248564 -0.0427042 0.161057 0.172334 0.116391 -0.201473 -0.00829216 -0.0353998 0.00103736 -0.102807 0.00119402 0.000474915 -0.0675178 -0.0712232 0.00893997 -0.0428621 -0.0551871 0.0673189 0.0465964 -0.103194 -0.149481 0.13406 0.04078 -0.498855 0.0988271 -0.0696178 -0.0874773 -0.101606 0.0219761 0.029401 -0.0145962 0.00157077 -0.110855 0.0686941 -0.00153583 -0.00189421 -0.000778585 0.000186305 -0.00112892 9.62947e-07 -0.144478 0.0518643 -0.0517294 -0.00209275 0.0655186 -0.032347 -0.00579012 0.121539 -0.00524222 -0.00339 0.0208576 0.0343326 0.036298 -0.00196273 -0.0408216 0.00331519 0.0206592 0.00117807 0.000382365 -0.00157299 -0.0774492 -0.0760694 -0.0460162 -0.0673913 -0.0381513 -0.00712329 0.344124 -0.0288048 -0.343922 0.14089 0.0929637 0.229208 0.10001 -0.0429915 -0.196255 -0.064437 0.111231 -0.0507068 0.00667098 -0.014645 -0.0151849 -0.0165275 -0.0281822 -0.0121458 -0.0295866 -0.0947876 0.166038 -0.122097 0.01762 -0.0306771 0.0423563 -0.0259938 0.0195736 -0.02321 0.0051962 -0.00666868 -0.0786263 0.00675863 0.0228325 -0.0472312 0.0231919 0.035505 0.0361085 -0.114347 0.0229064 -0.0147492 0.00963533 -0.026231 -0.0915426 0.0325503 0.062992 0.0759525 -0.00708209 0.0304139 0.00931075 -0.0500842 -0.0540812 0.113002 -0.0198473 0.0885328 0.160841 0.0460958 -0.0516583 -0.0344953 -0.0220621 0.00642421 0.0118071 -0.027635 0.00347337 -0.105604 -0.125296 -0.235123 2.32489 1.28822 0.388543
 1.02656e-05 -5.61847 1.12781 3.51259e-06 -0.668311 0.566838 0.969697 -48.6722 992.048 -1.86849 -0.0152849 0.102964 -8.18519e-05 1.77416 -0.000479173 -5.36176e-05 1.58353 -0.0684153 -3.13375e-07 1.71908 -0.727998 -1.59768e-05 2.08399 -0.475457 0.0600982 -5.86557 1.40828 -0.300972 -4.51856 4.95105 -5.01147 0.917658 -3.48384 -3.46678 -2.22603 3.86417 0.178963 0.796119 -0.0245707 2.08554 0.0269566 -0.0101097 1.40385 1.58309 -0.199143 0.938115 1.18538 -1.44792 -0.99083 2.08339 3.00787 -2.69856 -0.773506 10.0238 -1.99943 1.41398 1.78248 2.05028 -0.420069 -0.615997 0.298381 -0.0319505 2.20155 -1.37543 0.0316372 0.00845422 0.0136929 -0.00330294 0.0238449 -2.09169e-05 3.082 -1.1074 1.11427 0.0453047 -1.41265 0.652677 0.117282 -2.4606 0.105824 0.0667948 -0.410871 -0.805387 -0.678291 0.0368895 0.833546 -0.0676913 -0.427096 -0.0234959 -0.00766272 0.0314093 1.55642 1.53601 0.914439 1.3496 0.796876 0.14554 -6.90666 0.544273 6.89784 -2.75585 -1.80197 -4.62183 -2.01359 0.864612 3.93052 1.29191 -2.22836 1.02746 -0.144798 0.28946 0.308957 0.333536 0.566781 0.244605 0.590861 1.89531 -3.33418 2.45501 -0.352486 0.611928 -0.852898 0.5214 -0.398146 0.466733 -0.104528 0.131881 1.57452 -0.12753 -0.478459 0.95361 -0.468504 -0.716078 -0.730609 2.29945 -0.468757 0.299869 -0.19317 0.525416 1.84692 -0.648589 -1.27206 -1.53979 0.136748 -0.611563 -0.191918 1.00321 1.08553 -2.27835 0.395097 -1.77893 -3.23679 -0.935923 1.0414 0.694348 0.444993 -0.133086 -0.241149 0.557109 -0.0698959 2.12201 2.50331 4.72463 -46.3401 -26.4498 -7.8374
 -8.4033e-05 17.1616 -3.3871 0.000102816 11.4768 -9.60567 0.363789 0.0983075 -1.86849 881.634 -7.50258 154.389 5.94521e-05 -1.38358 -0.000599354 3.19969e-05 -0.982115 0.0417578 1.58659e-05 -1.18013 0.500224 8.20555e-06 -1.4723 0.337204 7.14031 7.40524 -1.86639 2.15449 5.69682 -6.24712 6.1036 1.00861 -4.6867 6.21343 3.84558 -6.71054 1.32232 -0.226126 -0.00817208 5.50483 -1.75349 -0.0322017 3.36874 0.154542 -0.0904543 0.498787 0.662728 -0.81846 0.937491 1.43605 -3.96376 2.33929 -0.40781 -2.29603 2.25479 -2.35084 2.09565 2.52614 1.48598 -2.65652 0.449198 -0.0287422 -2.14428 4.15944 0.0305709 -4.23568 -0.0509012 0.0116798 -0.00614269 -6.8199e-06 -0.29466 0.0922826 0.224474 0.0140717 -0.372661 -0.4354 -0.0367439 1.03986 -0.331945 -0.27547 1.7406 0.0137888 -5.99148 0.367919 -0.159805 0.00974383 0.39464 0.00702153 -0.00842145 0.0013795 -0.160409 -3.22814 -2.72178 0.220986 6.7986 8.48569 -9.66656 -1.99448 -2.38867 24.8694 7.51825 -11.6904 3.22718 -1.64889 -3.43618 2.82898 8.66754 14.2506 -16.4002 1.17122 2.2685 0.869306 -0.532313 -0.883352 -0.851445 2.7699 -5.19042 0.284947 3.40405 -3.43833 0.742863 0.10722 -1.72781 0.0530908 -0.112655 1.1054 -5.27864 9.35485 -10.9776 7.25266 -2.14044 -1.06051 1.37533 -5.53577 0.293734 -3.56537 -1.44391 1.06046 -0.260851 -0.374485 -0.927516 -1.30327 -1.39226 1.0428 -0.0854282 -2.87152 0.0669036 0.949732 -1.52796 0.047545 -2.12349 1.00206 1.57918 -1.58248 -3.03322 -1.07361 -1.02573 0.238217 -0.0136059 -0.983794 -1.51622 0.671932 36.1654 -9.52958 2.47956
 -4.73363e-06 1.16902 -0.230957 7.3727e-06 0.779356 -0.652396 0.00587046 0.0014522 -0.0152849 -7.50258 2.4175 -34.9503 4.7224e-06 -0.106498 -5.21567e-05 2.63122e-06 -0.0785832 0.00328893 1.1339e-06 -0.114013 0.0482556 8.02763e-07 -0.130729 0.0298239 0.295289 0.800126 -0.195206 0.172314 0.56683 -0.621172 0.376916 0.0248452 -0.130162 0.198138 0.408096 -0.680275 0.0738295 -0.0313828 3.89511e-06 0.162477 -0.0742569 -0.00122628 0.0429958 0.0302734 -0.00589311 0.000864403 0.0121445 -0.0151456 -0.101303 0.0758775 0.0260085 -0.0380691 0.0525276 -0.291999 -0.00192903 0.0259453 0.0664525 0.0124718 0.15378 -0.153563 0.00030304 0.000117077 -0.0844456 0.104161 0.00138811 -0.126863 -0.000113257 6.20116e-05 -0.000435869 2.446e-08 -0.0566764 0.0195768 -0.0110387 -0.000206891 0.00985194 -0.00578791 0.000639666 -0.00741755 -0.00769952 -0.00632287 0.0395408 -0.052905 0.203106 -0.0119553 0.027086 -0.00244357 0.0221971 0.00249302 0.000682143 -0.00320116 -0.0201765 -0.378802 -0.078149 0.406672 0.660366 0.648666 -0.488213 -0.0587576 -0.250801 0.559584 0.110513 -0.167912 0.37423 0.0450931 -0.442414 -0.254333 0.123029 0.435721 -0.197847 -0.00747374 -0.0260163 -0.00988177 -0.0445157 -0.0515172 -0.0672346 0.075112 -0.139866 -0.0451558 0.117102 -0.0927591 0.00374623 -0.0192605 -0.0468006 -0.00461379 0.0640726 0.00410728 -0.132471 0.311336 -0.301092 0.0451241 -0.00174413 -0.040105 0.0477909 -0.242341 0.0338131 -0.0642708 -0.0300691 -0.0223086 -0.0702993 0.0280306 -0.0155585 -0.064083 -0.0477082 -0.00448148 0.0285026 -0.0761392 0.0168819 0.0203851 -0.102419 0.0112551 0.0650479 0.00670528 -0.0283998 -0.0300735 -0.0405137 -0.0183523 -0.0184 -0.00379025 9.55366e-05 -0.0993159 -0.164241 -0.239426 2.93118 0.0983784 0.306409
 0.000106139 -26.5219 5.23985 -0.000165172 -17.6349 14.7622 -0.0867714 -0.0209154 0.102964 154.389 -34.9503 792.144 -0.000111923 2.53065 0.000857562 -6.1757e-05 1.88472 -0.0792906 -2.47962e-05 2.71547 -1.14969 -1.72213e-05 3.07821 -0.702517 -6.79096 -17.9943 4.39225 -3.88027 -12.7494 13.9719 -8.71161 -0.511964 2.75001 -4.63481 -9.12712 15.228 -1.68355 0.821492 -0.00475904 -3.7486 1.78156 0.0274623 -0.994914 -0.513776 0.112648 0.0561458 -0.213403 0.265336 2.28958 -1.74987 -0.383941 0.727952 -1.10676 6.57509 -0.0293169 -0.502426 -1.5543 -0.361891 -3.46476 3.49946 -0.0240131 -0.00149099 1.97492 -2.46168 -0.0328504 3.00021 -0.00710875 0.0007823 0.0123793 -1.31988e-06 1.4139 -0.49068 0.309371 0.00709758 -0.294772 0.0821146 -0.0198454 0.275904 0.167135 0.13972 -0.87437 1.30255 -4.32951 0.254188 -0.602342 0.0544585 -0.49153 -0.0556539 -0.0149052 0.0711376 0.461149 8.61531 1.71923 -9.21963 -14.6878 -14.5143 11.126 1.40443 5.76027 -13.6798 -2.66402 4.18912 -8.46591 -0.949004 9.98741 5.57782 -3.03934 -10.2213 4.98273 0.125779 0.501743 0.188292 1.01041 1.18254 1.53039 -1.77439 3.30672 0.99354 -2.72609 2.18642 -0.108712 0.425492 1.10599 0.0970681 -1.42258 -0.127237 3.13557 -7.27056 7.08879 -1.25162 0.108144 0.927459 -1.11479 5.58744 -0.76898 1.54848 0.71811 0.464529 1.58239 -0.615927 0.368953 1.46449 1.10977 0.0640079 -0.633737 1.79082 -0.38174 -0.484623 2.33001 -0.254934 -1.38189 -0.184743 0.577117 0.720162 1.00043 0.444737 0.443892 0.0771977 -0.0019379 2.24319 3.70838 5.30267 -66.6041 -1.63075 -6.88943
 3.04563e-10 -0.000114841 2.33822e-05 5.95213e-10 7.31118e-05 -6.09955e-05 1.50269e-05 3.85109e-06 -8.18519e-05 5.94521e-05 4.7224e-06 -0.000111923 1000 8.17641e-05 -6.35432e-06 -1.0082e-09 4.73307e-05 -1.71457e-06 2.73859e-10 3.6625e-05 -1.54098e-05 4.45752e-11 4.36186e-05 -9.75101e-06 -0.000266278 -0.000538426 0.000133303 -2.80117e-05 -0.000182375 0.000199772 -9.9086e-05 2.51994e-05 -9.75991e-05 -0.000133323 2.98832e-05 -3.99584e-05 0.000112637 2.66086e-05 -7.67474e-07 -0.000295302 0.000127636 2.74993e-06 -2.61069e-05 0.000159787 -1.78508e-05 3.3485e-05 4.33385e-05 -5.31339e-05 0.000103699 -4.28906e-05 -0.000210994 0.000158768 2.64498e-05 5.63854e-05 -1.29959e-05 1.03407e-05 0.000117958 -4.37021e-05 -3.82087e-05 5.26959e-05 -7.15715e-07 7.28182e-08 -1.07812e-05 -6.16534e-07 1.2177e-06 -4.17501e-05 -2.40376e-07 4.63724e-08 -3.2871e-07 -3.66969e-10 6.9591e-05 -2.46956e-05 1.64963e-05 6.31488e-07 -1.92646e-05 2.39511e-05 3.7765e-06 -8.43343e-05 3.18662e-06 2.4214e-06 -1.61294e-05 -5.43695e-05 0.000224369 -1.30684e-05 4.89925e-06 -3.13612e-07 7.87624e-06 -9.13026e-07 -9.26767e-08 1.01422e-06 -6.12581e-05 -5.46336e-05 8.53479e-06 5.95497e-05 3.15587e-05 3.06541e-06 7.91422e-07 1.40899e-05 -9.64244e-05 -6.00477e-05 -2.28759e-05 0.000201088 0.000145718 -8.28612e-05 -7.09781e-05 5.85774e-05 5.07046e-05 7.15146e-05 4.5135e-05 -1.00699e-05 -9.21794e-05 -1.31848e-05 6.04652e-05 4.10796e-05 -3.33317e-05 -2.76376e-05 -8.68933e-05 3.30859e-05 2.99337e-05 1.80494e-05 5.7802e-06 1.95902e-06 -2.68019e-05 8.94056e-07 -1.75485e-05 -2.46924e-05 -2.6976e-05 -3.36569e-05 -2.46268e-05 -3.89731e-05 -1.24615e-05 3.44143e-06 1.44676e-05 3.43388e-05 2.51397e-05 2.05295e-05 1.43189e-05 -4.82954e-07 -3.07616e-05 -3.95479e-05 -1.4885e-05 1.07482e-05 2.04401e-05 -2.53531e-06 -3.52614e-05 1.0624e-06 -5.33269e-06 1.74586e-06 -3.67852e-06 -7.40914e-06 1.90869e-06 2.42867e-05 3.60582e-05 -1.48529e-05 -2.04977e-06 -9.69329e-06 -5.66879e-06 -4.94885e-06 2.7235e-06 3.30009e-05 5.80033e-05 7.9089e-05 -0.000770818 -0.00033249 -0.000117327
 -1.47262e-05 3.18226 -0.645315 -1.0657e-05 -1.35255 1.12728 -0.330727 -0.0829909 1.77416 -1.38358 -0.106498 2.53065 8.17641e-05 997.847 -2.83955 1.78694e-05 -1.13342 0.041809 -1.07204e-05 -0.778282 0.326811 -7.36547e-06 -0.905261 0.201189 8.4791 13.8522 -3.45671 0.778582 4.84575 -5.30931 3.2582 -0.580878 2.17664 4.85748 -0.0307909 -0.277131 -3.54254 -0.713445 0.0231439 6.58499 -3.18382 -0.0650619 0.934308 -4.78897 0.535072 -0.867927 -1.12579 1.37993 -2.33728 2.05731 4.56685 -3.76783 -1.22282 -0.710628 1.15329 -1.25087 -3.46013 1.92721 0.901951 -1.63832 -0.000813258 0.000983074 0.234 0.0961137 -0.0246723 0.804418 -0.00713023 0.00190761 0.0127097 6.70123e-06 -1.58537 0.561142 -0.334167 -0.0123059 0.376449 -0.627655 -0.0932639 2.08817 -0.0522412 -0.0449431 0.304311 1.67988 -8.61402 0.514274 -0.0900395 0.00487817 -0.235829 0.0214188 0.00238701 -0.0240101 2.03827 1.72864 0.114875 -0.957815 -0.342502 0.32209 0.50934 0.11217 2.18788 1.07928 0.451749 -3.99679 -4.09003 1.35595 3.2561 -1.08688 -1.11982 -1.97218 -0.436763 0.604714 2.05143 0.420355 -1.48132 -1.55638 1.3617 1.24274 2.23329 -0.775346 -0.666762 -0.157721 -0.0240334 0.0410502 0.638618 0.184985 0.553274 0.720377 0.798228 0.546963 0.661065 0.822874 0.218704 -0.271365 -0.649031 -1.0064 -0.65265 -0.592812 -0.517333 -0.258508 0.31908 0.328456 -0.0415116 -0.14203 -0.234458 0.0555251 0.557999 -0.207764 -0.137504 -0.389222 -0.170429 -0.0927701 -0.294367 -1.09856 -1.57444 -0.233162 -0.214355 -0.00701701 -0.0667352 0.331102 -0.0920046 -0.637499 -1.19162 -1.55369 15.143 6.04937 2.24684
 1.98203e-07 -0.0263438 0.00524772 -1.04405e-08 -0.00760275 0.00637614 8.49682e-05 6.23443e-06 -0.000479173 -0.000599354 -5.21567e-05 0.000857562 -6.35432e-06 -2.83955 0.82559 2.44203e-07 -0.00586883 0.000304996 2.25103e-08 -0.00243769 0.00105616 5.39638e-08 -0.00378992 0.000898586 -0.0362144 -0.060242 0.0149747 -0.00625469 -0.0260646 0.0285568 -0.0146674 -4.00527e-05 0.00128215 -0.0202552 -0.00608304 0.0113107 0.00275376 -0.00155696 0.000146076 -0.0357251 0.00868872 0.000329227 -0.0113877 0.007197 -0.00055767 0.000177593 -0.000413308 0.000509152 0.00442832 -0.00931209 -0.0194919 0.0163177 0.0024494 0.000207163 -0.00634999 0.00717134 0.00695714 -0.00825921 -0.0061444 0.00943483 -0.000249448 1.4251e-05 0.000207467 -0.000413778 2.76092e-05 -0.000784899 0.000192223 -4.4743e-05 -4.64445e-05 5.57882e-08 -0.00377895 0.00143855 -0.000390508 -1.4055e-05 0.000385302 0.00105235 0.000103271 -0.00263793 -0.000181679 -0.000199525 0.00115239 -0.00490058 0.0331782 -0.00197372 -0.000310197 3.4499e-05 0.000146582 -8.67248e-05 -9.23164e-06 9.67827e-05 -0.00778463 -0.00393715 -0.0016585 0.000642915 0.000714599 -0.000197043 -0.000913344 -0.000868178 -0.00718127 -0.00622333 -0.00177785 0.0147759 0.0143123 -0.00479019 -0.0116937 0.00329662 0.00352991 0.00674377 0.00163659 -0.00262924 -0.00737515 -0.00121973 0.00580181 0.00586696 -0.00514794 -0.00481949 -0.00803181 0.00287179 0.00225679 0.000220866 -2.48087e-05 -0.000350734 -0.00215474 -0.000864612 -0.00216899 -0.00261347 -0.00270822 -0.00218441 -0.00178403 -0.00319098 -0.000699687 0.00116327 0.0026877 0.00390138 0.00256303 0.00215581 0.00174331 0.00067877 -0.00130042 -0.0010804 0.000866143 0.00100717 0.00121145 -0.000226961 -0.0017839 0.00098628 0.000561279 0.00203904 0.000805064 0.00062981 0.00132785 0.00423691 0.0055811 0.00100263 0.000835469 0.000249402 0.00048092 -0.00136364 0.000352648 0.00226134 0.00488655 0.00539395 -0.0700016 0.00299149 -0.00666787
 -3.64458e-10 -5.83601e-05 1.17906e-05 6.36264e-11 1.07157e-05 -8.8936e-06 9.47689e-06 2.58534e-06 -5.36176e-05 3.19969e-05 2.63122e-06 -6.1757e-05 -1.0082e-09 1.78694e-05 2.44203e-07 1000 2.621e-05 -3.71739e-06 -3.67048e-10 2.48741e-05 -1.04654e-05 -5.76205e-10 3.09554e-05 -6.94365e-06 2.64763e-05 -1.764e-05 3.7953e-06 -1.10465e-05 -6.47055e-05 7.08396e-05 8.00804e-06 1.24894e-05 -5.33889e-05 6.15187e-05 -5.10757e-06 3.87477e-06 -2.22985e-05 6.94184e-06 -1.18724e-07 -8.84312e-05 2.42537e-05 6.48788e-07 -1.33376e-05 5.13615e-06 -2.35909e-08 1.00495e-05 1.43994e-05 -1.75594e-05 7.1706e-05 -1.53426e-05 -0.000168293 0.000121154 -2.43527e-05 7.88212e-05 2.63554e-05 -3.6293e-05 1.796e-05 2.17661e-05 -3.28773e-05 2.0407e-05 6.82333e-06 -4.56032e-07 -2.27719e-06 1.44744e-05 1.64582e-07 -1.75849e-05 -2.16876e-06 4.74888e-07 4.18723e-07 -3.84545e-10 3.83681e-05 -1.36741e-05 1.19138e-05 4.9825e-07 -1.52447e-05 3.7721e-06 1.23967e-06 -2.82464e-05 4.81635e-06 3.85344e-06 -2.50082e-05 8.04093e-06 -0.000384608 2.39159e-05 1.44009e-05 -1.16235e-06 -9.4378e-07 -7.28973e-07 -8.68755e-08 8.22821e-07 -1.6376e-05 -8.73226e-05 1.98214e-05 0.000103948 8.63518e-05 6.45584e-05 4.40458e-05 2.12415e-06 -0.000130768 -0.000161398 -5.41106e-05 0.00022004 -2.01588e-05 0.000138168 -3.84751e-05 8.70137e-06 8.90377e-05 -2.48354e-05 4.33893e-05 -1.18756e-05 -3.3913e-05 -2.57973e-05 -1.82366e-05 6.64651e-06 8.01364e-06 4.94886e-05 -2.45608e-05 -5.10163e-06 -4.03385e-05 7.84416e-06 1.52915e-05 1.62904e-05 -3.10201e-06 1.35849e-06 -1.81483e-05 -7.03911e-06 -1.37784e-05 -2.3316e-05 -3.15635e-05 -7.07045e-06 -9.36685e-06 -1.54951e-06 -1.79109e-06 1.27572e-05 9.67998e-06 -5.78656e-06 -8.45057e-06 -1.03136e-05 -1.21403e-05 -2.76108e-05 -3.58127e-05 -1.91747e-07 5.27106e-06 -4.72437e-06 7.41177e-06 9.10169e-06 -1.01427e-05 3.00529e-05 3.94793e-06 -1.44645e-05 -8.37423e-06 -1.4682e-05 -6.25632e-06 -1.77352e-05 -2.2231e-06 -7.8697e-06 -6.98489e-06 8.34263e-06 7.72056e-07 2.53013e-05 4.58305e-05 5.89809e-05 -0.000545439 -0.000321236 -9.33918e-05
 -3.76394e-06 2.45 -0.495372 -2.79819e-06 -0.262715 0.216349 -0.292266 -0.0747055 1.58353 -0.982115 -0.0785832 1.88472 4.73307e-05 -1.13342 -0.00586883 2.621e-05 997.002 -45.5023 -2.40933e-07 -0.714843 0.300796 3.39656e-06 -0.849582 0.190505 3.44283 4.21108 -1.06799 0.42318 2.83774 -3.11027 1.93723 -0.360247 1.36288 2.39919 0.435634 -0.871291 -1.12731 -0.401017 0.0128305 2.66992 -1.30155 -0.026792 1.09116 -2.30655 0.242438 -0.499308 -0.669781 0.818144 -1.36309 1.90895 2.87814 -2.55436 -0.311474 -1.21459 0.507098 -0.473708 -1.90344 1.01965 1.04627 -1.40399 -0.200336 0.017337 -0.303461 0.164709 -0.0126719 0.332575 0.0224038 -0.00470395 -0.00224684 8.85942e-06 -1.20394 0.428216 -0.344254 -0.0139145 0.42724 -0.346531 -0.061261 1.38524 -0.138758 -0.0932006 0.609111 0.490629 1.87757 -0.118836 -0.261495 0.0195982 -0.037987 0.0243626 0.00197932 -0.0265707 1.4653 2.59429 -0.208883 -2.32187 -1.70659 -0.966163 -0.496331 0.5819 2.804 3.26205 1.06808 -5.98467 -2.40623 -0.560969 3.40849 1.16582 -3.51331 -3.4052 2.43708 -0.095689 0.980315 0.572899 0.217503 -0.249552 -0.580995 0.610185 0.559328 0.124733 0.561143 0.39968 0.0326801 -0.0424459 0.304189 0.193579 0.76334 0.506552 0.579573 0.553569 0.834002 0.497662 0.375766 0.261756 -0.177391 -1.34389 -0.402561 -0.0996769 0.0281229 0.0376937 0.151692 0.150539 0.329184 0.067077 0.186478 -0.381902 -0.103383 -0.0477579 0.165596 -0.663386 -0.948815 0.167288 0.0174089 -0.431965 -0.798973 -0.616754 -0.344757 -0.0817543 -0.0298033 0.0796299 -0.0665818 -0.656594 -1.06094 -1.51144 14.6938 7.58822 2.3878
 3.19133e-07 -0.125378 0.025285 9.69441e-08 0.00196214 -0.0014814 0.012577 0.00321536 -0.0684153 0.0417578 0.00328893 -0.0792906 -1.71457e-06 0.041809 0.000304996 -3.71739e-06 -45.5023 2.95274 1.58546e-08 0.0286427 -0.012028 -1.20643e-07 0.0340089 -0.00759281 -0.163014 -0.202686 0.0513303 -0.0226044 -0.137536 0.150746 -0.0916415 0.0151471 -0.0565573 -0.112992 -0.0244514 0.0474715 0.0484529 0.0163913 -0.00047765 -0.129366 0.058621 0.00129323 -0.0550008 0.100401 -0.0103606 0.0207391 0.0276457 -0.0337435 0.0612501 -0.0898921 -0.135776 0.120495 0.013401 0.0554381 -0.024301 0.0229267 0.0845619 -0.048088 -0.050628 0.0675996 0.00905788 -0.000787002 0.0148163 -0.00765537 0.000545028 -0.0139832 -0.000859549 0.000177306 0.000108106 -3.25383e-07 0.0491229 -0.0174099 0.0145431 0.000588327 -0.018126 0.0154698 0.00267067 -0.0606949 0.00568845 0.00383968 -0.0252279 -0.0230921 -0.086941 0.00550101 0.0116053 -0.000865822 0.00129021 -0.00113981 -9.25214e-05 0.00124304 -0.0681784 -0.119788 0.00721844 0.106803 0.0806273 0.0459817 0.0231696 -0.0273108 -0.128901 -0.154847 -0.0512939 0.278416 0.111748 0.0256322 -0.158168 -0.0543465 0.162943 0.158245 -0.113174 0.00436236 -0.0456577 -0.0264374 -0.00975867 0.0117835 0.0269633 -0.0285303 -0.0259928 -0.00576875 -0.0260509 -0.0186309 -0.0014356 0.00192771 -0.0139392 -0.00908001 -0.0354602 -0.0234854 -0.0267595 -0.025902 -0.0382083 -0.0232451 -0.0173557 -0.0119966 0.00851645 0.0626248 0.0189233 0.00468612 -0.00132787 -0.00184733 -0.00714869 -0.00701076 -0.0147859 -0.00271315 -0.00829716 0.0176736 0.00486459 0.00234926 -0.00766344 0.0312342 0.0440752 -0.00757689 -0.000607961 0.0203389 0.0370361 0.0287299 0.0160321 0.0039726 0.0015779 -0.00380492 0.00310088 0.0304974 0.0499042 0.0701463 -0.697438 -0.330013 -0.109712
 -9.20184e-10 2.68605e-05 -5.39057e-06 8.36211e-11 2.1933e-05 -1.83797e-05 -1.15843e-06 9.30005e-08 -3.13375e-07 1.58659e-05 1.1339e-06 -2.47962e-05 2.73859e-10 -1.07204e-05 2.25103e-08 -3.67048e-10 -2.40933e-07 1.58546e-08 1000 -8.59761e-06 4.5946e-06 -4.41283e-10 3.7942e-06 -9.10089e-07 7.40783e-05 -3.34034e-06 -5.41415e-07 5.98098e-06 4.45702e-05 -4.88921e-05 6.47869e-05 4.3624e-06 -2.33287e-05 0.000139493 -4.14225e-05 5.79725e-05 -3.61718e-05 -2.36272e-06 2.34211e-07 -2.99008e-05 -2.24395e-06 4.41218e-08 3.90553e-06 -3.86578e-05 4.60036e-06 -3.72508e-06 -3.5141e-06 4.29511e-06 3.0102e-05 1.61473e-05 -5.71004e-05 3.47342e-05 -3.41149e-05 1.97437e-05 6.35466e-05 -7.30258e-05 -2.45112e-05 2.87034e-05 -3.98725e-06 -8.79274e-06 5.07856e-07 1.51242e-07 -2.23503e-05 6.57718e-06 1.50524e-07 -9.2263e-06 -1.44609e-06 3.1801e-07 2.42151e-07 -1.15967e-10 -2.50044e-06 8.38892e-07 -6.95674e-07 4.1732e-09 -3.58524e-07 2.31988e-07 2.29986e-07 -4.14106e-06 1.18586e-06 1.23147e-06 -7.60552e-06 9.32691e-06 -0.000291053 1.78752e-05 8.02759e-06 -6.68242e-07 8.02458e-07 -3.94612e-07 -1.31426e-07 5.30186e-07 2.22884e-06 -4.03404e-07 -2.6141e-05 -6.53542e-05 -2.12355e-05 2.0601e-05 -7.40346e-06 0.000386888 -0.000143499 -0.000105278 -4.68026e-05 -4.19253e-05 -8.50857e-05 0.000115974 2.20913e-05 -3.61404e-06 6.89362e-05 1.66953e-06 -2.65314e-05 1.01457e-05 3.78698e-05 -9.00587e-06 -7.291e-06 -2.12622e-06 -4.15021e-07 9.95904e-06 1.40486e-05 -9.00803e-06 1.03822e-05 -2.0932e-07 1.01897e-05 1.15329e-05 6.37758e-06 9.12084e-06 -1.4334e-05 -7.49932e-06 -3.07238e-06 -4.0504e-06 8.74435e-06 -8.46571e-06 1.121e-05 4.13613e-07 -1.5022e-06 -4.98662e-06 3.56381e-07 -7.84089e-06 -5.20447e-07 1.29229e-05 -1.32919e-07 -4.39184e-05 -4.04532e-05 2.0995e-05 1.17276e-05 -1.24341e-05 6.8065e-06 1.63372e-05 -6.92589e-06 3.59806e-05 -9.65776e-06 4.09691e-07 -1.05602e-05 -2.48341e-05 -2.38915e-05 -2.25397e-05 -6.59198e-06 -4.93786e-06 -3.48565e-06 5.21446e-06 -7.10984e-08 2.14579e-06 1.02171e-05 3.52907e-06 -3.51594e-05 -4.19686e-05 -8.58555e-06
 -2.16229e-05 2.09009 -0.42504 -1.11824e-05 -1.92604 1.60881 -0.365709 -0.0813461 1.71908 -1.18013 -0.114013 2.71547 3.6625e-05 -0.778282 -0.00243769 2.48741e-05 -0.714843 0.0286427 -8.59761e-06 843.444 -358.623 9.30615e-06 -1.6774 0.384105 -0.842611 4.66867 -1.1059 -0.19037 0.223034 -0.244009 0.273427 -0.623184 2.59671 -0.137341 2.55869 -4.16633 0.0980055 -0.32355 0.00682615 0.478217 -0.326676 -0.00383463 -0.696499 -0.368629 0.0465785 -0.400076 -0.471113 0.576759 -0.418865 -0.962124 1.23532 -0.57429 1.06216 -3.14368 -1.34421 1.77412 -0.613926 -1.45545 0.498231 0.221349 -0.159938 0.015507 -0.903912 -0.773937 0.0238843 -0.102571 -0.0190379 0.0045183 -0.00762891 7.84853e-06 -1.34356 0.485466 -0.584113 -0.0255445 0.786456 -0.429822 -0.0674889 1.42377 -0.150351 -0.0682365 0.436674 -1.53041 3.4872 -0.198055 -0.320459 0.0270887 0.187973 0.0352587 -0.00577402 -0.0297718 -0.372644 0.393529 2.03797 3.41974 -0.185159 -0.588844 -31.9397 13.4462 -0.0694481 3.02297 1.139 3.46059 -6.09967 1.0277 2.15102 -1.02658 0.181887 -1.07907 -0.21617 -0.0708479 1.26545 0.305459 0.201945 0.578515 0.895402 0.201827 -0.116676 -0.515488 0.958185 -0.2381 -0.101571 -0.0501278 0.623485 1.36534 -0.262534 0.00500906 0.364231 0.239897 0.806211 -0.750553 0.1638 0.15851 0.47973 -0.38466 0.205136 0.624412 0.705196 0.511849 0.364892 1.11993 0.757748 -0.417468 -0.125546 -0.82055 -0.0759491 0.122924 -0.0513625 1.65456 -0.366845 0.481818 1.00194 0.409896 0.144889 -0.8824 -0.37388 -0.000300094 0.191183 -0.456941 0.0241293 -0.856681 -0.846638 -1.82916 19.4939 9.48535 3.09841
 9.30645e-06 -0.902994 0.183555 4.69914e-06 0.813586 -0.679573 0.154865 0.0344369 -0.727998 0.500224 0.0482556 -1.14969 -1.54098e-05 0.326811 0.00105616 -1.04654e-05 0.300796 -0.012028 4.5946e-06 -358.623 154.03 -3.99892e-06 0.712813 -0.163221 0.358133 -1.9954 0.472687 0.0797933 -0.0992425 0.108582 -0.117587 0.264431 -1.10176 0.0576325 -1.09453 1.78232 -0.0424555 0.13566 -0.00280699 -0.2043 0.138017 0.00164917 0.295901 0.153177 -0.0193481 0.168683 0.198846 -0.243399 0.178445 0.410328 -0.526992 0.245033 -0.452919 1.34063 0.573511 -0.75688 0.260615 0.620347 -0.213389 -0.0933325 0.0679602 -0.00659531 0.38627 0.330283 -0.0102366 0.0452826 0.00821789 -0.00194912 0.00319558 -3.30069e-06 0.569874 -0.205897 0.247712 0.010829 -0.333494 0.182945 0.0287267 -0.606072 0.062977 0.0288141 -0.184381 0.655167 -1.4862 0.0843968 0.1362 -0.0115151 -0.0793181 -0.0150407 0.00246502 0.0126982 0.158844 -0.165433 -0.869535 -1.4621 0.0768047 0.258274 13.6283 -5.74246 0.0316649 -1.28824 -0.487737 -1.47536 2.60196 -0.43913 -0.917429 0.437679 -0.0782282 0.459987 0.0925648 0.0301675 -0.540144 -0.130241 -0.0860583 -0.246725 -0.381855 -0.0860764 0.0496346 0.219835 -0.408825 0.101471 0.0433321 0.0212439 -0.265818 -0.582467 0.111998 -0.00209923 -0.155278 -0.102646 -0.343592 0.319941 -0.0699953 -0.0676523 -0.204533 0.164085 -0.0874334 -0.266462 -0.30094 -0.218527 -0.155809 -0.477692 -0.322844 0.178086 0.0536258 0.349712 0.0322701 -0.0525625 0.0217287 -0.705393 0.156296 -0.20557 -0.427281 -0.174699 -0.0620557 0.37624 0.159259 0.000134001 -0.0815235 0.194835 -0.0102896 0.365379 0.361795 0.780168 -8.33048 -4.02115 -1.32019
 -6.17623e-10 2.09209e-05 -4.16472e-06 1.94937e-10 3.34236e-05 -2.79804e-05 2.10187e-06 7.82665e-07 -1.59768e-05 8.20555e-06 8.02763e-07 -1.72213e-05 4.45752e-11 -7.36547e-06 5.39638e-08 -5.76205e-10 3.39656e-06 -1.20643e-07 -4.41283e-10 9.30615e-06 -3.99892e-06 1000 1.5289e-05 -3.23112e-06 0.000115852 -0.000108987 2.39869e-05 1.05007e-05 5.14472e-05 -5.64739e-05 7.62763e-05 8.38528e-06 -3.95829e-05 0.00016444 1.40868e-06 -1.3696e-05 -4.64697e-05 -1.8115e-06 3.53824e-07 -4.86685e-05 4.87875e-07 1.75825e-07 1.4474e-05 -4.88139e-05 5.42651e-06 -2.19899e-06 -2.84084e-06 3.4225e-06 1.52128e-05 5.9505e-05 -2.86544e-05 2.26041e-06 -5.42941e-05 3.07265e-05 0.000106642 -0.000122496 -2.63828e-05 4.91629e-05 -8.23449e-06 -1.41636e-05 2.0122e-07 1.34056e-07 -1.32601e-05 8.91022e-06 1.06995e-07 -9.79358e-06 -1.45544e-06 3.32721e-07 3.45209e-07 -1.88546e-10 1.03392e-05 -3.86926e-06 3.3983e-06 1.69955e-07 -5.10384e-06 -5.82787e-07 3.07144e-07 -5.6033e-06 2.47574e-06 1.74012e-06 -1.09243e-05 2.04996e-05 -0.000312705 1.92729e-05 3.86686e-06 -3.5311e-07 -1.20283e-06 -4.24926e-07 -1.4468e-07 5.74339e-07 1.64437e-05 -1.46934e-05 1.11311e-06 1.17007e-05 2.55716e-05 3.43461e-05 5.35473e-05 0.000101743 -6.80486e-05 -9.8521e-05 -3.90242e-05 -1.59191e-05 -2.61462e-05 9.37386e-05 8.31691e-05 -2.33266e-05 3.25695e-05 -4.92239e-05 0.000120939 -2.85942e-05 3.60843e-06 3.51688e-06 4.89463e-06 6.03144e-06 9.86381e-06 3.74203e-05 1.11993e-05 4.2742e-06 -2.06398e-05 2.62337e-05 1.89294e-06 5.92286e-06 -4.76585e-07 9.62605e-06 5.62616e-06 8.81696e-06 3.64662e-06 -7.47454e-06 6.88598e-06 -8.57885e-06 2.12833e-06 -8.80515e-06 -1.6284e-05 -4.91255e-06 2.32192e-06 -9.1455e-06 5.21638e-06 4.12467e-06 -1.7803e-05 -8.63618e-05 -5.37409e-05 2.987e-05 9.52993e-06 -4.35777e-06 -5.41834e-07 6.3097e-06 -1.21383e-05 -5.09459e-06 2.84066e-06 -1.57368e-05 -1.83086e-05 -3.12492e-05 -4.07574e-05 -2.75422e-05 -1.21914e-05 -1.11676e-05 -1.00494e-05 1.1795e-05 -7.19566e-07 9.8209e-06 1.22201e-05 1.9658e-05 -0.000206854 -0.000133106 -3.68028e-05
 4.59194e-06 1.17597 -0.242588 -1.40106e-05 -2.12371 1.77432 -0.373041 -0.0994785 2.08399 -1.4723 -0.130729 3.07821 4.36186e-05 -0.905261 -0.00378992 3.09554e-05 -0.849582 0.0340089 3.7942e-06 -1.6774 0.712813 1.5289e-05 948.184 -217.881 -0.804484 11.3435 -2.69868 0.0608219 1.09017 -1.19122 -2.56815 -0.899627 3.94708 -2.82533 1.49818 -2.24903 0.345375 -0.3768 0.00247674 1.69111 -0.653014 -0.0141383 -2.18839 0.479839 -0.0261531 -0.393339 -0.471549 0.579324 -0.623035 -2.00007 0.992699 -0.0980973 1.72927 -4.49504 -2.6227 3.32606 -0.285554 -2.46555 0.373731 0.79887 -0.126139 0.00950949 -0.230459 -0.217937 -0.0239367 0.969037 0.0166063 -0.00386389 -0.0112953 1.14124e-05 -1.39899 0.507644 -0.506777 -0.0223607 0.681181 -0.396185 -0.0708985 1.48577 -0.177395 -0.096564 0.619179 -0.654144 3.38994 -0.204381 -0.229896 0.020496 0.111637 0.0327329 -0.00144735 -0.0315722 -0.711489 0.782594 -0.109267 -1.24444 -1.56179 -1.08034 -8.6493 2.95283 0.819978 3.94678 1.6014 1.62877 -6.40129 -1.19831 4.17763 -0.246727 -2.04485 -6.6991 1.42439 0.651977 -0.747102 -0.526036 -0.388243 0.230695 -0.265461 -0.99635 -1.04461 0.390464 1.28409 -0.686092 -0.219477 -0.210569 0.160786 -0.305024 0.145938 0.00366616 0.0793534 0.436732 0.230483 0.157223 0.265284 0.645918 1.06049 0.591516 0.303153 0.269925 0.217282 0.254687 0.36498 2.12452 1.44122 -0.496095 -0.165885 -0.0668285 0.377284 0.30831 0.343257 1.01186 0.115884 0.588836 2.104 1.48 0.695809 -0.377907 0.0340864 0.310644 0.431271 -0.657304 0.0339124 -0.958303 -1.10515 -2.06625 21.5636 10.9376 3.48141
