 1000 0.000604289 -9.16177e-05 -8.37241e-10 -5.39504e-05 4.01581e-05 -9.84732e-07 -1.0418e-07 1.75432e-06 -3.81715e-05 -1.78225e-06 3.42174e-05 8.8475e-11 -4.65643e-06 5.99727e-08 -1.66186e-10 -3.00451e-07 5.37836e-08 -3.18356e-10 -7.93996e-06 2.84161e-06 -2.0302e-10 9.56166e-07 -1.74411e-07 1.28742e-05 -0.000115192 1.91527e-05 -2.28983e-05 -9.23002e-05 7.57677e-05 7.07692e-06 5.31135e-07 -3.1054e-06 4.74918e-05 -4.55977e-05 5.98499e-05 -1.61611e-05 2.26333e-06 3.34751e-08 -3.08598e-05 6.43286e-06 1.73121e-07 1.53294e-05 -1.95767e-05 1.77135e-06 -5.70666e-07 -3.52773e-06 2.56081e-06 3.57179e-05 -2.11016e-05 -6.61159e-05 4.20423e-05 -2.27321e-05 4.54174e-05 3.68803e-05 -3.55346e-05 -1.20294e-06 1.51788e-05 -9.18754e-06 1.88016e-06 9.07784e-07 -8.76693e-08 1.32973e-05 5.88415e-06 -7.36846e-08 -2.60967e-07 -8.01306e-07 1.26674e-07 6.38948e-08 -7.96367e-11 -3.17808e-06 1.16356e-06 1.28481e-06 4.03014e-08 -1.54e-06 -4.75554e-06 -7.50446e-07 1.21139e-05 8.5356e-07 1.67386e-06 -6.0517e-06 5.86656e-06 -0.00011405 4.17968e-06 5.72308e-06 -3.47092e-07 -3.65811e-06 -2.73256e-07 -1.08536e-07 3.83857e-07 1.1018e-05 1.02705e-05 -3.73055e-06 -3.17132e-05 -4.42617e-05 -3.59636e-06 -5.65088e-05 0.000192031 -6.94511e-05 -5.65926e-05 -2.13976e-05 1.84259e-05 -3.19288e-05 -8.64512e-06 4.40261e-05 5.34555e-05 2.68794e-05 -2.49456e-05 -7.93744e-05 0.000108456 -7.23416e-05 2.09419e-05 -5.38535e-06 -2.61464e-06 4.56536e-06 1.46778e-05 1.17942e-05 -4.85858e-06 2.6895e-05 -1.89208e-05 7.53922e-06 -4.14618e-06 -4.48258e-06 3.63951e-06 4.53567e-06 -2.24168e-06 -8.40554e-06 8.33089e-05 -6.76154e-05 4.32998e-05 -4.83399e-06 2.04681e-06 6.12938e-06 -6.60622e-06 7.37526e-06 -2.17374e-05 8.84853e-06 2.9467e-06 1.4885e-05 -5.61855e-06 -2.30571e-05 1.26461e-05 -4.28937e-06 -8.75422e-06 -5.07929e-07 -2.05644e-05 1.435e-05 1.1332e-05 -6.25107e-07 1.22922e-05 8.39391e-08 -2.95942e-05 -7.29985e-06 -1.6586e-05 -3.20781e-06 -1.63332e-06 -8.63686e-07 5.27923e-06 -6.07519e-07 7.654e-06 1.05775e-05 1.52494e-05 -0.000176671 -7.1839e-05 -2.66852e-05
 0.000604289 627.94 -93.9897 0.000453727 32.4926 -24.1843 0.938469 0.221474 -4.76206 21.2922 1.33842 -26.0239 -0.000113718 2.86171 -0.0206955 -5.29343e-05 2.00067 -0.0775628 2.1919e-05 2.05511 -0.739545 1.32911e-05 1.56018 -0.355126 21.4083 35.7447 -6.17924 6.88464 26.4691 -21.745 12.5148 2.33956 -10.1455 12.4505 15.9148 -22.3267 2.73669 -0.223321 -0.0392481 17.9825 -4.52459 -0.0809694 7.10713 -0.0500701 -0.124388 1.80202 2.2267 -1.65228 -1.91522 9.11483 8.88488 -6.78993 -0.784841 -2.73099 3.28118 -2.82316 -1.48276 6.12841 6.16529 -5.39531 -0.403139 0.0269048 -1.913 0.467474 0.132074 -2.96362 0.0799483 -0.011983 -1.29588e-05 -1.80316e-06 3.47987 -1.24298 1.10027 0.0328781 -1.04339 1.26831 0.234642 -3.59448 0.0841813 -0.105703 0.373782 1.24393 -2.99907 0.115838 1.15451 -0.0607569 0.0495618 0.0855903 0.00334204 -0.0895521 2.48833 -1.03629 1.40179 5.58025 13.5014 0.77535 -25.2754 18.8441 -10.312 9.26404 5.99675 2.01714 -0.793969 -0.554241 -4.06412 4.09933 4.46102 2.24831 -8.2971 4.51979 -1.6599 1.6659 -1.04104 -0.400204 0.644047 0.555606 0.229465 1.9414 1.14692 -0.421177 0.791575 0.816922 1.18934 0.485274 1.39871 0.401691 -0.293448 3.3414 -6.75663 3.36304 -0.210447 0.151851 -0.0900259 -3.32488 -0.438454 -2.22916 -1.72842 -2.15753 -0.0322007 -1.00881 -1.80926 -1.69352 -1.06257 -0.582628 -0.465979 -2.33018 0.202209 -1.06191 -4.15685 -0.504965 0.143304 -2.49561 -1.1633 -1.35411 -1.25386 -0.760519 -0.827529 0.879225 -0.171705 -2.10763 -3.42337 -4.73084 56.7427 8.47044 6.78395
 -9.16177e-05 -93.9897 15.1043 -6.86025e-05 -4.90935 3.65404 -0.145288 -0.0341861 0.736183 -3.21299 -0.202373 3.93483 1.77629e-05 -0.447249 0.00315956 8.1962e-06 -0.312207 0.0120504 -3.46301e-06 -0.320097 0.115139 -2.11967e-06 -0.243106 0.0552933 -3.23607 -5.40109 0.933702 -1.04552 -3.99846 3.28486 -1.8884 -0.355944 1.54266 -1.88252 -2.40498 3.37397 -0.42308 0.0255256 0.00620744 -2.72157 0.675555 0.0122839 -1.08281 -0.0072185 0.0202297 -0.278783 -0.343744 0.254979 0.285498 -1.37682 -1.34209 1.02567 0.116701 0.410773 -0.497753 0.42844 0.217511 -0.926545 -0.933434 0.816603 0.0609247 -0.0040668 0.289848 -0.0706834 -0.019974 0.448198 -0.0120383 0.00180425 3.29013e-05 2.68301e-07 -0.53843 0.192226 -0.170941 -0.00511506 0.162319 -0.19069 -0.0355201 0.544134 -0.0135726 0.0155704 -0.0550277 -0.180802 0.457622 -0.0176612 -0.174588 0.00918839 -0.00871582 -0.0129235 -0.000502636 0.0135197 -0.376208 0.156977 -0.211762 -0.84275 -2.03947 -0.116001 3.81811 -2.84844 1.55818 -1.39887 -0.904531 -0.304594 0.120508 0.0838298 0.612898 -0.619875 -0.674273 -0.339284 1.25366 -0.683727 0.251314 -0.251869 0.157311 0.0604613 -0.0975345 -0.0843462 -0.0349716 -0.292939 -0.17351 0.0636559 -0.119867 -0.123501 -0.179769 -0.0734597 -0.211412 -0.0606756 0.0443435 -0.505419 1.02111 -0.508344 0.031854 -0.0228693 0.0136489 0.502302 0.0661836 0.336905 0.260895 0.325656 0.00461822 0.152463 0.273765 0.255795 0.160505 0.0881515 0.0704772 0.352246 -0.030451 0.160309 0.627912 0.0762719 -0.0216371 0.37723 0.175985 0.204723 0.189433 0.114921 0.125017 -0.132957 0.025955 0.318297 0.516797 0.714445 -8.56878 -1.28009 -1.02457
 -8.37241e-10 0.000453727 -6.86025e-05 1000 -0.00164666 0.00123028 5.74529e-07 3.96074e-07 -3.99427e-06 0.000234444 1.48849e-05 -0.000288857 5.72005e-10 -1.35741e-05 -6.51605e-08 -6.38977e-11 -1.90702e-06 -1.51459e-08 -3.1303e-11 -5.09291e-06 1.72578e-06 -6.2379e-12 -6.42889e-06 1.34436e-06 0.000195417 0.000164534 -2.91958e-05 2.88789e-05 0.000117564 -9.67131e-05 0.000236753 2.05924e-05 -9.81331e-05 0.000263471 5.30124e-05 -8.52498e-05 -1.86002e-05 -1.18574e-05 2.39562e-07 4.8616e-05 -2.74677e-05 2.25201e-08 8.12491e-05 -5.94573e-05 4.66313e-06 1.93379e-06 -2.03038e-06 1.1657e-06 -1.74671e-05 5.61723e-05 -6.8439e-06 -6.03744e-06 -1.83997e-05 -1.48309e-05 5.78949e-05 -5.14792e-05 -3.55507e-05 5.72927e-05 6.54984e-05 -5.49842e-05 -4.05171e-06 7.75908e-08 1.07083e-05 -7.60601e-05 1.15419e-05 -0.000212306 -3.33872e-06 4.86952e-07 3.52544e-07 -4.00395e-11 -7.8071e-06 2.39725e-06 -6.33889e-07 -1.58068e-08 1.77767e-07 1.04559e-05 1.86114e-06 -2.81095e-05 7.81858e-07 -6.58776e-07 2.3443e-06 2.01019e-05 -0.000119236 4.31518e-06 3.41838e-05 -1.75968e-06 -3.34395e-06 3.42575e-07 -2.40364e-08 -3.21013e-07 4.22058e-06 -2.11875e-05 7.28795e-06 -6.12387e-06 -5.45363e-06 3.27807e-05 0.00011029 -5.86137e-05 -6.31259e-05 0.000126325 4.69737e-05 -5.06127e-05 1.02171e-06 4.30241e-05 -5.8859e-05 0.00012789 -3.03448e-05 4.1358e-06 -1.69819e-05 1.7784e-05 1.52507e-05 5.77305e-06 1.0996e-05 -1.2166e-05 2.51387e-05 -1.53744e-05 5.03011e-06 1.06595e-05 5.29086e-05 -4.26015e-05 -4.58875e-05 3.83557e-05 4.95715e-05 9.14176e-05 -4.41524e-05 -0.000223326 -9.39441e-05 0.000150072 -9.94993e-05 0.000148974 1.39311e-06 -4.25174e-06 8.42932e-06 6.18476e-07 1.81207e-07 -1.40892e-05 6.07914e-06 -3.26259e-05 6.39755e-05 -2.55791e-05 -7.43299e-05 -3.60962e-05 -8.17355e-05 5.01559e-05 5.23373e-05 -9.50111e-06 -1.60286e-05 -1.44113e-05 -4.07766e-05 6.10757e-05 4.4159e-05 -0.000135226 3.44004e-05 -4.13216e-05 -1.51985e-05 -8.67808e-06 -1.07514e-05 2.71257e-06 -4.49559e-07 -2.57694e-05 -6.00428e-05 -7.23323e-05 0.000748681 1.51227e-05 7.75818e-05
 -5.39504e-05 32.4926 -4.90935 -0.00164666 514.343 -381.451 0.0988314 0.0316741 -0.44351 16.9116 1.02868 -19.9945 4.29329e-05 -1.00703 -0.00783029 -7.64266e-07 -0.13827 -0.00408518 2.219e-06 -0.64541 0.223174 5.45662e-06 -0.788124 0.1695 13.4413 21.4751 -3.71916 4.11995 16.8563 -13.8508 12.5484 0.844996 -4.13392 10.2098 10.2367 -14.4654 -1.80843 -1.05032 0.0134018 7.73044 -3.54689 -0.0339765 3.41675 -3.69148 0.263179 -0.134431 -0.151825 0.0871533 -1.90746 3.25871 -0.822831 -0.0928036 0.299632 -3.42217 1.06279 -0.794366 -2.9636 4.00361 4.0118 -3.49206 -0.380885 0.0253615 -1.94351 -2.67158 0.477955 -9.23086 -0.271226 0.0423243 0.0253084 -8.92111e-07 -0.281046 0.0777178 0.0179061 0.000615909 -0.0173385 1.36485 0.233486 -3.58385 0.0202666 -0.0564305 0.205552 0.754401 -0.897828 0.0453432 1.57884 -0.081727 -0.00262336 0.0520363 0.00253146 -0.0549466 1.42931 0.411956 1.49823 0.756525 0.645362 2.63863 4.12255 -0.737655 -2.45665 7.34639 2.73076 -1.80058 -0.20852 1.13912 -1.82074 3.19017 -0.315422 -0.473111 -1.10993 1.42161 0.196953 -0.157697 -0.733428 -1.46868 0.754803 0.687417 -0.227904 -0.124569 2.5786 -0.491339 -1.91271 -0.514785 -0.581282 2.90273 3.64827 -1.66134 -1.15876 4.34569 -8.14111 2.60372 0.305615 0.0522714 -0.320873 -1.23758 -0.623177 -0.52672 -0.633528 -2.08781 0.235121 -0.0607183 -0.202209 -1.11249 -1.24748 -0.342943 -0.351938 -0.739686 0.410073 -0.546638 -4.03668 -0.429381 1.47275 -2.7607 -0.556601 -1.29911 -1.01953 -0.628631 -0.664275 0.469562 -0.105153 -1.77755 -2.98014 -3.97874 50.1335 3.75562 5.54544
 4.01581e-05 -24.1843 3.65404 0.00123028 -381.451 285.185 -0.0753544 -0.0239643 0.339074 -12.5854 -0.765743 14.8837 -3.17139e-05 0.743286 0.00584172 6.6635e-07 0.0981959 0.00319807 -1.70314e-06 0.477085 -0.16494 -4.10618e-06 0.583616 -0.125497 -10.0048 -15.9838 2.76815 -3.06973 -12.5453 10.3084 -9.33871 -0.630056 3.08136 -7.59983 -7.61877 10.7661 1.34228 0.778925 -0.00987882 -5.75495 2.63725 0.0253033 -2.54632 2.74219 -0.195365 0.0973388 0.109943 -0.0626358 1.42017 -2.4256 0.612354 0.0691414 -0.224064 2.54638 -0.791924 0.592081 2.20291 -2.98001 -2.98686 2.59975 0.28347 -0.0188749 1.44651 1.98889 -0.355785 6.87129 0.202221 -0.0315537 -0.018878 6.68107e-07 0.20275 -0.0555965 -0.0157688 -0.000534459 0.0153156 -1.01546 -0.173815 2.66795 -0.0156266 0.0416607 -0.151768 -0.558064 0.669958 -0.0338093 -1.17516 0.0608309 0.00160123 -0.0387266 -0.00188348 0.040892 -1.06378 -0.306264 -1.11496 -0.563179 -0.480273 -1.96395 -3.06825 0.549104 1.82862 -5.46789 -2.03276 1.34033 0.155246 -0.847872 1.35513 -2.37479 0.23474 0.351979 0.826091 -1.05793 -0.146699 0.117327 0.545763 1.09303 -0.561893 -0.511561 0.16951 0.0926929 -1.91916 0.365775 1.42359 0.38289 0.432298 -2.16063 -2.71479 1.2374 0.86273 -3.23462 6.05893 -1.93829 -0.227422 -0.0388315 0.238787 0.921067 0.463784 0.392083 0.471447 1.55382 -0.175256 0.0453369 0.150908 0.828138 0.928722 0.255035 0.261725 0.550573 -0.305017 0.406909 3.00427 0.319343 -1.09615 2.05508 0.414168 0.966986 0.758806 0.467887 0.494412 -0.349502 0.0782615 1.32298 2.21804 2.9613 -37.3128 -2.79524 -4.1273
 -9.84732e-07 0.938469 -0.145288 5.74529e-07 0.0988314 -0.0753544 999.867 -0.0681049 0.669578 0.615083 0.0197373 -0.357499 1.08721e-05 -0.251522 -0.000267606 7.10954e-06 -0.22043 0.00662686 -1.75614e-06 -0.248056 0.0871717 3.27059e-07 -0.239379 0.0523379 0.269892 0.559676 -0.0986698 -0.00449453 0.792435 -0.652464 0.881995 -0.109623 0.392203 0.844569 0.112631 -0.195079 -0.194993 -0.0758366 0.0014308 -0.597589 0.0728957 0.000568154 -0.161171 -0.268449 0.0239046 -0.165292 -0.171901 0.122806 0.0711207 -0.199501 -0.218867 0.162899 -0.0470321 -1.22208 0.592598 -0.469821 -0.271297 -0.128763 0.170078 -0.0704997 -0.0439891 0.00230075 0.0245085 0.0164839 -0.00223945 0.0426686 -0.00443989 0.000678261 -0.00205993 5.27042e-07 -0.362845 0.124245 -0.158289 -0.00525982 0.170178 0.0675277 0.00256597 -0.0371692 -0.000422135 -0.0160317 0.057289 0.0894596 -0.0925921 0.00496413 -0.192786 0.00978705 0.026247 0.00389946 0.000228242 -0.00415613 -0.136759 -0.0405137 -0.0937519 -0.150934 -0.209832 -0.102977 0.0521343 1.06431 -1.36752 0.614142 0.266251 0.0652236 0.596444 -0.235692 -0.230866 -0.0100716 0.296262 -0.16283 0.015216 -0.00764201 0.0170399 0.000253502 -0.0405216 -0.0164961 -0.0526297 -0.12082 0.29059 -0.304142 0.105757 -0.00771944 -0.0156612 -0.03928 -0.00527616 -0.0143765 -0.0293555 -0.0234743 -0.0963084 0.017218 0.272573 -0.165768 0.0584165 0.0844566 0.10588 -0.638847 0.174999 -0.271467 0.0662099 0.158275 -0.347373 -0.0820641 -0.0861739 0.27211 -0.14323 0.126198 0.132681 -0.0719749 0.0733526 -0.13857 0.174274 -0.0669379 0.34762 0.312231 -0.0153604 -0.133193 -0.0890925 0.00439273 0.000227759 -0.101139 0.00844537 -0.318346 -0.548402 -0.782103 7.14612 3.25695 1.11853
 -1.0418e-07 0.221474 -0.0341861 3.96074e-07 0.0316741 -0.0239643 -0.0681049 2.74555 -43.1571 0.136084 0.00417667 -0.0753646 2.21231e-06 -0.0500133 -6.87441e-05 1.58902e-06 -0.0457474 0.00137553 -1.2036e-07 -0.0445186 0.0156306 2.13489e-07 -0.0516016 0.0113053 0.0415232 0.215558 -0.0370588 0.00804626 0.198591 -0.163384 0.164993 -0.0276111 0.102253 0.141919 0.0779134 -0.113246 -0.03849 -0.0152179 0.000168607 -0.123351 0.0158267 8.80031e-06 -0.0486312 -0.0470824 0.00408577 -0.0321805 -0.0358415 0.0254749 0.0179186 -0.0555568 -0.0771241 0.0547976 0.0153093 -0.304706 0.0902604 -0.065472 -0.0619253 -0.0415858 0.0227947 -0.00305565 -0.00835832 0.000779778 -0.0441095 0.0360514 5.24543e-05 -0.0137387 -0.00140454 0.000211588 -0.000485357 1.60256e-07 -0.0743311 0.0254476 -0.0326755 -0.00108416 0.0350531 0.0154093 0.000742055 -0.0120835 -0.0025859 -0.00396973 0.0141543 0.0106954 0.0820573 -0.00236892 -0.0328718 0.00167646 0.0108104 0.00106772 0.000227559 -0.00130372 -0.0327508 -0.0126438 -0.0212843 -0.0335412 -0.0515957 -0.02282 0.195932 0.0800273 -0.286931 0.107291 0.0552656 0.118964 0.0909424 -0.0355307 -0.123264 -0.0490883 0.0901934 -0.0312452 0.010409 -0.00685363 -0.00228755 -0.00420136 -0.0148099 -0.0032706 -0.0136102 -0.0683752 0.119495 -0.064235 0.0159449 -0.0198541 0.0257665 -0.0127495 0.00560927 -0.0104896 0.00734247 0.00296199 -0.0453886 -0.00234951 0.021655 -0.0352021 0.0199747 0.0279285 0.0289315 -0.0950715 0.0126151 -0.0251364 0.00626201 -0.0152725 -0.0791948 0.00788458 0.0210183 0.0570413 -0.00461362 0.0238367 0.00127524 -0.0417727 -0.03917 0.0525849 -0.00561864 0.0449314 0.120556 0.0255374 -0.0419495 -0.0311805 -0.0176787 0.000147418 0.00249241 -0.0259457 0.0020285 -0.0720543 -0.0958525 -0.161665 1.58723 0.789246 0.256554
 1.75432e-06 -4.76206 0.736183 -3.99427e-06 -0.44351 0.339074 0.669578 -43.1571 994.597 -3.02166 -0.0825632 1.47281 -5.4336e-05 1.23556 0.00131468 -3.77292e-05 1.11554 -0.0338195 4.21333e-06 1.08534 -0.381346 -4.70495e-06 1.24444 -0.272865 -0.872365 -4.7666 0.819601 -0.100174 -4.39607 3.61677 -3.7422 0.677309 -2.52505 -3.18616 -1.65679 2.4163 0.911169 0.410881 -0.00603328 2.88993 -0.335432 -0.000682412 1.18041 1.17351 -0.103193 0.812157 0.879355 -0.627204 -0.443977 1.27199 1.74892 -1.24454 -0.315816 6.90251 -2.03124 1.47083 1.42662 0.958138 -0.49919 0.0540934 0.185237 -0.0174288 0.952524 -0.811861 -0.00080104 0.301347 0.0321952 -0.00485333 0.0114458 -4.13429e-06 1.8351 -0.629366 0.811075 0.026995 -0.870701 -0.363854 -0.0181886 0.295806 0.0588507 0.0909114 -0.324118 -0.323068 -1.87814 0.0544496 0.747745 -0.0381344 -0.247338 -0.0241088 -0.00516399 0.0294636 0.748565 0.290409 0.480458 0.75842 1.20982 0.494116 -4.44544 -1.82053 6.50206 -2.40246 -1.22773 -2.70406 -2.07049 0.808989 2.79077 1.11542 -2.03869 0.717805 -0.242955 0.155813 0.0532985 0.0980415 0.336112 0.0746708 0.31065 1.55006 -2.70704 1.45694 -0.357693 0.446211 -0.580454 0.290035 -0.122576 0.237564 -0.159982 -0.0673449 1.02781 0.0585771 -0.509148 0.805094 -0.456481 -0.636236 -0.657713 2.15816 -0.291182 0.568969 -0.145685 0.343668 1.80544 -0.179976 -0.483403 -1.30603 0.105516 -0.546491 -0.0325353 0.943094 0.881856 -1.18389 0.11317 -1.01895 -2.73674 -0.586163 0.945618 0.705616 0.397751 -0.00540827 -0.0582194 0.590996 -0.0464232 1.62993 2.18058 3.65841 -36.0155 -17.6927 -5.79532
 -3.81715e-05 21.2922 -3.21299 0.000234444 16.9116 -12.5854 0.615083 0.136084 -3.02166 857.823 -9.00156 162.403 1.45294e-06 -0.11908 -0.00365324 -1.51862e-06 0.0958579 -0.00588636 7.62783e-06 0.0194057 -0.00898389 -2.50403e-06 -0.237396 0.0519461 8.18112 8.81969 -1.54711 2.7469 7.1321 -5.86368 6.28259 1.0837 -4.75537 7.17747 4.31079 -6.23175 0.64856 -0.113929 -0.00980871 5.19132 -1.77338 -0.0196376 3.16241 -1.00112 0.0447112 0.697511 0.908903 -0.665574 -0.0806903 2.82981 -2.51605 0.953146 -0.667328 -1.94871 2.35569 -2.02273 0.036494 3.82163 0.84734 -1.50667 0.317379 -0.00695991 -2.25663 3.66508 0.201794 -5.53391 -0.0272573 0.00397131 -0.0028515 -9.47498e-06 1.60502 -0.573117 0.633675 0.0228012 -0.712668 1.36249 0.242142 -3.65847 0.0124994 -0.0918074 0.337948 -0.682514 -4.60379 0.181657 -0.29734 0.0125934 0.541562 0.0185926 -0.0102451 -0.00843854 0.275083 0.549697 -0.950312 -4.02453 4.96613 12.4705 -11.8452 0.469474 -7.86693 28.2613 5.98235 -11.3345 3.99705 -1.17451 -3.41133 2.17514 8.00858 14.4147 -14.5767 -0.297249 2.65279 1.29887 -0.422384 -0.888067 -0.630676 2.78286 -4.86953 0.404738 3.34182 -3.18733 0.731487 0.270677 -1.65419 0.409522 0.105128 1.85001 -5.2836 9.26014 -11.4878 7.31932 -2.16612 -1.11745 1.35669 -5.43716 0.171893 -3.60164 -1.75643 0.77424 -0.329765 -0.272615 -0.559534 -1.60886 -1.48892 0.849229 -0.338356 -3.06354 -0.158981 0.789328 -1.77352 -0.150624 -2.38925 0.573852 1.05769 -1.80252 -3.29572 -1.19548 -1.16004 0.453806 -0.0470945 -0.803503 -1.03094 2.34765 27.6118 -5.03658 2.18303
 -1.78225e-06 1.33842 -0.202373 1.48849e-05 1.02868 -0.765743 0.0197373 0.00417667 -0.0825632 -9.00156 3.04294 -41.7469 7.05105e-07 -0.0186882 -0.000289881 8.0103e-07 -0.0148472 0.000217902 5.99141e-07 -0.0224732 0.00770205 1.50963e-07 -0.0474013 0.0103205 0.459265 0.884574 -0.152514 0.199182 0.685839 -0.563738 0.372777 0.0322681 -0.150463 0.313966 0.447848 -0.626388 0.0156146 -0.0203767 -0.00045792 0.200304 -0.0875766 -0.0011543 0.0714483 -0.056833 0.00291316 0.00767868 0.0339873 -0.0250443 -0.152494 0.150881 0.0460496 -0.0526206 0.000640218 -0.234598 0.0672117 -0.04871 -0.0713696 0.0905577 0.13531 -0.106821 -0.0129776 0.000862861 -0.0907334 0.0627693 0.00829214 -0.200087 -0.000964285 0.000169301 -0.000799082 -3.37528e-07 0.0805402 -0.0290496 0.0145056 0.000480551 -0.0143964 0.151912 0.0242 -0.379556 0.00638444 0.00338496 -0.0120092 -0.0623005 0.207855 -0.00669161 0.0205582 -0.00125392 0.0338001 0.00254619 0.000371157 -0.00293685 0.0108437 -0.0267049 -0.173095 -0.218813 0.757173 1.05897 -0.594533 0.0188495 -0.446817 0.764768 0.0941126 -0.192261 0.383718 0.0824926 -0.405098 -0.271589 0.0907729 0.470403 -0.186977 -0.00292282 -0.0146383 0.00926668 -0.0404184 -0.0524995 -0.0575949 0.0947826 -0.127062 -0.0488024 0.122059 -0.0799478 0.000329934 -0.00871666 -0.0434457 0.0169954 0.0761675 0.0279195 -0.134335 0.349669 -0.355356 0.0668921 -0.00057378 -0.0500389 0.0593908 -0.26927 0.0358021 -0.0867507 -0.0483692 -0.0330109 -0.0848967 0.00304318 -0.0656246 -0.0720267 -0.0413395 -0.0140226 0.0182387 -0.0964951 0.00917659 0.0255246 -0.131999 -0.00249149 0.0552568 -0.0125826 -0.0551121 -0.046746 -0.0559893 -0.0264109 -0.0280352 0.00129589 -0.00195199 -0.0970087 -0.134868 -0.22566 2.30066 0.840069 0.335096
 3.42174e-05 -26.0239 3.93483 -0.000288857 -19.9945 14.8837 -0.357499 -0.0753646 1.47281 162.403 -41.7469 808.015 -1.59733e-05 0.42087 0.00549226 -1.63798e-05 0.341102 -0.00602216 -1.09775e-05 0.498468 -0.171618 -2.13637e-06 0.9797 -0.213612 -8.96301 -17.0685 2.94375 -3.84516 -13.2244 10.8701 -7.34152 -0.590219 2.78197 -6.18189 -8.57469 12.0012 -0.294487 0.463762 0.00670876 -3.92058 1.76351 0.0221896 -1.39181 1.22833 -0.0680691 -0.0804132 -0.630926 0.463272 2.96573 -2.95088 -0.740388 0.936306 0.0428135 4.50598 -1.34969 0.988337 1.37044 -1.83775 -2.59001 2.07124 0.236072 -0.016172 1.82016 -1.28553 -0.16695 4.03431 0.0121049 -0.00228956 0.0169163 6.6538e-06 -1.52267 0.549695 -0.248563 -0.008198 0.24417 -3.03742 -0.482266 7.56216 -0.137868 -0.0773695 0.274536 1.31034 -3.79407 0.121269 -0.392393 0.0239903 -0.645341 -0.0489471 -0.00679194 0.0561126 -0.214895 0.539525 3.32299 4.21187 -14.5396 -20.4699 11.6345 -0.360845 8.7762 -15.494 -1.84016 3.99634 -7.44702 -1.54359 7.82796 5.12103 -1.96008 -9.39654 3.98251 0.0617516 0.201931 -0.215499 0.784927 1.03123 1.11415 -1.89588 2.56793 0.917728 -2.42053 1.61087 -0.0269183 0.155866 0.878903 -0.344824 -1.45475 -0.583914 2.71276 -6.94251 7.10429 -1.48232 0.0665172 0.984191 -1.17175 5.28727 -0.692615 1.74924 0.969992 0.610279 1.63538 -0.0538284 1.26187 1.41127 0.829101 0.240324 -0.33929 1.92292 -0.17491 -0.503357 2.56141 0.050428 -0.989692 0.224694 1.01928 0.938447 1.15372 0.536657 0.566325 -0.0383575 0.0384673 1.86562 2.59776 4.21672 -44.744 -15.4521 -6.40968
 8.8475e-11 -0.000113718 1.77629e-05 5.72005e-10 4.29329e-05 -3.17139e-05 1.08721e-05 2.21231e-06 -5.4336e-05 1.45294e-06 7.05105e-07 -1.59733e-05 1000 6.81229e-05 -6.37971e-06 -7.6611e-10 3.66006e-05 -8.49222e-07 2.35876e-10 3.10162e-05 -1.08323e-05 1.57496e-10 3.38919e-05 -7.29925e-06 -0.000216913 -0.000476244 8.26523e-05 -2.13494e-05 -0.000195314 0.000160642 -8.23824e-05 1.95657e-05 -7.38735e-05 -7.27341e-05 2.36881e-05 -2.8731e-05 8.48967e-05 1.24358e-05 6.39334e-08 -0.000216735 9.82505e-05 1.56816e-06 4.08014e-06 8.78713e-05 -7.15105e-06 3.07906e-05 3.24718e-05 -2.32445e-05 0.000108051 -7.51889e-05 -0.000187668 0.000122435 3.27961e-06 5.35038e-05 2.3998e-05 -2.40457e-05 6.38723e-05 -3.34462e-05 -4.94397e-05 3.90209e-05 -1.98428e-06 1.49144e-07 -1.51273e-05 1.75883e-05 1.30795e-06 -3.54067e-05 -1.75355e-06 2.41737e-07 -1.98713e-07 3.23878e-11 5.42398e-05 -1.84868e-05 1.34332e-05 3.99313e-07 -1.23736e-05 3.18937e-05 5.54598e-06 -8.99407e-05 3.86598e-06 3.74333e-06 -1.37308e-05 -4.79983e-05 0.000132351 -4.43608e-06 -4.23462e-06 2.58618e-07 1.09634e-05 -6.64567e-07 1.11155e-07 5.57672e-07 -3.7385e-05 -5.80042e-05 -1.08163e-05 7.06088e-06 4.65511e-05 2.44086e-05 2.14724e-05 4.08922e-05 -4.38797e-05 -0.000142871 -5.08309e-05 9.90284e-05 0.000128823 -2.69504e-05 -3.68207e-05 9.79913e-05 9.51719e-05 8.73279e-05 5.75483e-05 -6.30448e-06 -9.36522e-05 -2.82173e-05 5.26053e-05 5.83742e-05 -9.10895e-06 -1.31079e-05 -8.51702e-05 1.6964e-05 2.14054e-05 1.45546e-05 2.98908e-05 2.68993e-05 -1.27823e-05 -6.47027e-06 -9.47682e-06 -2.24088e-05 -2.76692e-05 -3.03933e-05 -2.51589e-05 -3.67549e-05 -2.24499e-05 -9.0284e-06 2.78295e-06 2.15532e-05 1.37287e-05 8.39352e-06 6.80553e-06 5.56846e-06 -2.3012e-05 -3.56891e-05 -1.31262e-05 1.01219e-05 1.49391e-05 -1.03599e-05 -3.39731e-05 -4.38658e-06 -1.40238e-05 9.53398e-06 -7.14506e-06 -8.83747e-06 -6.77851e-06 1.55266e-05 1.64326e-05 -2.14237e-05 -9.19195e-06 -1.12918e-05 -7.41466e-06 -1.99136e-06 2.43101e-06 2.57446e-05 5.71992e-05 6.4447e-05 -0.000800217 5.30097e-05 -7.47431e-05
 -4.65643e-06 2.86171 -0.447249 -1.35741e-05 -1.00703 0.743286 -0.251522 -0.0500133 1.23556 -0.11908 -0.0186882 0.42087 6.81229e-05 998.171 -2.2323 1.20871e-05 -0.886038 0.0211923 -1.0034e-05 -0.681576 0.23752 -9.76659e-06 -0.715726 0.153276 7.4811 12.3791 -2.16814 0.518314 5.09987 -4.19593 2.76594 -0.465607 1.70848 3.5551 -0.055809 -0.0999887 -2.85763 -0.305199 -0.00193151 5.20087 -2.58933 -0.0401283 0.509934 -3.09876 0.251082 -0.836997 -0.8749 0.627298 -2.37338 2.60045 4.01478 -2.80109 -0.699965 -0.66699 0.45242 -0.383213 -2.03243 1.81905 1.31215 -1.27014 0.0120087 -0.000621879 0.442941 -0.217585 -0.0250817 0.652577 0.0240817 -0.00311091 0.00713176 -2.86219e-06 -1.22444 0.415836 -0.283534 -0.00814569 0.250841 -0.868012 -0.146141 2.37071 -0.0645857 -0.0591595 0.220153 1.83933 -6.88648 0.244962 0.097027 -0.00647751 -0.282894 0.0170654 -0.0020333 -0.0151442 1.75175 1.26193 0.477649 0.503954 -0.705792 -0.00420932 0.0450525 -0.434581 1.22223 2.52391 0.988448 -1.99539 -3.65468 0.151943 2.53274 -1.79767 -2.13728 -2.39819 -0.669155 0.423127 1.94359 0.596562 -1.33586 -1.73268 0.819713 1.04638 2.30779 -0.505942 -0.532874 0.0394228 -0.370224 -0.29711 0.442739 0.425587 0.486728 0.693837 0.775597 0.601843 0.598236 0.892325 0.430764 0.00121346 -0.387705 -0.746557 -0.455097 -0.327387 -0.439495 -0.388267 0.0829596 0.242356 -0.0496918 -0.158242 -0.133635 0.180423 0.523192 -0.125147 0.00899283 -0.53145 -0.0931109 -0.00379095 -0.0898717 -0.89096 -1.24957 -0.210707 -0.123542 0.00692766 -0.0537573 0.396699 -0.112891 -0.512399 -1.21703 -1.32163 16.4433 -1.78496 1.45161
 5.99727e-08 -0.0206955 0.00315956 -6.51605e-08 -0.00783029 0.00584172 -0.000267606 -6.87441e-05 0.00131468 -0.00365324 -0.000289881 0.00549226 -6.37971e-06 -2.2323 0.821722 2.34987e-07 -0.00571567 0.000216352 1.63082e-09 -0.00240749 0.000867076 2.1005e-08 -0.00328818 0.000746747 -0.0283277 -0.0455908 0.00794992 -0.00527781 -0.0227341 0.0186936 -0.0105354 -0.000229574 0.00155819 -0.0139405 -0.00490315 0.00737467 0.000532956 -0.00189301 0.000116868 -0.0259718 0.00591594 0.000158309 -0.00816627 0.00262544 -7.51771e-05 -0.000687491 -0.00152776 0.00113251 0.00332194 -0.0100841 -0.0151191 0.0106181 0.000997176 3.97252e-05 -0.00388542 0.00351929 0.00284032 -0.00716112 -0.00617156 0.00566849 -1.40062e-05 -1.0346e-06 -0.000519997 0.000891525 -8.13767e-06 -0.000236878 0.000189729 -2.98864e-05 -3.48458e-05 2.56574e-08 -0.00331393 0.0011967 -0.000704738 -1.92017e-05 0.000642093 0.00109095 0.000131532 -0.00227647 -0.000163741 -0.00028514 0.000989244 -0.00413958 0.0255706 -0.000891667 -0.000535949 3.19568e-05 0.000189849 -5.44193e-05 6.32841e-06 4.84495e-05 -0.00569257 -0.00167998 -0.0026498 -0.00318688 0.00131305 0.00125237 0.000336095 0.000420012 -0.00305619 -0.00843855 -0.00319744 0.00619261 0.0106681 -0.000479064 -0.00781407 0.00462373 0.00575161 0.00674081 0.00194283 -0.00171955 -0.00572723 -0.00161569 0.00430227 0.00527583 -0.00288141 -0.00362238 -0.00680496 0.00167331 0.00148291 -0.000409295 0.000867778 0.000567339 -0.00147302 -0.00153359 -0.00174076 -0.00207894 -0.00224444 -0.00180781 -0.00127294 -0.00285316 -0.00115039 0.000207715 0.00139868 0.00247661 0.00143974 0.00115282 0.00136081 0.00104328 -0.000349583 -0.000450684 0.000772734 0.000832735 0.000568112 -0.00039878 -0.00133092 0.000670485 0.000195461 0.00185451 0.000690977 0.000344712 0.000472886 0.00289754 0.0039272 0.000873559 0.000575988 0.00015098 0.000341997 -0.00142584 0.000366912 0.00153958 0.00362974 0.00377883 -0.0513195 0.00805625 -0.00423049
 -1.66186e-10 -5.29343e-05 8.1962e-06 -6.38977e-11 -7.64266e-07 6.6635e-07 7.10954e-06 1.58902e-06 -3.77292e-05 -1.51862e-06 8.0103e-07 -1.63798e-05 -7.6611e-10 1.20871e-05 2.34987e-07 1000 1.96125e-05 -3.46508e-06 -3.253e-10 1.7455e-05 -6.09725e-06 -4.40543e-10 2.23105e-05 -4.833e-06 4.94693e-05 -1.75396e-05 2.45231e-06 -1.36971e-05 -7.98348e-05 6.55881e-05 6.27478e-06 1.03094e-05 -4.26281e-05 7.33126e-05 -2.10126e-05 2.49773e-05 -2.13118e-05 5.95444e-06 -1.24479e-07 -4.39203e-05 1.16616e-05 2.52891e-07 1.00287e-05 -1.09337e-05 1.19341e-06 7.57152e-06 9.49581e-06 -6.61673e-06 6.54493e-05 -1.69168e-05 -0.000109564 6.64347e-05 -2.59152e-05 6.83138e-05 3.22842e-05 -3.27309e-05 1.11106e-05 2.39915e-05 -3.09072e-05 1.31016e-05 5.7876e-06 -2.08608e-07 -2.28845e-06 1.58953e-05 1.51852e-07 -9.02424e-06 -2.40784e-06 3.52495e-07 2.46722e-07 -1.81649e-10 2.97087e-05 -1.01875e-05 9.48329e-06 3.18601e-07 -1.02158e-05 -2.79478e-06 2.63219e-07 -5.05721e-06 3.04691e-06 5.44845e-06 -1.97864e-05 5.03079e-05 -0.000400398 1.46984e-05 8.18095e-06 -4.15548e-07 1.79388e-06 -3.72588e-07 1.10121e-07 2.64852e-07 -4.20298e-06 -6.30543e-05 -1.02199e-05 4.43023e-05 0.000110708 0.000105551 3.44984e-05 3.77802e-05 -4.91673e-05 -0.000213655 -5.58539e-05 0.000176297 -4.00913e-05 0.00012656 -1.34297e-05 1.74437e-05 0.000111904 -2.33403e-05 6.64194e-05 -1.65709e-05 -1.07739e-05 -9.52298e-06 -1.71326e-05 1.03801e-05 -2.44488e-06 5.00207e-05 -6.38697e-06 2.51912e-06 -3.67549e-05 4.30842e-06 9.40157e-06 1.28425e-05 -4.67101e-06 -6.0306e-07 -9.7525e-06 -2.44406e-06 -1.11665e-05 -2.69399e-05 -2.7936e-05 -1.08959e-05 -1.70359e-05 -6.80944e-06 -6.10705e-06 4.27067e-06 -3.24597e-07 -1.7348e-05 -1.58992e-05 -1.37457e-05 -1.40897e-05 -2.98096e-05 -2.51189e-05 -1.72454e-06 -3.7439e-06 -1.47779e-05 1.05055e-06 5.64758e-06 -1.62802e-05 3.14162e-05 -1.31419e-06 -1.66077e-05 -8.26207e-06 -1.73103e-05 -1.64299e-05 -2.48014e-05 -9.32205e-06 -1.02989e-05 -9.10463e-06 1.60545e-05 2.87184e-07 2.10975e-05 4.36429e-05 5.06278e-05 -0.000514699 -0.000156879 -7.11918e-05
 -3.00451e-07 2.00067 -0.312207 -1.90702e-06 -0.13827 0.0981959 -0.22043 -0.0457474 1.11554 0.0958579 -0.0148472 0.341102 3.66006e-05 -0.886038 -0.00571567 1.96125e-05 998.197 -33.363 -7.09677e-07 -0.548191 0.1916 4.89605e-07 -0.616755 0.133494 2.76391 3.80372 -0.674887 0.332889 3.07755 -2.53296 1.80098 -0.286992 1.05365 1.91032 0.588851 -0.897778 -0.921548 -0.208304 0.00152881 1.47889 -0.856706 -0.0158393 0.572482 -1.42733 0.107628 -0.453331 -0.492589 0.349686 -1.14088 1.71961 1.62496 -1.25498 -0.118572 -0.925435 0.195293 -0.13083 -1.22729 1.10079 1.13198 -0.980679 -0.154881 0.00934985 -0.0930766 0.0962921 -0.00696357 0.136871 0.0326937 -0.00465516 -0.00111893 1.88275e-06 -0.895262 0.30552 -0.28131 -0.00918303 0.290195 -0.285476 -0.0586295 0.968951 -0.103946 -0.115123 0.419649 -0.108255 3.11363 -0.108622 -0.103548 0.00427861 -0.0867877 0.017513 -0.00313097 -0.0144927 1.22604 1.77444 0.794715 0.0892172 -2.17779 -1.76479 -0.458095 0.0220391 1.15416 3.9057 1.05012 -3.91453 -1.75379 -0.621383 2.55892 0.869279 -3.72417 -3.46234 1.9615 -0.0285151 0.633273 0.34871 0.179188 -0.0754771 -0.383324 0.49137 0.344928 0.0205708 0.470972 0.444568 0.0844269 0.044874 0.300412 0.319799 0.686473 0.443818 0.484519 0.484153 0.713869 0.497042 0.449126 0.415944 -0.0134307 -1.04555 -0.305827 0.024261 0.0602624 0.0287905 0.0656137 0.0813566 0.158045 0.032726 0.21729 -0.274215 -0.100092 -0.0177558 0.189023 -0.816907 -0.902011 0.080678 -0.130854 -0.516319 -0.700749 -0.566978 -0.280981 -0.105485 -0.0582623 0.0978078 -0.079122 -0.540646 -1.02271 -1.27793 14.332 2.43014 1.74784
 5.37836e-08 -0.0775628 0.0120504 -1.51459e-08 -0.00408518 0.00319807 0.00662686 0.00137553 -0.0338195 -0.00588636 0.000217902 -0.00602216 -8.49222e-07 0.0211923 0.000216352 -3.46508e-06 -33.363 1.97389 4.69315e-09 0.0154762 -0.00539158 -2.66219e-08 0.0174634 -0.00375939 -0.0983257 -0.135998 0.024095 -0.0144283 -0.110233 0.0907204 -0.0628412 0.00849398 -0.0306365 -0.0675164 -0.0237232 0.0357009 0.0284562 0.0055249 8.78268e-06 -0.0561404 0.0283118 0.000565103 -0.023661 0.0443533 -0.00322986 0.0129232 0.0138074 -0.00974353 0.0377172 -0.0603335 -0.0574263 0.0442739 0.00356893 0.0309787 -0.00796679 0.00566745 0.0394731 -0.0387622 -0.040399 0.0348994 0.00533001 -0.000322456 0.00389644 -0.00313125 0.000190125 -0.00370089 -0.000981704 0.000138718 3.91974e-05 -3.74677e-08 0.025776 -0.00875415 0.00823842 0.000270689 -0.00855066 0.00919688 0.00183598 -0.030484 0.00292029 0.0033208 -0.0121492 0.00305974 -0.104757 0.00365285 0.00338767 -0.000138241 0.00249345 -0.000604958 0.000106799 0.000501991 -0.0422156 -0.059628 -0.0291353 -0.00375854 0.0744662 0.0607584 0.0158049 -0.00142377 -0.0387444 -0.134347 -0.0377217 0.13402 0.0600686 0.0209336 -0.0875284 -0.0299841 0.127117 0.118467 -0.0672002 0.000818034 -0.0217451 -0.0118774 -0.00588086 0.00271483 0.0129778 -0.0171336 -0.0118399 -0.000670554 -0.0161459 -0.0152598 -0.00289822 -0.00160459 -0.010331 -0.0110537 -0.0236447 -0.015167 -0.0165153 -0.0166053 -0.023977 -0.0171259 -0.0152254 -0.014055 0.000636107 0.0360147 0.0106086 -0.00058616 -0.00191209 -0.000953922 -0.00229417 -0.00259349 -0.0049327 -0.000777671 -0.00723786 0.00951512 0.00352342 0.000821631 -0.00627144 0.0280083 0.0311368 -0.00252424 0.00461311 0.0179034 0.024205 0.0195947 0.00980287 0.00375566 0.00215066 -0.00350351 0.00272735 0.0185698 0.0350258 0.0437897 -0.49266 -0.0829431 -0.0600103
 -3.18356e-10 2.1919e-05 -3.46301e-06 -3.1303e-11 2.219e-06 -1.70314e-06 -1.75614e-06 -1.2036e-07 4.21333e-06 7.62783e-06 5.99141e-07 -1.09775e-05 2.35876e-10 -1.0034e-05 1.63082e-09 -3.253e-10 -7.09677e-07 4.69315e-09 1000 -1.13272e-05 5.41781e-06 -3.76945e-10 1.30774e-06 -3.28568e-07 8.64951e-05 -8.79077e-06 4.50602e-07 -6.6741e-07 3.29327e-05 -2.71835e-05 5.83468e-05 2.97669e-06 -1.58816e-05 0.000123333 -5.13315e-05 6.38992e-05 -3.43443e-05 7.22943e-07 -1.22379e-08 -7.21418e-06 -6.78539e-06 -1.46725e-07 1.60151e-05 -3.72893e-05 3.16186e-06 -5.41044e-06 -4.41052e-06 3.21082e-06 2.21422e-05 1.56145e-05 -2.99122e-05 1.43818e-05 -3.01755e-05 2.24366e-05 5.70666e-05 -5.25248e-05 -1.90185e-05 3.67568e-05 8.97177e-07 -9.81542e-06 -3.3731e-08 1.88343e-07 -1.35179e-05 2.31634e-06 3.13175e-07 -6.79087e-06 -1.62004e-06 2.37325e-07 1.1593e-07 -1.17265e-10 -8.94165e-07 2.36401e-07 -1.59679e-06 -4.25893e-08 9.83744e-07 -2.7084e-06 -3.03756e-07 5.32712e-06 -2.80776e-07 1.36669e-06 -4.82236e-06 3.33272e-05 -0.000264878 9.71986e-06 4.35396e-06 -2.35066e-07 1.78541e-06 -1.08912e-07 -6.8979e-08 1.79006e-07 1.51842e-05 3.87939e-05 5.47082e-06 -2.65595e-05 -4.98652e-06 2.00388e-05 -0.000156146 0.000358516 -8.56064e-05 -9.75759e-05 -3.12418e-05 -2.2043e-05 -0.000107807 9.73609e-05 1.80616e-05 -7.63749e-06 7.47175e-05 2.50343e-06 -1.66083e-05 8.05011e-06 3.9738e-05 -1.14728e-05 -1.01783e-05 -8.7989e-06 7.56555e-06 1.07508e-05 1.56857e-05 -4.97101e-06 4.55144e-06 4.63438e-07 8.01597e-06 1.31626e-05 9.52453e-06 1.52749e-05 -9.93342e-06 -2.91507e-06 3.16582e-06 -8.70358e-07 8.7271e-06 -6.9027e-06 8.5267e-06 -3.52596e-06 -5.52697e-06 -1.22731e-05 -5.83814e-06 -1.27168e-05 -5.81521e-06 4.55556e-06 -6.87107e-07 -3.08022e-05 -2.68451e-05 1.64653e-05 8.89724e-06 -1.63267e-05 2.62376e-06 1.14602e-05 -1.23841e-05 3.29856e-05 -1.24733e-05 2.24893e-06 -1.15897e-05 -2.7383e-05 -2.36813e-05 -2.3911e-05 -9.16822e-06 -5.71614e-06 -4.0872e-06 1.03178e-05 -9.54713e-07 -2.78515e-08 7.1489e-06 -9.04368e-07 -6.72635e-06 1.23318e-05 7.96932e-07
 -7.93996e-06 2.05511 -0.320097 -5.09291e-06 -0.64541 0.477085 -0.248056 -0.0445186 1.08534 0.0194057 -0.0224732 0.498468 3.10162e-05 -0.681576 -0.00240749 1.7455e-05 -0.548191 0.0154762 -1.13272e-05 886.373 -313.992 2.27553e-06 -1.0731 0.237001 -0.652551 4.36531 -0.732275 -0.0408237 0.821702 -0.676299 0.309843 -0.433639 1.74279 0.0772318 2.64079 -3.60822 -0.0631543 -0.226439 0.00238282 -1.06295 0.124407 -0.00016899 -1.17429 0.14514 -0.00992807 -0.330953 -0.332895 0.236332 -0.220382 -0.745447 0.494838 -0.149958 0.987011 -2.27788 -1.51472 1.48079 -0.323653 -1.06316 0.400335 0.019489 -0.0542632 0.00712345 -0.716071 -0.667519 0.0329803 -0.418412 0.0289345 -0.00412879 -0.00253293 1.48391e-06 -1.03055 0.357243 -0.411442 -0.0138085 0.446071 -0.361003 -0.0614918 0.974298 -0.128765 -0.0776521 0.279522 -1.04867 4.02186 -0.129559 -0.11358 0.00687488 0.0533071 0.0277563 -0.00931328 -0.0186014 -0.0185581 -1.69436 0.875399 4.47162 0.730512 -2.35813 -25.5859 9.95317 -0.869612 1.1427 0.431584 2.76792 -4.86326 1.11988 1.87943 -0.814699 0.299851 -0.83669 -0.11732 0.0458454 1.22648 0.283779 0.240086 0.630657 0.838729 0.411417 0.108915 -0.406192 0.898481 0.0488651 -0.0106505 0.0276868 0.416707 1.37723 -0.0745036 0.113559 0.462849 0.385454 0.866304 -0.501215 0.288949 0.251363 0.496668 -0.145015 0.264942 0.71621 0.767793 0.619028 0.428539 1.01407 0.474756 -0.391681 0.0414547 -0.592721 -0.109033 0.195263 -0.0218931 1.34699 -0.321574 0.402251 0.777036 0.188769 0.146909 -0.742189 -0.20127 0.013923 0.192608 -0.638724 0.0157531 -0.613989 -0.755276 -1.31596 18.0089 0.348289 1.86943
 2.84161e-06 -0.739545 0.115139 1.72578e-06 0.223174 -0.16494 0.0871717 0.0156306 -0.381346 -0.00898389 0.00770205 -0.171618 -1.08323e-05 0.23752 0.000867076 -6.09725e-06 0.1916 -0.00539158 5.41781e-06 -313.992 112.634 -8.53377e-07 0.379616 -0.083838 0.229379 -1.55539 0.260932 0.013233 -0.295581 0.243271 -0.11073 0.15294 -0.61461 -0.0292604 -0.941558 1.28657 0.0218052 0.0785081 -0.000781436 0.375492 -0.0447301 7.30198e-05 0.41531 -0.0542173 0.00379305 0.115537 0.116468 -0.0826279 0.0783576 0.264558 -0.175892 0.053378 -0.350289 0.809587 0.537749 -0.525749 0.114176 0.377144 -0.143012 -0.00628026 0.019345 -0.00253644 0.255676 0.237659 -0.0117902 0.150055 -0.0101614 0.0014492 0.000870612 -5.08618e-07 0.363612 -0.126037 0.144886 0.00486079 -0.157063 0.127744 0.0217687 -0.344925 0.044778 0.0272133 -0.0979483 0.37496 -1.42643 0.0459407 0.0402535 -0.00243815 -0.0183716 -0.00986679 0.00331144 0.00661168 0.00633078 0.60254 -0.310312 -1.58908 -0.264891 0.841707 9.09924 -3.54274 0.310386 -0.405334 -0.155606 -0.983419 1.72921 -0.398623 -0.668085 0.289429 -0.10722 0.297196 0.0419419 -0.0164072 -0.436226 -0.100845 -0.0852102 -0.224087 -0.298228 -0.146428 -0.0388274 0.144441 -0.319488 -0.0174198 0.00374494 -0.00996136 -0.148231 -0.489668 0.0263742 -0.0403044 -0.164501 -0.137107 -0.307669 0.17801 -0.102729 -0.0892934 -0.176461 0.0517061 -0.0941054 -0.254427 -0.272815 -0.220061 -0.152408 -0.360226 -0.168376 0.139294 -0.0147471 0.210703 0.0387398 -0.069369 0.0078727 -0.478813 0.114502 -0.142904 -0.276115 -0.0669216 -0.0520525 0.263891 0.0715937 -0.00489787 -0.0684078 0.226879 -0.0055826 0.218306 0.268449 0.467834 -6.40373 -0.123046 -0.664645
 -2.0302e-10 1.32911e-05 -2.11967e-06 -6.2379e-12 5.45662e-06 -4.10618e-06 3.27059e-07 2.13489e-07 -4.70495e-06 -2.50403e-06 1.50963e-07 -2.13637e-06 1.57496e-10 -9.76659e-06 2.1005e-08 -4.40543e-10 4.89605e-07 -2.66219e-08 -3.76945e-10 2.27553e-06 -8.53377e-07 1000 7.90334e-06 -7.82964e-07 0.000126819 -7.68457e-05 1.14538e-05 1.50219e-06 3.54823e-05 -2.93334e-05 6.30573e-05 4.73217e-06 -2.24495e-05 0.000156349 -1.49072e-05 1.2562e-05 -4.18433e-05 9.26894e-07 2.5823e-08 -2.32849e-06 -1.04499e-05 -1.56756e-07 3.34696e-05 -5.03355e-05 3.96007e-06 -5.03233e-06 -4.50349e-06 3.28427e-06 8.62642e-06 4.48568e-05 -6.72897e-06 -4.43661e-06 -4.43974e-05 3.24728e-05 8.68823e-05 -8.00212e-05 -2.18726e-05 5.7085e-05 3.2681e-06 -1.64511e-05 -3.82072e-07 1.50608e-07 -5.74505e-06 6.34249e-06 1.94842e-07 -5.6545e-06 -1.42232e-06 2.15438e-07 1.67804e-07 -1.31602e-10 5.55758e-06 -2.04811e-06 1.23787e-06 4.97476e-08 -1.77621e-06 -6.30401e-06 -7.42716e-07 1.24091e-05 8.18138e-07 1.82043e-06 -6.47521e-06 4.5922e-05 -0.000299537 1.09975e-05 8.93693e-07 -8.00809e-08 1.96531e-07 -8.84922e-08 -3.40907e-08 1.23263e-07 2.65233e-05 1.31032e-05 7.46855e-06 1.10371e-05 3.44074e-05 4.80634e-05 -3.87335e-06 9.56185e-05 -1.59376e-05 -6.93178e-05 -1.94161e-05 -6.74765e-06 -6.0746e-05 5.78677e-05 9.00411e-05 -2.20391e-05 2.61212e-05 -5.00967e-05 9.98625e-05 -1.19442e-05 1.03706e-05 8.63982e-06 7.10588e-06 9.10796e-06 1.03829e-05 3.19105e-05 1.17051e-05 1.21651e-05 -8.17446e-06 2.44549e-05 2.57384e-06 1.08871e-05 7.39206e-06 1.4739e-05 1.05583e-05 1.13277e-05 8.06159e-06 -7.96565e-06 8.91371e-06 -6.84402e-06 -1.11399e-06 -1.2428e-05 -2.10852e-05 -1.32839e-05 -6.85847e-06 -1.79702e-05 -6.69065e-06 -8.02832e-07 -1.64276e-05 -6.3626e-05 -3.21373e-05 2.06178e-05 -2.27577e-06 -1.43271e-05 -8.54748e-06 -1.14349e-06 -1.77528e-05 -9.0593e-06 -5.81406e-06 -2.10042e-05 -1.98199e-05 -3.68688e-05 -4.47857e-05 -3.13853e-05 -1.75994e-05 -1.30925e-05 -1.21716e-05 1.9647e-05 -1.79449e-06 4.88982e-06 6.69537e-06 9.651e-06 -0.000117179 -4.02607e-05 -1.67803e-05
 9.56166e-07 1.56018 -0.243106 -6.42889e-06 -0.788124 0.583616 -0.239379 -0.0516016 1.24444 -0.237396 -0.0474013 0.9797 3.38919e-05 -0.715726 -0.00328818 2.23105e-05 -0.616755 0.0174634 1.30774e-06 -1.0731 0.379616 7.90334e-06 952.028 -211.101 -0.63516 9.59952 -1.61061 0.17869 1.64209 -1.34804 -1.99914 -0.636375 2.68897 -2.52928 1.95872 -2.54964 0.139402 -0.263886 5.03692e-05 -0.566402 0.000217904 -0.00322926 -2.65 0.990404 -0.0663817 -0.308732 -0.327897 0.232392 -0.475129 -1.32725 0.412497 0.00475909 1.59014 -3.66876 -2.62403 2.55199 -0.0451789 -2.27362 0.119728 0.501931 -0.0480012 0.00333333 -0.255166 -0.266145 -0.0192659 0.505433 0.0371598 -0.00556258 -0.00387264 3.65158e-06 -1.00597 0.350652 -0.352931 -0.0122075 0.39568 -0.188512 -0.0430899 0.669945 -0.11514 -0.0999279 0.360323 -0.955486 4.68132 -0.161291 -0.0558955 0.00466469 -0.00214727 0.0263945 -0.00599547 -0.0205611 -0.512177 -0.280311 0.171927 0.540261 -1.52516 -1.97834 -6.60108 1.77067 -0.351011 2.61009 0.906721 1.86068 -4.83827 -1.5107 3.57859 -0.442398 -1.62128 -5.85832 0.988126 0.446316 -0.68834 -0.655494 -0.592147 0.133905 -0.14414 -0.856904 -1.08368 0.198327 0.994233 -0.378847 -0.363975 -0.326753 -0.0763477 -0.249787 0.0780031 0.0221344 0.0815201 0.447156 0.274696 0.206713 0.361634 0.693676 1.05818 0.801731 0.507646 0.516451 0.483773 0.443514 0.328447 1.70629 0.971579 -0.398466 0.122615 0.18646 0.399672 0.426717 0.466826 0.838741 0.281969 0.575165 1.84597 1.34792 0.828304 -0.18138 0.241368 0.336263 0.434577 -0.990237 0.0376487 -0.696377 -0.957817 -1.50971 19.0353 2.34709 2.21583
